1,1.0,577.94,468.15,179.69,53.43,1.0,0.0,0.0
1,2.0,914.09,506.54,6.31,10.26,1.0,3.0,0.0
2,1.0,572.23,461.55,180.63,51.45,1.0,0.0,0.0
3,3.0,392.05,484.27,6.53,13.85,1.0,3.0,0.0
3,10002.0,943.0481498082348,483.99868486284004,49.85,18.96,1.0,0.0,0.0
3,10003.0,1040.5082866478879,495.60074027237766,24.26,7.72,1.0,2.0,0.0
4,1.0,561.11,458.46,179.38,50.7,1.0,0.0,0.0
4,4.0,458.66,479.3,104.93,20.39,1.0,0.0,0.0
4,10002.0,935.4678368541825,489.1498458418964,49.73,18.28,1.0,0.0,0.0
4,10003.0,1032.1238419550018,499.9846937423112,24.14,7.54,1.0,2.0,0.0
5,1.0,554.62,457.89,180.5,50.86,1.0,0.0,0.0
5,10002.0,930.1010468731938,486.21700218086255,50.46,18.65,1.0,0.0,0.0
5,10003.0,1028.9330227673217,496.421659111307,24.45,7.99,1.0,2.0,0.0
5,10005.0,886.5292277160261,498.8296200476264,10.09,13.8,1.0,3.0,0.0
6,3.0,366.85,482.57,6.9,11.87,1.0,3.0,0.0
6,10002.0,934.3689564978943,467.8999862953927,49.4,18.34,1.0,0.0,0.0
6,10005.0,883.918144416706,482.10455253353393,9.68,13.56,1.0,3.0,0.0
7,10002.0,938.8038505291173,463.27152283106784,47.58,18.44,1.0,0.0,0.0
7,10003.0,1048.607363688464,474.09558680529767,24.22,7.17,1.0,2.0,0.0
8,1.0,560.71,437.16,181.61,52.58,1.0,0.0,0.0
8,2.0,890.78,479.7,7.13,11.25,1.0,3.0,0.0
9,1.0,571.52,430.12,179.98,53.08,1.0,0.0,0.0
9,2.0,1050.38,473.03,8.26,7.65,1.0,3.0,0.0
9,3.0,375.6,464.77,6.85,12.63,1.0,3.0,0.0
10,1.0,584.23,426.0,177.01,53.04,1.0,0.0,0.0
10,2.0,951.75,468.36,35.22,6.64,1.0,0.0,0.0
11,1.0,588.54,442.57,82.67,51.3,1.0,0.0,0.0
12,1.0,587.2,453.18,79.44,51.08,1.0,0.0,0.0
13,1.0,588.88,452.63,177.14,52.13,1.0,0.0,0.0
13,4.0,468.77,479.0,126.64,18.79,1.0,0.0,0.0
14,1.0,586.04,450.24,180.37,52.02,1.0,0.0,0.0
14,10002.0,948.9377242274974,477.80993202175847,49.95,18.11,1.0,0.0,0.0
14,10003.0,1056.8281521169745,487.73150414473764,23.83,7.64,1.0,2.0,0.0
14,10005.0,898.0374132705793,490.5474891658574,9.94,14.47,1.0,3.0,0.0
15,1.0,577.31,451.5,179.39,52.73,1.0,0.0,0.0
15,10002.0,937.1627848876799,482.60352267445376,51.07,18.89,1.0,0.0,0.0
15,10005.0,888.1070066136535,495.63249257433927,10.46,14.04,1.0,3.0,0.0
16,1.0,568.35,461.17,178.72,52.17,1.0,0.0,0.0
16,10002.0,926.4191127182809,491.64423297103184,51.94,18.61,1.0,0.0,0.0
16,10003.0,1031.0401669569042,501.8021188198509,23.91,7.65,1.0,2.0,0.0
16,10005.0,881.183776458472,503.94132782165053,10.45,14.21,1.0,3.0,0.0
17,1.0,561.94,466.76,178.28,52.85,1.0,0.0,0.0
17,10002.0,920.2498421359714,495.5254703872089,51.91,18.75,1.0,0.0,0.0
17,10003.0,1022.7201768579555,505.6654012378826,24.62,7.29,1.0,2.0,0.0
18,1.0,561.0,466.44,178.39,52.31,1.0,0.0,0.0
18,3.0,329.19,503.84,6.77,10.75,1.0,3.0,0.0
18,10002.0,919.587332769534,494.3365253054865,50.72,18.53,1.0,0.0,0.0
18,10003.0,1023.969504325431,503.9370001119279,23.38,7.61,1.0,2.0,0.0
18,10005.0,873.7704372418934,506.7006831874027,9.98,14.69,1.0,3.0,0.0
19,1.0,563.24,461.75,179.07,52.44,1.0,0.0,0.0
19,3.0,327.99,500.09,6.4,10.65,1.0,3.0,0.0
20,1.0,556.84,460.21,179.11,53.32,1.0,0.0,0.0
20,10002.0,912.1726359876267,485.8106631152866,49.96,18.34,1.0,0.0,0.0
20,10003.0,1091.456288164798,496.8017332451674,5.01,6.22,1.0,3.0,0.0
20,10005.0,861.9400885535839,499.2238491672884,9.49,14.31,1.0,3.0,0.0
21,1.0,550.95,453.96,178.79,53.62,1.0,0.0,0.0
22,1.0,540.84,443.33,178.95,54.22,1.0,0.0,0.0
22,10002.0,897.3237219586205,471.3091779468549,49.77,18.52,1.0,0.0,0.0
22,10003.0,1016.018054217482,481.84757853747635,24.01,7.78,1.0,2.0,0.0
22,10005.0,841.3528896953064,485.4542828723713,9.57,14.09,1.0,3.0,0.0
23,1.0,526.12,450.01,179.94,53.43,1.0,0.0,0.0
23,10002.0,879.843517415366,475.49676194081496,51.03,18.7,1.0,0.0,0.0
23,10003.0,999.6676685351449,484.32591836158906,23.96,7.76,1.0,2.0,0.0
23,10005.0,826.1968471691955,490.8870692817264,10.11,14.29,1.0,3.0,0.0
24,1.0,505.22,457.03,180.42,54.14,1.0,0.0,0.0
24,10002.0,863.9454468207344,478.974451359224,48.06,18.44,1.0,0.0,0.0
24,10003.0,983.5041995838329,486.39944469785326,22.7,7.45,1.0,2.0,0.0
25,1.0,491.92,454.04,181.68,53.96,1.0,0.0,0.0
26,1.0,475.92,449.32,182.46,54.73,1.0,0.0,0.0
26,3.0,189.57,472.31,157.13,20.11,1.0,0.0,0.0
27,1.0,457.14,448.69,186.99,54.62,1.0,0.0,0.0
27,10002.0,812.9368805518369,483.7811007369129,48.86,17.82,1.0,0.0,0.0
27,10003.0,933.0487694684132,494.0752657392462,22.78,7.95,1.0,2.0,0.0
27,10004.0,1106.5494012652666,487.5069534158008,46.9,14.69,1.0,0.0,0.0
28,1.0,440.84,444.57,187.23,55.62,1.0,0.0,0.0
28,10002.0,795.4846699338111,477.5969010906889,47.14,17.18,1.0,0.0,0.0
28,10003.0,919.3151261048492,487.2644183938724,23.68,7.88,1.0,2.0,0.0
28,10004.0,1101.820913557191,480.5957129673422,43.95,14.48,1.0,0.0,0.0
29,1.0,425.03,441.61,189.31,55.77,1.0,0.0,0.0
29,2.0,798.9,486.41,35.02,6.95,1.0,0.0,0.0
30,1.0,416.64,439.87,191.12,56.11,1.0,0.0,0.0
30,10002.0,774.4834985801414,472.90151630968614,47.86,18.38,1.0,0.0,0.0
30,10003.0,976.2867124461287,486.6383148291311,5.04,6.13,1.0,3.0,0.0
30,10004.0,1090.6861278828987,476.1922096297305,46.14,14.83,1.0,0.0,0.0
31,1.0,414.87,439.28,191.26,56.0,1.0,0.0,0.0
31,10002.0,772.8521254120784,472.0290918532394,47.29,18.1,1.0,0.0,0.0
31,10003.0,975.3030465302309,484.72262621072116,4.96,6.69,1.0,3.0,0.0
31,10004.0,1091.3676781365145,474.3847872448169,45.17,14.5,1.0,0.0,0.0
32,1.0,416.71,443.65,190.06,55.19,1.0,0.0,0.0
32,3.0,255.39,470.16,140.13,21.17,1.0,0.0,0.0
33,1.0,428.53,443.5,186.06,55.51,1.0,0.0,0.0
33,2.0,730.26,487.42,7.91,11.78,1.0,3.0,0.0
33,10002.0,776.9913650654903,473.878188479757,45.21,17.05,1.0,0.0,0.0
33,10003.0,907.0959665272816,481.08649084963673,22.83,7.97,1.0,2.0,0.0
33,10004.0,1098.955084038316,471.0000261575298,42.68,14.85,1.0,0.0,0.0
34,1.0,451.48,437.76,184.86,54.69,1.0,0.0,0.0
34,2.0,752.31,483.73,7.18,10.43,1.0,3.0,0.0
34,10002.0,814.5581132958032,466.3459747824522,45.09,17.61,1.0,0.0,0.0
34,10003.0,947.3266630275731,476.3990122210233,23.07,7.54,1.0,2.0,0.0
34,10004.0,1133.8271821095607,470.2048754142162,46.01,14.71,1.0,0.0,0.0
35,1.0,475.89,440.33,182.79,54.33,1.0,0.0,0.0
35,2.0,775.41,486.47,6.0,10.51,1.0,3.0,0.0
36,1.0,496.72,452.29,180.62,54.69,1.0,0.0,0.0
36,3.0,195.36,476.87,172.36,22.05,1.0,0.0,0.0
36,10002.0,851.7804342347149,482.24278585798,45.31,17.84,1.0,0.0,0.0
36,10003.0,975.6887568141824,490.3175791819141,23.1,7.87,1.0,2.0,0.0
36,10004.0,1149.5925875247272,480.2409520321515,42.86,14.7,1.0,0.0,0.0
37,1.0,511.56,458.37,182.33,52.77,1.0,0.0,0.0
37,10002.0,866.860359355362,486.3067635076732,45.32,17.56,1.0,0.0,0.0
37,10003.0,988.8969612523696,493.7243564910747,22.68,7.62,1.0,2.0,0.0
37,10004.0,1157.7375009994478,482.2567368672293,45.07,15.39,1.0,0.0,0.0
38,1.0,520.28,458.67,181.61,54.52,1.0,0.0,0.0
38,10002.0,873.7908855615657,488.7339871004672,46.79,17.99,1.0,0.0,0.0
38,10003.0,995.0277777559161,496.8907513457174,22.33,8.26,1.0,2.0,0.0
38,10004.0,1158.609412558048,487.345210070867,42.25,14.89,1.0,0.0,0.0
38,10005.0,809.1363925519081,503.09681147027595,10.33,13.87,1.0,3.0,0.0
39,1.0,526.29,459.61,180.1,53.66,1.0,0.0,0.0
40,1.0,532.62,458.1,178.8,53.99,1.0,0.0,0.0
40,2.0,816.03,501.47,6.96,11.51,1.0,3.0,0.0
41,1.0,535.46,459.03,178.24,55.13,1.0,0.0,0.0
41,10002.0,881.2572944496735,490.4639939932174,45.06,17.31,1.0,0.0,0.0
41,10003.0,1002.273626180544,498.50463886308063,22.87,7.83,1.0,2.0,0.0
41,10004.0,1162.4897948991838,488.8777074537013,43.95,15.37,1.0,0.0,0.0
41,10005.0,813.9873159339738,503.57933779157645,9.41,14.12,1.0,3.0,0.0
42,1.0,532.12,458.26,179.57,53.65,1.0,0.0,0.0
42,10002.0,879.8184725621147,488.7928066068324,45.4,17.72,1.0,0.0,0.0
42,10003.0,1001.7732467890739,497.7748874650964,22.79,7.97,1.0,2.0,0.0
42,10004.0,1162.0711760911702,489.80674184125587,41.62,14.74,1.0,0.0,0.0
42,10005.0,811.1084500258108,501.6454225999001,9.47,14.19,1.0,3.0,0.0
43,1.0,536.17,454.25,177.75,54.86,1.0,0.0,0.0
43,10002.0,883.0707300803832,488.8902735489723,46.48,17.73,1.0,0.0,0.0
43,10003.0,1006.7465336925789,498.7598372463098,21.87,8.05,1.0,2.0,0.0
43,10004.0,1161.2375127265575,491.2139582060374,42.93,15.45,1.0,0.0,0.0
44,1.0,543.68,455.65,178.93,54.39,1.0,0.0,0.0
44,10002.0,889.0343626745068,491.1327398279732,46.32,17.33,1.0,0.0,0.0
44,10003.0,1009.9525130205283,499.8259692011471,24.42,8.39,1.0,2.0,0.0
44,10004.0,1163.9342776109377,492.6040643303551,44.45,15.09,1.0,0.0,0.0
44,10005.0,820.5237233960412,503.21749725674084,9.62,14.2,1.0,3.0,0.0
44,10010.0,1067.4716660819777,502.9466798582879,5.42,6.76,1.0,3.0,0.0
45,1.0,552.76,462.99,177.81,53.78,1.0,0.0,0.0
45,3.0,258.36,490.87,113.28,18.02,1.0,0.0,0.0
45,10002.0,896.9728682161384,492.7513975996607,45.04,17.34,1.0,0.0,0.0
45,10003.0,1017.9628020217023,499.7407629096222,23.07,7.93,1.0,2.0,0.0
45,10005.0,827.9586475968248,505.65201422237317,9.79,15.1,1.0,3.0,0.0
45,10010.0,1076.0201403679566,501.1592704792148,5.11,6.87,1.0,3.0,0.0
46,1.0,558.46,471.67,177.35,52.62,1.0,0.0,0.0
46,3.0,217.52,517.33,6.0,10.28,1.0,3.0,0.0
47,1.0,565.1,468.31,177.36,53.8,1.0,0.0,0.0
47,3.0,223.67,513.19,5.7,11.03,1.0,3.0,0.0
47,10002.0,904.761732447263,491.73683499964733,46.48,17.68,1.0,0.0,0.0
47,10003.0,1028.9285660548708,497.6909706396294,23.23,7.99,1.0,2.0,0.0
47,10005.0,834.9108437545956,506.43394580345034,9.97,14.53,1.0,3.0,0.0
48,1.0,567.56,453.01,178.27,54.07,1.0,0.0,0.0
48,3.0,219.58,489.18,7.45,12.69,1.0,3.0,0.0
48,10002.0,907.9799297219388,482.92670237677095,46.53,17.87,1.0,0.0,0.0
48,10003.0,1036.4071582363779,491.4584150282977,22.27,7.61,1.0,2.0,0.0
48,10010.0,1092.7078997834878,494.23463381230897,5.25,6.49,1.0,3.0,0.0
49,1.0,578.19,444.62,169.51,53.13,1.0,0.0,0.0
50,1.0,580.78,437.95,173.72,52.64,1.0,0.0,0.0
50,2.0,841.43,482.49,7.52,12.06,1.0,3.0,0.0
51,1.0,587.48,438.9,175.09,53.96,1.0,0.0,0.0
51,10002.0,924.9495542623173,461.2982199376674,46.65,17.51,1.0,0.0,0.0
51,10003.0,1066.707918290386,470.98962373246144,21.79,7.6,1.0,2.0,0.0
51,10005.0,837.1919527555908,476.2807088876386,9.93,14.81,1.0,3.0,0.0
52,1.0,603.3,447.47,169.78,52.63,1.0,0.0,0.0
52,3.0,242.65,494.32,5.95,9.31,1.0,3.0,0.0
52,10002.0,945.8246225617188,465.791277356693,45.46,17.56,1.0,0.0,0.0
52,10003.0,1086.5092641491037,471.51423157667,22.37,7.57,1.0,2.0,0.0
52,10005.0,858.4007326384532,482.35533719116233,10.37,16.07,1.0,3.0,0.0
52,10010.0,1145.641419556054,472.95304477439424,5.14,6.68,1.0,3.0,0.0
53,1.0,615.75,448.11,171.66,53.12,1.0,0.0,0.0
53,10001.0,593.771883327667,408.7753051820166,234.17,94.84,1.0,0.0,0.0
53,10002.0,957.1909063839643,468.8687403584844,45.91,17.69,1.0,0.0,0.0
53,10005.0,869.7599343733042,484.20968443741117,10.47,16.17,1.0,3.0,0.0
54,1.0,621.81,449.1,171.13,52.05,1.0,0.0,0.0
54,2.0,876.16,490.35,7.39,11.28,1.0,3.0,0.0
55,1.0,624.32,448.51,171.15,52.44,1.0,0.0,0.0
55,10001.0,594.0181972354761,409.4111940397044,237.56,94.69,1.0,0.0,0.0
55,10002.0,956.3939224691624,471.65065192445076,46.12,17.43,1.0,0.0,0.0
55,10003.0,1093.2763352373356,479.7354257809911,21.75,7.52,1.0,2.0,0.0
55,10005.0,868.9273892575186,485.673494809461,10.11,16.38,1.0,3.0,0.0
56,1.0,622.55,451.02,170.11,52.45,1.0,0.0,0.0
56,2.0,870.74,491.44,6.89,12.04,1.0,3.0,0.0
56,3.0,253.05,490.46,7.16,11.36,1.0,3.0,0.0
57,1.0,624.26,458.14,170.15,53.57,1.0,0.0,0.0
57,2.0,863.05,496.77,7.91,12.99,1.0,3.0,0.0
57,3.0,227.82,501.69,6.97,12.0,1.0,3.0,0.0
58,1.0,617.82,450.16,173.77,54.09,1.0,0.0,0.0
58,10001.0,598.9548949638535,411.4466697196883,230.75,96.68,1.0,0.0,0.0
58,10002.0,941.2282536858664,476.9321832082192,46.09,17.76,1.0,0.0,0.0
58,10003.0,1080.5018958736882,485.40051603087534,21.87,7.75,1.0,2.0,0.0
58,10005.0,849.3121145447027,491.3327609445614,10.63,16.08,1.0,3.0,0.0
59,1.0,611.01,459.35,172.84,53.36,1.0,0.0,0.0
59,3.0,193.19,501.14,6.49,10.79,1.0,3.0,0.0
59,10001.0,608.4569276327047,418.98926320857703,223.13,96.68,1.0,0.0,0.0
59,10002.0,933.7842468597916,483.1504783684725,47.17,18.27,1.0,0.0,0.0
59,10003.0,1071.4509239597776,490.3734942021345,21.77,7.99,1.0,2.0,0.0
59,10005.0,845.4140405177868,497.83047603949547,10.49,16.1,1.0,3.0,0.0
60,1.0,607.34,454.62,171.48,52.45,1.0,0.0,0.0
60,3.0,179.77,493.25,7.22,12.64,1.0,3.0,0.0
60,10002.0,927.8349721895083,473.09677992134385,47.27,18.3,1.0,0.0,0.0
60,10003.0,1071.885395286646,482.34940446346,22.09,7.72,1.0,2.0,0.0
60,10005.0,832.6682127684106,487.1026557224785,11.03,16.8,1.0,3.0,0.0
61,1.0,611.63,446.6,169.13,51.7,1.0,0.0,0.0
61,3.0,176.07,481.72,7.35,12.07,1.0,3.0,0.0
62,1.0,613.84,444.57,170.6,53.05,1.0,0.0,0.0
62,10001.0,592.5642870529786,403.4963860537073,221.6,96.6,1.0,0.0,0.0
62,10002.0,932.8387767641912,471.3467093241762,47.08,17.83,1.0,0.0,0.0
62,10003.0,1078.556364497197,481.1631622880001,20.95,7.71,1.0,2.0,0.0
62,10005.0,834.8857525437239,484.6845324200155,10.49,16.45,1.0,3.0,0.0
63,1.0,623.12,443.07,162.85,51.82,1.0,0.0,0.0
63,2.0,841.23,483.96,8.47,13.42,1.0,3.0,0.0
64,1.0,621.39,441.48,166.76,51.64,1.0,0.0,0.0
64,3.0,176.53,484.81,6.52,10.62,1.0,3.0,0.0
64,10001.0,585.4417607565105,397.6078741629557,230.0,96.88,1.0,0.0,0.0
64,10002.0,940.2150071047682,456.80700888168803,47.45,18.54,1.0,0.0,0.0
64,10003.0,1098.2249247802845,464.39162578013736,20.84,7.53,1.0,2.0,0.0
64,10005.0,834.5260041590906,474.6657799415493,10.87,16.91,1.0,3.0,0.0
64,10010.0,1149.2984810007742,466.84807740459564,5.43,7.09,1.0,3.0,0.0
65,1.0,627.46,438.52,168.36,52.82,1.0,0.0,0.0
65,3.0,181.43,484.26,7.15,10.79,1.0,3.0,0.0
66,1.0,629.5,437.87,170.35,52.39,1.0,0.0,0.0
66,2.0,851.56,476.94,7.12,11.98,1.0,3.0,0.0
66,3.0,183.4,482.26,6.92,10.27,1.0,3.0,0.0
67,1.0,624.72,440.12,172.57,53.19,1.0,0.0,0.0
67,3.0,170.36,482.66,8.6,12.62,1.0,3.0,0.0
67,10001.0,582.6797137362246,397.2812681619674,244.26,96.46,1.0,0.0,0.0
67,10002.0,948.9652508008994,456.8539405630539,45.78,18.19,1.0,0.0,0.0
67,10003.0,1105.9892381835484,465.0637581844509,21.4,7.38,1.0,2.0,0.0
67,10005.0,839.2152357597464,474.9674590659167,10.58,16.26,1.0,3.0,0.0
68,1.0,619.44,443.27,171.56,52.34,1.0,0.0,0.0
68,2.0,838.73,482.96,8.06,13.4,1.0,3.0,0.0
68,3.0,156.96,482.48,9.34,13.26,1.0,3.0,0.0
69,1.0,613.87,443.34,172.33,52.36,1.0,0.0,0.0
69,2.0,831.72,485.64,8.22,13.45,1.0,3.0,0.0
69,3.0,143.21,475.58,8.49,11.6,1.0,3.0,0.0
70,1.0,609.51,444.21,168.12,52.01,1.0,0.0,0.0
70,2.0,821.78,486.41,8.14,14.29,1.0,3.0,0.0
71,1.0,594.62,446.48,170.91,53.25,1.0,0.0,0.0
71,10002.0,902.7719152756362,471.4001367463026,46.44,18.0,1.0,0.0,0.0
71,10003.0,1055.8143712221402,479.6903006761906,21.28,7.74,1.0,2.0,0.0
71,10010.0,1103.5932434342487,482.0204140327321,5.68,7.19,1.0,3.0,0.0
72,1.0,589.11,452.4,169.37,52.58,1.0,0.0,0.0
72,3.0,83.47,491.64,9.03,13.16,1.0,3.0,0.0
73,1.0,582.45,445.56,168.8,52.53,1.0,0.0,0.0
73,2.0,792.23,489.35,7.22,12.17,1.0,3.0,0.0
73,3.0,63.46,480.09,6.86,10.82,1.0,3.0,0.0
73,10002.0,889.8768205256465,474.1797181525278,47.1,18.23,1.0,0.0,0.0
73,10003.0,1043.366285118784,483.58884932579105,20.53,7.89,1.0,2.0,0.0
73,10010.0,1089.6764168049797,486.45732066588715,5.28,7.0,1.0,3.0,0.0
74,1.0,577.88,442.53,170.49,53.09,1.0,0.0,0.0
74,2.0,878.77,484.87,44.04,7.82,1.0,0.0,0.0
75,1.0,580.79,449.32,170.66,53.99,1.0,0.0,0.0
75,3.0,51.07,483.58,9.16,12.85,1.0,3.0,0.0
76,1.0,584.38,451.86,168.74,52.71,1.0,0.0,0.0
76,3.0,49.61,493.66,8.73,11.32,1.0,3.0,0.0
77,1.0,591.26,451.18,167.37,53.19,1.0,0.0,0.0
77,2.0,792.55,488.85,8.11,15.21,1.0,3.0,0.0
77,3.0,52.97,494.47,9.41,12.25,1.0,3.0,0.0
78,1.0,597.81,448.36,168.78,52.4,1.0,0.0,0.0
78,2.0,797.52,487.68,8.88,15.41,1.0,3.0,0.0
78,3.0,60.99,488.23,8.81,11.17,1.0,3.0,0.0
79,1.0,602.11,450.26,167.39,52.5,1.0,0.0,0.0
79,3.0,62.13,489.95,8.89,10.69,1.0,3.0,0.0
79,10002.0,903.2476464028598,476.3110510228456,47.28,18.51,1.0,0.0,0.0
79,10003.0,1058.0603029974914,485.0091221635902,21.3,7.71,1.0,2.0,0.0
80,1.0,609.74,447.05,166.01,51.81,1.0,0.0,0.0
80,3.0,63.7,485.04,9.62,12.71,1.0,3.0,0.0
80,10002.0,909.1326264462389,469.0009319252012,47.31,18.93,1.0,0.0,0.0
81,1.0,614.47,444.93,166.05,52.85,1.0,0.0,0.0
81,10002.0,911.9988206928681,467.14661522123816,48.37,18.38,1.0,0.0,0.0
81,10010.0,1118.1713938623202,478.3618315636279,5.79,7.38,1.0,3.0,0.0
82,1.0,620.26,455.56,162.99,52.74,1.0,0.0,0.0
82,3.0,65.28,493.96,9.98,13.18,1.0,3.0,0.0
83,1.0,623.5,458.23,164.72,52.28,1.0,0.0,0.0
83,10001.0,604.3743366792258,416.1237186865838,230.52,96.92,1.0,0.0,0.0
83,10002.0,918.5394599240943,480.74781399586624,48.71,18.93,1.0,0.0,0.0
83,10003.0,1072.1655325464983,489.31034743946265,20.77,7.7,1.0,2.0,0.0
83,10005.0,809.8457671364453,495.2830638814217,11.82,18.79,1.0,3.0,0.0
84,1.0,626.02,455.53,164.56,52.52,1.0,0.0,0.0
84,3.0,64.63,495.02,9.43,14.21,1.0,3.0,0.0
84,10001.0,603.9559702264535,415.8335759085826,230.0,96.77,1.0,0.0,0.0
84,10002.0,918.9377491840798,478.22073055084047,47.44,18.92,1.0,0.0,0.0
84,10003.0,1074.7146461634995,486.1547827282916,20.72,7.36,1.0,2.0,0.0
84,10005.0,807.0955459916806,493.2880032281017,11.98,19.3,1.0,3.0,0.0
84,10010.0,1116.6741796637473,487.41202784067684,5.78,7.65,1.0,3.0,0.0
85,1.0,624.21,457.36,164.97,53.01,1.0,0.0,0.0
85,3.0,56.46,502.62,10.14,11.61,1.0,3.0,0.0
85,10001.0,606.9350706251191,418.29211882982224,226.01,96.28,1.0,0.0,0.0
85,10002.0,915.4999233071062,479.8261276290798,47.98,19.25,1.0,0.0,0.0
85,10003.0,1070.8541136849567,486.6450715026193,21.46,8.19,1.0,2.0,0.0
85,10005.0,804.5674462103908,495.58007950217143,11.95,19.22,1.0,3.0,0.0
86,1.0,622.98,455.84,164.39,52.34,1.0,0.0,0.0
86,3.0,45.67,488.65,11.98,15.95,1.0,3.0,0.0
86,10001.0,605.1561943477892,414.88622860782425,225.47,97.99,1.0,0.0,0.0
86,10002.0,913.6900306980771,481.3783776165153,46.98,18.88,1.0,0.0,0.0
86,10003.0,1066.7123281440672,490.35561984069443,21.12,7.87,1.0,2.0,0.0
86,10005.0,801.6217386493887,494.82809621923116,11.85,19.61,1.0,3.0,0.0
87,1.0,615.7,448.11,163.89,53.06,1.0,0.0,0.0
87,2.0,795.88,491.88,7.51,13.07,1.0,3.0,0.0
87,3.0,26.89,476.96,9.35,12.6,1.0,3.0,0.0
88,1.0,611.06,443.46,164.11,51.86,1.0,0.0,0.0
88,3.0,15.53,475.89,8.0,10.85,1.0,3.0,0.0
89,1.0,607.23,438.95,163.45,52.0,1.0,0.0,0.0
89,2.0,783.89,478.43,8.26,15.47,1.0,3.0,0.0
89,3.0,1.01,477.96,8.59,11.06,1.0,3.0,0.0
90,1.0,606.12,436.65,164.11,52.67,1.0,0.0,0.0
90,2.0,781.66,475.81,8.29,15.61,1.0,3.0,0.0
91,1.0,610.56,432.2,164.56,52.61,1.0,0.0,0.0
91,2.0,783.2,473.97,7.72,13.94,1.0,3.0,0.0
92,1.0,618.53,430.55,163.52,52.58,1.0,0.0,0.0
92,3.0,1.35,467.01,8.79,10.85,1.0,3.0,0.0
93,1.0,625.75,433.28,165.22,52.76,1.0,0.0,0.0
93,2.0,794.69,475.85,8.35,13.54,1.0,3.0,0.0
93,10002.0,916.2239535894599,450.1305438642628,48.1,18.93,1.0,0.0,0.0
94,1.0,631.57,439.66,161.67,52.3,1.0,0.0,0.0
94,2.0,797.69,477.4,8.09,16.06,1.0,3.0,0.0
94,3.0,9.95,486.28,7.4,10.37,1.0,3.0,0.0
95,1.0,635.5,443.62,161.36,52.52,1.0,0.0,0.0
95,3.0,7.55,483.05,10.61,16.09,1.0,3.0,0.0
96,1.0,636.75,443.64,164.96,53.28,1.0,0.0,0.0
96,3.0,4.61,474.75,10.13,13.25,1.0,3.0,0.0
96,10001.0,587.1916064652314,402.5674069126077,247.46,96.59,1.0,0.0,0.0
96,10002.0,920.5736651390722,466.8029304143502,49.83,19.3,1.0,0.0,0.0
97,1.0,637.34,445.03,162.69,53.1,1.0,0.0,0.0
97,2.0,798.24,485.93,8.06,17.0,1.0,3.0,0.0
97,3.0,0.27,475.44,7.03,12.23,1.0,3.0,0.0
98,1.0,636.68,447.53,163.95,52.42,1.0,0.0,0.0
98,10001.0,594.1460163442237,408.5218448375298,244.01,96.77,1.0,0.0,0.0
98,10002.0,915.9790206334899,471.19602368676567,49.76,19.53,1.0,0.0,0.0
98,10003.0,1084.5882623411424,479.364045096173,20.01,8.26,1.0,2.0,0.0
99,1.0,635.38,452.31,163.54,53.05,1.0,0.0,0.0
99,10001.0,598.2685342320586,412.32035364092883,242.2,96.91,1.0,0.0,0.0
99,10002.0,912.2506311523812,475.64459249868486,49.73,19.18,1.0,0.0,0.0
99,10003.0,1078.5776215972814,483.5526730821712,20.89,8.17,1.0,2.0,0.0
99,10010.0,1116.0319334705155,485.8966163600679,6.06,7.87,1.0,3.0,0.0
100,1.0,635.29,445.37,163.15,52.26,1.0,0.0,0.0
100,10001.0,591.2526079654851,405.51394221617767,242.81,96.71,1.0,0.0,0.0
100,10002.0,912.9221232100032,470.25125846667964,48.68,20.07,1.0,0.0,0.0
100,10003.0,1081.0133530525782,481.3583272815336,20.13,7.8,1.0,2.0,0.0
100,10010.0,1117.1926780548022,483.8351381232762,6.23,8.34,1.0,3.0,0.0
101,1.0,635.9,442.6,162.71,52.19,1.0,0.0,0.0
101,10001.0,585.6896640353473,399.221788915036,243.13,97.49,1.0,0.0,0.0
101,10002.0,912.9630823275828,465.93345862986865,48.4,19.39,1.0,0.0,0.0
102,1.0,635.18,450.74,159.82,52.8,1.0,0.0,0.0
103,1.0,634.36,454.0,159.74,53.28,1.0,0.0,0.0
104,1.0,633.2,449.07,158.4,51.43,1.0,0.0,0.0
105,1.0,632.44,440.32,159.03,52.37,1.0,0.0,0.0
106,1.0,635.84,448.54,160.15,53.38,1.0,0.0,0.0
106,10001.0,600.0498467944536,412.4362185118774,239.21,98.18,1.0,0.0,0.0
106,10002.0,902.8900505051537,478.71543695383315,51.08,19.92,1.0,0.0,0.0
106,10003.0,1070.7318575899264,488.990954781811,20.55,7.93,1.0,2.0,0.0
107,1.0,637.83,462.06,157.82,52.75,1.0,0.0,0.0
108,1.0,639.15,458.45,159.36,52.53,1.0,0.0,0.0
109,1.0,640.06,447.17,161.79,53.1,1.0,0.0,0.0
109,10001.0,591.2524839535242,407.4625733052065,246.15,96.0,1.0,0.0,0.0
109,10002.0,905.5073202586105,471.64285496199693,51.08,19.94,1.0,0.0,0.0
109,10003.0,1078.8015283488146,482.6058944712281,20.74,7.86,1.0,2.0,0.0
109,10010.0,1113.403664571633,485.7639021938043,5.63,7.13,1.0,3.0,0.0
110,1.0,646.56,443.15,157.16,52.47,1.0,0.0,0.0
111,1.0,653.22,445.49,159.32,51.55,1.0,0.0,0.0
111,2.0,779.6,495.93,8.18,7.32,1.0,3.0,0.0
111,10001.0,585.8813064648821,401.1078580224076,261.73,97.71,1.0,0.0,0.0
111,10002.0,915.8294649189995,467.8817613011414,50.73,19.88,1.0,0.0,0.0
111,10003.0,1091.8491421692695,479.6672147264291,19.74,7.7,1.0,2.0,0.0
112,1.0,657.87,456.01,154.78,52.61,1.0,0.0,0.0
112,2.0,783.09,504.04,7.39,7.95,1.0,3.0,0.0
112,10001.0,608.2883344951873,419.2491660739009,262.04,96.21,1.0,0.0,0.0
112,10002.0,920.1781751149975,476.8127621338467,50.55,20.13,1.0,0.0,0.0
112,10003.0,1094.8876468871733,482.00994527727414,20.85,8.08,1.0,2.0,0.0
112,10010.0,1129.2255320287138,484.02324496657945,5.88,7.52,1.0,3.0,0.0
113,1.0,658.61,460.12,153.86,52.78,1.0,0.0,0.0
113,2.0,781.61,507.04,7.25,7.94,1.0,3.0,0.0
113,10001.0,607.26149369595,420.3012833557644,261.84,95.55,1.0,0.0,0.0
113,10002.0,917.8792232561597,479.8674529685403,50.12,20.01,1.0,0.0,0.0
113,10003.0,1089.4441725978656,486.0134850606155,20.32,8.31,1.0,2.0,0.0
113,10010.0,1122.3408726895739,488.2650367465625,5.87,7.81,1.0,3.0,0.0
114,1.0,648.95,451.94,159.71,52.26,1.0,0.0,0.0
114,10001.0,593.8156279268793,410.7440572841432,258.49,96.92,1.0,0.0,0.0
114,10002.0,910.4796253176846,476.9239044961798,49.49,20.12,1.0,0.0,0.0
114,10003.0,1080.007475562615,488.22685178827214,19.85,8.14,1.0,2.0,0.0
115,1.0,641.21,440.66,159.47,53.59,1.0,0.0,0.0
115,2.0,759.58,488.95,7.79,10.27,1.0,3.0,0.0
115,10001.0,585.1381872753183,398.92122683003015,246.7,98.03,1.0,0.0,0.0
115,10002.0,902.7641970721468,468.5608230237811,49.1,19.85,1.0,0.0,0.0
115,10003.0,1078.2049570529998,482.5245019811614,19.71,7.92,1.0,2.0,0.0
116,1.0,637.86,441.7,158.51,52.24,1.0,0.0,0.0
116,2.0,754.55,487.75,8.14,11.59,1.0,3.0,0.0
116,10001.0,585.2266089638204,398.2705620056472,240.9,97.75,1.0,0.0,0.0
116,10002.0,898.5971445076375,465.6214252529802,48.81,19.68,1.0,0.0,0.0
116,10010.0,1112.068983877732,480.5074829291688,5.47,7.45,1.0,3.0,0.0
117,1.0,637.03,449.37,159.0,52.21,1.0,0.0,0.0
118,1.0,637.77,451.14,160.65,51.84,1.0,0.0,0.0
118,12.0,287.1,474.23,112.69,22.76,1.0,0.0,0.0
118,10001.0,593.645459991519,407.3017845539724,239.28,96.59,1.0,0.0,0.0
118,10002.0,895.2221531731318,470.3922949525591,49.49,19.92,1.0,0.0,0.0
118,10003.0,1075.3837417481498,479.745923579253,20.7,8.24,1.0,2.0,0.0
119,1.0,636.69,443.77,158.96,51.83,1.0,0.0,0.0
119,2.0,745.85,491.95,7.84,9.05,1.0,3.0,0.0
119,10001.0,585.8565231972683,398.8211574899567,236.0,96.66,1.0,0.0,0.0
119,10002.0,891.7221586274459,463.7755977666964,50.29,19.9,1.0,0.0,0.0
119,10003.0,1078.1495043124735,474.7340765746653,20.25,7.92,1.0,2.0,0.0
120,1.0,635.26,440.94,156.65,52.34,1.0,0.0,0.0
120,12.0,115.03,460.41,107.29,19.39,1.0,0.0,0.0
121,1.0,630.98,442.47,157.78,52.58,1.0,0.0,0.0
121,2.0,735.25,491.32,7.41,8.91,1.0,3.0,0.0
121,10001.0,589.341084496935,399.67278723095876,225.07,97.48,1.0,0.0,0.0
121,10002.0,883.7669505764784,468.8215390004252,49.02,19.53,1.0,0.0,0.0
121,10003.0,1065.715871614148,480.8568693289791,19.61,8.08,1.0,2.0,0.0
122,1.0,623.3,440.15,156.25,52.88,1.0,0.0,0.0
122,10002.0,875.1890304942135,465.3583069295321,49.99,19.78,1.0,0.0,0.0
122,10010.0,1092.2355824983144,481.62270531548893,5.48,7.18,1.0,3.0,0.0
123,1.0,618.43,440.11,158.11,52.83,1.0,0.0,0.0
123,2.0,718.68,485.82,8.48,12.9,1.0,3.0,0.0
123,10002.0,870.2584784408209,464.3564646436351,50.45,19.66,1.0,0.0,0.0
124,1.0,622.2,442.79,156.65,51.49,1.0,0.0,0.0
124,2.0,720.3,490.2,7.33,9.27,1.0,3.0,0.0
124,10002.0,872.662039105704,463.46624261638664,50.01,19.8,1.0,0.0,0.0
124,10003.0,1064.2051711575575,472.42627367861866,20.32,7.94,1.0,2.0,0.0
125,1.0,631.7,439.4,156.45,51.48,1.0,0.0,0.0
125,2.0,725.49,483.59,8.62,12.65,1.0,3.0,0.0
125,10002.0,881.160719583715,454.7775651886828,48.93,19.63,1.0,0.0,0.0
125,10003.0,1081.1677869926104,461.1098725068382,19.58,7.92,1.0,2.0,0.0
125,10010.0,1114.329180138129,463.93206470549273,5.54,7.37,1.0,3.0,0.0
126,1.0,641.67,435.0,154.04,51.95,1.0,0.0,0.0
126,2.0,732.23,481.5,7.51,10.16,1.0,3.0,0.0
127,1.0,654.18,432.77,155.98,52.95,1.0,0.0,0.0
127,10001.0,583.2027171564646,389.4839148712226,256.22,96.35,1.0,0.0,0.0
127,10002.0,907.9489003455708,453.09992715442667,50.77,20.13,1.0,0.0,0.0
127,10003.0,1103.6960571368702,465.26275910781,20.91,8.35,1.0,2.0,0.0
127,10010.0,1133.2298929867138,468.90733584571376,5.91,8.52,1.0,3.0,0.0
128,1.0,666.11,438.91,153.28,53.26,1.0,0.0,0.0
128,2.0,749.39,482.61,9.25,14.22,1.0,3.0,0.0
129,1.0,671.84,450.07,140.99,51.97,1.0,0.0,0.0
129,10001.0,612.2708501334228,406.9414966133518,256.19,96.5,1.0,0.0,0.0
129,10002.0,917.5475032420894,468.9292456664805,51.84,20.36,1.0,0.0,0.0
129,10003.0,1104.1383471012236,477.3267463342541,21.19,8.37,1.0,2.0,0.0
130,1.0,673.81,458.63,138.97,52.32,1.0,0.0,0.0
130,2.0,752.69,505.9,8.08,11.22,1.0,3.0,0.0
130,10001.0,623.3107591258598,417.18634996924635,257.57,96.83,1.0,0.0,0.0
130,10002.0,917.5522662423699,480.98534784930786,50.81,20.5,1.0,0.0,0.0
130,10010.0,1121.443060059422,491.9820128450066,5.86,8.31,1.0,3.0,0.0
131,1.0,674.57,454.65,138.24,52.75,1.0,0.0,0.0
131,13.0,519.18,479.15,103.2,17.02,1.0,0.0,0.0
131,10001.0,623.5380961612441,415.71821853370784,257.64,97.87,1.0,0.0,0.0
131,10002.0,916.975212597217,483.14259544688844,51.26,20.63,1.0,0.0,0.0
131,10003.0,1090.3763241305703,494.1641710312069,20.59,8.37,1.0,2.0,0.0
132,1.0,678.9,452.97,133.75,53.23,1.0,0.0,0.0
132,13.0,522.74,478.19,100.5,16.77,1.0,0.0,0.0
132,10001.0,629.3854556031797,411.7685627980048,257.57,97.58,1.0,0.0,0.0
132,10002.0,925.3028244152517,476.8963526326311,51.74,20.49,1.0,0.0,0.0
132,10003.0,1104.761178573746,487.25435941831404,20.19,8.04,1.0,2.0,0.0
133,1.0,684.6,454.24,152.7,51.88,1.0,0.0,0.0
134,1.0,691.41,452.1,150.9,52.22,1.0,0.0,0.0
135,1.0,694.67,446.65,142.62,52.79,1.0,0.0,0.0
135,2.0,759.74,493.65,9.33,11.11,1.0,3.0,0.0
135,10001.0,630.9124924280617,400.92298723956065,259.28,96.39,1.0,0.0,0.0
135,10002.0,938.3730188395735,463.3378837763804,51.45,20.22,1.0,0.0,0.0
135,10003.0,1129.7366063500037,472.5405826865165,20.85,8.34,1.0,2.0,0.0
136,1.0,695.19,438.19,118.01,52.81,1.0,0.0,0.0
136,2.0,757.52,479.0,8.91,16.5,1.0,3.0,0.0
136,10001.0,623.1392488173469,391.0020167139583,258.45,95.95,1.0,0.0,0.0
136,10002.0,941.1798504785361,451.85174148905344,50.25,20.1,1.0,0.0,0.0
136,10003.0,1141.4200409093187,461.1693198286666,20.01,8.55,1.0,2.0,0.0
137,1.0,693.46,436.04,150.0,51.51,1.0,0.0,0.0
137,2.0,752.62,482.62,8.28,11.41,1.0,3.0,0.0
138,1.0,690.29,443.84,121.83,52.19,1.0,0.0,0.0
138,10001.0,624.2133223003322,396.3765814201215,257.31,97.65,1.0,0.0,0.0
138,10002.0,930.8097598764356,461.43667574409557,51.44,20.45,1.0,0.0,0.0
138,10003.0,1123.688521084965,472.91859295722656,20.36,8.49,1.0,2.0,0.0
139,1.0,684.66,450.71,127.94,55.26,1.0,0.0,0.0
139,10001.0,628.5504871328286,410.73073559799366,255.25,95.8,1.0,0.0,0.0
139,10002.0,920.0553135151156,475.73449301645076,50.83,20.03,1.0,0.0,0.0
139,10003.0,1103.250257981587,485.7417885215046,20.91,8.64,1.0,2.0,0.0
140,1.0,683.44,452.05,129.16,53.33,1.0,0.0,0.0
140,2.0,736.1,500.49,9.1,10.86,1.0,3.0,0.0
140,10001.0,630.6608730816872,410.57255125467736,255.49,96.06,1.0,0.0,0.0
140,10002.0,920.1128832895467,474.9679346562027,51.96,19.74,1.0,0.0,0.0
140,10003.0,1106.7157374500007,484.39871397460917,21.03,8.29,1.0,2.0,0.0
141,1.0,689.89,448.94,150.34,51.11,1.0,0.0,0.0
142,1.0,698.56,444.3,113.65,51.5,1.0,0.0,0.0
142,10001.0,630.5863452899325,405.7810373725546,256.35,96.41,1.0,0.0,0.0
142,10002.0,924.7388448264023,469.14153886376494,52.8,20.55,1.0,0.0,0.0
142,10003.0,1115.2396119055863,478.760873559464,20.79,8.92,1.0,2.0,0.0
143,1.0,707.54,441.74,103.99,51.14,1.0,0.0,0.0
143,10001.0,630.565258746384,405.7846860971771,256.37,96.4,1.0,0.0,0.0
143,10002.0,924.7527530147723,469.1412058899923,52.79,20.55,1.0,0.0,0.0
143,10003.0,1115.2326133485676,478.76758704686205,20.79,8.92,1.0,2.0,0.0
144,1.0,711.86,440.53,100.14,51.6,1.0,0.0,0.0
144,10001.0,630.6456569744483,405.98093041519877,256.22,96.19,1.0,0.0,0.0
144,10002.0,924.7968127825936,468.985735955234,52.91,20.66,1.0,0.0,0.0
144,10003.0,1115.4222158230075,478.81744918636593,20.57,8.88,1.0,2.0,0.0
145,1.0,718.95,441.52,147.96,51.42,1.0,0.0,0.0
146,1.0,722.83,444.2,148.51,51.18,1.0,0.0,0.0
147,1.0,720.82,445.19,91.81,51.96,1.0,0.0,0.0
147,10001.0,657.259580266955,402.46599664004316,257.73,96.85,1.0,0.0,0.0
147,10002.0,952.7777411576019,459.5757024465327,51.69,19.88,1.0,0.0,0.0
147,10003.0,1157.015451497555,463.5301877582944,20.94,9.2,1.0,2.0,0.0
148,1.0,709.29,452.9,103.03,51.7,1.0,0.0,0.0
148,13.0,524.29,479.15,92.95,19.37,1.0,0.0,0.0
148,10001.0,653.5434290872763,409.80334579329457,257.64,97.63,1.0,0.0,0.0
148,10002.0,938.7841850165881,470.5430790723516,51.94,20.17,1.0,0.0,0.0
148,10003.0,1133.2912338006263,476.04646896997406,22.21,9.28,1.0,2.0,0.0
148,10010.0,1156.8800190566699,480.04252784628255,6.0,7.33,1.0,3.0,0.0
149,1.0,694.23,451.18,118.09,54.28,1.0,0.0,0.0
149,10001.0,640.9071907226619,409.64631036315853,254.72,98.21,1.0,0.0,0.0
149,10002.0,920.6105437674648,477.668798551238,52.24,20.58,1.0,0.0,0.0
149,10010.0,1128.126088607487,493.0045100936216,6.0,7.49,1.0,3.0,0.0
150,1.0,682.58,449.57,130.14,53.66,1.0,0.0,0.0
150,10001.0,630.21145167713,406.6514404144732,253.03,100.48,1.0,0.0,0.0
150,10002.0,908.5943483683918,478.79831469195506,51.82,20.35,1.0,0.0,0.0
150,10003.0,1091.7644414375977,492.5853356012167,20.64,8.96,1.0,2.0,0.0
151,1.0,677.36,453.66,150.31,52.83,1.0,0.0,0.0
152,1.0,671.57,455.01,140.97,53.19,1.0,0.0,0.0
152,10001.0,617.9155575649125,413.37645911018933,251.92,96.93,1.0,0.0,0.0
152,10002.0,891.6920052401997,475.3510380198192,53.17,20.41,1.0,0.0,0.0
152,10003.0,1088.0572845646045,482.1055451793947,21.4,9.23,1.0,2.0,0.0
152,10010.0,1111.4441338892384,485.47160594737295,5.77,7.79,1.0,3.0,0.0
153,1.0,668.38,446.37,144.05,52.42,1.0,0.0,0.0
153,10001.0,605.806273452193,404.7124707462347,252.09,95.56,1.0,0.0,0.0
153,10002.0,887.353034930098,464.6434172299443,53.88,20.24,1.0,0.0,0.0
153,10003.0,1095.4375532108318,472.20236969765716,19.66,8.6,1.0,2.0,0.0
154,1.0,672.59,434.93,147.79,51.76,1.0,0.0,0.0
155,1.0,684.06,426.5,147.28,52.22,1.0,0.0,0.0
156,1.0,697.32,430.94,148.0,52.43,1.0,0.0,0.0
156,13.0,503.62,453.38,103.27,18.79,1.0,0.0,0.0
157,2.0,713.39,483.71,12.07,19.81,1.0,3.0,0.0
157,10001.0,657.3873623695649,401.7318591396965,255.8,97.76,1.0,0.0,0.0
157,10002.0,941.273980345299,459.43905338259214,52.36,19.98,1.0,0.0,0.0
157,10003.0,1153.9283783112783,461.9152552742692,20.38,9.03,1.0,2.0,0.0
158,1.0,726.92,453.74,85.7,53.08,1.0,0.0,0.0
158,2.0,724.45,496.18,11.0,20.5,1.0,3.0,0.0
158,10001.0,674.5812106916026,412.2850596614094,257.05,99.05,1.0,0.0,0.0
158,10002.0,949.1080001845746,469.80529919896213,52.97,20.33,1.0,0.0,0.0
158,10003.0,1155.1730726539029,470.5560085629508,19.34,8.71,1.0,2.0,0.0
159,1.0,737.17,459.47,145.34,51.56,1.0,0.0,0.0
159,2.0,731.06,500.34,11.21,21.15,1.0,3.0,0.0
159,13.0,322.83,489.88,139.77,20.4,1.0,0.0,0.0
160,1.0,740.02,459.87,145.09,51.74,1.0,0.0,0.0
160,2.0,730.82,501.06,10.73,19.8,1.0,3.0,0.0
161,1.0,738.4,462.07,145.87,51.99,1.0,0.0,0.0
161,2.0,725.1,502.64,11.66,19.18,1.0,3.0,0.0
162,1.0,736.7,456.05,146.93,51.94,1.0,0.0,0.0
162,2.0,720.38,497.09,11.23,20.33,1.0,3.0,0.0
163,1.0,737.57,450.46,75.37,51.05,1.0,0.0,0.0
163,2.0,717.87,489.63,12.68,21.58,1.0,3.0,0.0
163,10001.0,678.7733396079552,406.1425218404018,257.13,97.08,1.0,0.0,0.0
163,10002.0,950.4235663767212,470.2855944045286,53.65,19.91,1.0,0.0,0.0
163,10003.0,1150.833664052247,478.89638259525884,19.45,8.52,1.0,2.0,0.0
164,1.0,736.11,451.39,76.69,51.89,1.0,0.0,0.0
164,2.0,712.63,491.9,11.95,20.54,1.0,3.0,0.0
164,10001.0,677.4234870489167,406.39365519131394,257.15,97.07,1.0,0.0,0.0
164,10002.0,949.5302942288574,471.1527978405899,52.48,19.79,1.0,0.0,0.0
164,10003.0,1147.4763820612593,479.8760956719609,20.6,8.92,1.0,2.0,0.0
165,1.0,733.3,453.67,145.9,51.61,1.0,0.0,0.0
165,2.0,706.73,492.09,12.1,23.33,1.0,3.0,0.0
166,1.0,729.33,440.87,83.15,51.59,1.0,0.0,0.0
166,2.0,698.89,478.6,13.0,23.81,1.0,3.0,0.0
166,19.0,1310.91,480.49,7.59,11.79,1.0,3.0,0.0
166,10001.0,659.6284137510323,389.7566475166774,255.25,96.65,1.0,0.0,0.0
166,10002.0,941.9774090807973,453.2317313951513,52.73,19.82,1.0,0.0,0.0
166,10003.0,1157.0139804359874,463.3842629359654,19.9,8.91,1.0,2.0,0.0
167,1.0,727.89,437.65,145.04,52.03,1.0,0.0,0.0
167,2.0,694.05,479.67,11.64,19.65,1.0,3.0,0.0
168,1.0,726.73,445.05,144.8,52.16,1.0,0.0,0.0
168,2.0,689.24,487.29,11.98,21.54,1.0,3.0,0.0
169,1.0,727.23,447.57,145.14,51.77,1.0,0.0,0.0
169,2.0,687.46,488.77,11.76,21.42,1.0,3.0,0.0
170,1.0,726.87,444.03,145.47,50.88,1.0,0.0,0.0
170,2.0,682.17,483.49,11.74,20.79,1.0,3.0,0.0
171,2.0,662.78,485.75,13.45,19.07,1.0,3.0,0.0
171,10001.0,654.3067150365271,397.45154354424807,252.45,99.0,1.0,0.0,0.0
171,10002.0,920.0220748226178,466.5716722331964,54.37,20.47,1.0,0.0,0.0
171,10003.0,1124.8951854103311,480.0788386601352,20.27,8.79,1.0,2.0,0.0
171,10010.0,1142.528913745817,483.8358523168932,5.89,7.69,1.0,3.0,0.0
172,1.0,703.1,447.99,109.61,52.03,1.0,0.0,0.0
172,2.0,649.85,490.66,12.02,19.78,1.0,3.0,0.0
172,13.0,56.13,465.07,121.34,20.2,1.0,0.0,0.0
172,10001.0,646.3583407534061,404.0914943959404,251.53,97.38,1.0,0.0,0.0
172,10002.0,908.206540862849,471.06273380096616,53.08,20.34,1.0,0.0,0.0
172,10003.0,1110.7450622642934,482.6069041740998,23.0,9.45,1.0,2.0,0.0
172,10010.0,1129.3259534951708,486.63005005979227,5.6,7.94,1.0,3.0,0.0
173,1.0,700.73,449.35,146.44,51.24,1.0,0.0,0.0
173,2.0,643.95,485.81,12.97,25.44,1.0,3.0,0.0
174,1.0,704.28,446.83,108.64,51.73,1.0,0.0,0.0
174,2.0,643.86,487.49,13.11,22.19,1.0,3.0,0.0
174,10001.0,647.4824242554098,403.33681469329383,251.32,97.02,1.0,0.0,0.0
174,10002.0,906.8278117438899,467.99182755824995,54.36,20.1,1.0,0.0,0.0
174,10003.0,1118.9340851756772,477.1276312114017,20.84,8.63,1.0,2.0,0.0
174,10010.0,1136.983566604359,480.9962411058453,5.31,7.22,1.0,3.0,0.0
175,1.0,709.45,447.1,103.4,51.68,1.0,0.0,0.0
175,2.0,644.67,487.81,13.26,23.34,1.0,3.0,0.0
175,10001.0,650.7396472677743,404.1431558371084,251.48,96.83,1.0,0.0,0.0
175,10002.0,909.5377992741708,465.8230002378836,54.5,20.42,1.0,0.0,0.0
175,10003.0,1125.3043776660757,472.73960249700497,20.81,9.18,1.0,2.0,0.0
176,1.0,707.61,445.82,104.47,52.28,1.0,0.0,0.0
176,2.0,637.96,489.31,13.77,21.54,1.0,3.0,0.0
176,10001.0,644.6106195573839,400.90433558295734,250.61,97.5,1.0,0.0,0.0
176,10002.0,904.1828300476652,463.4349309535351,54.35,19.99,1.0,0.0,0.0
176,10003.0,1124.5211977219951,470.5204100202531,20.37,8.68,1.0,2.0,0.0
177,1.0,692.49,441.39,145.19,52.02,1.0,0.0,0.0
177,2.0,618.0,480.69,14.88,24.3,1.0,3.0,0.0
177,13.0,0.38,461.87,134.54,21.43,1.0,0.0,0.0
178,1.0,671.78,440.93,141.09,51.93,1.0,0.0,0.0
178,2.0,593.72,484.72,14.42,20.16,1.0,3.0,0.0
178,10001.0,608.9738729616809,396.60576187917843,245.88,96.98,1.0,0.0,0.0
178,10002.0,868.0498370223959,459.901497297977,53.49,19.86,1.0,0.0,0.0
178,10003.0,1093.4984897601512,468.9671944696117,18.57,9.13,1.0,2.0,0.0
178,10010.0,1110.52493426262,473.16427175194576,5.72,7.77,1.0,3.0,0.0
179,1.0,655.38,445.54,148.19,52.45,1.0,0.0,0.0
179,2.0,570.24,491.43,12.36,20.48,1.0,3.0,0.0
179,10001.0,596.7263134653783,403.10036619898653,245.12,96.54,1.0,0.0,0.0
179,10002.0,849.5566662542452,463.60839737125053,53.66,19.94,1.0,0.0,0.0
179,10003.0,1076.1366697169676,468.56212236157484,20.33,9.53,1.0,2.0,0.0
180,1.0,643.46,446.57,147.94,52.3,1.0,0.0,0.0
180,2.0,554.12,492.5,13.66,21.28,1.0,3.0,0.0
180,10001.0,592.2708317458839,406.2898449123013,237.5,96.01,1.0,0.0,0.0
180,10002.0,834.7314939377321,464.77161315544754,54.01,19.96,1.0,0.0,0.0
180,10003.0,1063.4719630526797,468.9158623380473,21.39,9.32,1.0,2.0,0.0
181,1.0,628.51,443.45,148.46,53.17,1.0,0.0,0.0
181,2.0,533.25,487.49,14.87,22.81,1.0,3.0,0.0
181,10002.0,820.2574853540332,464.2667021111109,53.24,19.67,1.0,0.0,0.0
181,10003.0,1048.8106701104446,470.53742430330266,21.41,9.34,1.0,2.0,0.0
182,1.0,609.86,444.61,149.19,52.62,1.0,0.0,0.0
182,2.0,508.04,486.98,15.77,24.01,1.0,3.0,0.0
183,1.0,586.85,452.58,150.99,53.35,1.0,0.0,0.0
183,2.0,478.88,494.24,15.8,24.14,1.0,3.0,0.0
184,1.0,564.83,461.43,151.58,53.51,1.0,0.0,0.0
184,2.0,449.05,504.85,14.71,23.22,1.0,3.0,0.0
184,10003.0,964.9185779828005,500.43240471592094,20.95,8.88,1.0,2.0,0.0
184,10004.0,1114.2739192165977,490.7633243465452,37.76,15.65,1.0,0.0,0.0
185,1.0,544.76,466.96,152.93,53.48,1.0,0.0,0.0
185,2.0,421.29,511.81,16.06,22.51,1.0,3.0,0.0
185,13.0,6.33,489.67,182.82,21.73,1.0,0.0,0.0
185,10003.0,947.3924581626732,505.06831866447044,22.11,8.85,1.0,2.0,0.0
185,10004.0,1095.2504637841823,494.25846802802175,38.93,15.89,1.0,0.0,0.0
186,1.0,524.48,460.8,153.15,54.73,1.0,0.0,0.0
186,2.0,391.52,504.29,17.19,24.08,1.0,3.0,0.0
186,13.0,0.54,480.41,171.43,21.81,1.0,0.0,0.0
187,1.0,506.57,448.31,155.1,54.63,1.0,0.0,0.0
187,2.0,366.52,489.8,16.6,24.5,1.0,3.0,0.0
188,1.0,502.85,439.64,155.48,54.39,1.0,0.0,0.0
188,2.0,355.32,479.86,17.79,26.42,1.0,3.0,0.0
188,10003.0,933.6508574821738,486.67846883312956,5.7,8.05,1.0,3.0,0.0
188,10004.0,1076.3668979548338,476.52290306969127,43.7,16.21,1.0,0.0,0.0
189,1.0,502.23,436.73,154.55,54.2,1.0,0.0,0.0
189,2.0,348.37,480.41,16.82,26.27,1.0,3.0,0.0
190,1.0,500.54,437.24,154.79,54.54,1.0,0.0,0.0
190,2.0,338.55,484.51,18.16,25.09,1.0,3.0,0.0
191,1.0,502.2,433.95,156.34,53.91,1.0,0.0,0.0
191,2.0,332.19,472.4,17.06,31.11,1.0,3.0,0.0
191,10003.0,919.7473869128095,468.1377294287792,21.38,8.4,1.0,2.0,0.0
191,10004.0,1092.745518194955,460.5026150431988,42.37,16.98,1.0,0.0,0.0
191,10010.0,936.959067235567,471.5028339558499,4.87,8.13,1.0,3.0,0.0
192,1.0,510.66,429.51,154.7,54.47,1.0,0.0,0.0
192,2.0,333.17,466.47,16.99,31.5,1.0,3.0,0.0
193,1.0,522.2,430.83,154.61,54.29,1.0,0.0,0.0
193,2.0,337.95,473.82,17.22,26.4,1.0,3.0,0.0
193,10003.0,936.4588022586081,465.5954568809578,23.01,8.29,1.0,2.0,0.0
193,10004.0,1109.3628436006525,458.9761645180325,41.64,16.37,1.0,0.0,0.0
194,1.0,532.84,444.78,154.72,54.38,1.0,0.0,0.0
194,2.0,340.42,484.92,18.43,34.06,1.0,3.0,0.0
194,13.0,0.54,478.33,145.87,20.6,1.0,0.0,0.0
194,10003.0,945.927807202644,470.65604629263635,21.1,8.8,1.0,2.0,0.0
194,10004.0,1117.1586990795433,459.0586905300054,41.36,16.95,1.0,0.0,0.0
194,10010.0,961.7623772904566,474.80130115811806,4.75,8.14,1.0,3.0,0.0
195,1.0,540.84,454.84,153.04,54.19,1.0,0.0,0.0
195,2.0,341.74,492.24,18.0,39.49,1.0,3.0,0.0
196,1.0,543.04,454.89,153.44,53.06,1.0,0.0,0.0
196,2.0,333.89,498.88,18.5,30.35,1.0,3.0,0.0
196,10003.0,954.9362604751502,486.54811660790045,21.27,8.63,1.0,2.0,0.0
196,10004.0,1109.963102686255,477.021509028125,41.07,16.91,1.0,0.0,0.0
196,10010.0,966.7490033707661,489.99812362284695,6.49,8.59,1.0,3.0,0.0
197,1.0,545.18,446.13,154.09,53.06,1.0,0.0,0.0
197,2.0,327.83,486.68,17.92,28.51,1.0,3.0,0.0
198,1.0,551.71,445.26,154.26,53.78,1.0,0.0,0.0
198,2.0,324.42,477.88,20.4,35.64,1.0,3.0,0.0
198,10003.0,964.6238028492481,491.56622607016493,20.89,8.67,1.0,2.0,0.0
198,10004.0,1110.3273840829584,483.91911042105477,42.43,17.04,1.0,0.0,0.0
199,1.0,563.44,451.19,152.57,52.85,1.0,0.0,0.0
199,2.0,327.18,483.5,19.82,35.44,1.0,3.0,0.0
200,1.0,579.86,450.87,151.63,52.88,1.0,0.0,0.0
200,2.0,335.14,486.46,23.71,33.13,1.0,3.0,0.0
201,1.0,602.81,450.54,149.89,52.62,1.0,0.0,0.0
201,2.0,354.92,492.12,21.19,27.14,1.0,3.0,0.0
201,10002.0,786.5492485226074,476.265011211966,53.86,19.9,1.0,0.0,0.0
201,10003.0,1016.5831000670403,484.9795058633918,21.56,9.23,1.0,2.0,0.0
201,10010.0,1025.198529407898,489.1385169293465,6.47,8.11,1.0,3.0,0.0
202,1.0,631.54,450.87,147.5,51.87,1.0,0.0,0.0
202,2.0,381.16,493.0,20.18,29.54,1.0,3.0,0.0
203,1.0,662.02,453.11,145.01,51.61,1.0,0.0,0.0
203,2.0,406.0,499.23,18.65,27.86,1.0,3.0,0.0
204,1.0,685.16,455.32,144.54,51.52,1.0,0.0,0.0
204,2.0,424.66,500.44,18.6,27.99,1.0,3.0,0.0
205,1.0,706.75,461.22,145.7,51.18,1.0,0.0,0.0
205,2.0,440.31,498.07,18.85,35.1,1.0,3.0,0.0
206,1.0,729.54,462.65,83.24,51.82,1.0,0.0,0.0
206,2.0,455.04,495.45,20.45,39.01,1.0,3.0,0.0
206,10001.0,689.2490576925641,417.56511012616426,250.49,97.07,1.0,0.0,0.0
206,10002.0,917.8346141632726,484.2135444623318,53.51,20.46,1.0,0.0,0.0
206,10003.0,1129.4673362888143,493.44674676186327,20.94,8.41,1.0,2.0,0.0
207,1.0,747.97,458.89,64.89,51.0,1.0,0.0,0.0
207,2.0,467.24,485.8,20.56,42.05,1.0,3.0,0.0
207,13.0,0.26,474.56,122.56,21.39,1.0,0.0,0.0
207,10001.0,698.8693163011908,410.09862017012745,252.82,98.38,1.0,0.0,0.0
207,10002.0,932.8767602006942,478.5252456720033,53.38,19.78,1.0,0.0,0.0
207,10003.0,1147.0049641029302,486.9483240655375,22.91,9.29,1.0,2.0,0.0
208,1.0,764.67,450.04,140.88,50.42,1.0,0.0,0.0
208,2.0,476.59,489.32,19.65,30.37,1.0,3.0,0.0
209,2.0,482.92,483.55,21.04,33.0,1.0,3.0,0.0
209,10001.0,718.0738928692138,393.1145277607287,254.88,98.09,1.0,0.0,0.0
209,10002.0,966.862327656661,455.8967649836032,53.02,20.24,1.0,0.0,0.0
210,2.0,485.57,474.25,22.24,41.15,1.0,3.0,0.0
210,10001.0,725.4459896669679,389.3287290722731,254.08,97.92,1.0,0.0,0.0
210,10002.0,975.4986860811474,450.94251368395396,54.39,20.21,1.0,0.0,0.0
211,2.0,480.07,479.07,20.54,33.55,1.0,3.0,0.0
211,13.0,20.69,461.3,148.83,21.91,1.0,0.0,0.0
211,10001.0,727.3574230237997,388.60932617599576,252.84,97.16,1.0,0.0,0.0
211,10002.0,976.3173473763067,450.8704198940177,53.63,20.13,1.0,0.0,0.0
212,1.0,789.03,437.18,139.07,50.58,1.0,0.0,0.0
212,2.0,472.66,454.15,21.38,53.66,1.0,3.0,0.0
212,19.0,1187.05,475.53,8.22,11.32,1.0,3.0,0.0
213,2.0,460.94,479.49,21.67,33.51,1.0,3.0,0.0
213,19.0,1187.51,479.26,7.97,10.5,1.0,3.0,0.0
213,10001.0,728.2093554555668,392.1916067145924,252.38,98.54,1.0,0.0,0.0
213,10002.0,968.4807995155315,459.09350751825247,54.99,19.73,1.0,0.0,0.0
214,1.0,784.46,453.65,138.6,51.79,1.0,0.0,0.0
214,2.0,445.9,495.03,21.22,35.73,1.0,3.0,0.0
214,13.0,0.58,480.42,175.58,23.64,1.0,0.0,0.0
214,19.0,1182.98,489.06,6.75,8.54,1.0,3.0,0.0
215,1.0,776.14,462.13,139.93,50.48,1.0,0.0,0.0
215,2.0,425.13,502.37,22.11,37.75,1.0,3.0,0.0
216,1.0,759.47,466.15,52.92,51.55,1.0,0.0,0.0
216,2.0,395.27,507.16,22.83,33.28,1.0,3.0,0.0
216,10001.0,710.5299260671309,421.6569415720245,248.78,98.12,1.0,0.0,0.0
216,10002.0,927.4574714883379,489.2575609485434,54.95,20.63,1.0,0.0,0.0
216,10003.0,1138.8996223412107,497.35195839986125,20.22,8.85,1.0,2.0,0.0
217,1.0,743.58,459.26,69.01,51.81,1.0,0.0,0.0
217,2.0,365.53,473.48,23.57,54.92,1.0,3.0,0.0
217,13.0,170.63,470.63,144.36,22.89,1.0,0.0,0.0
217,10001.0,695.6577074293285,417.20510733200695,248.57,98.63,1.0,0.0,0.0
217,10002.0,915.0424630098205,486.5051742385139,53.93,20.51,1.0,0.0,0.0
217,10003.0,1125.9480992236486,496.6194171077744,22.29,9.58,1.0,2.0,0.0
218,1.0,735.3,448.22,77.1,52.55,1.0,0.0,0.0
218,2.0,341.25,459.7,23.7,57.25,1.0,3.0,0.0
218,13.0,152.87,458.08,147.12,22.88,1.0,0.0,0.0
218,10001.0,680.5508674341369,405.9861279409565,247.93,99.25,1.0,0.0,0.0
218,10002.0,905.8736948840991,475.0627000527746,53.53,20.93,1.0,0.0,0.0
218,10003.0,1127.1580558893706,487.583104010776,22.77,9.31,1.0,2.0,0.0
219,1.0,725.93,444.69,86.55,52.51,1.0,0.0,0.0
219,2.0,317.43,458.2,25.8,58.71,1.0,3.0,0.0
219,10001.0,660.5068870057441,398.2933880670052,245.45,98.05,1.0,0.0,0.0
219,10002.0,887.8208816688417,464.8883377177092,54.69,20.31,1.0,0.0,0.0
219,10003.0,1129.0544702960608,479.0585762421183,5.82,8.69,1.0,3.0,0.0
220,1.0,721.11,443.97,139.63,51.17,1.0,0.0,0.0
220,2.0,300.58,456.96,26.58,62.77,1.0,3.0,0.0
221,1.0,720.89,441.61,139.52,50.65,1.0,0.0,0.0
221,2.0,287.54,452.66,28.06,66.65,1.0,3.0,0.0
222,1.0,722.93,439.82,89.55,52.33,1.0,0.0,0.0
222,2.0,276.96,456.21,27.04,62.0,1.0,3.0,0.0
222,10001.0,659.1979370381168,392.6286153801756,245.3,97.58,1.0,0.0,0.0
222,10002.0,889.0388654559982,457.7402003617072,54.74,20.32,1.0,0.0,0.0
222,10003.0,1139.4361398160788,467.92237833391977,19.93,8.56,1.0,2.0,0.0
223,1.0,728.75,440.72,83.83,52.16,1.0,0.0,0.0
223,2.0,269.29,460.56,29.47,58.75,1.0,3.0,0.0
223,10001.0,669.0248585903689,394.3392451934624,243.99,98.57,1.0,0.0,0.0
223,10002.0,895.3074198032098,460.21513255501907,54.65,20.21,1.0,0.0,0.0
223,10003.0,1141.9274506151796,470.2661936819297,19.47,8.47,1.0,2.0,0.0
224,1.0,738.53,446.76,138.5,50.72,1.0,0.0,0.0
224,2.0,266.05,465.86,31.23,62.99,1.0,3.0,0.0
225,1.0,747.65,452.74,65.06,51.09,1.0,0.0,0.0
225,2.0,262.64,468.29,31.05,68.12,1.0,3.0,0.0
225,10001.0,693.0609848278449,407.4334037352195,245.34,98.26,1.0,0.0,0.0
225,10002.0,911.1198064819034,473.1755632344648,54.59,20.72,1.0,0.0,0.0
225,10003.0,1145.5836920220804,480.49774702110193,19.75,9.13,1.0,2.0,0.0
225,10014.0,1143.0331521708983,484.3735145502899,6.58,9.0,1.0,3.0,0.0
226,1.0,755.27,453.57,57.39,51.31,1.0,0.0,0.0
226,2.0,257.56,476.15,31.07,61.15,1.0,3.0,0.0
226,10001.0,699.2600828939882,408.25207876394853,245.96,97.99,1.0,0.0,0.0
226,10002.0,915.7342778144888,474.2208335690472,55.41,20.31,1.0,0.0,0.0
226,10003.0,1150.9911929212954,480.74508796849375,19.38,9.67,1.0,2.0,0.0
226,10014.0,1148.1169386026488,484.83161383754776,6.75,9.23,1.0,3.0,0.0
227,1.0,765.13,452.52,136.56,51.14,1.0,0.0,0.0
227,2.0,253.6,474.91,31.27,63.14,1.0,3.0,0.0
228,1.0,770.09,456.26,137.21,51.04,1.0,0.0,0.0
228,2.0,243.28,475.78,32.15,70.02,1.0,3.0,0.0
228,24.0,903.96,481.93,64.9,17.02,1.0,0.0,0.0
229,2.0,225.02,502.86,31.96,44.51,1.0,3.0,0.0
229,10001.0,713.3318068994449,413.8815137032409,247.38,98.97,1.0,0.0,0.0
229,10002.0,922.9015135369605,481.2106495133458,54.75,20.42,1.0,0.0,0.0
230,1.0,762.57,462.22,136.84,50.12,1.0,0.0,0.0
230,2.0,194.88,488.59,34.35,56.72,1.0,3.0,0.0
231,1.0,753.94,459.56,137.27,51.67,1.0,0.0,0.0
231,2.0,162.82,457.52,37.55,80.49,1.0,3.0,0.0
232,1.0,746.45,455.69,66.46,52.17,1.0,0.0,0.0
232,2.0,132.95,459.41,38.05,75.35,1.0,3.0,0.0
232,10001.0,692.7455641905599,409.6457031901207,244.35,99.72,1.0,0.0,0.0
232,10002.0,900.4655055230503,479.64090418403566,53.96,20.87,1.0,0.0,0.0
232,10003.0,1125.0983980943022,491.5463853688677,22.96,9.4,1.0,2.0,0.0
233,1.0,743.25,456.44,137.9,51.61,1.0,0.0,0.0
233,2.0,106.38,496.4,39.21,46.49,1.0,3.0,0.0
234,1.0,744.89,455.89,137.04,51.41,1.0,0.0,0.0
234,2.0,88.93,493.49,36.96,50.34,1.0,3.0,0.0
235,1.0,751.04,451.67,61.8,51.41,1.0,0.0,0.0
235,2.0,73.35,409.79,40.06,129.9,1.0,3.0,0.0
235,10001.0,694.0842548463754,405.6893405687732,243.84,97.96,1.0,0.0,0.0
235,10002.0,902.1946227298812,472.64781943128844,54.74,20.58,1.0,0.0,0.0
235,10003.0,1141.9753250862225,482.4478658622428,20.51,8.92,1.0,2.0,0.0
236,1.0,758.86,444.18,136.22,50.83,1.0,0.0,0.0
236,2.0,60.12,431.84,43.89,101.44,1.0,3.0,0.0
237,1.0,769.05,442.63,43.63,52.85,1.0,0.0,0.0
237,2.0,49.41,480.26,44.56,54.54,1.0,3.0,0.0
237,10001.0,706.6444574295386,395.0267207238411,244.72,99.11,1.0,0.0,0.0
237,10002.0,920.613636918712,461.48678726624837,54.3,21.06,1.0,0.0,0.0
237,10003.0,1164.2311510413685,476.1726710489214,5.96,8.72,1.0,3.0,0.0
238,1.0,777.52,442.47,35.54,53.27,1.0,5.0,0.0
238,2.0,39.52,460.44,44.29,82.2,1.0,3.0,0.0
238,10001.0,716.6336144948817,396.76900855136046,245.04,98.32,1.0,0.0,0.0
238,10002.0,928.5828373667259,462.15596250642324,53.76,20.77,1.0,0.0,0.0
239,1.0,790.05,445.48,133.12,51.43,1.0,0.0,0.0
239,2.0,28.98,428.43,45.63,118.0,1.0,3.0,0.0
240,2.0,16.78,405.37,47.78,138.16,1.0,3.0,0.0
240,10001.0,738.6116484619021,395.6522700351418,245.66,98.87,1.0,0.0,0.0
240,10002.0,948.3357478457094,461.44984755069316,54.6,20.44,1.0,0.0,0.0
241,1.0,808.39,443.21,133.33,50.51,1.0,0.0,0.0
241,2.0,0.77,407.86,49.11,141.7,1.0,3.0,0.0
241,19.0,1189.54,479.73,5.28,8.39,1.0,3.0,0.0
242,1.0,813.75,445.63,132.15,51.18,1.0,0.0,0.0
242,2.0,0.0,444.6,30.21,120.19,1.0,3.0,0.0
242,13.0,478.29,475.62,120.72,20.38,1.0,0.0,0.0
242,25.0,191.76,480.66,151.05,21.45,1.0,0.0,0.0
243,13.0,480.47,478.91,124.92,20.05,1.0,0.0,0.0
243,19.0,1198.27,479.27,5.88,10.19,1.0,3.0,0.0
243,10001.0,760.3847215632446,403.6306745821927,246.95,99.89,1.0,0.0,0.0
243,10002.0,965.8231781410533,467.662831670345,53.55,21.22,1.0,0.0,0.0
244,1.0,811.94,456.83,132.63,51.8,1.0,0.0,0.0
244,24.0,942.84,484.32,49.71,15.36,1.0,0.0,0.0
245,13.0,443.0,485.19,115.48,20.26,1.0,0.0,0.0
245,10001.0,741.2825570859213,416.58424568587424,245.68,98.79,1.0,0.0,0.0
245,10002.0,937.9826490361542,483.55854869849423,53.99,21.18,1.0,0.0,0.0
245,10014.0,1161.051985767844,494.63113288998846,6.3,9.03,1.0,3.0,0.0
246,13.0,427.34,488.14,109.78,19.53,1.0,0.0,0.0
246,25.0,122.46,484.77,161.27,22.17,1.0,0.0,0.0
246,10001.0,727.1006777537208,419.96545348074443,242.07,99.71,1.0,0.0,0.0
246,10002.0,917.9956235137347,489.3735312207174,53.63,21.03,1.0,0.0,0.0
246,10014.0,1141.5703921687398,497.4029382024085,20.61,9.19,1.0,2.0,0.0
247,1.0,762.45,466.96,50.17,52.33,1.0,0.0,0.0
247,13.0,406.1,488.22,113.63,20.12,1.0,0.0,0.0
247,10001.0,715.2133826815389,421.98939220557816,241.16,99.4,1.0,0.0,0.0
247,10002.0,902.6886977195774,491.52735601940515,54.01,20.78,1.0,0.0,0.0
247,10014.0,1127.8706985276153,499.2424488866975,20.65,9.44,1.0,2.0,0.0
248,1.0,747.76,462.36,65.06,52.45,1.0,0.0,0.0
248,10001.0,700.4949014119742,418.79107150422976,241.24,98.72,1.0,0.0,0.0
248,10002.0,888.497176256664,486.9145495851073,53.9,20.82,1.0,0.0,0.0
248,10014.0,1121.6717403276837,495.73071235353217,19.25,9.09,1.0,2.0,0.0
249,1.0,736.49,459.54,135.65,51.92,1.0,0.0,0.0
250,1.0,724.82,461.17,87.7,53.06,1.0,0.0,0.0
250,13.0,338.6,482.32,129.59,19.68,1.0,0.0,0.0
250,10001.0,679.3164928945276,417.55561729457435,237.9,99.18,1.0,0.0,0.0
250,10002.0,865.0220566466834,485.81293587239304,54.29,21.26,1.0,0.0,0.0
250,10003.0,1095.9272780945798,498.4803018800828,6.98,9.3,1.0,3.0,0.0
250,10014.0,1100.5905211586878,495.30713336507864,20.16,9.22,1.0,2.0,0.0
251,1.0,711.54,455.45,100.78,52.95,1.0,0.0,0.0
251,10001.0,666.1601378090979,414.24116461403264,235.45,99.52,1.0,0.0,0.0
251,10002.0,850.256223941244,483.34744466711305,54.02,21.26,1.0,0.0,0.0
251,10014.0,1091.0541797960036,493.9126432036597,19.59,9.36,1.0,2.0,0.0
252,1.0,703.43,448.69,109.18,52.61,1.0,0.0,0.0
252,10001.0,652.0973430293686,407.38319728868663,234.37,98.62,1.0,0.0,0.0
252,10002.0,838.3942232084305,475.31856762012166,53.87,21.39,1.0,0.0,0.0
252,10014.0,1089.3255762270223,486.3516390577117,20.67,9.64,1.0,2.0,0.0
253,1.0,699.04,444.54,113.62,52.91,1.0,0.0,0.0
253,10001.0,639.5782982141575,400.7973420929292,232.81,99.01,1.0,0.0,0.0
253,10002.0,825.3228912125696,467.66819197831455,54.79,21.66,1.0,0.0,0.0
253,10014.0,1087.952809383928,479.09269729540335,20.74,9.44,1.0,2.0,0.0
254,1.0,695.81,445.07,116.83,53.17,1.0,0.0,0.0
254,10001.0,638.4097883164931,400.5245034858081,231.93,98.64,1.0,0.0,0.0
254,10002.0,822.9967835670476,467.37806013222655,53.69,20.88,1.0,0.0,0.0
254,10003.0,1082.9451545987022,482.045526361395,6.35,8.39,1.0,3.0,0.0
254,10014.0,1089.1312393594385,477.8078981420379,19.84,9.24,1.0,2.0,0.0
255,1.0,700.58,441.81,111.45,52.29,1.0,0.0,0.0
255,10001.0,640.8238418584167,392.3098226925129,232.42,98.73,1.0,0.0,0.0
255,10002.0,828.2445934521413,457.49106532989026,54.31,21.76,1.0,0.0,0.0
255,10003.0,1097.761322094977,473.42045758056315,6.44,8.16,1.0,3.0,0.0
255,10014.0,1103.6151894198335,468.5344695298316,21.7,9.48,1.0,2.0,0.0
256,1.0,713.14,435.98,99.62,52.82,1.0,0.0,0.0
256,13.0,296.0,457.55,151.52,21.31,1.0,0.0,0.0
256,10001.0,649.8398734735198,388.1478318739136,233.69,98.54,1.0,0.0,0.0
256,10002.0,840.8862132375109,452.1362237883474,53.55,21.43,1.0,0.0,0.0
256,10014.0,1122.585336817388,462.5811680138442,19.16,9.13,1.0,2.0,0.0
257,1.0,734.66,438.75,134.56,51.53,1.0,0.0,0.0
257,24.0,864.66,465.22,43.56,17.68,1.0,0.0,0.0
258,1.0,749.42,444.76,63.47,51.39,1.0,0.0,0.0
258,10001.0,688.9046013245397,395.8947344577319,235.65,100.3,1.0,0.0,0.0
258,10002.0,876.0324830919886,461.69219991693024,55.16,20.92,1.0,0.0,0.0
258,10014.0,1147.6638509280244,468.2881850283861,19.87,8.9,1.0,2.0,0.0
259,1.0,758.92,451.06,134.1,51.48,1.0,0.0,0.0
259,13.0,378.01,475.26,115.92,22.06,1.0,0.0,0.0
260,1.0,764.39,451.65,132.47,51.13,1.0,0.0,0.0
260,13.0,379.76,473.46,120.1,21.53,1.0,0.0,0.0
261,1.0,771.24,451.57,133.5,51.18,1.0,0.0,0.0
261,13.0,372.75,472.68,130.35,20.55,1.0,0.0,0.0
261,25.0,48.15,470.1,187.96,22.68,1.0,0.0,0.0
262,10001.0,725.665803915336,408.6877231337247,239.12,100.36,1.0,0.0,0.0
262,10002.0,906.7555101344708,476.15658050277386,53.86,22.0,1.0,0.0,0.0
262,10014.0,1156.4596683058596,485.01876053692496,18.95,8.95,1.0,2.0,0.0
263,25.0,54.16,492.07,192.35,23.99,1.0,0.0,0.0
263,10001.0,731.9068782072711,417.8896400786924,239.54,99.6,1.0,0.0,0.0
263,10002.0,907.9414523453008,485.1647828806289,54.17,21.13,1.0,0.0,0.0
263,10014.0,1152.775687956398,489.8679468012827,18.7,9.68,1.0,2.0,0.0
264,1.0,784.88,469.42,132.53,51.74,1.0,0.0,0.0
264,13.0,399.75,495.73,116.88,20.52,1.0,0.0,0.0
264,19.0,1156.69,506.63,5.16,8.23,1.0,3.0,0.0
265,1.0,787.23,467.43,131.97,51.87,1.0,0.0,0.0
266,19.0,1209.76,512.18,5.12,7.58,1.0,3.0,0.0
266,10001.0,737.9202887153582,419.4907176362126,238.1,100.49,1.0,0.0,0.0
266,10002.0,909.7786650853699,490.3072429704773,53.48,21.3,1.0,0.0,0.0
266,10014.0,1135.1225914648528,504.0379220328584,6.29,8.79,1.0,3.0,0.0
267,19.0,1207.79,512.29,6.62,9.16,1.0,3.0,0.0
267,25.0,27.1,488.79,213.07,21.93,1.0,0.0,0.0
267,10001.0,738.4527677332919,421.7342971931094,236.72,100.82,1.0,0.0,0.0
267,10002.0,906.1930387837698,492.04423780304853,56.19,21.88,1.0,0.0,0.0
268,1.0,783.3,469.32,132.86,51.71,1.0,0.0,0.0
268,25.0,48.61,486.74,185.24,23.16,1.0,0.0,0.0
269,19.0,1205.15,507.37,6.78,9.05,1.0,3.0,0.0
269,25.0,59.93,473.57,168.27,23.49,1.0,0.0,0.0
269,10001.0,738.6730394131067,414.0796232135572,237.42,99.19,1.0,0.0,0.0
269,10002.0,909.5784960405443,482.9096225556663,52.62,21.52,1.0,0.0,0.0
269,10003.0,1142.8235689692103,497.1755933176945,6.43,9.45,1.0,3.0,0.0
269,10014.0,1151.9392710502,494.059159802973,18.21,9.31,1.0,2.0,0.0
270,1.0,793.95,457.34,131.84,52.11,1.0,0.0,0.0
270,24.0,920.06,483.63,60.33,18.58,1.0,0.0,0.0
271,10001.0,757.811582130724,402.8889499882411,236.64,99.92,1.0,0.0,0.0
271,10002.0,933.9862387737752,468.9751943158336,51.9,21.29,1.0,0.0,0.0
272,1.0,819.98,450.93,127.79,51.22,1.0,0.0,0.0
273,1.0,821.84,453.18,130.01,51.72,1.0,0.0,0.0
274,10001.0,763.7073330034063,413.4098111432122,236.98,99.15,1.0,0.0,0.0
274,10002.0,935.1286879655645,478.4701039573235,51.79,22.13,1.0,0.0,0.0
275,10001.0,752.0102723584882,416.3362388833661,234.88,99.92,1.0,0.0,0.0
275,10002.0,919.2856865836088,484.94014760610133,48.42,21.43,1.0,0.0,0.0
275,10003.0,1161.3058168760472,493.1699402316922,16.65,9.24,1.0,2.0,0.0
275,10014.0,1150.68454031286,496.1530783393528,7.04,9.95,1.0,3.0,0.0
276,25.0,214.71,485.89,88.02,17.93,1.0,0.0,0.0
276,10001.0,733.2250588889215,420.66673276530776,234.19,101.24,1.0,0.0,0.0
276,10002.0,898.0557777947735,492.18420869085423,45.76,21.1,1.0,0.0,0.0
276,10014.0,1121.8282179747068,504.9009759659825,6.9,10.02,1.0,3.0,0.0
277,1.0,760.21,471.68,133.02,51.48,1.0,0.0,0.0
277,13.0,317.05,488.67,156.6,21.03,1.0,0.0,0.0
277,25.0,179.96,488.34,99.2,18.53,1.0,0.0,0.0
278,1.0,743.6,466.46,132.28,52.9,1.0,0.0,0.0
279,1.0,733.8,462.77,78.84,53.22,1.0,0.0,0.0
279,10001.0,686.9356140331913,418.18883279644297,229.41,98.65,1.0,0.0,0.0
279,10002.0,850.1039693175886,485.58451550243234,43.15,21.49,1.0,0.0,0.0
279,10003.0,1089.6691514297945,495.8641726719718,6.98,10.37,1.0,3.0,0.0
279,10014.0,1100.3917205951318,493.6578916031087,14.74,8.92,1.0,2.0,0.0
280,1.0,726.6,451.25,131.71,52.84,1.0,0.0,0.0
281,1.0,722.07,440.61,90.25,53.14,1.0,0.0,0.0
281,10001.0,661.5987267186396,393.19663592226834,227.53,99.75,1.0,0.0,0.0
281,10002.0,833.6680340607991,459.3303264139208,38.84,21.11,1.0,0.0,0.0
281,10003.0,1101.2618313107353,473.3630638481465,6.71,9.53,1.0,3.0,0.0
281,10014.0,1113.1402629869158,469.3598291091063,16.98,9.21,1.0,2.0,0.0
282,1.0,720.81,438.83,91.78,53.71,1.0,0.0,0.0
282,10001.0,660.2922063503371,391.48630449645856,227.3,99.67,1.0,0.0,0.0
282,10002.0,832.1461310915328,457.7014698643973,39.07,20.57,1.0,0.0,0.0
282,10003.0,1102.1472382031186,470.91672000308176,7.54,10.05,1.0,3.0,0.0
282,10014.0,1114.3473231567782,467.36445310487454,16.34,9.23,1.0,2.0,0.0
283,1.0,719.51,442.02,93.0,53.01,1.0,0.0,0.0
283,10001.0,662.1990001353273,395.4924152857553,227.8,100.1,1.0,0.0,0.0
283,10002.0,832.68180851514,461.14218966537067,37.11,20.97,1.0,0.0,0.0
283,10014.0,1113.4445414970862,468.1741707993945,15.37,8.96,1.0,2.0,0.0
284,1.0,715.75,442.79,96.71,53.17,1.0,0.0,0.0
284,10001.0,659.5944633135429,397.0768281184637,226.3,100.02,1.0,0.0,0.0
284,10002.0,829.8375781418054,462.785332584961,34.92,20.82,1.0,0.0,0.0
284,10003.0,1094.487166123885,472.20505205565416,7.54,11.0,1.0,3.0,0.0
284,10014.0,1109.1193856775135,469.2901443702502,14.96,8.96,1.0,2.0,0.0
285,1.0,710.01,441.45,102.78,53.38,1.0,0.0,0.0
285,10001.0,651.8191645016017,394.7383281445266,225.22,99.57,1.0,0.0,0.0
285,10002.0,822.4366489842647,460.42451053279734,34.23,20.75,1.0,0.0,0.0
285,10003.0,1087.8302203624983,472.3055590491609,7.5,11.49,1.0,3.0,0.0
285,10014.0,1103.4241093992935,469.59975147952133,14.69,9.07,1.0,2.0,0.0
286,1.0,710.92,443.57,132.51,53.21,1.0,0.0,0.0
286,24.0,1071.39,488.31,5.71,10.21,1.0,3.0,0.0
286,25.0,57.7,458.75,117.54,19.47,1.0,0.0,0.0
286,28.0,0.4,453.61,63.04,24.43,1.0,0.0,0.0
287,1.0,715.56,443.99,96.95,54.43,1.0,0.0,0.0
287,25.0,64.13,460.02,113.32,19.24,1.0,0.0,0.0
287,28.0,0.28,455.8,68.14,23.74,1.0,0.0,0.0
287,10001.0,661.7027990715377,398.2366123359042,225.41,100.5,1.0,0.0,0.0
287,10002.0,831.4269241038462,467.52793126724134,31.78,20.17,1.0,0.0,0.0
287,10014.0,1099.8288032320877,477.725126408271,15.71,8.97,1.0,2.0,0.0
288,1.0,721.08,445.48,91.38,53.61,1.0,0.0,0.0
288,10001.0,668.5743322129974,402.79031371516055,226.78,99.55,1.0,0.0,0.0
288,10002.0,837.8227576588524,469.8712270177803,31.83,20.43,1.0,0.0,0.0
288,10003.0,1090.4813061066875,480.09722249369656,7.24,11.07,1.0,3.0,0.0
288,10014.0,1104.9535735545203,477.6558284071808,14.2,9.13,1.0,2.0,0.0
289,1.0,723.5,449.06,89.1,53.46,1.0,0.0,0.0
289,10001.0,672.0496137207986,404.6449132655136,227.57,100.23,1.0,0.0,0.0
289,10002.0,841.1861610471033,473.11428927674206,31.82,19.55,1.0,0.0,0.0
289,10003.0,1091.6419979501054,480.70053243413975,7.25,11.91,1.0,3.0,0.0
289,10014.0,1106.4849448733692,478.79253353961394,13.59,9.21,1.0,2.0,0.0
290,1.0,726.6,450.39,130.23,52.68,1.0,0.0,0.0
290,28.0,0.44,473.25,78.01,22.41,1.0,0.0,0.0
291,1.0,727.42,450.51,85.17,53.33,1.0,0.0,0.0
291,28.0,0.42,465.4,75.95,25.09,1.0,0.0,0.0
291,10001.0,676.4021073230568,405.0812874308051,227.69,100.4,1.0,0.0,0.0
291,10002.0,845.2834600807688,475.34788394161524,30.52,19.85,1.0,0.0,0.0
291,10003.0,1089.0252972433514,486.36113879647843,7.42,11.35,1.0,3.0,0.0
291,10014.0,1103.7344455461862,484.08338790621485,14.13,9.07,1.0,2.0,0.0
292,1.0,726.47,451.09,86.08,53.97,1.0,0.0,0.0
292,25.0,68.89,467.81,123.68,20.79,1.0,0.0,0.0
292,28.0,0.48,465.65,71.73,23.21,1.0,0.0,0.0
292,10001.0,674.8892941398732,406.730438762995,226.32,100.88,1.0,0.0,0.0
292,10002.0,842.7479087285618,477.4945396220839,29.87,19.95,1.0,0.0,0.0
292,10014.0,1097.9258766874598,486.9241360432559,14.41,9.23,1.0,2.0,0.0
293,1.0,720.69,454.77,91.86,53.96,1.0,0.0,0.0
293,25.0,57.08,474.45,129.19,19.62,1.0,0.0,0.0
293,28.0,0.45,471.98,61.02,21.72,1.0,0.0,0.0
293,10001.0,673.4420559965333,411.3763981966647,226.03,100.88,1.0,0.0,0.0
293,10002.0,838.6804014130157,482.9393784865631,28.89,19.39,1.0,0.0,0.0
293,10003.0,1074.4860405370573,492.8719783980635,7.56,11.81,1.0,3.0,0.0
293,10014.0,1088.3633517621624,490.8405241107459,14.36,9.95,1.0,2.0,0.0
294,1.0,718.64,455.58,131.83,52.91,1.0,0.0,0.0
294,25.0,50.54,475.52,127.89,19.74,1.0,0.0,0.0
295,1.0,718.57,451.01,94.02,53.88,1.0,0.0,0.0
295,25.0,49.14,471.87,122.96,20.74,1.0,0.0,0.0
295,10001.0,667.3358463289186,405.5627879866664,225.03,100.58,1.0,0.0,0.0
295,10002.0,835.1820256757289,475.8721156110504,26.17,19.94,1.0,0.0,0.0
296,1.0,716.14,451.16,96.31,54.09,1.0,0.0,0.0
296,10001.0,664.9677886734898,406.9471562826352,224.94,100.85,1.0,0.0,0.0
296,10002.0,831.9266905699636,477.5272115716929,27.82,20.07,1.0,0.0,0.0
296,10003.0,1073.1219380366565,487.4895863209558,7.61,11.97,1.0,3.0,0.0
296,10014.0,1087.9069374168341,485.4542393632287,15.95,9.38,1.0,2.0,0.0
297,1.0,714.77,453.23,132.35,52.98,1.0,0.0,0.0
297,24.0,1071.02,497.0,5.74,8.8,1.0,3.0,0.0
298,1.0,721.08,452.69,91.37,53.87,1.0,0.0,0.0
298,10001.0,671.0380246487152,408.1318054594732,224.67,100.85,1.0,0.0,0.0
298,10002.0,838.1618267632937,479.1024030395581,23.59,19.87,1.0,0.0,0.0
298,10014.0,1090.1204819846673,488.02970565394435,13.27,9.31,1.0,2.0,0.0
299,1.0,730.58,449.4,131.68,52.35,1.0,0.0,0.0
299,24.0,1082.57,493.38,5.38,8.56,1.0,3.0,0.0
300,1.0,741.42,453.42,71.14,52.59,1.0,0.0,0.0
300,13.0,223.34,474.98,176.19,21.25,1.0,0.0,0.0
300,25.0,4.41,474.61,180.02,21.66,1.0,0.0,0.0
300,10001.0,690.468024120717,407.07022348972697,226.14,100.87,1.0,0.0,0.0
300,10002.0,859.7402770677213,477.1344841007485,21.16,20.38,1.0,0.0,0.0
300,10014.0,1111.5289910292631,484.707880785885,13.48,9.52,1.0,2.0,0.0
301,1.0,754.44,458.43,129.97,52.92,1.0,0.0,0.0
301,25.0,0.5,484.56,208.16,22.26,1.0,0.0,0.0
302,13.0,262.3,484.21,152.93,21.9,1.0,0.0,0.0
302,28.0,0.34,485.05,121.44,23.51,1.0,0.0,0.0
302,10001.0,716.5515850770537,413.4142226382839,228.06,101.04,1.0,0.0,0.0
302,10002.0,886.5196131213264,484.0297810714878,18.6,19.46,1.0,0.0,0.0
302,10003.0,1114.451741479169,489.6580782270818,7.37,11.66,1.0,3.0,0.0
302,10014.0,1130.4416361219137,487.6620527902391,13.27,9.26,1.0,2.0,0.0
303,1.0,787.24,458.52,129.59,52.66,1.0,0.0,0.0
303,13.0,282.6,482.41,154.87,20.41,1.0,0.0,0.0
303,28.0,137.79,483.99,107.69,18.22,1.0,0.0,0.0
304,1.0,802.85,461.6,129.21,52.16,1.0,0.0,0.0
304,13.0,290.88,482.7,165.2,20.04,1.0,0.0,0.0
305,1.0,817.44,463.6,129.53,53.42,1.0,0.0,0.0
305,13.0,318.18,485.18,160.25,20.82,1.0,0.0,0.0
305,28.0,178.71,485.85,108.57,18.54,1.0,0.0,0.0
306,1.0,832.19,464.41,127.75,52.83,1.0,0.0,0.0
307,1.0,837.98,467.5,128.18,52.67,1.0,0.0,0.0
307,13.0,336.55,492.25,161.32,22.22,1.0,0.0,0.0
307,25.0,0.44,492.61,213.36,25.94,1.0,0.0,0.0
308,24.0,1186.83,510.78,5.53,9.34,1.0,3.0,0.0
308,10001.0,781.5365318529153,423.19783349222786,231.28,102.2,1.0,0.0,0.0
309,10001.0,774.841337841529,417.2750420246598,231.8,102.91,1.0,0.0,0.0
309,10003.0,1144.9676586819805,504.1557294543161,7.71,11.28,1.0,3.0,0.0
309,10014.0,1158.921146973408,502.3168450761699,13.09,9.61,1.0,2.0,0.0
310,1.0,825.09,462.86,128.04,53.37,1.0,0.0,0.0
310,28.0,171.89,471.6,96.78,19.28,1.0,0.0,0.0
311,1.0,826.02,457.14,126.61,52.98,1.0,0.0,0.0
312,1.0,828.31,449.94,126.74,52.26,1.0,0.0,0.0
313,24.0,1178.83,484.76,4.63,8.59,1.0,3.0,0.0
313,10001.0,781.1451088286591,390.48791764954586,230.34,102.06,1.0,0.0,0.0
314,10001.0,789.3389281479192,389.39549896490814,232.63,102.4,1.0,0.0,0.0
315,1.0,852.09,441.4,127.83,52.99,1.0,0.0,0.0
316,10001.0,810.9187918158734,387.1400088144758,233.29,102.63,1.0,0.0,0.0
317,10001.0,821.7386862167189,390.55464903247935,231.9,102.4,1.0,0.0,0.0
318,1.0,878.94,453.66,127.48,52.43,1.0,0.0,0.0
319,13.0,380.07,474.7,157.82,22.09,1.0,0.0,0.0
319,10001.0,833.2193689254864,403.51082977105284,232.86,103.63,1.0,0.0,0.0
320,25.0,0.49,475.82,83.78,22.18,1.0,0.0,0.0
320,10001.0,830.7916808657696,410.5395014784835,231.92,101.93,1.0,0.0,0.0
321,24.0,1226.41,503.03,6.93,9.98,1.0,3.0,0.0
321,10001.0,824.9403294121477,413.4593019215787,231.42,103.39,1.0,0.0,0.0
322,13.0,339.93,489.78,158.34,20.31,1.0,0.0,0.0
322,10001.0,816.7217257253855,413.22759766958865,230.56,103.79,1.0,0.0,0.0
323,28.0,187.72,484.45,121.76,20.44,1.0,0.0,0.0
323,10001.0,808.1755822266998,413.10035533105116,232.42,102.7,1.0,0.0,0.0
324,1.0,860.1,462.46,125.95,52.71,1.0,0.0,0.0
324,24.0,1203.97,506.81,5.47,8.52,1.0,3.0,0.0
325,1.0,858.65,459.36,125.3,51.9,1.0,0.0,0.0
325,24.0,1200.67,503.89,6.23,9.76,1.0,3.0,0.0
326,13.0,327.38,478.37,153.88,22.06,1.0,0.0,0.0
326,24.0,1199.55,502.4,7.11,10.57,1.0,3.0,0.0
326,28.0,162.6,478.44,110.05,20.52,1.0,0.0,0.0
326,10001.0,804.471405078355,409.6540545829971,231.34,102.5,1.0,0.0,0.0
327,13.0,305.23,483.21,175.81,23.48,1.0,0.0,0.0
327,10001.0,796.4115556437843,410.5129463277936,231.03,103.21,1.0,0.0,0.0
328,13.0,285.36,484.14,183.47,21.69,1.0,0.0,0.0
328,28.0,140.9,486.23,119.88,20.12,1.0,0.0,0.0
328,10001.0,792.0202710668158,406.28606139223,228.92,103.69,1.0,0.0,0.0
329,1.0,842.42,458.49,124.11,52.7,1.0,0.0,0.0
329,13.0,280.51,482.54,146.42,21.16,1.0,0.0,0.0
330,13.0,279.31,480.54,187.43,21.26,1.0,0.0,0.0
330,24.0,1179.5,508.82,5.53,10.06,1.0,3.0,0.0
330,28.0,2.41,474.23,211.77,23.81,1.0,0.0,0.0
330,10001.0,784.6685272295639,414.82152155126937,229.69,104.23,1.0,0.0,0.0
330,10003.0,1149.2359595737373,501.88910691886394,8.54,11.73,1.0,3.0,0.0
331,1.0,830.09,463.76,124.34,53.9,1.0,0.0,0.0
332,1.0,822.24,457.11,123.38,53.81,1.0,0.0,0.0
332,13.0,246.69,469.99,136.85,21.8,1.0,0.0,0.0
333,13.0,245.25,472.23,185.26,21.68,1.0,0.0,0.0
333,10001.0,770.341980141168,404.22565280873187,227.97,103.2,1.0,0.0,0.0
334,1.0,827.14,448.98,123.43,51.38,1.0,0.0,0.0
334,13.0,242.39,473.26,186.33,21.35,1.0,0.0,0.0
334,28.0,0.1,472.42,191.47,23.19,1.0,0.0,0.0
335,13.0,258.42,472.12,135.02,20.41,1.0,0.0,0.0
335,28.0,0.01,471.95,199.77,24.15,1.0,0.0,0.0
335,10001.0,777.71652539351,391.5139827426839,228.36,102.96,1.0,0.0,0.0
336,13.0,256.19,470.96,159.82,21.12,1.0,0.0,0.0
336,28.0,0.0,471.76,202.14,24.28,1.0,0.0,0.0
336,10001.0,779.4853558618386,390.5182421446356,228.67,102.89,1.0,0.0,0.0
337,13.0,241.77,471.21,166.45,20.65,1.0,0.0,0.0
337,24.0,1166.83,483.73,6.71,9.81,1.0,3.0,0.0
337,28.0,0.08,470.74,193.99,23.4,1.0,0.0,0.0
337,10001.0,776.7587701644691,393.3275109527249,228.12,102.71,1.0,0.0,0.0
338,13.0,227.99,468.37,177.04,21.94,1.0,0.0,0.0
338,28.0,15.52,467.44,168.48,22.71,1.0,0.0,0.0
338,10001.0,763.0146303316794,399.47603746681966,227.63,102.9,1.0,0.0,0.0
339,13.0,203.32,471.5,194.9,21.85,1.0,0.0,0.0
339,10001.0,751.5610656517521,401.9274091895183,225.99,103.73,1.0,0.0,0.0
339,10014.0,1151.5441052652416,482.0183121051322,12.9,8.39,1.0,2.0,0.0
340,1.0,796.84,452.77,124.61,52.78,1.0,0.0,0.0
340,13.0,183.37,473.29,203.21,22.12,1.0,0.0,0.0
341,1.0,788.26,455.74,125.48,53.03,1.0,0.0,0.0
341,13.0,167.15,475.0,206.61,21.81,1.0,0.0,0.0
342,1.0,783.3,454.31,124.54,53.03,1.0,0.0,0.0
342,13.0,154.5,473.69,213.9,22.15,1.0,0.0,0.0
342,24.0,1120.62,496.96,6.99,10.08,1.0,3.0,0.0
343,1.0,779.06,453.14,125.75,53.42,1.0,0.0,0.0
343,13.0,148.32,475.5,211.73,21.61,1.0,0.0,0.0
343,24.0,1118.27,495.86,6.64,9.25,1.0,3.0,0.0
344,1.0,777.02,431.8,36.01,77.07,1.0,5.0,0.0
344,25.0,0.17,479.1,79.23,19.7,1.0,0.0,0.0
344,10001.0,726.0520979472245,407.2923928639333,224.42,103.34,1.0,0.0,0.0
344,10003.0,1109.5399511406424,488.4105187036261,8.64,13.18,1.0,3.0,0.0
344,10014.0,1118.056547105771,487.1541836860361,13.75,8.52,1.0,2.0,0.0
345,1.0,768.17,453.42,44.68,58.02,1.0,0.0,0.0
345,13.0,127.3,478.73,205.37,22.28,1.0,0.0,0.0
345,25.0,0.04,478.87,57.01,21.19,1.0,0.0,0.0
345,10001.0,720.694609691378,410.2306502217052,223.25,103.75,1.0,0.0,0.0
345,10003.0,1098.6725166968934,493.1343459569392,8.69,12.72,1.0,3.0,0.0
345,10014.0,1106.3067835877446,491.76998807979413,14.13,8.48,1.0,2.0,0.0
346,1.0,759.84,458.56,52.6,53.77,1.0,0.0,0.0
346,10001.0,713.8675486324405,411.64385483507544,221.96,102.84,1.0,0.0,0.0
346,10003.0,1089.9404382905648,494.5352017853558,8.14,13.16,1.0,3.0,0.0
346,10014.0,1097.1597630579433,493.558607486849,14.15,8.81,1.0,2.0,0.0
347,1.0,752.29,454.63,60.22,54.0,1.0,0.0,0.0
347,10001.0,706.5654690194447,408.6351759944776,220.95,102.98,1.0,0.0,0.0
347,10003.0,1085.6139505168535,493.0009460123409,8.89,12.77,1.0,3.0,0.0
348,1.0,745.65,450.91,126.4,54.36,1.0,0.0,0.0
348,24.0,1083.87,496.61,6.74,9.81,1.0,3.0,0.0
349,1.0,745.18,449.48,125.35,52.4,1.0,0.0,0.0
349,24.0,1082.56,492.47,6.39,10.33,1.0,3.0,0.0
350,1.0,752.5,445.74,60.04,54.37,1.0,0.0,0.0
350,10001.0,696.9619052767989,398.8749356506789,221.06,103.31,1.0,0.0,0.0
350,10003.0,1091.8354841783314,481.416847746439,8.02,12.52,1.0,3.0,0.0
350,10014.0,1099.6699905516723,479.5400623707144,13.16,8.23,1.0,2.0,0.0
351,1.0,764.77,442.39,124.62,53.47,1.0,0.0,0.0
351,13.0,98.27,464.43,219.15,22.01,1.0,0.0,0.0
352,10001.0,715.5869774756993,392.9356396008076,222.15,103.56,1.0,0.0,0.0
352,10003.0,1118.1178187192563,474.00042669069313,8.6,12.55,1.0,3.0,0.0
352,10014.0,1127.3887687293986,471.74238137352665,13.16,7.82,1.0,2.0,0.0
353,1.0,777.41,430.17,35.58,76.2,1.0,5.0,0.0
353,10001.0,728.9366254926477,403.8762790812108,224.51,104.14,1.0,0.0,0.0
353,10014.0,1123.2020302218848,482.26059146354555,14.67,8.44,1.0,2.0,0.0
354,10001.0,731.7368267031472,403.19208417267225,223.85,103.83,1.0,0.0,0.0
354,10003.0,1116.2531913414482,485.77818465934433,8.72,13.08,1.0,3.0,0.0
354,10014.0,1123.5338694736022,483.888400492919,13.45,9.12,1.0,2.0,0.0
355,10001.0,737.1794480689473,408.9914220860078,223.86,104.87,1.0,0.0,0.0
355,10003.0,1108.6568321293503,495.77532276150686,7.84,12.72,1.0,3.0,0.0
355,10014.0,1114.8235414276783,494.75325239786946,13.82,8.36,1.0,2.0,0.0
356,10001.0,740.4937930151565,413.56779903958335,223.29,104.32,1.0,0.0,0.0
356,10014.0,1108.300672537136,501.1405319487398,14.04,8.57,1.0,2.0,0.0
357,10001.0,740.8945143044597,413.0790766974803,222.84,103.96,1.0,0.0,0.0
357,10014.0,1109.6464858812546,500.3931297782409,13.71,8.37,1.0,2.0,0.0
358,1.0,788.94,460.85,124.59,53.71,1.0,0.0,0.0
359,13.0,136.76,474.49,138.08,20.13,1.0,0.0,0.0
359,10001.0,747.6833731892833,410.38127785494055,224.23,104.49,1.0,0.0,0.0
359,10003.0,1115.2370677926506,497.11075062624553,8.11,12.67,1.0,3.0,0.0
359,10014.0,1121.6214469948666,496.3018069136507,12.86,8.41,1.0,2.0,0.0
360,1.0,812.66,453.99,124.71,53.65,1.0,0.0,0.0
360,24.0,1144.27,496.87,7.81,11.81,1.0,3.0,0.0
361,10001.0,778.7397345381013,397.54635241399075,226.44,103.95,1.0,0.0,0.0
361,10014.0,1163.4325391502628,482.276636485797,8.07,11.95,1.0,3.0,0.0
362,1.0,858.1,443.21,122.66,53.56,1.0,0.0,0.0
362,29.0,858.34,443.23,122.72,53.12,1.0,2.0,0.0
363,28.0,4.12,481.82,174.9,25.64,1.0,0.0,0.0
363,10001.0,837.7128239125949,396.95718698277875,228.48,104.7,1.0,0.0,0.0
364,28.0,0.09,491.16,199.8,25.69,1.0,0.0,0.0
364,10001.0,848.66705963728,403.55106250429964,227.96,105.02,1.0,0.0,0.0
365,1.0,906.84,457.26,121.2,53.58,1.0,0.0,0.0
365,13.0,63.35,484.89,152.13,21.49,1.0,0.0,0.0
365,24.0,1238.9,495.25,8.0,13.01,1.0,3.0,0.0
366,1.0,909.75,461.82,120.14,52.55,1.0,0.0,0.0
366,13.0,62.29,480.22,153.63,21.94,1.0,0.0,0.0
366,24.0,1239.54,499.85,7.49,14.59,1.0,3.0,0.0
366,30.0,276.93,479.53,170.48,23.44,1.0,0.0,0.0
367,24.0,1238.68,506.13,7.78,14.81,1.0,3.0,0.0
367,28.0,0.0,478.62,207.74,24.39,1.0,0.0,0.0
367,30.0,259.18,481.59,180.67,22.32,1.0,0.0,0.0
367,10001.0,851.4144047441978,414.67226452356095,228.03,104.68,1.0,0.0,0.0
368,24.0,1235.57,513.04,8.54,12.82,1.0,3.0,0.0
368,30.0,252.31,484.69,196.53,22.5,1.0,0.0,0.0
368,10001.0,848.1685991774065,418.0905674498401,227.67,104.42,1.0,0.0,0.0
369,24.0,1237.18,508.05,6.79,11.53,1.0,3.0,0.0
369,28.0,0.05,480.4,199.52,23.58,1.0,0.0,0.0
369,30.0,251.83,481.98,188.63,23.13,1.0,0.0,0.0
369,10001.0,851.0213905333605,414.45779564073416,226.64,104.36,1.0,0.0,0.0
370,13.0,0.3,474.73,163.74,23.93,1.0,0.0,0.0
370,30.0,257.4,475.22,192.82,24.11,1.0,0.0,0.0
370,10001.0,858.2880011669631,405.6086360479582,227.18,104.52,1.0,0.0,0.0
371,24.0,1247.79,485.2,7.01,11.95,1.0,3.0,0.0
371,28.0,0.0,474.46,187.27,24.67,1.0,0.0,0.0
371,30.0,259.62,473.15,197.3,24.15,1.0,0.0,0.0
371,10001.0,867.2979897765797,396.81655790575417,227.04,104.35,1.0,0.0,0.0
372,13.0,0.0,477.29,164.35,23.84,1.0,0.0,0.0
372,24.0,1250.18,478.95,7.27,11.72,1.0,3.0,0.0
372,30.0,269.53,473.83,188.18,22.99,1.0,0.0,0.0
372,10001.0,874.5013898156491,386.56213409677906,226.57,104.62,1.0,0.0,0.0
373,1.0,918.04,442.05,119.97,53.44,1.0,0.0,0.0
373,24.0,1247.9,477.2,8.02,13.07,1.0,3.0,0.0
373,28.0,0.18,474.49,200.09,24.44,1.0,0.0,0.0
374,24.0,1240.13,484.05,6.06,9.49,1.0,3.0,0.0
374,28.0,0.81,472.5,187.96,24.0,1.0,0.0,0.0
374,30.0,246.8,472.42,182.25,21.61,1.0,0.0,0.0
374,10001.0,860.2340760645307,391.64829577326947,225.66,104.33,1.0,0.0,0.0
375,24.0,1231.99,489.21,6.87,10.58,1.0,3.0,0.0
375,28.0,0.25,468.6,175.0,24.49,1.0,0.0,0.0
375,10001.0,852.9771765101857,395.5255527182906,224.58,104.55,1.0,0.0,0.0
376,28.0,0.49,467.8,158.75,24.34,1.0,0.0,0.0
376,30.0,218.68,471.07,191.62,21.6,1.0,0.0,0.0
376,10001.0,843.2613016365057,399.17497492038325,224.82,105.06,1.0,0.0,0.0
377,24.0,1213.64,497.31,6.99,10.59,1.0,3.0,0.0
377,28.0,0.08,469.4,136.08,22.34,1.0,0.0,0.0
377,29.0,885.25,453.66,121.02,53.52,1.0,0.0,0.0
377,30.0,190.38,471.88,206.81,21.44,1.0,0.0,0.0
378,24.0,1201.7,499.7,9.22,10.96,1.0,3.0,0.0
378,30.0,171.87,477.84,222.8,22.87,1.0,0.0,0.0
378,10001.0,826.1390992953274,405.30111905479475,223.04,105.2,1.0,0.0,0.0
379,24.0,1191.2,496.64,7.47,10.75,1.0,3.0,0.0
379,28.0,0.23,479.1,94.69,23.07,1.0,0.0,0.0
379,30.0,157.36,478.91,221.3,23.25,1.0,0.0,0.0
379,10001.0,812.1508016010168,400.61145547683554,221.82,105.01,1.0,0.0,0.0
380,28.0,0.36,469.45,90.48,22.07,1.0,0.0,0.0
380,29.0,859.61,450.84,120.55,53.05,1.0,0.0,0.0
380,30.0,145.66,469.09,225.24,23.42,1.0,0.0,0.0
381,24.0,1180.54,495.63,6.82,8.61,1.0,3.0,0.0
381,29.0,854.23,450.6,120.41,53.44,1.0,0.0,0.0
382,29.0,847.58,453.15,120.32,53.31,1.0,0.0,0.0
383,24.0,1167.3,494.13,8.23,10.46,1.0,3.0,0.0
383,30.0,106.89,477.22,182.71,23.07,1.0,0.0,0.0
383,10001.0,793.8330436444868,402.09869973324766,219.02,104.95,1.0,0.0,0.0
383,10014.0,1162.8795280111324,482.992491812511,12.98,8.1,1.0,2.0,0.0
384,30.0,93.81,480.48,187.26,22.23,1.0,0.0,0.0
384,10001.0,790.9935424485215,406.1993896561991,218.58,105.3,1.0,0.0,0.0
384,10002.0,1152.0308947945362,489.5461304450631,9.28,13.18,1.0,3.0,0.0
385,24.0,1156.13,501.41,7.39,12.18,1.0,3.0,0.0
385,29.0,834.73,458.75,118.85,53.57,1.0,0.0,0.0
385,30.0,72.76,476.81,193.13,21.62,1.0,0.0,0.0
386,10001.0,784.0227798949132,407.567882202409,216.31,104.89,1.0,0.0,0.0
386,10014.0,1138.1084444831106,493.4558938325573,12.56,7.88,1.0,2.0,0.0
387,10001.0,783.7026032269987,406.48639081586003,216.78,104.96,1.0,0.0,0.0
387,10014.0,1139.1754311163545,491.97173548428503,12.79,8.0,1.0,2.0,0.0
388,10001.0,786.5253265400725,406.11521474011556,217.09,105.28,1.0,0.0,0.0
388,10002.0,1144.596399976539,490.63993938805726,8.9,13.74,1.0,3.0,0.0
389,30.0,77.49,476.0,215.07,23.68,1.0,0.0,0.0
389,10001.0,792.2821615531143,404.69204961947844,216.77,105.5,1.0,0.0,0.0
389,10002.0,1152.4900645005334,488.3569432070932,8.89,13.47,1.0,3.0,0.0
389,10014.0,1151.2169488414236,487.1623385856655,13.09,8.15,1.0,2.0,0.0
390,24.0,1166.24,497.12,7.24,11.33,1.0,3.0,0.0
390,29.0,846.02,454.93,117.67,53.62,1.0,0.0,0.0
391,24.0,1166.45,496.08,8.07,12.23,1.0,3.0,0.0
391,10001.0,798.962237047487,404.76704305934294,215.66,105.26,1.0,0.0,0.0
392,24.0,1165.68,501.13,6.93,12.21,1.0,3.0,0.0
392,29.0,845.24,459.09,118.06,54.12,1.0,0.0,0.0
393,29.0,841.7,460.44,117.8,53.35,1.0,0.0,0.0
394,10001.0,792.3457298006938,402.59113951992686,215.78,106.05,1.0,0.0,0.0
394,10002.0,1148.4853774318844,489.4659692473573,9.35,14.01,1.0,3.0,0.0
395,10001.0,792.4615637152722,399.8385078019709,215.18,104.99,1.0,0.0,0.0
395,10002.0,1153.031795788274,485.2413570872118,9.77,14.23,1.0,3.0,0.0
395,10014.0,1150.9145521011371,484.5296898387602,12.59,8.04,1.0,2.0,0.0
396,10001.0,792.3387342346538,399.0338817139305,215.82,105.05,1.0,0.0,0.0
396,10014.0,1154.581333629149,481.1697317652806,13.62,7.7,1.0,2.0,0.0
397,24.0,1161.08,484.0,7.53,13.89,1.0,3.0,0.0
397,29.0,844.84,445.54,115.06,52.92,1.0,0.0,0.0
398,24.0,1166.35,481.55,6.78,11.31,1.0,3.0,0.0
398,10001.0,799.4599469973637,386.139655541616,213.86,105.35,1.0,0.0,0.0
399,24.0,1169.28,480.54,7.49,10.82,1.0,3.0,0.0
399,10001.0,807.8145063718647,386.4301417819146,214.92,105.13,1.0,0.0,0.0
400,29.0,856.26,442.82,117.32,53.53,1.0,0.0,0.0
401,24.0,1181.11,483.83,6.81,11.5,1.0,3.0,0.0
401,10001.0,818.0115120498225,392.1596457009542,214.5,104.98,1.0,0.0,0.0
402,24.0,1183.75,486.17,7.28,11.8,1.0,3.0,0.0
402,29.0,865.59,445.3,115.76,53.36,1.0,0.0,0.0
403,24.0,1178.14,494.17,6.17,11.25,1.0,3.0,0.0
403,29.0,860.85,451.79,115.12,53.7,1.0,0.0,0.0
404,29.0,854.89,453.95,116.49,53.18,1.0,0.0,0.0
405,10001.0,804.7167915121368,401.17652004680707,213.16,105.86,1.0,0.0,0.0
405,10002.0,1156.653920419952,487.78582946877447,10.01,15.2,1.0,3.0,0.0
406,24.0,1167.47,491.81,8.73,13.31,1.0,3.0,0.0
406,10001.0,804.456406144653,398.6917623949296,212.9,105.41,1.0,0.0,0.0
406,10002.0,1160.7269065626274,484.0838645426936,10.09,15.29,1.0,3.0,0.0
406,10014.0,1154.0288205974418,484.1517226037122,13.55,8.38,1.0,2.0,0.0
407,29.0,853.95,444.14,117.02,53.4,1.0,0.0,0.0
408,29.0,857.12,443.0,117.11,53.13,1.0,0.0,0.0
409,24.0,1177.79,485.31,7.47,11.29,1.0,3.0,0.0
409,10001.0,817.4337126073552,389.962361511454,211.82,104.96,1.0,0.0,0.0
410,10001.0,822.3427274228443,380.7597767179361,210.95,105.03,1.0,0.0,0.0
411,29.0,869.33,435.29,114.39,53.23,1.0,0.0,0.0
412,24.0,1189.34,484.99,6.94,11.19,1.0,3.0,0.0
412,10001.0,828.1331099596849,391.36381606533905,210.66,105.52,1.0,0.0,0.0
413,24.0,1187.33,490.6,7.43,12.04,1.0,3.0,0.0
413,29.0,871.98,449.26,114.69,52.37,1.0,0.0,0.0
414,24.0,1182.02,490.01,7.67,11.59,1.0,3.0,0.0
414,10001.0,820.1061918404329,393.70403673761666,210.03,106.1,1.0,0.0,0.0
415,29.0,857.4,454.48,113.71,53.47,1.0,0.0,0.0
416,24.0,1166.44,501.96,7.58,12.86,1.0,3.0,0.0
416,10001.0,802.536548352201,407.29545676450454,208.73,105.3,1.0,0.0,0.0
416,10002.0,1144.215721057772,492.12407609165973,10.65,16.49,1.0,3.0,0.0
416,10014.0,1133.2356033351841,493.53311602016186,12.16,8.53,1.0,2.0,0.0
417,25.0,0.14,466.68,49.24,24.55,1.0,0.0,0.0
417,10001.0,799.0447848470624,404.5634295136108,207.95,105.84,1.0,0.0,0.0
417,10002.0,1144.068735727718,489.7363648239422,10.1,16.56,1.0,3.0,0.0
417,10014.0,1131.5291983522366,491.33416795455287,14.06,8.21,1.0,2.0,0.0
418,10001.0,796.0782773551095,400.5721759238127,207.81,105.36,1.0,0.0,0.0
418,10002.0,1147.8531375915932,484.8137996087984,10.11,16.41,1.0,3.0,0.0
418,10014.0,1135.615061295677,485.91924478369543,12.83,7.94,1.0,2.0,0.0
418,10016.0,820.2714492105545,475.31659976192867,29.81,20.63,1.0,0.0,0.0
419,24.0,1155.98,494.62,6.69,11.27,1.0,3.0,0.0
419,25.0,0.42,468.96,31.24,24.9,1.0,0.0,0.0
419,29.0,841.06,452.02,113.78,54.14,1.0,0.0,0.0
419,30.0,28.19,470.51,192.66,23.21,1.0,0.0,0.0
420,10001.0,795.9409393942049,401.5691839686656,207.28,105.15,1.0,0.0,0.0
420,10002.0,1148.0067806305274,483.8863834946896,10.74,16.9,1.0,3.0,0.0
420,10014.0,1134.3973767054724,484.73764652197735,13.86,8.53,1.0,2.0,0.0
420,10016.0,818.2167852775952,476.9881376286361,35.87,20.46,1.0,0.0,0.0
421,10001.0,799.5471360461944,392.61949789439103,207.31,105.13,1.0,0.0,0.0
421,10002.0,1161.925438679046,475.2987836668064,10.59,16.73,1.0,3.0,0.0
421,10014.0,1147.6219590880298,475.41986055825214,14.36,8.45,1.0,2.0,0.0
422,24.0,1165.7,486.92,6.36,12.06,1.0,3.0,0.0
422,30.0,89.29,459.65,155.05,24.07,1.0,0.0,0.0
422,10001.0,806.4089590913771,389.8971974471634,206.09,105.66,1.0,0.0,0.0
422,10016.0,823.9710089579398,462.7458045467611,35.01,21.67,1.0,0.0,0.0
423,24.0,1168.19,487.93,8.39,12.25,1.0,3.0,0.0
423,10001.0,814.0116613640744,392.0136032932666,205.44,105.08,1.0,0.0,0.0
423,10016.0,833.948061426392,463.9364292951706,33.19,22.44,1.0,0.0,0.0
424,10001.0,814.6112430970169,394.2276507391326,206.0,105.37,1.0,0.0,0.0
424,10016.0,833.1665992134192,466.85207718781186,37.17,23.16,1.0,0.0,0.0
425,24.0,1169.51,489.27,7.47,12.51,1.0,3.0,0.0
425,29.0,859.29,449.71,109.82,53.58,1.0,0.0,0.0
426,24.0,1165.9,493.35,6.54,12.01,1.0,3.0,0.0
426,10001.0,805.6493746075597,398.2789348911799,204.55,105.59,1.0,0.0,0.0
426,10002.0,1155.0360639642217,481.77205308131016,11.43,17.87,1.0,3.0,0.0
426,10014.0,1140.4468832158393,482.96964712815327,13.71,8.62,1.0,2.0,0.0
426,10016.0,821.7239337526963,471.84936001990616,39.53,21.99,1.0,0.0,0.0
427,24.0,1163.81,492.86,7.61,11.79,1.0,3.0,0.0
427,29.0,852.14,447.46,111.8,52.47,1.0,0.0,0.0
428,24.0,1167.32,487.03,7.06,11.66,1.0,3.0,0.0
428,29.0,856.13,442.64,111.03,52.6,1.0,0.0,0.0
429,30.0,0.0,459.74,215.57,28.14,1.0,0.0,0.0
429,10001.0,815.6026390729878,386.8542447003151,204.84,105.63,1.0,0.0,0.0
429,10016.0,823.5181619030826,457.84274124151284,44.23,23.44,1.0,0.0,0.0
430,10001.0,838.8368509388631,379.4296402210661,205.02,105.42,1.0,0.0,0.0
430,10016.0,845.1006834475859,449.1765538018138,46.59,24.54,1.0,0.0,0.0
431,24.0,1195.23,474.24,8.25,11.81,1.0,3.0,0.0
431,10001.0,846.8941671119986,380.327576815339,206.02,105.62,1.0,0.0,0.0
431,10016.0,855.6681034911356,450.5927191659711,44.3,23.87,1.0,0.0,0.0
432,24.0,1203.59,478.34,7.85,13.54,1.0,3.0,0.0
432,10001.0,849.5996126240553,388.6834092400279,205.76,105.51,1.0,0.0,0.0
432,10016.0,857.1810597027572,459.6471718074257,48.18,24.31,1.0,0.0,0.0
433,24.0,1204.94,489.21,6.85,12.18,1.0,3.0,0.0
433,29.0,893.68,447.93,110.08,53.85,1.0,0.0,0.0
434,24.0,1201.01,492.42,6.8,11.59,1.0,3.0,0.0
434,29.0,888.5,451.38,110.56,53.59,1.0,0.0,0.0
435,24.0,1187.75,499.1,7.93,11.6,1.0,3.0,0.0
435,29.0,879.77,455.58,108.42,53.6,1.0,0.0,0.0
436,24.0,1180.79,502.76,7.27,11.36,1.0,3.0,0.0
436,10001.0,821.1719481144108,408.4974916437233,203.44,105.8,1.0,0.0,0.0
436,10002.0,1155.881637272666,491.14582670588453,11.04,17.34,1.0,3.0,0.0
436,10014.0,1137.2416437093545,492.90866375065684,12.82,8.49,1.0,2.0,0.0
436,10016.0,828.4904610495613,482.22276797851384,50.43,23.78,1.0,0.0,0.0
437,24.0,1175.75,502.6,8.61,11.87,1.0,3.0,0.0
437,10001.0,817.6051262921661,407.11882059695506,202.85,105.41,1.0,0.0,0.0
437,10002.0,1153.3760348644878,489.5634944960009,11.5,18.38,1.0,3.0,0.0
437,10014.0,1135.0015876978036,492.35855081586857,12.58,8.12,1.0,2.0,0.0
437,10016.0,822.4749340642657,480.28278494927457,53.3,24.21,1.0,0.0,0.0
438,10001.0,817.2567656940091,404.26578256160644,202.64,105.57,1.0,0.0,0.0
438,10002.0,1155.945287117602,487.7324708736188,11.2,17.83,1.0,3.0,0.0
438,10016.0,818.8346919382851,476.6787399236693,53.51,24.39,1.0,0.0,0.0
439,24.0,1176.38,492.95,7.08,11.71,1.0,3.0,0.0
439,10001.0,821.1905068974633,398.33010344517777,201.54,105.27,1.0,0.0,0.0
439,10014.0,1145.7211663349187,482.7120135408485,13.09,8.63,1.0,2.0,0.0
439,10016.0,818.0214102815274,469.98161717724304,54.47,24.04,1.0,0.0,0.0
440,24.0,1183.8,487.74,7.68,12.7,1.0,3.0,0.0
440,10001.0,828.9984026817756,392.2803910278634,201.6,105.51,1.0,0.0,0.0
440,10014.0,1160.2006326552091,475.92504110453774,14.16,8.02,1.0,2.0,0.0
440,10016.0,823.6556886846271,463.28240810219313,55.67,24.33,1.0,0.0,0.0
441,10001.0,852.238196693054,388.21650268069715,202.01,105.37,1.0,0.0,0.0
441,10016.0,846.085425663671,458.9989633617248,57.76,24.89,1.0,0.0,0.0
442,24.0,1209.72,482.27,7.82,12.13,1.0,3.0,0.0
442,29.0,900.63,442.54,107.56,53.04,1.0,0.0,0.0
443,24.0,1215.18,481.03,8.0,12.65,1.0,3.0,0.0
443,10001.0,865.4122070929728,389.28900085559104,202.42,105.32,1.0,0.0,0.0
443,10016.0,860.0440900499311,460.2944865286541,58.25,25.89,1.0,0.0,0.0
444,29.0,909.13,448.64,107.21,52.86,1.0,0.0,0.0
445,24.0,1216.13,494.48,7.87,12.04,1.0,3.0,0.0
445,29.0,908.65,453.8,106.97,52.98,1.0,0.0,0.0
446,24.0,1210.12,494.9,8.7,11.44,1.0,3.0,0.0
446,10001.0,856.0811747427181,398.2707016064769,199.89,104.84,1.0,0.0,0.0
446,10016.0,848.0720204304124,469.1706880436097,58.86,25.58,1.0,0.0,0.0
447,24.0,1199.95,496.02,8.97,12.52,1.0,3.0,0.0
447,10001.0,848.1187664671289,400.80655278165204,198.75,105.51,1.0,0.0,0.0
447,10014.0,1161.130647637427,485.26951294427124,13.95,8.49,1.0,2.0,0.0
447,10016.0,840.0236683059084,472.2239951395842,57.68,25.6,1.0,0.0,0.0
448,10001.0,843.3001292132061,400.4093741365723,198.54,105.13,1.0,0.0,0.0
448,10014.0,1157.8432347827538,484.20932864722886,13.12,8.32,1.0,2.0,0.0
448,10016.0,831.8800895275639,471.51152090969936,59.74,25.94,1.0,0.0,0.0
449,24.0,1191.06,487.18,8.68,14.02,1.0,3.0,0.0
449,30.0,23.72,460.69,186.2,23.95,1.0,0.0,0.0
449,10001.0,841.143111460763,391.693890200253,199.1,105.38,1.0,0.0,0.0
449,10016.0,825.7628545977674,462.2193371604774,58.86,25.51,1.0,0.0,0.0
450,24.0,1192.03,485.27,8.06,12.61,1.0,3.0,0.0
450,10001.0,847.8513195865049,384.0114588269049,197.83,104.63,1.0,0.0,0.0
450,10016.0,825.2908790314125,452.6846413389139,59.62,25.41,1.0,0.0,0.0
451,24.0,1198.74,477.66,8.66,13.63,1.0,3.0,0.0
451,10001.0,856.2058074973654,375.64614343713674,197.9,104.23,1.0,0.0,0.0
451,10016.0,832.0177362265007,443.6477751577006,57.63,25.16,1.0,0.0,0.0
452,10001.0,866.4492154007831,371.6305600361345,197.46,105.16,1.0,0.0,0.0
452,10016.0,840.9253607603265,440.49714244801504,57.58,25.25,1.0,0.0,0.0
453,10001.0,877.5813688053338,376.82747417469244,197.8,104.98,1.0,0.0,0.0
453,10016.0,855.527944271984,446.1317603334368,56.24,25.47,1.0,0.0,0.0
454,24.0,1227.57,478.75,8.42,13.45,1.0,3.0,0.0
454,30.0,101.7,460.69,146.34,22.44,1.0,0.0,0.0
454,10001.0,883.5297562573114,381.7767031954771,198.07,104.84,1.0,0.0,0.0
454,10016.0,864.6109126439994,451.5258696654129,55.67,25.2,1.0,0.0,0.0
455,24.0,1229.14,482.93,7.95,13.31,1.0,3.0,0.0
455,29.0,922.23,442.32,105.63,53.21,1.0,0.0,0.0
456,24.0,1224.36,488.75,8.22,13.36,1.0,3.0,0.0
456,10001.0,870.9780491464213,397.3000057909796,196.01,104.95,1.0,0.0,0.0
456,10016.0,850.2394781610732,468.32716422740975,58.9,25.44,1.0,0.0,0.0
457,24.0,1216.85,495.3,7.87,13.34,1.0,3.0,0.0
457,10001.0,864.414283758882,399.9213446371987,194.74,105.48,1.0,0.0,0.0
457,10016.0,843.0960424038166,471.4009976492008,58.37,25.28,1.0,0.0,0.0
458,30.0,23.19,466.23,193.58,23.43,1.0,0.0,0.0
458,10001.0,857.1766790302787,404.1891517448062,194.72,105.54,1.0,0.0,0.0
458,10014.0,1154.5587391662084,491.07563706442596,13.53,7.89,1.0,2.0,0.0
458,10016.0,836.4112532888515,475.26489973343257,58.22,26.05,1.0,0.0,0.0
459,24.0,1205.48,501.95,8.06,12.65,1.0,3.0,0.0
459,10001.0,852.3456898417587,405.7701829155297,194.28,104.68,1.0,0.0,0.0
459,10016.0,831.9807733131869,477.6003290452554,56.57,25.47,1.0,0.0,0.0
460,24.0,1198.95,496.15,8.58,12.8,1.0,3.0,0.0
460,30.0,0.2,477.33,193.7,23.06,1.0,0.0,0.0
460,10001.0,849.6672202158868,401.0194957410547,193.8,104.84,1.0,0.0,0.0
460,10014.0,1155.2558329394878,482.8992858274709,13.4,8.39,1.0,2.0,0.0
460,10016.0,825.8678269590027,473.1551594445657,56.9,25.21,1.0,0.0,0.0
461,29.0,891.18,452.91,104.58,52.89,1.0,0.0,0.0
461,30.0,3.97,474.17,173.4,23.61,1.0,0.0,0.0
462,24.0,1193.34,497.89,8.68,12.99,1.0,3.0,0.0
462,10001.0,844.4513982493506,403.0160894153807,193.91,105.08,1.0,0.0,0.0
462,10016.0,818.6953789277532,473.84236795466677,57.68,25.98,1.0,0.0,0.0
463,10001.0,847.3730815001255,396.0828538090566,193.67,104.64,1.0,0.0,0.0
463,10014.0,1153.0615593233072,480.57614318751797,13.79,8.38,1.0,2.0,0.0
463,10016.0,816.3133046731418,465.54771462317467,58.1,25.72,1.0,0.0,0.0
464,24.0,1198.85,486.14,7.95,12.84,1.0,3.0,0.0
464,29.0,893.61,443.54,103.52,52.52,1.0,0.0,0.0
465,24.0,1201.9,486.7,8.27,12.2,1.0,3.0,0.0
465,10001.0,854.8982756763592,391.4587522537411,193.32,104.51,1.0,0.0,0.0
465,10016.0,820.6968364280294,462.020246111866,58.55,25.35,1.0,0.0,0.0
466,24.0,1207.82,490.33,7.84,13.33,1.0,3.0,0.0
466,29.0,901.98,451.04,103.73,52.49,1.0,0.0,0.0
467,24.0,1209.92,491.42,9.03,13.18,1.0,3.0,0.0
467,10001.0,865.8353031736231,394.9532299299382,192.41,104.37,1.0,0.0,0.0
467,10016.0,830.0263532012387,464.90885066752753,59.04,25.12,1.0,0.0,0.0
468,24.0,1211.77,491.44,8.35,13.11,1.0,3.0,0.0
468,29.0,907.79,448.93,102.82,52.23,1.0,0.0,0.0
469,24.0,1211.22,493.11,8.71,12.85,1.0,3.0,0.0
469,10001.0,860.4264237951735,399.40051034470576,191.06,103.93,1.0,0.0,0.0
469,10016.0,824.3230432838993,470.82041764307587,59.18,25.17,1.0,0.0,0.0
470,10001.0,856.4302125513176,395.66128397568775,191.3,104.68,1.0,0.0,0.0
470,10014.0,1158.306081266045,478.83439720530686,14.37,8.33,1.0,2.0,0.0
470,10016.0,818.0432735401029,466.25571274844185,58.23,25.67,1.0,0.0,0.0
471,24.0,1202.96,492.27,8.61,12.36,1.0,3.0,0.0
471,10001.0,854.144689514827,395.28256040933934,191.08,104.27,1.0,0.0,0.0
471,10014.0,1153.5494002523535,480.4373679846484,12.4,8.12,1.0,2.0,0.0
471,10016.0,812.8732690787667,464.3147241058187,58.97,25.57,1.0,0.0,0.0
472,24.0,1199.68,494.21,8.36,12.29,1.0,3.0,0.0
472,10001.0,854.144689514827,395.28256040933934,191.08,104.27,1.0,0.0,0.0
472,10014.0,1153.5494002523535,480.4373679846484,12.4,8.12,1.0,2.0,0.0
472,10016.0,812.8732690787667,464.3147241058187,58.97,25.57,1.0,0.0,0.0
473,10001.0,850.6552708014258,396.65175482086045,190.05,104.43,1.0,0.0,0.0
473,10016.0,807.7251549911902,465.97981427962327,58.91,25.36,1.0,0.0,0.0
474,24.0,1192.05,487.23,8.82,14.13,1.0,3.0,0.0
474,10001.0,845.481151279155,389.6673037408246,188.59,104.19,1.0,0.0,0.0
474,10014.0,1152.6363801699622,471.4165728092725,13.92,7.63,1.0,2.0,0.0
474,10016.0,795.6300518703727,458.9663245615805,59.06,26.06,1.0,0.0,0.0
475,24.0,1188.02,482.24,8.85,14.09,1.0,3.0,0.0
475,29.0,883.82,441.99,101.41,52.92,1.0,0.0,0.0
475,30.0,0.51,463.0,132.0,25.59,1.0,0.0,0.0
476,24.0,1180.53,482.2,7.14,12.8,1.0,3.0,0.0
476,29.0,872.89,442.1,101.01,52.48,1.0,0.0,0.0
476,30.0,0.54,464.73,102.98,26.01,1.0,0.0,0.0
477,30.0,0.26,467.49,73.35,25.83,1.0,0.0,0.0
477,10001.0,813.7133643340042,392.1809793219709,187.07,104.08,1.0,0.0,0.0
477,10002.0,1164.3156103306535,471.56088260758645,12.15,19.34,1.0,3.0,0.0
477,10014.0,1119.8459981605229,472.68959374670237,12.72,7.93,1.0,2.0,0.0
477,10016.0,760.4913528244714,463.2602353461169,56.77,25.19,1.0,0.0,0.0
478,25.0,16.35,481.92,5.13,8.39,1.0,3.0,0.0
478,10001.0,792.1046262536933,393.42183757872635,184.93,103.85,1.0,0.0,0.0
478,10002.0,1141.7437858824885,473.88362661552117,12.92,19.2,1.0,3.0,0.0
479,25.0,0.4,461.57,34.07,16.67,1.0,0.0,0.0
479,29.0,802.36,440.74,101.38,54.0,1.0,0.0,0.0
480,29.0,770.22,438.83,101.86,54.03,1.0,0.0,0.0
481,29.0,735.12,443.52,77.32,53.87,1.0,0.0,0.0
481,30.0,0.42,463.73,84.65,27.12,1.0,0.0,0.0
481,10001.0,703.4678767329035,391.6666682066449,178.99,102.25,1.0,0.0,0.0
481,10014.0,1066.1336292513975,470.56728465447645,13.15,19.66,1.0,3.0,0.0
482,24.0,1007.81,490.73,8.57,13.61,1.0,3.0,0.0
482,29.0,697.39,451.2,104.42,53.86,1.0,0.0,0.0
483,29.0,664.86,445.99,104.66,55.68,1.0,0.0,0.0
483,10004.0,1151.8760166260822,464.012182337902,69.22,25.11,1.0,0.0,0.0
483,10014.0,965.8661174498911,479.44457176649155,12.71,20.18,1.0,3.0,0.0
484,29.0,634.69,441.75,106.73,55.54,1.0,0.0,0.0
484,10004.0,1124.5455379045693,468.5453460833601,67.37,25.59,1.0,0.0,0.0
484,10014.0,939.3296695136177,482.4104919973885,13.02,19.94,1.0,3.0,0.0
485,29.0,606.89,445.32,107.22,55.52,1.0,0.0,0.0
485,10004.0,1096.6235291350542,472.692339738891,68.86,25.94,1.0,0.0,0.0
485,10014.0,915.1584838710693,487.0458838036848,12.48,19.98,1.0,3.0,0.0
486,29.0,580.87,449.38,108.18,55.4,1.0,0.0,0.0
486,10004.0,1077.5983427415995,472.03769874461364,70.63,25.7,1.0,0.0,0.0
486,10014.0,893.0078254175728,487.71162322979586,12.28,20.59,1.0,3.0,0.0
486,10018.0,823.089702267163,490.54342001282697,12.39,7.75,1.0,2.0,0.0
487,29.0,565.9,449.04,108.13,56.33,1.0,0.0,0.0
487,10004.0,1067.1890084632091,471.12645070419734,70.4,25.6,1.0,0.0,0.0
487,10014.0,879.9286465881125,487.72613642187815,12.24,20.23,1.0,3.0,0.0
487,10018.0,807.7954447647077,490.21276034593683,13.64,7.75,1.0,2.0,0.0
488,24.0,874.6,493.51,8.76,13.73,1.0,3.0,0.0
488,29.0,551.7,448.94,109.83,55.99,1.0,0.0,0.0
489,29.0,540.65,445.49,110.47,57.73,1.0,0.0,0.0
489,10004.0,1049.3537510580668,470.6518929007352,69.68,26.03,1.0,0.0,0.0
489,10014.0,859.0929116800855,486.22667301894467,12.83,20.97,1.0,3.0,0.0
490,29.0,532.87,442.33,111.59,56.8,1.0,0.0,0.0
490,10004.0,1046.624511767518,467.2486741524485,69.58,26.24,1.0,0.0,0.0
490,10014.0,851.2472743807153,482.63641001548194,12.18,20.91,1.0,3.0,0.0
491,24.0,854.74,490.23,8.56,13.71,1.0,3.0,0.0
491,29.0,532.16,443.47,110.18,56.16,1.0,0.0,0.0
492,29.0,534.92,447.72,109.54,56.31,1.0,0.0,0.0
492,10004.0,1045.3641153546828,472.11713966329535,67.66,25.92,1.0,0.0,0.0
492,10014.0,852.7484281461102,487.6696649704219,12.23,21.0,1.0,3.0,0.0
493,29.0,539.48,450.6,110.77,56.61,1.0,0.0,0.0
493,10004.0,1046.8524708329305,473.5570153415617,67.83,27.07,1.0,0.0,0.0
493,10014.0,858.040044252131,489.9457220971905,12.14,21.44,1.0,3.0,0.0
494,29.0,547.85,449.85,109.25,55.57,1.0,0.0,0.0
494,10004.0,1052.5610814046386,474.0055138301867,67.43,26.65,1.0,0.0,0.0
494,10014.0,862.8929607817807,490.20206581502737,12.6,21.23,1.0,3.0,0.0
495,29.0,556.32,444.26,108.75,56.44,1.0,0.0,0.0
495,10004.0,1061.9011340534396,472.47329063466407,68.86,26.37,1.0,0.0,0.0
495,10014.0,870.3914272497736,486.64891634060365,12.68,21.36,1.0,3.0,0.0
496,29.0,563.11,443.28,109.76,55.7,1.0,0.0,0.0
496,10004.0,1074.0733070310423,472.63326210520813,67.68,26.21,1.0,0.0,0.0
496,10014.0,883.0031159704613,486.6852628045459,12.99,21.11,1.0,3.0,0.0
496,10018.0,813.0029035440176,488.0233868504835,13.51,8.24,1.0,2.0,0.0
497,29.0,576.03,447.75,109.08,55.26,1.0,0.0,0.0
497,10004.0,1084.7291541091636,473.1077894427365,68.48,25.81,1.0,0.0,0.0
497,10014.0,893.6181685135296,487.57270638609873,13.38,21.78,1.0,3.0,0.0
497,10018.0,825.9150499561651,489.85769290562115,12.56,8.04,1.0,2.0,0.0
498,29.0,595.39,443.46,107.29,55.64,1.0,0.0,0.0
498,10004.0,1107.1864945220468,465.6333559000231,69.13,26.19,1.0,0.0,0.0
498,10014.0,909.4887104684855,481.16890508389525,13.49,21.1,1.0,3.0,0.0
498,10018.0,841.5146457719547,482.10907994978567,13.56,8.27,1.0,2.0,0.0
499,29.0,613.87,441.7,106.91,54.82,1.0,0.0,0.0
499,10004.0,1126.5531514659124,463.1026131463771,67.79,27.26,1.0,0.0,0.0
499,10014.0,926.9434301543664,479.61980374484426,13.78,21.12,1.0,3.0,0.0
499,10018.0,858.6745195916836,480.2569519739667,12.71,8.07,1.0,2.0,0.0
500,29.0,632.92,442.99,105.68,54.7,1.0,0.0,0.0
500,10002.0,944.8668288107157,479.4800342480492,13.7,21.18,1.0,3.0,0.0
500,10004.0,1145.5345692713408,462.7017754207655,66.68,26.69,1.0,0.0,0.0
500,10018.0,878.2838578972719,480.1024214479339,14.94,8.54,1.0,2.0,0.0
