1,1,644.0599975585938,859.030029296875,78.66999816894531,43.869998931884766,1.0,5,0
1,2,618.72998046875,881.4600219726562,26.139999389648438,18.100000381469727,1.0,5,0
1,3,570.6799926757812,860.0399780273438,58.709999084472656,39.34000015258789,1.0,5,0
1,4,667.0900268554688,880.3200073242188,48.150001525878906,20.739999771118164,1.0,0,0
1,5,1749.5999755859375,934.3099975585938,178.1999969482422,32.84000015258789,1.0,0,0
2,5,1803.93994140625,912.0700073242188,166.38999938964844,30.690000534057617,1.0,0,0
3,5,1833.31005859375,889.4000244140625,149.07000732421875,29.610000610351562,1.0,0,0
4,5,1873.8299560546875,879.6300048828125,165.74000549316406,31.25,1.0,0,0
4,10002,1595.1997371468194,916.0789353318341,21.290000915527344,20.469999313354492,1.0,5,0
4,10005,1625.586585900925,928.5122927813778,9.329999923706055,5.909999847412109,1.0,5,0
5,5,1893.260009765625,884.6099853515625,179.75,31.5,1.0,0,0
5,10001,1269.0039507677773,930.2741700588925,26.530000686645508,22.6200008392334,1.0,5,0
5,10002,1253.9285411740268,933.8088676634258,21.65999984741211,21.600000381469727,1.0,5,0
5,10003,1331.9742226821168,938.3402134025208,5.889999866485596,8.739999771118164,1.0,3,0
5,10004,1301.1361022442359,943.6435173780469,13.75,6.739999771118164,1.0,0,0
5,10005,1277.6674458436908,947.7324514065039,9.199999809265137,6.21999979019165,1.0,5,0
6,5,1953.969970703125,908.7100219726562,171.2100067138672,32.56999969482422,1.0,0,0
6,10001,1143.3984600550468,937.7706567839803,26.1299991607666,22.170000076293945,1.0,5,0
6,10002,1149.447522917015,939.2346308224386,22.1200008392334,21.75,1.0,5,0
6,10003,1139.4857582421591,950.3137732490519,5.880000114440918,8.510000228881836,1.0,3,0
6,10004,1160.4509338549817,952.315257781472,12.770000457763672,6.190000057220459,1.0,0,0
6,10005,1161.178722619851,954.419301390955,8.859999656677246,5.860000133514404,1.0,5,0
7,1,795.3699951171875,896.4199829101562,58.29999923706055,37.310001373291016,1.0,5,0
7,4,842.9199829101562,916.8200073242188,26.790000915527344,17.06999969482422,1.0,5,0
7,5,1993.1400146484375,932.4000244140625,175.0800018310547,31.90999984741211,1.0,0,0
8,5,2028.300048828125,948.3400268554688,184.88999938964844,31.770000457763672,1.0,0,0
8,10001,1053.6101224832628,942.0592433420821,25.450000762939453,23.010000228881836,1.0,5,0
8,10002,1064.2090500411337,943.7573515539535,21.149999618530273,21.950000762939453,1.0,5,0
8,10003,1057.1926734267163,954.767975250128,6.079999923706055,8.899999618530273,1.0,3,0
8,10004,1077.1038487616497,957.0899786881679,13.329999923706055,6.179999828338623,1.0,0,0
8,10005,1070.2220259077133,958.9395143303975,8.829999923706055,6.400000095367432,1.0,5,0
9,5,2049.090087890625,950.9000244140625,191.0399932861328,31.549999237060547,1.0,0,0
9,10001,953.8314681990055,948.5383738014453,28.34000015258789,21.989999771118164,1.0,5,0
9,10002,972.8416664050905,949.7084785312073,21.09000015258789,20.8700008392334,1.0,5,0
9,10003,950.1858615057495,961.4644250410182,6.099999904632568,8.449999809265137,1.0,3,0
9,10004,958.4365946179427,963.6968556880174,13.149999618530273,6.420000076293945,1.0,0,0
9,10005,976.4543751412923,964.1204918380172,9.600000381469727,6.289999961853027,1.0,5,0
10,1,891.8599853515625,925.5599975585938,56.02000045776367,36.81999969482422,1.0,5,0
10,4,939.3900146484375,945.0900268554688,23.979999542236328,17.209999084472656,1.0,5,0
10,5,2116.179931640625,937.6500244140625,192.75999450683594,34.0099983215332,1.0,0,0
11,5,2124.110107421875,902.0399780273438,177.4600067138672,31.31999969482422,1.0,0,0
11,10001,1030.5826693285267,941.9986742747315,27.360000610351562,22.610000610351562,1.0,5,0
11,10002,1050.5689578309216,943.3634744907115,20.469999313354492,21.6200008392334,1.0,5,0
11,10003,1052.6759675646463,952.6030065294389,5.980000019073486,8.59000015258789,1.0,3,0
11,10004,1048.5117458738505,956.4539541585887,13.619999885559082,6.449999809265137,1.0,0,0
11,10005,1053.5398333314668,958.5370530558239,9.260000228881836,6.210000038146973,1.0,5,0
12,5,2146.72998046875,861.1199951171875,176.6199951171875,32.189998626708984,1.0,0,0
12,10001,1012.1182917826618,943.5295135093163,25.06999969482422,21.709999084472656,1.0,5,0
12,10002,1019.0974215416657,945.2425334549772,20.850000381469727,21.239999771118164,1.0,5,0
12,10003,1048.1310149228655,951.4749360357129,6.019999980926514,9.039999961853027,1.0,3,0
12,10004,1029.687949838924,956.8444642971871,13.40999984741211,6.619999885559082,1.0,0,0
12,10005,1022.074431344146,960.3265058185849,8.829999923706055,5.920000076293945,1.0,5,0
13,5,2151.989990234375,839.8900146484375,183.3300018310547,34.72999954223633,1.0,0,0
13,10001,947.1913804599528,947.3264456920529,27.469999313354492,22.479999542236328,1.0,5,0
13,10002,961.6157351373348,949.5158316138684,21.020000457763672,20.809999465942383,1.0,5,0
13,10003,978.2019717873363,956.9619047582431,6.150000095367432,9.079999923706055,1.0,3,0
13,10004,963.7163744817093,961.560977293778,13.579999923706055,6.760000228881836,1.0,0,0
13,10005,961.0465299369523,964.5737068875634,9.729999542236328,5.809999942779541,1.0,5,0
14,1,944.3099975585938,927.9400024414062,52.540000915527344,39.150001525878906,1.0,5,0
14,4,1033.9000244140625,939.9600219726562,50.59000015258789,19.350000381469727,1.0,0,0
14,5,2138.739990234375,821.1400146484375,286.6600036621094,40.2400016784668,1.0,0,0
15,5,2112.409912109375,800.3499755859375,216.9600067138672,40.95000076293945,1.0,0,0
15,10001,936.1034946830689,949.62801407628,27.549999237060547,21.440000534057617,1.0,5,0
15,10002,947.1353355251387,953.0201488801586,19.3799991607666,18.729999542236328,1.0,5,0
15,10003,974.775415670642,958.9063282581523,6.039999961853027,8.170000076293945,1.0,3,0
15,10004,954.2606159120188,962.8994507271811,14.619999885559082,6.630000114440918,1.0,0,0
15,10005,948.1420373346706,965.527200730237,10.59000015258789,6.119999885559082,1.0,5,0
16,5,2125.39990234375,786.510009765625,247.72999572753906,44.209999084472656,1.0,0,0
16,10001,941.4141368927693,949.6801076891913,26.770000457763672,21.3799991607666,1.0,5,0
16,10002,951.0479109686285,954.7217707812987,18.8700008392334,17.059999465942383,1.0,5,0
16,10003,985.3012156235318,958.2693598594544,6.010000228881836,8.510000228881836,1.0,3,0
16,10004,958.2762336539579,962.6870733750857,14.460000038146973,6.980000019073486,1.0,0,0
16,10005,951.066538022278,965.8694605945607,9.699999809265137,5.889999866485596,1.0,5,0
17,5,2093.659912109375,787.5999755859375,226.52000427246094,42.540000915527344,1.0,0,0
17,10001,901.4899180678049,952.7629970672584,28.100000381469727,21.739999771118164,1.0,5,0
17,10002,919.3892959982201,956.5650935160197,18.889999389648438,17.860000610351562,1.0,5,0
17,10003,923.0981766039736,963.5798830927426,6.050000190734863,8.9399995803833,1.0,3,0
17,10004,913.0652978254248,966.8603256688602,14.880000114440918,6.869999885559082,1.0,0,0
17,10005,920.9701348352643,968.9520132895356,9.220000267028809,5.46999979019165,1.0,5,0
18,1,918.2999877929688,939.72998046875,75.9800033569336,43.779998779296875,1.0,5,0
18,4,940.219970703125,959.9099731445312,48.970001220703125,19.559999465942383,1.0,0,0
18,5,2047.7099609375,825.9600219726562,196.3699951171875,36.95000076293945,1.0,0,0
19,5,2006.77001953125,854.75,158.63999938964844,33.02000045776367,1.0,0,0
19,10001,951.6105794776287,950.2204056066016,26.860000610351562,22.06999969482422,1.0,5,0
19,10002,962.5329811194242,953.0724450202426,19.170000076293945,19.530000686645508,1.0,5,0
19,10003,972.4609525149117,960.7807397314989,6.170000076293945,9.680000305175781,1.0,3,0
19,10004,964.5079876079611,964.8248236028645,12.890000343322754,6.679999828338623,1.0,0,0
19,10005,965.8683931973004,966.181638169946,9.15999984741211,6.289999961853027,1.0,5,0
20,5,1953.93994140625,858.2000122070312,185.24000549316406,34.56999969482422,1.0,0,0
20,10001,990.9856055725975,947.7760384059287,26.969999313354492,22.56999969482422,1.0,5,0
20,10002,1005.6972965490755,950.7347545039048,19.510000228881836,19.729999542236328,1.0,5,0
20,10003,1025.8472268905027,958.9553627826225,6.28000020980835,8.75,1.0,3,0
20,10004,1010.8665600681798,962.5987866135714,12.9399995803833,6.570000171661377,1.0,0,0
20,10005,1006.6121159598292,964.0026072751904,10.510000228881836,6.429999828338623,1.0,5,0
21,1,774.1799926757812,919.760009765625,76.06999969482422,43.7400016784668,1.0,5,0
21,2,745.7000122070312,946.5700073242188,27.280000686645508,18.700000762939453,1.0,5,0
21,3,697.3800048828125,926.2000122070312,58.43000030517578,40.650001525878906,1.0,5,0
21,4,794.02001953125,940.8300170898438,49.52000045776367,19.229999542236328,1.0,0,0
21,5,1898.8800048828125,863.0999755859375,166.5,33.720001220703125,1.0,0,0
22,5,1847.1099853515625,855.3200073242188,175.1199951171875,34.41999816894531,1.0,0,0
22,10001,1036.1058225912352,947.2785750761757,25.440000534057617,21.799999237060547,1.0,5,0
22,10002,1048.8509954423928,950.8632426264055,20.049999237060547,18.329999923706055,1.0,5,0
22,10003,1076.8691969586991,957.1848616504647,6.599999904632568,9.15999984741211,1.0,3,0
22,10004,1061.6339496929538,960.946517095405,13.449999809265137,6.710000038146973,1.0,0,0
22,10005,1053.018031810319,963.1612041845841,9.619999885559082,5.880000114440918,1.0,5,0
23,1,679.0800170898438,917.3099975585938,79.62999725341797,46.349998474121094,1.0,5,0
23,2,648.5599975585938,946.3499755859375,30.420000076293945,19.809999465942383,1.0,5,0
23,3,596.469970703125,927.4000244140625,67.73999786376953,40.5099983215332,1.0,5,0
23,4,701.72998046875,938.8900146484375,52.470001220703125,21.18000030517578,1.0,0,0
23,5,1791.47998046875,842.1900024414062,191.60000610351562,34.310001373291016,1.0,0,0
24,5,1752.6099853515625,834.9500122070312,188.02999877929688,31.25,1.0,0,0
24,10001,971.3006959066307,950.9061329949959,25.459999084472656,22.219999313354492,1.0,5,0
24,10002,978.835376910199,955.3924613355291,20.290000915527344,17.940000534057617,1.0,5,0
24,10003,991.4539079441109,963.0307916050589,6.150000095367432,8.859999656677246,1.0,3,0
24,10004,985.0196014047787,964.9418957082272,14.390000343322754,7.510000228881836,1.0,0,0
24,10005,981.8801174061854,967.5998756597819,9.449999809265137,5.710000038146973,1.0,5,0
25,1,602.1699829101562,964.5399780273438,79.4000015258789,47.349998474121094,1.0,5,0
25,2,570.4099731445312,994.1599731445312,30.540000915527344,21.100000381469727,1.0,5,0
25,3,512.4000244140625,975.489990234375,70.04000091552734,41.36000061035156,1.0,5,0
25,4,623.02001953125,984.27001953125,56.36000061035156,23.770000457763672,1.0,0,0
25,5,1719.1600341796875,864.969970703125,158.61000061035156,32.45000076293945,1.0,0,0
26,1,561.2100219726562,1011.27001953125,80.9800033569336,48.08000183105469,1.0,5,0
26,2,525.8900146484375,1041.469970703125,34.290000915527344,22.270000457763672,1.0,5,0
26,3,483.6300048828125,1024.8900146484375,57.25,40.36000061035156,1.0,5,0
26,4,585.9000244140625,1031.31005859375,53.15999984741211,23.8799991607666,1.0,0,0
26,5,1694.3499755859375,908.9400024414062,147.36000061035156,30.969999313354492,1.0,0,0
27,1,522.1900024414062,1026.3499755859375,82.55999755859375,48.22999954223633,1.0,5,0
27,2,490.2099914550781,1058.4200439453125,30.93000030517578,19.25,1.0,5,0
27,3,433.7699890136719,1038.489990234375,66.79000091552734,41.77000045776367,1.0,5,0
27,4,545.760009765625,1046.9000244140625,56.41999816894531,23.850000381469727,1.0,0,0
27,5,1665.760009765625,929.2899780273438,149.22000122070312,31.010000228881836,1.0,0,0
28,1,480.1099853515625,999.1099853515625,45.529998779296875,48.619998931884766,1.0,5,0
28,5,1677.22998046875,917.969970703125,167.97999572753906,28.700000762939453,1.0,0,0
28,10001,961.0031884945734,953.4604726489812,22.139999389648438,21.1299991607666,1.0,5,0
28,10003,963.6305294788561,965.4792777247935,6.650000095367432,8.949999809265137,1.0,3,0
28,10004,968.0573782395127,967.8646804755098,13.789999961853027,6.429999828338623,1.0,0,0
29,1,452.19000244140625,953.02001953125,85.52999877929688,49.060001373291016,1.0,5,0
29,2,415.3299865722656,983.4199829101562,34.77000045776367,20.600000381469727,1.0,5,0
29,3,374.67999267578125,960.260009765625,54.810001373291016,45.95000076293945,1.0,5,0
29,4,476.8800048828125,975.4000244140625,56.25,22.43000030517578,1.0,0,0
29,5,1588.5,901.6400146484375,188.6999969482422,31.280000686645508,1.0,0,0
30,1,425.2099914550781,902.6500244140625,93.16000366210938,50.61000061035156,1.0,5,0
30,2,397.239990234375,934.4600219726562,34.0,19.610000610351562,1.0,5,0
30,3,338.1700134277344,906.5999755859375,75.08000183105469,48.08000183105469,1.0,5,0
30,4,457.45001220703125,926.8900146484375,57.029998779296875,23.93000030517578,1.0,0,0
30,5,1685.6700439453125,893.5,118.55999755859375,24.290000915527344,1.0,0,0
30,10001,1243.1529200803286,938.3098580796931,19.889999389648438,22.0,1.0,5,0
30,10003,1273.8353352065503,952.4423128740157,5.880000114440918,5.829999923706055,1.0,3,0
30,10004,1254.8024413489743,952.4339962018562,14.930000305175781,7.170000076293945,1.0,0,0
31,1,413.6499938964844,882.1900024414062,92.9000015258789,47.79999923706055,1.0,5,0
31,2,384.8299865722656,910.3499755859375,31.780000686645508,19.399999618530273,1.0,5,0
31,3,329.6400146484375,884.5399780273438,67.8499984741211,45.84000015258789,1.0,5,0
31,4,442.8900146484375,904.9000244140625,53.47999954223633,23.18000030517578,1.0,0,0
31,5,1576.06005859375,892.9400024414062,142.55999755859375,28.469999313354492,1.0,0,0
32,1,404.489990234375,878.7999877929688,96.7699966430664,50.619998931884766,1.0,5,0
32,2,379.2099914550781,909.1099853515625,31.559999465942383,18.389999389648438,1.0,5,0
32,3,313.1700134277344,879.5800170898438,79.19999694824219,48.130001068115234,1.0,5,0
32,4,436.8500061035156,902.8099975585938,61.31999969482422,24.459999084472656,1.0,0,0
32,10001,1334.8180015232995,935.6778544997463,15.100000381469727,20.1299991607666,1.0,5,0
32,10003,1349.9578195098093,947.1362838534243,6.380000114440918,7.28000020980835,1.0,3,0
32,10004,1361.6092803396896,947.4365398132627,14.119999885559082,6.820000171661377,1.0,0,0
33,1,399.9200134277344,880.5900268554688,103.37999725341797,52.709999084472656,1.0,5,0
33,2,380.05999755859375,911.1300048828125,33.09000015258789,19.229999542236328,1.0,5,0
33,3,315.95001220703125,877.8099975585938,78.41000366210938,52.81999969482422,1.0,5,0
33,4,439.0199890136719,905.9199829101562,57.459999084472656,25.31999969482422,1.0,0,0
33,10001,1404.4416551662507,931.0089787227246,21.1200008392334,20.950000762939453,1.0,5,0
33,10003,1396.5736648898835,942.379508654686,6.420000076293945,9.329999923706055,1.0,3,0
33,10004,1410.6815724872197,944.2788034508394,13.920000076293945,7.230000019073486,1.0,0,0
34,1,440.25,876.8400268554688,83.05999755859375,47.709999084472656,1.0,5,0
34,2,401.55999755859375,900.52001953125,32.91999816894531,20.34000015258789,1.0,5,0
34,3,342.44000244140625,877.25,73.04000091552734,42.689998626708984,1.0,5,0
34,4,458.7900085449219,895.1699829101562,63.540000915527344,27.670000076293945,1.0,0,0
34,5,1577.81005859375,947.22998046875,167.9600067138672,33.0099983215332,1.0,0,0
35,1,457.7900085449219,854.5599975585938,67.63999938964844,51.2599983215332,1.0,5,0
35,2,426.5199890136719,882.280029296875,30.559999465942383,20.43000030517578,1.0,5,0
35,3,372.1099853515625,855.1300048828125,68.55999755859375,46.04999923706055,1.0,5,0
35,4,485.30999755859375,878.75,39.7599983215332,26.649999618530273,1.0,0,0
35,5,1677.530029296875,949.030029296875,113.31999969482422,28.329999923706055,1.0,0,0
36,1,504.32000732421875,839.22998046875,88.16000366210938,46.63999938964844,1.0,5,0
36,2,473.80999755859375,859.9000244140625,31.540000915527344,21.360000610351562,1.0,5,0
36,3,425.3800048828125,837.75,60.66999816894531,40.58000183105469,1.0,5,0
36,4,531.1099853515625,857.8599853515625,59.459999084472656,26.579999923706055,1.0,0,0
36,5,1656.6300048828125,942.6500244140625,173.47000122070312,34.349998474121094,1.0,0,0
37,1,557.4199829101562,820.72998046875,84.56999969482422,44.150001525878906,1.0,5,0
37,5,1680.52001953125,944.010009765625,198.39999389648438,35.84000015258789,1.0,0,0
38,1,576.1300048828125,817.530029296875,112.16000366210938,40.970001220703125,1.0,0,0
38,5,1725.8800048828125,951.77001953125,194.74000549316406,39.209999084472656,1.0,0,0
39,5,1796.75,988.9000244140625,172.8800048828125,40.150001525878906,1.0,0,0
39,10002,1663.971776984866,914.885463389973,22.309999465942383,20.729999542236328,1.0,5,0
39,10003,1436.8630595789898,937.3594407998202,5.690000057220459,7.619999885559082,1.0,3,0
39,10004,1594.2165891312648,930.609075247944,16.31999969482422,6.519999980926514,1.0,0,0
40,5,1850.6099853515625,1016.0,179.3300018310547,40.66999816894531,1.0,0,0
40,10001,1343.0096376119689,929.2774808010373,22.6200008392334,21.68000030517578,1.0,5,0
40,10002,1350.048385573617,931.5058197646636,22.760000228881836,20.489999771118164,1.0,5,0
40,10003,1242.5228403415974,947.6633901391091,6.579999923706055,7.900000095367432,1.0,3,0
40,10004,1301.5510120296733,946.3948648063385,15.109999656677246,6.630000114440918,1.0,0,0
40,10005,1369.8262167388448,944.7869593271936,9.529999732971191,5.960000038146973,1.0,5,0
41,1,664.9500122070312,878.9299926757812,68.0999984741211,42.880001068115234,1.0,5,0
41,5,1877.1400146484375,1017.260009765625,221.64999389648438,42.08000183105469,1.0,0,0
42,1,731.5900268554688,851.9299926757812,53.900001525878906,39.4900016784668,1.0,5,0
42,5,1948.0,981.2999877929688,207.3000030517578,40.61000061035156,1.0,0,0
42,18,805.4600219726562,853.9299926757812,81.5,45.91999816894531,1.0,5,0
42,19,828.8099975585938,872.7100219726562,54.209999084472656,26.18000030517578,1.0,0,0
43,5,2000.2099609375,941.0800170898438,215.4600067138672,40.439998626708984,1.0,0,0
44,5,2077.5400390625,945.7999877929688,209.0399932861328,40.959999084472656,1.0,0,0
44,10001,1646.2468506794228,903.4056474161334,22.06999969482422,21.1200008392334,1.0,5,0
44,10002,1563.625691866162,914.4210850942969,21.889999389648438,19.309999465942383,1.0,5,0
44,10003,1513.383629111766,923.3365819710002,5.840000152587891,5.510000228881836,1.0,3,0
44,10004,1542.1659231752433,923.7813066356757,16.81999969482422,6.449999809265137,1.0,0,0
44,10005,1591.2810419630314,925.3119355478754,8.9399995803833,5.739999771118164,1.0,5,0
45,1,892.6300048828125,890.530029296875,58.15999984741211,39.63999938964844,1.0,5,0
45,5,2157.159912109375,979.1799926757812,186.8300018310547,41.90999984741211,1.0,0,0
45,18,964.2899780273438,891.1400146484375,82.04000091552734,44.880001068115234,1.0,5,0
45,19,938.4000244140625,913.030029296875,28.09000015258789,17.889999389648438,1.0,5,0
46,5,2228.9599609375,1020.760009765625,206.25999450683594,42.560001373291016,1.0,0,0
46,10001,866.3716537808267,954.1860737257905,20.850000381469727,20.56999969482422,1.0,5,0
46,10002,886.252153396011,955.4773741779535,22.260000228881836,19.149999618530273,1.0,5,0
46,10003,836.6715519117779,970.7870349172116,5.619999885559082,5.139999866485596,1.0,3,0
46,10004,853.7351480981424,968.9661580165387,16.1200008392334,6.460000038146973,1.0,0,0
46,10005,886.22336086402,968.6255585627824,9.649999618530273,5.980000019073486,1.0,5,0
47,5,2280.659912109375,1040.1700439453125,203.27000427246094,47.130001068115234,1.0,0,0
47,10001,848.9193676062166,953.3014062327644,20.809999465942383,22.040000915527344,1.0,5,0
47,10002,873.5316211890056,955.6679718265316,22.329999923706055,19.260000228881836,1.0,5,0
47,10003,822.9144182787459,970.3500101688469,5.699999809265137,5.78000020980835,1.0,3,0
47,10004,841.5326045033682,969.620707576299,14.850000381469727,5.96999979019165,1.0,0,0
47,10005,874.5660509901724,969.3329180860768,9.380000114440918,5.489999771118164,1.0,5,0
48,5,2346.669921875,1034.219970703125,210.2100067138672,43.290000915527344,1.0,0,0
48,10001,847.0292426770393,953.617221844024,22.049999237060547,20.920000076293945,1.0,5,0
48,10002,870.7003056175564,955.7519760874563,22.239999771118164,18.729999542236328,1.0,5,0
48,10003,821.6199369595844,969.5010065814922,5.650000095367432,5.53000020980835,1.0,3,0
48,10004,839.3448706924682,968.3934304384762,14.84000015258789,6.369999885559082,1.0,0,0
48,10005,871.4587531925014,968.4024864420709,9.350000381469727,5.960000038146973,1.0,5,0
49,5,2399.080078125,1001.969970703125,160.9199981689453,34.91999816894531,1.0,0,0
49,10001,844.2910255704537,952.4449084336657,22.190000534057617,21.190000534057617,1.0,5,0
49,10002,871.0345665679773,954.3001161554396,22.579999923706055,19.34000015258789,1.0,5,0
49,10003,817.7241481029139,967.7740326731486,6.0,5.929999828338623,1.0,3,0
49,10004,836.2081006918082,967.3903933787545,14.420000076293945,6.46999979019165,1.0,0,0
49,10005,870.460325844819,967.4403723422794,9.710000038146973,5.96999979019165,1.0,5,0
50,1,1125.81005859375,932.6300048828125,56.93000030517578,40.130001068115234,1.0,5,0
50,5,2465.7900390625,964.02001953125,94.20999908447266,30.84000015258789,1.0,0,0
50,18,1199.52001953125,928.8300170898438,80.0999984741211,46.0099983215332,1.0,5,0
50,19,1172.75,954.1799926757812,26.229999542236328,18.309999465942383,1.0,5,0
51,5,2482.260009765625,935.7000122070312,77.2699966430664,23.15999984741211,1.0,0,0
51,10001,783.983403671061,954.9062877796756,20.75,20.93000030517578,1.0,5,0
51,10002,806.8261791681605,956.2196410924536,16.579999923706055,20.270000457763672,1.0,5,0
51,10003,753.9399188377963,969.579423041655,5.760000228881836,5.820000171661377,1.0,3,0
51,10004,773.8134177684909,970.3201142589479,14.350000381469727,5.75,1.0,0,0
51,10005,801.7093929262713,970.340200047726,10.6899995803833,6.239999771118164,1.0,5,0
52,10001,766.8830523617715,955.9878218916749,22.170000076293945,20.65999984741211,1.0,5,0
52,10002,797.2448911351454,956.7318820369646,16.600000381469727,20.030000686645508,1.0,5,0
52,10003,740.5826050907424,969.9023820478795,5.829999923706055,5.699999809265137,1.0,3,0
52,10004,760.468165137805,970.5343451708254,13.34000015258789,5.96999979019165,1.0,0,0
52,10005,791.2788066996692,971.0553272743102,9.260000228881836,5.829999923706055,1.0,5,0
53,5,2412.110107421875,879.239990234375,116.61000061035156,24.610000610351562,1.0,0,0
53,10001,772.9570016953611,953.5652344358024,23.760000228881836,21.450000762939453,1.0,5,0
53,10002,804.0283930873242,955.4582707278032,17.110000610351562,19.959999084472656,1.0,5,0
53,10003,748.8162847033,966.5692271343452,5.46999979019165,4.610000133514404,1.0,3,0
53,10004,767.7278002642345,968.0252147409187,14.449999809265137,6.150000095367432,1.0,0,0
53,10005,798.1086647371815,969.0596942572764,10.15999984741211,6.550000190734863,1.0,5,0
54,5,2417.06005859375,831.6400146484375,142.5,25.3700008392334,1.0,0,0
54,10001,931.3118273169196,930.3514731820057,24.719999313354492,20.940000534057617,1.0,5,0
54,10002,950.9647162750742,939.3235669559969,17.329999923706055,19.729999542236328,1.0,5,0
54,10004,970.1593110689066,931.9002602752375,15.329999923706055,6.690000057220459,1.0,0,0
54,10005,935.1850211650867,953.1850541841442,10.0,6.25,1.0,5,0
55,1,1232.4300537109375,903.9600219726562,62.0,41.689998626708984,1.0,5,0
55,18,1313.739990234375,892.3900146484375,76.33000183105469,45.400001525878906,1.0,5,0
55,19,1284.0699462890625,922.5800170898438,29.43000030517578,19.709999084472656,1.0,5,0
56,10001,787.627356500656,951.2806152913054,25.799999237060547,21.049999237060547,1.0,5,0
56,10002,820.9119279522084,955.0955929906991,17.520000457763672,18.309999465942383,1.0,5,0
56,10003,775.4288284202838,957.9695647310582,5.050000190734863,4.949999809265137,1.0,3,0
56,10004,784.5179598909107,963.4842352630742,15.109999656677246,7.099999904632568,1.0,0,0
56,10005,818.0265027252207,967.1078069132184,9.609999656677246,6.070000171661377,1.0,5,0
57,10001,779.4461055352517,953.1460263936991,26.65999984741211,21.920000076293945,1.0,5,0
57,10002,812.6347401300548,958.0295886234109,16.670000076293945,17.309999465942383,1.0,5,0
57,10003,770.0260598755953,964.6539789113552,5.320000171661377,5.309999942779541,1.0,3,0
57,10004,782.2192541129083,966.4867747450734,15.199999809265137,6.909999847412109,1.0,0,0
57,10005,808.8565862153177,968.8450718863795,9.920000076293945,6.449999809265137,1.0,5,0
58,10001,805.8054806908553,953.2539190666561,24.040000915527344,20.6299991607666,1.0,5,0
58,10002,832.9181902993585,956.7144314697058,17.920000076293945,17.760000228881836,1.0,5,0
58,10003,794.6770190185784,963.6550346973374,6.429999828338623,6.170000076293945,1.0,3,0
58,10004,805.6742067562272,966.4671362030386,14.899999618530273,6.179999828338623,1.0,0,0
58,10005,831.8082597560513,968.3330156950313,9.630000114440918,5.940000057220459,1.0,5,0
59,5,2509.659912109375,829.25,49.529998779296875,29.209999084472656,1.0,0,0
59,10001,1050.3432877819896,932.9878543178883,23.34000015258789,21.6200008392334,1.0,5,0
59,10002,1054.1677584719268,940.8337133328996,16.440000534057617,18.09000015258789,1.0,5,0
59,10003,1288.888563858886,914.8060899701466,5.909999847412109,4.559999942779541,1.0,3,0
59,10004,1093.5962941179077,941.9054829728416,14.9399995803833,6.53000020980835,1.0,0,0
59,10005,1043.9880083964392,953.3396909734159,9.289999961853027,5.730000019073486,1.0,5,0
60,5,2418.93994140625,812.239990234375,140.1199951171875,31.59000015258789,1.0,0,0
60,10002,1445.1913362947246,913.8918856817993,17.020000457763672,17.459999084472656,1.0,5,0
60,10005,1491.0618776459796,920.7759483592963,8.600000381469727,5.539999961853027,1.0,5,0
61,5,2343.590087890625,787.280029296875,216.2100067138672,35.349998474121094,1.0,0,0
62,5,2255.679931640625,778.3699951171875,226.0500030517578,37.2400016784668,1.0,0,0
63,5,2202.68994140625,803.52001953125,177.49000549316406,35.61000061035156,1.0,0,0
63,26,1001.1199951171875,892.7100219726562,79.95999908447266,47.66999816894531,1.0,5,0
63,27,971.0800170898438,923.52001953125,28.969999313354492,18.780000686645508,1.0,5,0
63,28,1023.030029296875,913.760009765625,52.91999816894531,22.1299991607666,1.0,0,0
63,29,923.6500244140625,903.239990234375,58.790000915527344,41.810001373291016,1.0,5,0
64,5,2139.949951171875,828.8900146484375,217.02999877929688,37.060001373291016,1.0,0,0
64,10001,901.5163515713442,953.1515931667012,24.389999389648438,21.3799991607666,1.0,5,0
64,10002,912.2485255903274,956.5139887367226,16.530000686645508,18.43000030517578,1.0,5,0
64,10003,920.2926115015792,968.5557707406837,5.960000038146973,4.079999923706055,1.0,3,0
64,10004,908.1010073079576,967.7527007981699,14.260000228881836,6.289999961853027,1.0,0,0
64,10005,911.7913542872593,969.122063940432,9.130000114440918,5.860000133514404,1.0,5,0
65,5,2104.1298828125,837.0,191.33999633789062,35.66999816894531,1.0,0,0
65,10001,901.404930093243,953.4598811326741,24.059999465942383,21.559999465942383,1.0,5,0
65,10002,912.1381897008918,957.9722147947188,16.979999542236328,17.34000015258789,1.0,5,0
65,10003,917.4581345754846,968.0408105321744,5.519999980926514,5.429999828338623,1.0,3,0
65,10004,906.3331549662377,967.5519541774445,15.170000076293945,7.090000152587891,1.0,0,0
65,10005,909.9689744276536,969.2867723086913,9.279999732971191,6.190000057220459,1.0,5,0
66,5,2040.72998046875,832.3400268554688,269.1099853515625,39.20000076293945,1.0,0,0
66,26,865.1699829101562,942.2999877929688,80.72000122070312,48.66999816894531,1.0,5,0
66,27,829.3200073242188,973.5700073242188,34.83000183105469,21.030000686645508,1.0,5,0
66,28,887.6099853515625,962.9299926757812,51.939998626708984,23.06999969482422,1.0,0,0
66,29,778.969970703125,954.1400146484375,65.95999908447266,43.75,1.0,5,0
67,5,1979.6500244140625,808.8300170898438,200.22999572753906,38.439998626708984,1.0,0,0
67,26,814.3499755859375,918.0999755859375,79.31999969482422,49.779998779296875,1.0,5,0
67,27,781.6099853515625,948.530029296875,30.020000457763672,22.709999084472656,1.0,5,0
67,28,836.47998046875,939.8400268554688,54.08000183105469,22.200000762939453,1.0,0,0
67,29,729.280029296875,930.0700073242188,64.23999786376953,43.66999816894531,1.0,5,0
68,5,1919.0,796.0399780273438,201.77999877929688,37.939998626708984,1.0,0,0
68,10001,1031.5177766449642,948.2834959358003,21.81999969482422,20.760000228881836,1.0,5,0
68,10002,1028.425512293664,952.3759692893269,21.459999084472656,17.6200008392334,1.0,5,0
68,10003,1071.5425280149473,961.7063826242504,5.090000152587891,4.449999809265137,1.0,3,0
68,10004,1047.3104803263657,960.9514843076369,15.220000267028809,7.039999961853027,1.0,0,0
68,10005,1030.524853959863,964.6304041289239,8.640000343322754,5.340000152587891,1.0,5,0
69,5,1887.219970703125,825.9600219726562,169.41000366210938,33.2400016784668,1.0,0,0
69,26,711.3300170898438,920.2899780273438,82.9800033569336,47.34000015258789,1.0,5,0
69,27,676.9500122070312,951.260009765625,30.420000076293945,20.6299991607666,1.0,5,0
69,28,733.469970703125,942.1500244140625,57.65999984741211,21.700000762939453,1.0,0,0
69,29,627.219970703125,931.2899780273438,61.38999938964844,42.310001373291016,1.0,5,0
70,5,1834.25,876.3300170898438,192.6699981689453,34.33000183105469,1.0,0,0
70,26,664.0900268554688,955.3599853515625,84.44000244140625,49.849998474121094,1.0,5,0
70,27,625.0900268554688,988.0599975585938,34.40999984741211,20.190000534057617,1.0,5,0
70,28,686.8599853515625,978.25,56.9900016784668,22.760000228881836,1.0,0,0
70,29,578.47998046875,968.0800170898438,60.779998779296875,42.36000061035156,1.0,5,0
71,5,1793.3699951171875,917.22998046875,178.02000427246094,32.16999816894531,1.0,0,0
71,10001,896.8926279512481,955.398266141788,21.420000076293945,21.940000534057617,1.0,5,0
71,10002,905.5389789243188,959.3085778476274,22.3799991607666,17.940000534057617,1.0,5,0
71,10003,900.6375970158515,972.2166652540585,5.71999979019165,4.880000114440918,1.0,3,0
71,10004,899.4696859697557,970.3822095855766,14.260000228881836,6.860000133514404,1.0,0,0
71,10005,908.0976039484021,971.6885116428474,10.109999656677246,5.610000133514404,1.0,5,0
72,5,1766.3199462890625,924.4199829101562,146.86000061035156,31.479999542236328,1.0,0,0
72,26,569.3200073242188,969.739990234375,89.70999908447266,49.439998626708984,1.0,5,0
72,27,533.4600219726562,1002.0999755859375,32.5099983215332,18.860000610351562,1.0,5,0
72,28,594.1300048828125,991.239990234375,60.41999816894531,24.079999923706055,1.0,0,0
72,29,488.489990234375,979.0900268554688,57.93000030517578,43.529998779296875,1.0,5,0
73,5,1739.4300537109375,902.0,144.13999938964844,29.530000686645508,1.0,0,0
73,26,537.2999877929688,923.530029296875,88.3499984741211,49.13999938964844,1.0,5,0
73,27,496.2200012207031,953.9199829101562,35.63999938964844,20.329999923706055,1.0,5,0
73,28,560.7899780273438,946.3499755859375,59.79999923706055,22.850000381469727,1.0,0,0
73,29,438.32000732421875,927.97998046875,73.73999786376953,48.400001525878906,1.0,5,0
74,5,1723.6700439453125,880.02001953125,136.2100067138672,25.889999389648438,1.0,0,0
74,29,408.29998779296875,870.0800170898438,102.27999877929688,50.63999938964844,1.0,5,0
75,5,1712.760009765625,876.6500244140625,132.24000549316406,26.440000534057617,1.0,0,0
75,29,399.6099853515625,839.4600219726562,98.58000183105469,50.97999954223633,1.0,5,0
76,5,1701.3800048828125,912.3800048828125,162.60000610351562,34.630001068115234,1.0,0,0
76,26,500.20001220703125,854.4099731445312,97.33000183105469,51.599998474121094,1.0,5,0
76,27,467.739990234375,881.719970703125,33.36000061035156,20.510000228881836,1.0,5,0
76,28,531.3099975585938,877.9299926757812,63.869998931884766,25.690000534057617,1.0,0,0
76,29,416.0899963378906,854.0700073242188,66.30000305175781,47.5099983215332,1.0,5,0
77,5,1707.449951171875,942.3300170898438,175.49000549316406,34.189998626708984,1.0,0,0
77,26,514.3599853515625,865.1500244140625,93.88999938964844,51.84000015258789,1.0,5,0
77,27,479.69000244140625,892.280029296875,33.7400016784668,20.200000762939453,1.0,5,0
77,28,543.72998046875,889.3900146484375,63.75,25.809999465942383,1.0,0,0
77,29,432.1499938964844,867.030029296875,62.619998931884766,44.650001525878906,1.0,5,0
78,5,1740.5899658203125,961.3900146484375,162.7899932861328,31.920000076293945,1.0,0,0
78,26,538.52001953125,870.469970703125,91.44999694824219,49.689998626708984,1.0,5,0
78,27,500.57000732421875,895.4299926757812,32.66999816894531,19.799999237060547,1.0,5,0
78,28,565.1599731445312,893.239990234375,58.540000915527344,25.260000228881836,1.0,0,0
78,29,452.3900146484375,870.52001953125,65.75,43.20000076293945,1.0,5,0
79,5,1769.8699951171875,988.0599975585938,159.88999938964844,33.529998779296875,1.0,0,0
79,10001,1180.1581835518289,941.4803956891931,21.40999984741211,20.68000030517578,1.0,5,0
79,10002,1192.7567957616943,941.2442272084842,23.8700008392334,21.0,1.0,5,0
79,10003,1136.2772329984618,958.4454193730679,5.559999942779541,5.519999980926514,1.0,3,0
79,10004,1165.3293357964976,955.5081439732905,15.350000381469727,7.289999961853027,1.0,0,0
79,10005,1204.8238191287724,955.6014245629,10.100000381469727,6.079999923706055,1.0,5,0
80,5,1787.9000244140625,996.27001953125,189.80999755859375,35.7599983215332,1.0,0,0
80,26,609.02001953125,907.1500244140625,90.56999969482422,50.59000015258789,1.0,5,0
80,27,571.6799926757812,932.3900146484375,34.709999084472656,20.6299991607666,1.0,5,0
80,28,635.9000244140625,929.25,63.15999984741211,26.149999618530273,1.0,0,0
80,29,518.4099731445312,907.6099853515625,70.45999908447266,43.369998931884766,1.0,5,0
81,5,1845.800048828125,975.7000122070312,203.30999755859375,39.439998626708984,1.0,0,0
81,10001,1213.5460493965295,937.5659042653357,22.15999984741211,21.540000915527344,1.0,5,0
81,10002,1214.085945561102,940.0329166848013,24.739999771118164,20.100000381469727,1.0,5,0
81,10003,1176.6713811521993,954.3233681524924,5.789999961853027,5.960000038146973,1.0,3,0
81,10004,1204.4930226042634,952.6586423758055,15.300000190734863,6.730000019073486,1.0,0,0
81,10005,1220.2579638853854,953.6080906398233,10.399999618530273,6.199999809265137,1.0,5,0
82,5,1881.5400390625,947.5800170898438,198.2899932861328,35.540000915527344,1.0,0,0
82,10001,1328.5487177546513,930.4827598704443,22.469999313354492,21.670000076293945,1.0,5,0
82,10002,1312.6917551323495,934.4766459634998,24.799999237060547,19.950000762939453,1.0,5,0
82,10003,1330.265863937383,945.4966089679899,5.510000228881836,5.119999885559082,1.0,3,0
82,10004,1330.8277960507392,944.9893078827945,15.470000267028809,6.639999866485596,1.0,0,0
82,10005,1334.3950057018255,947.0329428678976,10.069999694824219,6.139999866485596,1.0,5,0
83,5,1918.8199462890625,910.6699829101562,187.64999389648438,35.34000015258789,1.0,0,0
83,10001,1568.373426368294,916.3951177328075,21.6299991607666,21.299999237060547,1.0,5,0
83,10002,1484.773983222255,925.104289743645,24.149999618530273,19.360000610351562,1.0,5,0
83,10003,1553.9656115782307,930.897096263647,5.639999866485596,5.269999980926514,1.0,3,0
83,10004,1540.9105175056088,931.9490722174413,14.819999694824219,6.730000019073486,1.0,0,0
83,10005,1503.7842411061504,937.4950519152951,9.170000076293945,5.570000171661377,1.0,5,0
84,5,1963.219970703125,898.7899780273438,178.44000244140625,33.81999969482422,1.0,0,0
84,26,675.3800048828125,877.6900024414062,68.73999786376953,42.68000030517578,1.0,5,0
84,28,728.77001953125,901.469970703125,31.31999969482422,19.1200008392334,1.0,5,0
85,5,2014.7099609375,921.2999877929688,185.55999755859375,33.720001220703125,1.0,0,0
85,10001,994.4732438817236,948.6535951705728,21.780000686645508,21.229999542236328,1.0,5,0
85,10002,1006.7553644913017,951.0541425702404,23.940000534057617,19.030000686645508,1.0,5,0
85,10003,972.8940769285821,964.7233463143559,5.71999979019165,5.710000038146973,1.0,3,0
85,10004,984.8431271221407,963.7181845588526,15.390000343322754,6.550000190734863,1.0,0,0
85,10005,1008.8918878273946,964.1181329584855,9.039999961853027,5.909999847412109,1.0,5,0
86,5,2049.68994140625,959.02001953125,202.58999633789062,34.79999923706055,1.0,0,0
86,18,2532.56005859375,985.9000244140625,10.380000114440918,18.489999771118164,1.0,3,0
86,10001,941.8541459641536,952.050647581657,21.25,20.780000686645508,1.0,5,0
86,10002,960.9000373668271,953.1029977541391,24.639999389648438,19.3799991607666,1.0,5,0
86,10003,925.8174970180642,967.707525509872,5.579999923706055,5.46999979019165,1.0,3,0
86,10004,939.4601408182571,966.2946669024103,15.550000190734863,6.519999980926514,1.0,0,0
86,10005,962.2518549132535,966.6223758043392,9.430000305175781,5.920000076293945,1.0,5,0
87,5,2083.219970703125,981.0599975585938,190.0500030517578,35.40999984741211,1.0,0,0
87,26,775.1300048828125,936.3200073242188,68.18000030517578,42.41999816894531,1.0,5,0
87,28,826.3300170898438,959.6099853515625,31.06999969482422,18.850000381469727,1.0,5,0
88,5,2080.43994140625,992.22998046875,235.52999877929688,36.79999923706055,1.0,0,0
88,26,791.2100219726562,938.8800048828125,72.29000091552734,41.54999923706055,1.0,5,0
88,28,848.25,962.4299926757812,31.649999618530273,18.780000686645508,1.0,5,0
88,35,884.7999877929688,936.510009765625,83.56999969482422,46.65999984741211,1.0,5,0
88,36,908.510009765625,959.989990234375,57.61000061035156,21.5,1.0,0,0
89,5,2148.89990234375,985.02001953125,204.02000427246094,37.83000183105469,1.0,0,0
89,26,827.010009765625,937.6799926757812,62.619998931884766,41.5099983215332,1.0,5,0
89,28,873.239990234375,961.219970703125,30.6299991607666,18.3700008392334,1.0,5,0
89,35,908.4199829101562,934.4299926757812,85.52999877929688,48.59000015258789,1.0,5,0
89,36,931.25,958.1400146484375,58.380001068115234,23.0,1.0,0,0
90,5,2146.449951171875,935.5800170898438,238.1999969482422,32.5099983215332,1.0,0,0
90,10001,1250.0767864726981,928.786299011233,21.110000610351562,21.860000610351562,1.0,5,0
90,10002,1210.4275839289003,936.2070495208391,24.719999313354492,19.43000030517578,1.0,5,0
90,10003,1265.8077758576826,940.1624425733315,6.070000171661377,5.78000020980835,1.0,3,0
90,10004,1252.6585410001842,943.1268166093831,15.430000305175781,6.409999847412109,1.0,0,0
90,10005,1224.2630649483795,949.1154585734312,9.319999694824219,5.28000020980835,1.0,5,0
91,5,2187.3798828125,894.75,220.14999389648438,33.2599983215332,1.0,0,0
91,10002,1577.225851086259,913.0054838833846,25.149999618530273,19.079999923706055,1.0,5,0
91,10005,1668.0325815111432,919.4882268657524,8.539999961853027,5.579999923706055,1.0,5,0
92,5,2197.06005859375,861.3900146484375,198.99000549316406,33.22999954223633,1.0,0,0
92,10001,1628.8906896974286,901.7797501858523,21.8700008392334,22.040000915527344,1.0,5,0
92,10002,1467.2255258203265,918.5436922773846,26.31999969482422,20.059999465942383,1.0,5,0
92,10005,1505.7015230448849,930.1877936589384,9.229999542236328,5.019999980926514,1.0,5,0
93,5,2210.830078125,872.010009765625,200.0,33.68000030517578,1.0,0,0
93,26,896.1599731445312,896.52001953125,61.060001373291016,43.40999984741211,1.0,5,0
93,28,940.3400268554688,920.27001953125,31.700000762939453,18.520000457763672,1.0,5,0
93,35,972.9600219726562,890.0999755859375,87.41000366210938,48.79999923706055,1.0,5,0
93,36,1000.77001953125,912.989990234375,53.0099983215332,23.209999084472656,1.0,0,0
94,5,2220.429931640625,904.9500122070312,206.1999969482422,34.619998931884766,1.0,0,0
94,10001,854.862661865548,955.4377400266688,21.940000534057617,21.549999237060547,1.0,5,0
94,10002,865.4618219939542,957.1962309076279,25.81999969482422,19.860000610351562,1.0,5,0
94,10003,847.4297910446613,971.323791269691,5.46999979019165,5.46999979019165,1.0,3,0
94,10004,851.3319886479542,970.2931320997292,15.420000076293945,6.769999980926514,1.0,0,0
94,10005,868.0540481381735,972.0015742770673,8.520000457763672,5.099999904632568,1.0,5,0
95,5,2214.610107421875,906.3499755859375,225.41000366210938,36.61000061035156,1.0,0,0
95,26,886.2899780273438,963.22998046875,69.0,46.09000015258789,1.0,5,0
95,28,935.030029296875,987.3699951171875,33.0,20.100000381469727,1.0,5,0
95,35,970.7000122070312,953.6799926757812,85.75,51.72999954223633,1.0,5,0
95,36,995.3099975585938,979.1799926757812,51.150001525878906,22.389999389648438,1.0,0,0
96,5,2160.64990234375,870.9000244140625,251.52000427246094,39.060001373291016,1.0,0,0
96,26,865.4299926757812,960.7000122070312,69.33000183105469,44.08000183105469,1.0,5,0
96,28,916.77001953125,981.1799926757812,31.75,21.110000610351562,1.0,5,0
96,35,950.6099853515625,948.7899780273438,86.9000015258789,49.790000915527344,1.0,5,0
96,36,976.3200073242188,971.1199951171875,58.41999816894531,24.0,1.0,0,0
97,5,2143.0400390625,823.969970703125,225.5500030517578,40.27000045776367,1.0,0,0
97,10001,927.9355998278605,950.6745065689041,24.100000381469727,22.15999984741211,1.0,5,0
97,10002,927.8868595912062,954.246091893805,25.389999389648438,19.559999465942383,1.0,5,0
97,10003,945.1569704527126,964.9904684293496,5.789999961853027,5.730000019073486,1.0,3,0
97,10004,931.8411650028006,965.1292915296416,15.65999984741211,7.260000228881836,1.0,0,0
97,10005,930.1051070954521,968.6070134045962,9.529999732971191,5.170000076293945,1.0,5,0
98,5,2098.4599609375,792.3300170898438,221.97999572753906,43.2599983215332,1.0,0,0
98,10001,909.8288785175913,953.2155217357267,22.350000381469727,21.5,1.0,5,0
98,10002,911.3053020501656,956.2905446769225,24.440000534057617,19.040000915527344,1.0,5,0
98,10003,934.9545712309546,967.3217859184309,5.409999847412109,5.099999904632568,1.0,3,0
98,10004,915.6338632909568,966.6005064113057,16.43000030517578,7.590000152587891,1.0,0,0
98,10005,915.6296423709821,970.0904116731467,8.329999923706055,5.159999847412109,1.0,5,0
99,5,2054.81005859375,791.8699951171875,223.9499969482422,44.81999969482422,1.0,0,0
99,26,874.9500122070312,963.4199829101562,63.47999954223633,23.68000030517578,1.0,0,0
99,28,813.6900024414062,973.8800048828125,53.97999954223633,26.530000686645508,1.0,5,0
99,35,858.8699951171875,943.489990234375,82.41999816894531,48.59000015258789,1.0,5,0
100,5,2032.0799560546875,826.4299926757812,215.0,40.720001220703125,1.0,0,0
100,28,844.25,993.6400146484375,61.150001525878906,23.09000015258789,1.0,0,0
100,35,823.5,972.6300048828125,84.86000061035156,52.4900016784668,1.0,5,0
101,5,1990.3800048828125,858.5499877929688,207.5399932861328,38.90999984741211,1.0,0,0
101,26,736.3900146484375,1016.4500122070312,34.79999923706055,21.829999923706055,1.0,5,0
101,28,800.8599853515625,1004.6599731445312,59.61000061035156,23.690000534057617,1.0,0,0
101,35,772.5499877929688,981.3900146484375,91.62000274658203,52.65999984741211,1.0,5,0
102,5,1938.989990234375,860.3599853515625,194.11000061035156,37.09000015258789,1.0,0,0
102,10001,925.3742938315854,952.8356592156323,23.670000076293945,22.43000030517578,1.0,5,0
102,10002,928.5179482117173,955.6743822672732,25.979999542236328,19.8799991607666,1.0,5,0
102,10003,936.2054536741962,969.421043436043,5.809999942779541,5.0,1.0,3,0
102,10004,929.6868098000094,967.5760750148785,16.43000030517578,7.420000076293945,1.0,0,0
102,10005,932.7182582260936,969.893853155889,9.039999961853027,5.679999828338623,1.0,5,0
103,5,1890.300048828125,869.8900146484375,193.8000030517578,33.959999084472656,1.0,0,0
103,10001,904.7782369811132,956.0022022088868,20.59000015258789,20.68000030517578,1.0,5,0
103,10002,904.6678822556173,957.1418516105699,26.020000457763672,19.850000381469727,1.0,5,0
103,10003,903.733968130311,971.3187143637125,5.920000076293945,5.21999979019165,1.0,3,0
103,10004,903.5094953890183,969.858731719791,16.040000915527344,6.840000152587891,1.0,0,0
103,10005,909.3368954974693,971.7655681510741,9.449999809265137,5.230000019073486,1.0,5,0
104,5,1857.199951171875,900.22998046875,180.36000061035156,33.220001220703125,1.0,0,0
104,10001,879.286711474604,956.4121561111643,21.209999084472656,21.799999237060547,1.0,5,0
104,10002,882.7700526961758,959.1386665704157,24.989999771118164,19.170000076293945,1.0,5,0
104,10003,879.7257882314376,972.8048855672881,5.769999980926514,5.300000190734863,1.0,3,0
104,10004,879.0535083603372,970.6258961970997,15.869999885559082,7.590000152587891,1.0,0,0
104,10005,885.4587881049227,972.0492709123903,10.319999694824219,6.360000133514404,1.0,5,0
105,5,1818.6300048828125,907.3300170898438,181.80999755859375,35.150001525878906,1.0,0,0
105,10001,877.1086838824418,955.6655271449258,22.079999923706055,22.770000457763672,1.0,5,0
105,10002,880.5873892475453,959.1197838392585,24.670000076293945,19.420000076293945,1.0,5,0
105,10003,881.365084002883,973.0129532003124,5.71999979019165,5.170000076293945,1.0,3,0
105,10004,878.0180619499031,971.0366922797717,15.260000228881836,7.389999866485596,1.0,0,0
105,10005,884.3957728079448,972.3666501398266,9.359999656677246,6.25,1.0,5,0
106,5,1772.010009765625,878.6799926757812,203.3699951171875,38.7400016784668,1.0,0,0
106,26,585.9600219726562,1011.77001953125,63.470001220703125,27.020000457763672,1.0,0,0
106,35,554.4099731445312,987.739990234375,99.2300033569336,56.59000015258789,1.0,5,0
107,5,1744.9000244140625,841.75,172.3699951171875,37.7599983215332,1.0,0,0
107,10001,930.2104069923015,953.6827182077792,23.280000686645508,22.25,1.0,5,0
107,10002,931.9474078889567,956.8594948516379,17.290000915527344,19.469999313354492,1.0,5,0
107,10003,943.7923783803617,969.1480626834207,5.96999979019165,6.0,1.0,3,0
107,10004,934.802416367487,967.9571917621921,17.0,7.75,1.0,0,0
107,10005,932.8948297191921,969.8616262812728,10.369999885559082,6.5,1.0,5,0
108,5,1703.3499755859375,830.3200073242188,198.5,40.04999923706055,1.0,0,0
109,5,1715.7900390625,852.1799926757812,164.2100067138672,38.31999969482422,1.0,0,0
109,10001,891.321672425375,956.2006955396577,20.899999618530273,21.979999542236328,1.0,5,0
109,10003,901.4732684103635,972.5130257026141,5.860000133514404,5.119999885559082,1.0,3,0
109,10004,892.9906957205108,970.0426150432698,16.31999969482422,8.050000190734863,1.0,0,0
110,5,1680.6300048828125,877.3099975585938,181.32000732421875,35.97999954223633,1.0,0,0
110,35,432.4200134277344,1004.260009765625,106.37000274658203,58.58000183105469,1.0,5,0
111,5,1693.8699951171875,898.9199829101562,171.30999755859375,30.920000076293945,1.0,0,0
111,35,402.8900146484375,971.7899780273438,110.5999984741211,63.0,1.0,5,0
111,10001,980.1995123079713,954.2526519027482,12.75,19.75,1.0,5,0
111,10003,986.7634140397549,968.2708322041553,5.239999771118164,5.130000114440918,1.0,3,0
111,10004,980.6847005126962,965.338355537939,15.279999732971191,8.479999542236328,1.0,0,0
112,5,1677.1800537109375,930.3499755859375,129.0,28.770000457763672,1.0,0,0
112,26,417.57000732421875,967.5399780273438,68.3499984741211,27.110000610351562,1.0,0,0
112,35,374.9800109863281,937.5499877929688,116.02999877929688,61.33000183105469,1.0,5,0
112,10001,1055.1700777943583,950.7169578213147,9.760000228881836,19.559999465942383,1.0,5,0
112,10003,1057.272391320871,964.2859251727125,5.809999942779541,5.510000228881836,1.0,3,0
112,10004,1060.9912943778313,962.5870981411509,13.5,7.239999771118164,1.0,0,0
113,5,1676.5799560546875,953.1500244140625,140.3699951171875,30.59000015258789,1.0,0,0
113,26,397.989990234375,927.6500244140625,72.48999786376953,27.8700008392334,1.0,0,0
113,35,350.54998779296875,898.4500122070312,121.33000183105469,59.83000183105469,1.0,5,0
113,38,317.6499938964844,933.3400268554688,39.599998474121094,21.93000030517578,1.0,5,0
113,10003,1266.8367047089134,953.6519776059872,5.639999866485596,5.320000171661377,1.0,3,0
113,10004,1244.3958352209104,951.41754674616,10.819999694824219,9.170000076293945,1.0,0,0
114,5,1595.1600341796875,946.5900268554688,213.7899932861328,37.7599983215332,1.0,0,0
114,26,393.2099914550781,864.4400024414062,72.45999908447266,31.309999465942383,1.0,0,0
115,5,1630.8499755859375,928.4299926757812,182.8800048828125,35.529998779296875,1.0,0,0
115,40,1983.3900146484375,963.5700073242188,120.16000366210938,32.130001068115234,1.0,0,0
116,5,1677.1600341796875,927.75,149.1300048828125,36.25,1.0,0,0
117,5,1682.8299560546875,943.8400268554688,172.0,34.79999923706055,1.0,0,0
118,5,1718.9000244140625,952.010009765625,189.07000732421875,41.279998779296875,1.0,0,0
