1,1,689.76,496.69,98.74,19.40,1,0,0
1,2,65.41,505.88,54.75,26.75,1,5,0
1,3,1029.30,493.58,17.24,42.12,1,3,0
1,4,451.70,505.80,62.46,16.55,1,0,0
1,5,29.98,509.03,29.66,25.16,1,5,0
1,6,100.28,520.52,34.86,10.78,1,0,0
1,7,53.83,523.08,14.30,9.07,1,5,0
1,8,885.27,500.30,78.99,14.11,1,0,0
2,1,654.80,508.06,99.61,18.47,1,0,0
2,3,998.07,505.94,18.14,41.02,1,3,0
2,4,410.24,516.90,59.48,16.14,1,0,0
2,5,2.53,518.43,58.15,26.09,1,5,0
2,7,38.72,532.11,39.49,10.93,1,0,0
2,8,854.09,510.78,77.56,14.38,1,0,0
3,1,630.84,510.25,101.91,19.71,1,0,0
3,3,976.89,499.95,19.73,48.23,1,3,0
3,4,381.82,520.62,69.82,16.51,1,0,0
3,5,0.21,525.77,22.40,22.22,1,5,0
3,7,11.21,539.09,28.03,8.30,1,0,0
3,8,825.04,511.98,84.44,14.93,1,0,0
4,1,627.44,508.39,103.47,20.04,1,0,0
4,3,976.67,497.04,18.82,49.97,1,3,0
4,4,379.91,518.68,70.23,16.91,1,0,0
4,5,0.19,525.02,15.98,21.12,1,5,0
4,7,6.35,537.16,27.76,8.57,1,0,0
4,8,823.37,511.43,83.60,14.52,1,0,0
5,1,626.24,509.43,100.42,19.52,1,0,0
5,3,976.39,500.21,17.50,47.92,1,3,0
5,4,379.29,519.22,73.99,16.51,1,0,0
5,5,0.41,527.84,13.54,18.05,1,5,0
5,7,7.16,537.87,23.22,7.58,1,0,0
5,8,822.63,511.91,83.06,14.90,1,0,0
6,1,623.94,507.75,101.82,19.03,1,0,0
6,3,978.06,494.10,17.28,53.13,1,3,0
6,4,377.70,516.83,71.04,16.89,1,0,0
6,8,818.78,509.80,85.58,15.34,1,0,0
7,1,622.01,512.87,101.70,19.29,1,0,0
7,4,372.41,523.47,61.07,15.66,1,0,0
8,1,618.64,514.62,102.55,19.61,1,0,0
8,4,370.05,525.64,63.43,15.93,1,0,0
9,1,618.28,512.20,101.35,19.16,1,0,0
9,4,369.15,523.76,60.98,15.77,1,0,0
10,1,611.91,500.84,101.43,19.41,1,0,0
10,4,357.82,511.37,59.88,15.64,1,0,0
10,3,969.88,501.86,18.08,38.68,1,3,0
10,8,801.45,502.65,88.09,15.14,1,0,0
11,1,607.45,501.88,102.72,19.83,1,0,0
11,4,354.25,512.03,66.51,15.97,1,0,0
12,1,588.52,505.86,100.73,18.30,1,0,0
12,4,331.32,516.34,68.69,16.49,1,0,0
13,1,581.29,508.64,104.07,20.55,1,0,0
13,4,323.11,520.58,63.97,16.09,1,0,0
14,1,573.35,504.68,103.62,19.08,1,0,0
14,4,311.87,514.13,64.96,17.19,1,0,0
15,1,571.34,519.44,105.13,20.35,1,0,0
15,4,309.44,530.12,67.62,16.52,1,0,0
15,3,944.04,518.11,18.58,42.43,1,3,0
15,8,761.15,521.03,94.15,16.44,1,0,0
16,1,577.87,500.06,107.17,20.74,1,0,0
16,4,319.28,510.89,67.59,16.65,1,0,0
17,1,586.34,508.99,102.14,19.21,1,0,0
17,4,331.98,518.32,62.34,15.97,1,0,0
17,6,225.31,525.47,24.51,11.77,1,0,0
17,3,960.53,514.64,19.94,35.84,1,3,0
17,8,776.70,509.76,89.53,16.36,1,0,0
18,1,606.05,506.33,102.97,19.45,1,0,0
18,4,352.84,517.07,61.46,16.54,1,0,0
18,3,983.27,511.82,19.93,36.75,1,3,0
19,1,607.02,504.58,103.47,20.00,1,0,0
19,4,352.90,515.50,61.89,16.59,1,0,0
19,3,986.33,509.59,20.45,37.92,1,3,0
20,1,601.10,514.77,104.78,20.49,1,0,0
20,4,354.20,526.63,63.21,16.14,1,0,0
21,1,594.37,510.60,102.54,21.22,1,0,0
21,4,339.22,522.15,70.24,16.39,1,0,0
21,8,715.26,510.49,117.13,19.36,1,0,0
21,3,984.85,516.26,20.82,38.43,1,3,0
22,1,592.15,509.32,109.97,22.44,1,0,0
22,4,342.22,522.28,65.37,16.18,1,0,0
23,1,592.21,509.45,101.29,21.49,1,0,0
23,4,334.68,521.26,73.05,16.94,1,0,0
23,3,985.26,516.58,20.60,37.77,1,3,0
24,1,591.88,508.85,106.58,22.17,1,0,0
24,4,336.15,520.22,66.16,16.37,1,0,0
25,1,597.30,505.98,104.23,20.10,1,0,0
25,4,341.05,516.95,63.74,16.31,1,0,0
25,3,996.30,513.65,22.24,37.74,1,3,0
26,1,618.00,516.42,105.38,19.82,1,0,0
26,4,385.23,526.38,52.37,15.47,1,0,0
27,1,629.73,511.50,103.01,20.53,1,0,0
27,4,380.08,521.56,66.80,16.18,1,0,0
28,1,639.29,509.86,100.58,20.22,1,0,0
28,4,389.59,520.73,63.72,16.48,1,0,0
28,3,1043.66,517.77,21.37,38.86,1,3,0
29,1,642.41,508.42,102.88,20.19,1,0,0
29,4,394.68,518.62,74.29,17.19,1,0,0
29,3,1049.99,516.49,21.31,37.46,1,3,0
30,1,646.42,508.69,102.51,20.61,1,0,0
30,4,399.53,520.11,69.97,16.76,1,0,0
30,3,1055.29,517.16,20.79,37.22,1,3,0
30,8,771.12,508.09,108.15,19.28,1,0,0
31,1,650.54,511.42,101.64,20.33,1,0,0
31,4,403.48,523.04,61.97,16.26,1,0,0
31,3,1059.43,517.76,21.75,38.80,1,3,0
31,8,773.17,510.55,110.09,19.47,1,0,0
31,2,2.19,542.71,23.07,7.79,1,0,0
32,1,652.59,512.91,104.04,19.75,1,0,0
32,4,406.96,523.83,67.35,16.34,1,0,0
33,1,659.26,508.04,101.85,18.28,1,0,0
33,4,413.45,517.57,59.84,15.76,1,0,0
33,3,1069.64,515.48,21.88,38.59,1,3,0
33,2,0.22,522.10,19.12,22.07,1,5,0
34,1,670.57,512.71,91.43,19.18,1,0,0
34,4,427.18,523.95,58.57,15.42,1,0,0
34,2,0.16,525.99,38.31,28.25,1,5,0
35,1,676.92,505.67,84.72,18.59,1,0,0
35,4,431.69,516.16,63.11,16.26,1,0,0
35,2,0.28,519.58,45.61,26.20,1,5,0
35,9,19.14,533.33,44.24,11.44,1,0,0
36,1,677.91,505.06,83.74,18.96,1,0,0
36,4,436.05,514.75,59.01,15.42,1,0,0
36,2,0.10,516.33,47.85,26.72,1,5,0
36,9,21.45,530.77,44.85,10.91,1,0,0
37,1,679.76,510.41,82.24,17.53,1,0,0
37,4,437.41,518.67,57.54,15.90,1,0,0
37,2,0.13,518.41,49.77,28.23,1,5,0
37,9,23.17,533.84,45.47,11.59,1,0,0
38,1,680.20,511.11,81.79,18.76,1,0,0
38,4,438.18,520.04,59.81,15.83,1,0,0
38,2,0.33,520.13,49.27,27.25,1,5,0
38,9,22.77,534.85,45.61,11.65,1,0,0
39,1,680.81,510.83,81.21,18.96,1,0,0
39,4,439.03,519.74,58.84,15.84,1,0,0
39,2,0.27,520.51,50.13,27.55,1,5,0
39,9,23.60,535.25,45.66,11.67,1,0,0
40,1,679.21,514.20,82.50,19.00,1,0,0
40,4,433.94,524.17,62.94,15.97,1,0,0
40,2,0.19,526.04,45.99,27.97,1,5,0
40,9,19.80,541.59,45.09,11.35,1,0,0
41,1,678.75,513.08,102.78,20.11,1,0,0
41,4,436.50,524.54,59.37,16.10,1,0,0
41,2,0.00,527.92,44.30,27.63,1,5,0
41,9,17.75,542.65,45.09,11.94,1,0,0
41,8,800.71,510.42,109.37,20.61,1,0,0
41,3,1112.72,520.45,23.20,40.41,1,3,0
42,1,671.43,508.02,103.90,19.88,1,0,0
42,4,427.23,518.73,68.22,16.30,1,0,0
42,2,0.59,521.85,27.14,25.65,1,5,0
42,9,12.94,536.67,34.14,9.57,1,0,0
42,3,1114.76,513.54,23.82,44.91,1,3,0
43,1,668.94,507.38,92.91,20.02,1,0,0
43,4,426.36,518.80,66.47,16.20,1,0,0
43,2,0.30,521.69,24.05,25.08,1,5,0
44,1,669.98,510.15,105.52,21.09,1,0,0
44,4,422.95,520.81,66.23,16.16,1,0,0
44,2,0.40,527.06,20.10,20.19,1,5,0
44,8,797.00,509.23,114.38,20.64,1,0,0
44,3,1126.40,512.71,25.97,50.71,1,3,0
45,1,674.79,509.84,101.28,19.20,1,0,0
45,4,427.88,520.53,61.77,16.06,1,0,0
45,2,0.27,524.08,28.48,24.97,1,5,0
45,8,799.86,507.31,109.74,20.48,1,0,0
45,3,1135.11,515.11,24.78,44.92,1,3,0
45,9,0.31,538.08,15.31,10.41,1,0,0
46,1,684.01,508.40,77.86,18.33,1,0,0
46,4,438.13,516.26,63.40,16.08,1,0,0
46,2,0.15,516.58,41.08,26.77,1,5,0
46,9,14.80,531.77,39.54,10.25,1,0,0
47,1,688.26,511.55,73.65,18.73,1,0,0
47,4,447.46,520.03,61.81,15.93,1,0,0
47,2,0.31,519.29,49.09,27.69,1,5,0
47,9,21.25,533.87,48.25,12.11,1,0,0
48,1,708.72,505.08,52.89,19.23,1,0,0
48,4,469.85,515.67,63.11,15.94,1,0,0
48,2,16.23,519.59,63.88,27.38,1,5,0
48,9,54.78,533.37,44.79,12.12,1,0,0
49,1,722.57,500.02,39.02,20.97,1,0,0
49,4,483.74,510.66,59.41,15.77,1,0,0
49,2,38.06,513.37,62.42,26.06,1,5,0
49,9,77.16,527.02,43.75,11.10,1,0,0
49,11,16.79,529.54,20.92,11.07,1,5,0
50,4,520.84,517.63,58.07,15.47,1,0,0
50,2,43.51,519.52,38.10,30.32,1,5,0
50,9,127.01,534.83,42.32,12.22,1,0,0
50,11,69.61,537.47,21.13,11.39,1,5,0
50,12,90.35,521.35,60.75,27.07,1,5,0
50,3,1255.87,508.59,28.58,52.77,1,3,0
51,4,533.13,521.07,57.81,15.16,1,0,0
51,2,59.61,523.73,40.75,30.22,1,5,0
51,9,143.33,538.25,39.69,11.86,1,0,0
51,11,86.74,541.75,20.89,10.93,1,5,0
51,12,106.59,525.44,60.72,26.84,1,5,0
51,3,1272.21,512.66,28.96,51.64,1,3,0
52,4,579.11,522.51,57.43,14.65,1,0,0
52,2,125.69,524.26,36.53,29.65,1,5,0
52,9,203.89,539.72,37.24,11.90,1,0,0
52,11,150.32,541.77,19.90,11.31,1,5,0
52,12,169.84,525.26,54.87,27.40,1,5,0
52,3,1334.25,500.06,30.09,67.40,1,3,0
53,4,592.22,523.68,53.76,14.51,1,0,0
53,2,142.40,525.95,35.06,29.04,1,5,0
53,9,219.14,540.66,37.64,11.55,1,0,0
53,11,166.10,543.41,19.71,10.66,1,5,0
53,12,185.07,527.65,55.07,25.93,1,5,0
53,3,1352.10,512.40,31.63,56.62,1,3,0
54,4,621.21,514.99,53.77,14.55,1,0,0
54,2,181.27,512.99,34.67,29.70,1,5,0
54,9,256.02,530.10,35.59,10.24,1,0,0
54,11,204.68,531.17,18.95,10.70,1,5,0
54,12,222.94,515.34,52.54,25.93,1,5,0
54,3,1401.69,508.45,32.34,60.91,1,3,0
54,6,331.51,530.78,16.67,5.75,1,0,0
55,4,629.24,513.75,54.78,13.94,1,0,0
55,2,192.32,513.08,36.31,29.40,1,5,0
55,9,267.90,528.12,34.96,12.15,1,0,0
55,11,215.88,530.81,18.82,10.85,1,5,0
55,12,234.16,516.05,52.92,25.14,1,5,0
55,3,1415.27,497.89,33.34,67.29,1,3,0
56,4,650.21,510.80,55.81,14.65,1,0,0
56,2,220.38,510.93,35.27,29.34,1,5,0
56,9,293.25,526.89,34.63,10.62,1,0,0
56,12,261.47,513.70,51.89,25.13,1,5,0
56,3,1458.98,507.45,32.99,56.03,1,3,0
57,4,658.05,512.85,55.08,15.13,1,0,0
57,2,228.02,511.59,33.74,29.40,1,5,0
57,9,299.99,527.49,34.91,10.95,1,0,0
57,12,268.63,514.40,50.18,25.14,1,5,0
57,3,1469.83,510.96,34.17,58.02,1,3,0
57,8,884.57,502.92,102.52,20.28,1,0,0
57,11,250.12,529.86,19.17,10.63,1,5,0
58,4,661.40,513.25,52.46,14.18,1,0,0
58,2,233.31,507.70,33.13,30.38,1,5,0
58,9,304.97,525.10,35.50,10.86,1,0,0
58,12,273.74,511.46,50.38,25.37,1,5,0
58,3,1479.67,514.70,34.07,59.50,1,3,0
58,11,256.15,525.88,18.38,11.15,1,5,0
59,4,669.52,508.41,58.09,14.88,1,0,0
59,2,241.90,509.77,33.87,29.83,1,5,0
59,9,313.18,526.18,35.31,10.84,1,0,0
59,12,281.88,512.76,51.16,25.41,1,5,0
59,3,1509.97,498.44,36.61,60.80,1,3,0
60,4,672.32,517.07,53.89,14.31,1,0,0
60,2,245.52,514.60,34.08,30.29,1,5,0
60,9,316.57,531.29,36.15,11.29,1,0,0
60,12,286.05,518.17,50.94,25.60,1,5,0
60,3,1520.32,514.71,37.61,59.65,1,3,0
60,11,268.28,533.39,18.51,10.47,1,5,0
61,4,669.60,508.66,56.44,14.91,1,0,0
61,2,238.94,510.42,34.35,29.65,1,5,0
61,9,310.79,526.33,35.52,10.81,1,0,0
61,12,279.99,512.99,51.74,25.59,1,5,0
61,3,1537.76,497.11,37.29,65.24,1,3,0
62,4,666.06,504.42,56.50,14.27,1,0,0
62,2,233.87,501.43,34.15,30.20,1,5,0
62,9,305.87,518.76,36.78,10.81,1,0,0
62,12,274.57,504.54,51.95,26.08,1,5,0
62,3,1540.92,499.46,39.17,64.19,1,3,0
62,11,256.51,520.09,18.63,10.50,1,5,0
63,4,651.46,509.74,52.58,14.68,1,0,0
63,2,210.25,509.77,36.55,30.44,1,5,0
63,9,285.21,526.60,36.08,10.69,1,0,0
63,12,253.05,514.20,53.50,24.61,1,5,0
63,3,1542.40,498.99,40.21,67.15,1,3,0
63,11,228.69,526.99,22.03,12.65,1,5,0
64,4,646.32,512.19,55.29,14.59,1,0,0
64,2,204.25,511.52,36.02,30.54,1,5,0
64,9,278.90,527.17,37.48,12.57,1,0,0
64,12,246.47,515.48,54.09,25.14,1,5,0
64,3,1543.04,496.67,39.04,73.14,1,3,0
64,11,227.82,530.84,19.01,10.41,1,5,0
65,4,624.32,502.63,59.84,15.75,1,0,0
65,2,168.02,500.55,37.92,31.88,1,5,0
65,9,246.63,517.94,41.12,11.35,1,0,0
65,12,214.20,503.80,57.25,27.55,1,5,0
65,3,1535.01,488.22,39.66,77.32,1,3,0
65,11,194.78,520.07,19.62,11.23,1,5,0
65,8,853.66,491.17,104.78,21.03,1,0,0
66,4,616.48,505.94,64.12,15.49,1,0,0
66,2,156.83,502.61,40.23,31.74,1,5,0
66,9,238.00,520.43,38.85,11.37,1,0,0
66,12,204.79,505.71,56.65,27.38,1,5,0
66,3,1531.74,498.82,39.75,71.57,1,3,0
66,11,185.34,522.24,19.51,11.21,1,5,0
67,4,592.83,511.34,55.56,15.27,1,0,0
67,2,113.59,511.29,44.64,31.89,1,5,0
67,9,201.35,528.75,42.50,11.44,1,0,0
67,12,167.49,515.92,58.33,25.83,1,5,0
67,3,1518.08,476.50,40.49,92.96,1,3,0
67,11,147.02,530.52,20.14,11.34,1,5,0
67,8,824.40,497.13,141.90,23.34,1,0,0
68,4,583.85,510.52,55.14,15.51,1,0,0
68,2,103.61,506.26,45.49,32.04,1,5,0
68,9,190.02,523.48,42.67,12.14,1,0,0
68,12,155.62,511.43,59.74,25.72,1,5,0
68,3,1513.03,480.67,40.53,95.57,1,3,0
68,11,134.36,525.78,21.31,11.74,1,5,0
68,8,816.33,498.78,107.53,22.49,1,0,0
69,4,554.56,508.71,60.93,15.69,1,0,0
69,2,55.50,511.59,49.89,32.70,1,5,0
69,9,149.98,528.60,45.03,12.39,1,0,0
69,12,114.91,515.75,62.48,26.57,1,5,0
69,3,1496.55,488.06,40.44,76.96,1,3,0
69,11,91.79,531.16,22.38,11.57,1,5,0
70,4,546.29,514.22,72.34,16.70,1,0,0
70,2,40.97,516.23,52.68,33.54,1,5,0
70,9,137.36,533.48,45.23,12.90,1,0,0
70,12,100.56,519.98,64.47,28.32,1,5,0
70,3,1489.10,499.07,40.54,71.79,1,3,0
70,11,78.59,537.74,21.18,10.93,1,5,0
70,1,782.90,501.56,104.67,21.65,1,0,0
70,8,907.27,500.42,106.39,20.70,1,0,0
71,4,515.44,504.84,62.20,16.43,1,0,0
71,2,0.22,501.79,42.00,34.45,1,5,0
71,9,88.52,519.70,37.63,12.63,1,0,0
71,12,51.44,506.66,71.02,28.16,1,5,0
71,3,1467.73,485.88,40.61,84.91,1,3,0
71,11,25.78,523.31,23.17,11.57,1,5,0
71,6,182.25,522.64,16.68,6.06,1,0,0
72,4,496.88,505.10,72.51,16.58,1,0,0
72,2,0.28,509.62,20.39,31.36,1,5,0
72,9,67.28,524.69,49.50,12.83,1,0,0
72,12,28.35,511.61,68.17,28.39,1,5,0
72,3,1456.09,479.76,40.30,83.16,1,3,0
72,1,742.02,492.40,104.47,20.81,1,0,0
72,8,912.25,498.69,63.01,18.21,1,1,0
73,4,467.59,518.12,71.08,16.64,1,0,0
73,3,1432.03,497.07,40.41,90.49,1,3,0
73,1,710.73,507.52,108.12,22.62,1,0,0
73,8,879.25,518.59,62.28,16.95,1,1,0
73,11,0.49,531.43,18.67,13.07,1,5,0
74,4,464.69,528.28,75.04,16.69,1,0,0
74,3,1437.26,504.05,41.50,87.12,1,3,0
74,1,710.22,516.04,121.82,22.62,1,0,0
74,8,914.38,520.30,92.87,16.11,1,0,0
74,11,0.47,530.92,41.26,27.53,1,5,0
74,9,12.68,544.06,51.51,12.99,1,0,0
75,4,472.21,521.89,72.85,16.79,1,0,0
75,3,1442.34,499.48,41.53,90.06,1,3,0
75,1,714.24,511.77,106.91,21.56,1,0,0
75,11,0.41,521.49,47.77,29.05,1,5,0
75,9,18.37,535.73,53.65,13.67,1,0,0
76,4,500.99,505.64,65.15,16.95,1,0,0
76,3,1475.01,494.75,40.97,77.38,1,3,0
76,1,740.76,493.64,106.54,22.88,1,0,0
76,11,4.23,525.71,20.91,10.26,1,5,0
76,9,65.40,521.40,27.67,11.68,1,0,0
76,2,0.51,506.00,19.98,30.47,1,5,0
76,12,26.87,508.12,66.00,27.90,1,5,0
76,8,895.33,500.71,61.30,19.96,1,1,0
77,4,513.87,526.97,62.15,15.81,1,0,0
77,3,1487.20,498.24,41.11,87.06,1,3,0
77,11,20.82,546.47,23.15,13.07,1,5,0
77,9,84.71,544.24,45.70,12.84,1,0,0
77,2,0.04,526.50,34.44,33.80,1,5,0
77,12,46.10,531.19,67.92,27.92,1,5,0
78,4,557.41,499.56,57.23,15.75,1,0,0
78,3,1530.39,487.27,43.77,87.29,1,3,0
78,11,88.51,515.26,22.13,10.86,1,5,0
78,9,111.77,497.93,61.66,28.25,1,5,0
78,12,45.80,492.71,59.25,34.29,1,5,0
78,6,146.38,511.66,41.04,12.18,1,0,0
79,4,615.65,520.14,60.42,15.18,1,0,0
79,3,1594.58,487.49,45.41,100.81,1,3,0
79,11,174.05,536.90,19.33,11.70,1,5,0
79,9,194.03,521.45,55.21,26.97,1,5,0
79,12,145.05,517.41,39.63,32.30,1,5,0
79,6,227.10,535.03,41.34,12.05,1,0,0
80,4,628.65,521.04,57.31,15.13,1,0,0
80,3,1607.85,491.80,48.05,99.07,1,3,0
80,11,190.58,538.58,20.20,11.03,1,5,0
80,9,212.01,523.04,57.74,26.26,1,5,0
80,12,157.41,518.36,47.56,31.95,1,5,0
80,6,244.42,535.71,40.39,12.10,1,0,0
81,4,669.69,498.26,55.00,14.31,1,0,0
81,3,1655.77,494.63,48.14,77.88,1,3,0
81,11,248.03,514.67,18.21,10.40,1,5,0
81,9,266.52,499.07,52.37,25.87,1,5,0
81,12,218.64,494.30,41.86,31.49,1,5,0
81,6,297.27,512.23,31.36,10.86,1,0,0
82,4,683.35,513.89,52.94,14.70,1,0,0
82,3,1672.67,479.80,49.64,107.73,1,3,0
82,9,286.10,514.30,51.38,25.39,1,5,0
82,12,241.56,510.24,36.81,30.62,1,5,0
82,6,317.25,526.70,37.75,12.21,1,0,0
83,4,695.91,525.49,61.45,14.41,1,0,0
83,3,1687.43,504.79,50.39,92.05,1,3,0
83,9,300.94,525.34,61.33,26.25,1,5,0
83,12,250.90,521.99,45.27,30.84,1,5,0
83,6,330.92,538.47,38.02,11.87,1,0,0
83,11,281.75,540.24,19.90,11.55,1,5,0
84,4,729.05,507.05,55.40,14.91,1,0,0
84,3,1729.51,474.11,52.13,99.74,1,3,0
84,9,341.78,510.28,62.81,25.87,1,5,0
84,12,292.44,507.29,44.47,30.31,1,5,0
84,6,370.76,522.97,34.83,11.44,1,0,0
84,11,323.58,526.53,18.31,10.04,1,5,0
84,8,952.80,493.50,102.97,20.84,1,0,0
85,4,734.28,505.04,27.28,14.33,1,0,0
85,3,1741.48,495.34,52.72,80.81,1,3,0
85,9,350.42,507.40,58.37,26.55,1,5,0
85,12,302.08,504.68,43.05,30.06,1,5,0
85,6,378.52,520.55,33.24,11.03,1,0,0
85,11,331.68,523.79,18.10,10.14,1,5,0
86,4,704.61,520.97,59.21,15.77,1,0,0
86,3,1726.51,472.97,55.33,116.99,1,3,0
86,9,310.04,525.58,56.16,26.02,1,5,0
86,12,258.67,521.99,46.03,31.12,1,5,0
86,6,340.96,538.53,31.27,10.89,1,0,0
86,11,291.68,541.84,18.94,10.11,1,5,0
86,8,930.05,508.41,106.99,21.60,1,0,0
87,4,690.62,519.64,58.67,15.61,1,0,0
87,3,1716.07,473.79,53.51,118.08,1,3,0
87,9,290.08,522.84,54.25,25.89,1,5,0
87,12,240.61,518.89,42.60,30.92,1,5,0
87,6,321.08,534.91,38.44,12.20,1,0,0
87,11,271.41,538.24,18.14,10.74,1,5,0
87,16,1030.51,504.62,166.56,22.34,1,0,0
87,8,916.21,505.91,112.05,22.87,1,0,0
88,4,657.62,514.39,57.12,14.50,1,0,0
88,3,1711.97,476.29,54.70,113.36,1,3,0
88,9,247.92,515.17,58.91,26.65,1,5,0
88,12,192.82,510.71,48.10,32.50,1,5,0
88,6,278.29,528.04,39.38,12.49,1,0,0
88,11,226.89,531.39,19.84,10.63,1,5,0
89,4,655.77,527.71,56.33,14.14,1,0,0
89,3,1721.78,474.50,56.14,123.41,1,3,0
89,9,242.70,529.95,57.83,27.70,1,5,0
89,12,188.35,526.51,49.42,32.15,1,5,0
89,6,274.38,542.73,40.08,12.26,1,0,0
89,11,222.62,546.95,19.76,10.72,1,5,0
90,4,661.75,517.28,62.52,15.79,1,0,0
90,3,1776.19,511.06,60.34,88.31,1,3,0
90,9,248.33,518.31,67.72,26.80,1,5,0
90,12,193.75,514.30,48.22,32.02,1,5,0
90,6,279.47,530.91,38.71,12.19,1,0,0
90,11,227.34,534.48,20.57,10.87,1,5,0
90,16,996.78,505.77,130.45,20.90,1,0,0
90,8,889.70,505.99,105.29,22.71,1,0,0
91,4,666.09,524.80,55.60,14.62,1,0,0
91,3,1797.54,511.54,62.42,93.48,1,3,0
91,9,253.66,527.63,55.06,26.30,1,5,0
91,12,199.87,522.78,46.72,32.49,1,5,0
91,6,284.32,540.74,41.26,11.81,1,0,0
91,11,232.77,543.21,20.15,10.81,1,5,0
92,4,671.45,524.88,51.19,14.26,1,0,0
92,3,1821.49,494.15,64.73,107.09,1,3,0
92,9,259.15,528.67,55.47,26.46,1,5,0
92,12,207.43,524.90,44.38,31.77,1,5,0
92,6,291.35,541.55,38.43,11.83,1,0,0
92,11,237.80,544.28,20.15,11.27,1,5,0
93,4,681.26,521.84,55.51,14.46,1,0,0
93,9,271.14,522.89,68.65,26.58,1,5,0
93,12,217.73,518.37,48.23,32.17,1,5,0
93,6,301.50,535.18,35.34,11.96,1,0,0
93,11,249.65,538.98,20.01,10.58,1,5,0
94,4,670.65,517.04,63.88,16.00,1,0,0
94,9,251.79,522.07,56.32,27.34,1,5,0
94,12,194.86,517.61,49.13,33.55,1,5,0
94,6,285.29,535.57,40.49,12.20,1,0,0
94,11,230.05,538.46,21.05,11.55,1,5,0
94,8,898.19,506.06,102.81,20.81,1,0,0
95,4,652.85,532.62,54.75,14.90,1,0,0
95,9,229.51,538.10,60.94,27.55,1,5,0
95,12,171.67,533.80,52.25,33.93,1,5,0
95,6,262.77,550.94,39.56,12.71,1,0,0
95,11,208.09,555.96,20.36,10.06,1,5,0
96,4,593.36,516.37,66.10,16.67,1,0,0
96,9,142.79,515.97,71.52,27.73,1,5,0
96,12,77.73,510.02,58.73,34.85,1,5,0
96,6,178.15,529.26,36.03,12.08,1,0,0
96,11,118.39,533.61,21.28,9.93,1,5,0
96,1,828.18,505.76,113.34,24.06,1,0,0
96,8,921.27,520.80,59.91,14.33,1,1,0
97,4,593.28,526.04,61.10,16.03,1,0,0
97,9,138.19,523.52,63.23,27.77,1,5,0
97,12,71.15,517.58,59.44,35.12,1,5,0
97,6,176.29,537.84,44.65,12.42,1,0,0
97,11,112.41,539.23,23.47,12.43,1,5,0
98,4,657.10,524.36,69.37,16.68,1,0,0
98,9,225.72,525.27,70.40,26.89,1,5,0
98,12,165.86,519.55,53.49,33.90,1,5,0
98,6,259.45,538.14,44.04,12.82,1,0,0
98,11,201.95,541.25,21.80,11.33,1,5,0
98,16,886.64,515.05,104.01,21.49,1,0,0
98,8,976.36,526.19,58.30,15.61,1,1,0
99,4,674.16,528.62,73.08,16.85,1,0,0
99,9,248.77,529.61,59.92,27.10,1,5,0
99,12,190.01,524.94,50.73,33.07,1,5,0
99,6,282.87,543.27,40.96,12.43,1,0,0
99,11,225.75,544.47,21.29,12.55,1,5,0
99,16,904.82,519.15,135.53,22.73,1,0,0
99,8,991.81,530.06,59.82,16.55,1,1,0
100,9,329.83,533.17,58.94,26.33,1,5,0
100,12,276.17,529.06,46.88,32.24,1,5,0
100,6,361.06,545.38,36.95,12.25,1,0,0
100,11,308.67,548.68,20.14,11.62,1,5,0
101,9,349.30,522.06,56.76,25.79,1,5,0
101,12,294.50,516.91,47.64,32.14,1,5,0
101,6,381.16,534.79,37.66,11.88,1,0,0
101,11,328.95,536.52,19.42,11.75,1,5,0
102,9,390.27,534.45,53.31,25.96,1,5,0
102,12,336.73,530.75,46.30,31.12,1,5,0
102,6,420.34,546.62,38.30,12.03,1,0,0
102,11,369.69,549.75,18.98,11.11,1,5,0
103,9,405.89,527.47,61.90,25.60,1,5,0
103,12,352.72,523.24,46.29,31.33,1,5,0
103,6,435.56,538.89,36.14,12.52,1,0,0
103,11,384.93,542.99,18.99,10.53,1,5,0
104,9,442.28,526.56,52.17,25.87,1,5,0
104,12,389.13,522.48,46.00,31.15,1,5,0
104,6,473.17,540.14,36.87,11.60,1,0,0
104,11,421.87,542.02,19.31,10.94,1,5,0
105,9,454.62,524.15,52.80,25.85,1,5,0
105,12,402.80,520.55,45.47,30.68,1,5,0
105,6,486.14,537.07,35.49,11.89,1,0,0
105,11,434.88,539.46,19.48,11.22,1,5,0
105,18,0.07,493.31,165.94,76.21,1,5,0
105,1,850.12,522.49,45.92,14.67,1,0,0
105,8,1078.52,508.48,133.73,23.11,1,0,0
106,9,500.57,528.74,51.70,26.25,1,5,0
106,12,447.75,524.65,45.38,31.54,1,5,0
106,6,530.25,542.66,35.85,11.50,1,0,0
106,11,480.77,543.53,18.91,11.91,1,5,0
106,18,30.96,497.02,188.56,74.16,1,5,0
106,8,1253.22,512.34,128.80,22.57,1,0,0
107,9,513.42,528.87,50.33,25.06,1,5,0
107,12,459.86,524.51,46.13,30.92,1,5,0
107,6,542.75,541.94,34.70,11.42,1,0,0
107,11,493.45,543.26,19.12,11.20,1,5,0
107,18,49.63,496.22,184.58,73.85,1,5,0
107,8,1264.65,513.67,124.21,21.98,1,0,0
107,4,755.69,538.12,15.77,8.38,1,0,0
107,1,904.81,527.11,65.39,15.78,1,0,0
108,9,554.39,528.15,51.79,25.52,1,5,0
108,12,503.40,523.64,44.95,31.56,1,5,0
108,6,584.56,541.21,33.84,11.36,1,0,0
108,11,535.45,544.04,18.15,10.22,1,5,0
108,18,104.13,499.24,178.18,71.99,1,5,0
108,2,0.57,544.70,39.63,28.07,1,5,0
109,9,565.42,526.95,49.49,25.70,1,5,0
109,12,514.48,522.93,44.23,31.24,1,5,0
109,6,595.07,540.71,32.90,11.06,1,0,0
109,11,546.31,542.71,18.11,10.59,1,5,0
109,18,117.54,494.78,176.62,73.00,1,5,0
109,2,0.32,525.58,53.59,44.14,1,5,0
109,8,1316.36,511.40,194.31,23.01,1,0,0
110,9,587.35,528.59,50.14,26.14,1,5,0
110,12,536.36,525.63,43.21,30.78,1,5,0
110,6,615.42,541.76,34.82,11.54,1,0,0
110,11,568.07,544.04,18.57,11.08,1,5,0
110,18,140.98,501.19,175.50,72.97,1,5,0
110,2,0.38,513.18,77.85,67.31,1,5,0
110,22,1241.23,506.70,95.40,25.94,1,0,0
110,8,1338.58,504.51,133.10,23.49,1,0,0
111,9,583.67,528.76,50.10,25.02,1,5,0
111,12,531.10,523.92,45.91,31.31,1,5,0
111,6,612.19,541.34,36.09,11.61,1,0,0
111,11,563.81,543.31,18.54,11.07,1,5,0
111,18,133.24,495.92,176.04,75.66,1,5,0
111,22,1275.25,526.31,62.11,14.76,1,1,0
111,8,1336.32,509.51,134.34,22.51,1,0,0
112,9,562.34,525.59,51.41,25.85,1,5,0
112,12,510.48,521.11,46.11,31.58,1,5,0
112,6,592.16,538.47,35.10,12.42,1,0,0
112,18,94.30,492.02,184.80,77.17,1,5,0
112,8,1321.49,507.50,131.60,23.22,1,0,0
112,2,0.62,544.28,26.18,27.00,1,5,0
113,9,558.32,530.15,50.65,26.09,1,5,0
113,12,506.57,526.56,44.41,30.84,1,5,0
113,6,587.89,543.45,36.68,11.32,1,0,0
113,18,84.67,498.95,189.56,76.47,1,5,0
113,8,1315.99,510.92,133.32,22.71,1,0,0
113,2,0.53,554.45,13.63,22.77,1,5,0
113,11,538.57,544.90,19.19,11.79,1,5,0
113,22,1253.45,527.61,63.18,15.05,1,1,0
114,9,532.01,534.75,54.42,25.83,1,5,0
114,12,478.13,530.10,46.72,31.74,1,5,0
114,6,562.62,547.56,37.11,11.65,1,0,0
114,18,32.40,496.82,203.16,83.44,1,5,0
114,8,1291.84,515.24,144.70,23.21,1,0,0
114,11,511.70,549.45,18.32,11.53,1,5,0
115,9,526.00,533.84,53.30,25.43,1,5,0
115,12,472.21,529.42,46.38,31.01,1,5,0
115,6,556.07,546.14,36.47,11.93,1,0,0
115,18,17.65,499.61,207.90,78.81,1,5,0
115,8,1287.09,516.73,132.37,22.81,1,0,0
115,11,504.86,547.80,19.53,11.86,1,5,0
116,9,502.33,530.42,56.05,26.69,1,5,0
116,12,448.36,526.17,47.36,32.18,1,5,0
116,6,533.87,543.25,37.95,12.13,1,0,0
116,18,0.30,496.62,190.82,81.72,1,5,0
116,8,1271.17,509.73,128.70,21.86,1,0,0
116,11,480.50,545.73,20.03,11.69,1,5,0
116,1,905.08,525.73,55.15,15.44,1,0,0
116,22,1137.43,512.78,130.34,22.02,1,0,0
117,9,495.28,522.55,66.12,28.14,1,5,0
117,12,438.14,519.79,50.37,32.26,1,5,0
117,6,526.69,536.63,37.91,12.38,1,0,0
117,18,0.44,498.80,176.36,73.41,1,5,0
117,8,1267.69,506.14,135.32,21.81,1,0,0
117,11,473.30,538.99,21.15,12.27,1,5,0
117,1,900.26,520.39,57.70,15.78,1,0,0
117,22,1134.72,507.30,126.74,23.14,1,0,0
118,9,490.88,525.77,60.15,28.47,1,5,0
118,12,434.09,522.41,49.99,33.54,1,5,0
118,6,522.05,540.03,37.69,12.65,1,0,0
118,18,0.49,493.96,169.41,82.25,1,5,0
118,8,1259.15,506.99,168.96,22.38,1,0,0
118,11,468.15,543.71,20.69,10.98,1,5,0
119,9,484.77,523.69,58.86,27.62,1,5,0
119,12,429.05,520.33,49.92,32.50,1,5,0
119,6,516.92,537.65,38.86,12.37,1,0,0
119,18,0.40,502.75,154.19,69.58,1,5,0
119,8,1260.70,507.97,139.18,21.93,1,0,0
119,11,462.17,540.42,21.67,11.68,1,5,0
119,25,1349.04,523.43,5.25,9.90,1,3,0
119,1,894.24,521.94,61.37,15.64,1,0,0
119,22,1128.62,508.85,129.61,23.33,1,0,0
120,9,485.55,520.74,59.78,29.03,1,5,0
120,12,428.40,518.05,50.43,32.69,1,5,0
120,6,517.27,535.39,39.63,12.46,1,0,0
120,18,0.26,494.04,154.10,75.91,1,5,0
120,8,1262.23,504.81,129.08,22.29,1,0,0
120,11,462.80,538.03,21.23,12.01,1,5,0
121,9,485.33,519.71,58.95,27.57,1,5,0
121,12,427.04,516.46,51.11,32.08,1,5,0
121,6,516.24,532.78,39.39,12.83,1,0,0
121,18,0.15,495.80,153.74,72.77,1,5,0
121,8,1261.10,501.54,136.11,22.41,1,0,0
121,11,462.13,535.59,20.73,12.17,1,5,0
121,25,1352.43,515.68,5.56,10.98,1,3,0
122,9,480.03,521.52,60.05,27.86,1,5,0
122,12,421.81,517.47,50.12,32.75,1,5,0
122,6,512.28,534.58,39.73,12.97,1,0,0
122,18,0.42,510.36,138.07,57.74,1,5,0
122,8,1263.57,505.91,137.03,22.72,1,0,0
122,11,456.20,537.20,20.86,12.20,1,5,0
123,9,478.89,517.98,58.44,27.87,1,5,0
123,12,421.51,514.13,49.49,33.21,1,5,0
123,6,511.21,531.72,39.55,12.71,1,0,0
123,18,0.54,507.69,135.42,56.22,1,5,0
123,8,1259.59,502.85,143.71,23.36,1,0,0
123,11,455.56,533.97,21.41,12.44,1,5,0
124,9,475.98,526.96,59.03,28.36,1,5,0
124,12,416.87,523.19,51.76,33.87,1,5,0
124,6,509.04,540.98,40.04,12.34,1,0,0
124,18,0.27,502.49,124.33,72.75,1,5,0
124,8,1267.06,508.74,137.68,21.91,1,0,0
124,11,451.89,544.37,21.29,11.67,1,5,0
124,4,730.90,538.69,20.10,5.78,1,0,0
124,25,1357.80,524.09,5.11,9.64,1,3,0
125,9,473.30,522.17,68.00,28.65,1,5,0
125,12,412.96,518.45,53.11,33.56,1,5,0
125,6,506.90,535.80,37.63,13.11,1,0,0
125,18,0.39,504.65,118.36,64.79,1,5,0
125,8,1266.28,508.37,138.10,22.70,1,0,0
125,11,448.13,538.61,20.83,12.76,1,5,0
125,4,728.84,535.24,19.30,6.50,1,0,0
125,25,1358.87,524.96,4.45,8.85,1,3,0
126,9,457.93,524.52,61.93,29.89,1,5,0
126,12,397.29,521.46,52.48,34.65,1,5,0
126,6,491.19,538.85,38.93,13.84,1,0,0
126,18,0.45,510.53,90.33,64.37,1,5,0
126,8,1248.81,504.93,175.96,22.82,1,0,0
126,11,432.59,542.53,22.25,12.53,1,5,0
126,4,715.90,535.31,19.74,7.53,1,1,0
127,9,451.57,526.26,60.73,30.14,1,5,0
127,12,389.71,522.95,52.86,35.04,1,5,0
127,6,485.43,541.62,41.12,13.06,1,0,0
127,8,1252.66,510.73,159.36,21.79,1,0,0
127,11,426.32,543.80,22.25,13.11,1,5,0
127,4,710.18,536.55,18.54,9.74,1,0,0
127,1,873.89,525.62,67.60,16.03,1,0,0
127,22,1111.87,514.98,101.34,20.08,1,0,0
128,9,439.68,523.65,61.01,30.14,1,5,0
128,12,375.54,520.45,55.74,35.34,1,5,0
128,6,473.65,538.90,39.60,13.14,1,0,0
128,8,1244.62,507.28,134.31,22.51,1,0,0
128,11,414.09,541.89,23.24,12.63,1,5,0
128,4,700.32,536.45,20.86,7.03,1,1,0
128,18,0.53,526.80,52.80,43.37,1,5,0
129,9,437.26,524.61,62.33,31.61,1,5,0
129,12,374.86,522.76,53.67,35.42,1,5,0
129,6,472.32,540.84,40.08,13.09,1,0,0
129,8,1240.00,505.84,142.55,22.98,1,0,0
129,11,411.87,543.41,23.33,13.47,1,5,0
129,18,0.66,530.18,46.89,43.69,1,5,0
129,1,862.86,522.13,73.82,16.74,1,0,0
129,22,1104.65,510.03,121.13,22.17,1,0,0
130,9,439.01,524.62,61.52,29.20,1,5,0
130,12,375.91,520.92,54.90,34.92,1,5,0
130,6,473.28,539.15,39.89,13.06,1,0,0
130,8,1246.65,506.25,139.70,21.72,1,0,0
130,11,412.88,541.76,23.74,12.94,1,5,0
130,18,0.63,527.53,47.81,42.86,1,5,0
130,25,1346.09,520.19,4.84,10.65,1,3,0
130,4,701.16,535.45,20.74,7.45,1,1,0
131,9,442.27,520.29,61.62,28.93,1,5,0
131,12,379.00,516.54,54.45,34.06,1,5,0
131,6,476.63,534.64,40.79,13.12,1,0,0
131,8,1243.93,506.59,146.19,22.07,1,0,0
131,11,415.87,536.78,21.31,13.12,1,5,0
131,18,0.37,522.40,50.94,41.05,1,5,0
131,25,1171.41,521.60,62.33,16.29,1,1,0
131,1,868.80,519.54,72.93,16.55,1,0,0
131,22,1109.87,509.41,111.02,22.08,1,0,0
132,9,440.84,518.51,62.16,29.19,1,5,0
132,12,377.26,514.85,55.39,34.26,1,5,0
132,6,475.27,532.90,41.87,13.32,1,0,0
132,8,1242.56,507.96,147.02,22.31,1,0,0
132,11,414.21,535.11,22.42,13.27,1,5,0
132,18,0.66,518.61,47.66,41.95,1,5,0
132,1,869.06,519.31,73.48,16.31,1,0,0
132,22,1109.14,510.64,101.42,21.33,1,0,0
133,9,444.97,518.93,61.70,29.12,1,5,0
133,12,381.38,515.03,53.66,34.08,1,5,0
133,6,478.27,533.10,41.23,13.15,1,0,0
133,8,1249.38,506.29,143.78,22.39,1,0,0
133,11,417.87,534.85,21.54,13.56,1,5,0
133,18,0.34,521.07,51.18,40.09,1,5,0
134,9,448.43,522.46,60.84,29.83,1,5,0
134,12,385.44,519.10,53.15,35.20,1,5,0
134,6,482.89,537.45,40.18,12.94,1,0,0
134,8,1259.21,505.70,146.66,22.74,1,0,0
134,11,422.27,539.90,21.45,13.30,1,5,0
135,9,455.87,523.00,61.03,29.27,1,5,0
135,12,391.97,519.71,53.67,34.73,1,5,0
135,6,489.74,537.01,39.77,13.49,1,0,0
135,8,1265.56,500.29,162.01,23.00,1,0,0
135,11,429.29,540.05,21.39,13.27,1,5,0
136,9,482.39,521.51,59.92,29.07,1,5,0
136,12,420.63,516.99,52.24,34.74,1,5,0
136,6,516.03,536.80,41.30,12.73,1,0,0
136,8,1294.10,512.98,150.00,21.72,1,0,0
136,11,455.55,538.73,23.77,12.63,1,5,0
136,1,907.30,524.03,69.55,16.08,1,0,0
136,22,1148.93,515.66,123.40,20.82,1,0,0
136,18,0.25,514.47,96.01,51.05,1,5,0
137,9,502.74,516.86,60.07,29.10,1,5,0
137,12,441.34,511.84,53.23,35.60,1,5,0
137,6,537.32,531.04,40.08,13.19,1,0,0
137,8,1316.12,507.33,176.95,23.09,1,0,0
137,11,477.27,534.02,21.30,12.63,1,5,0
137,1,926.97,519.62,65.23,15.72,1,0,0
137,22,1168.17,511.37,96.81,20.53,1,0,0
137,18,0.20,474.03,123.79,88.47,1,5,0
137,4,760.28,529.27,18.62,9.15,1,0,0
137,25,1227.49,522.74,63.63,16.20,1,1,0
138,9,584.04,515.41,58.62,28.78,1,5,0
138,12,523.24,511.72,50.90,34.82,1,5,0
138,6,616.40,529.68,41.13,13.05,1,0,0
138,8,1397.91,493.75,146.18,22.76,1,0,0
138,11,558.93,532.70,23.04,12.67,1,5,0
138,1,1001.30,512.17,72.59,15.88,1,0,0
138,22,1244.91,499.23,111.06,21.82,1,0,0
138,18,0.22,482.15,226.51,89.11,1,5,0
138,25,1303.80,511.80,66.08,15.38,1,1,0
139,9,594.29,518.89,58.82,29.13,1,5,0
139,12,533.30,515.76,52.61,34.12,1,5,0
139,6,626.52,533.22,39.70,12.64,1,0,0
139,11,569.09,535.78,20.36,13.39,1,5,0
139,22,1253.52,496.63,125.91,25.46,1,0,0
139,18,0.00,485.25,239.09,91.16,1,5,0
139,25,1315.11,512.69,64.78,15.44,1,1,0
140,9,562.08,516.54,60.93,28.72,1,5,0
140,12,500.50,512.83,51.67,34.77,1,5,0
140,6,595.22,530.16,39.95,13.05,1,0,0
140,11,535.44,533.31,22.64,13.05,1,5,0
140,22,1241.06,495.33,108.75,26.99,1,0,0
140,18,0.61,499.38,189.55,74.68,1,5,0
140,25,1286.15,510.44,65.29,16.15,1,1,0
141,9,534.33,516.85,60.79,29.77,1,5,0
141,12,471.79,513.76,52.84,35.28,1,5,0
141,6,567.82,530.91,41.55,13.40,1,0,0
141,11,507.29,534.27,24.69,13.23,1,5,0
141,22,1240.75,493.41,85.40,31.19,1,0,0
141,18,0.52,474.16,148.92,99.61,1,5,0
141,25,1259.47,509.45,66.78,17.18,1,1,0
141,8,1355.10,491.84,164.89,24.12,1,0,0
142,9,459.02,517.20,64.93,30.25,1,5,0
142,12,391.96,513.04,56.06,35.82,1,5,0
142,6,494.50,531.75,43.77,14.07,1,0,0
142,11,430.34,534.53,23.34,13.57,1,5,0
142,22,1141.43,510.50,120.80,23.08,1,0,0
142,25,1407.43,526.07,5.34,9.64,1,3,0
142,8,1290.49,509.44,145.48,21.96,1,0,0
142,1,895.55,519.79,78.54,16.79,1,0,0
143,9,397.47,524.44,67.46,31.91,1,5,0
143,12,324.73,521.88,60.38,37.03,1,5,0
143,6,433.91,539.36,46.52,14.42,1,0,0
143,11,366.16,543.15,23.01,14.30,1,5,0
143,25,1357.10,512.55,6.45,12.89,1,3,0
143,8,1240.73,502.07,153.91,22.11,1,0,0
144,9,381.79,527.71,68.47,31.29,1,5,0
144,12,308.40,524.11,61.27,37.38,1,5,0
144,6,418.19,542.29,47.03,14.16,1,0,0
144,11,350.46,545.67,22.97,14.62,1,5,0
144,25,1346.98,524.13,5.05,10.68,1,3,0
144,8,1241.55,511.67,191.41,20.67,1,0,0
145,9,332.87,524.47,71.26,32.93,1,5,0
145,12,255.05,521.61,64.12,38.45,1,5,0
145,6,371.41,540.31,47.51,14.72,1,0,0
145,11,299.42,543.26,25.14,15.40,1,5,0
145,8,1195.15,506.82,205.49,22.59,1,0,0
145,4,619.79,534.80,17.57,10.16,1,0,0
145,22,1046.94,510.73,115.41,21.83,1,0,0
145,1,796.80,521.64,84.01,17.57,1,0,0
146,9,322.29,527.49,73.77,32.05,1,5,0
146,12,243.21,523.74,66.34,38.99,1,5,0
146,6,361.24,542.02,48.24,14.69,1,0,0
146,11,287.99,546.25,25.83,14.94,1,5,0
146,8,1241.38,506.21,153.61,19.84,1,0,0
147,9,274.60,525.30,75.13,32.97,1,5,0
147,12,190.06,520.88,69.75,39.78,1,5,0
147,6,315.54,541.12,50.40,15.08,1,0,0
147,11,237.32,543.10,27.32,16.22,1,5,0
147,8,1156.10,513.97,136.67,21.71,1,0,0
147,22,1007.74,517.85,113.95,20.00,1,0,0
147,1,756.91,526.36,73.94,17.25,1,0,0
148,9,255.76,521.11,75.73,32.99,1,5,0
148,12,170.46,516.80,71.41,40.34,1,5,0
148,6,297.84,536.45,51.27,15.45,1,0,0
148,11,218.55,539.86,27.07,15.55,1,5,0
148,8,1241.33,508.46,105.57,18.81,1,0,0
148,25,1265.33,517.43,5.75,13.27,1,3,0
149,9,208.57,523.29,80.44,34.88,1,5,0
149,12,115.76,519.87,77.63,41.29,1,5,0
149,6,253.19,540.37,54.04,15.57,1,0,0
149,11,167.84,543.26,29.81,16.53,1,5,0
149,1,712.56,525.61,48.86,15.46,1,0,0
150,9,204.72,517.29,81.13,34.26,1,5,0
150,12,110.73,512.38,78.29,41.51,1,5,0
150,6,249.16,533.80,52.76,15.81,1,0,0
150,11,163.98,535.84,29.38,17.17,1,5,0
150,1,710.12,520.54,51.34,16.34,1,0,0
151,9,205.05,524.91,80.40,37.47,1,5,0
151,12,110.85,523.07,78.30,42.85,1,5,0
151,6,249.78,543.39,53.53,16.27,1,0,0
151,11,162.43,547.32,30.83,16.88,1,5,0
151,1,713.40,525.34,86.61,17.83,1,0,0
151,22,969.02,514.44,110.51,22.03,1,0,0
151,8,1119.23,510.29,133.19,22.85,1,0,0
152,9,208.08,523.97,80.99,35.70,1,5,0
152,12,113.32,521.16,77.41,41.81,1,5,0
152,6,253.13,541.47,53.32,15.85,1,0,0
152,11,165.82,544.06,30.14,17.32,1,5,0
152,1,714.33,524.35,47.09,16.31,1,0,0
153,9,212.40,519.28,81.17,34.91,1,5,0
153,12,118.03,515.59,76.99,41.63,1,5,0
153,6,256.23,535.87,55.61,16.18,1,0,0
153,11,170.26,538.48,29.53,16.72,1,5,0
153,1,721.08,519.56,84.30,17.74,1,0,0
153,22,974.94,509.68,108.11,21.94,1,0,0
153,8,1129.13,505.58,138.26,22.68,1,0,0
154,9,214.37,520.53,80.66,35.02,1,5,0
154,12,119.97,516.83,75.66,41.41,1,5,0
154,6,259.45,537.20,54.67,15.83,1,0,0
154,11,172.34,539.77,30.13,16.71,1,5,0
154,8,1241.39,510.88,96.10,19.05,1,0,0
155,9,220.95,522.34,82.87,34.75,1,5,0
155,12,126.34,518.10,76.64,41.47,1,5,0
155,6,265.72,538.41,52.40,16.27,1,0,0
155,11,179.16,541.21,29.07,16.91,1,5,0
155,8,1136.03,511.00,137.03,22.22,1,0,0
155,4,538.29,535.51,15.44,10.51,1,0,0
155,1,728.48,523.42,84.85,18.22,1,0,0
155,22,983.16,514.93,106.93,21.24,1,0,0
156,9,227.87,523.12,79.56,35.09,1,5,0
156,12,133.03,519.14,75.99,41.85,1,5,0
156,6,271.79,539.57,53.22,16.16,1,0,0
156,11,185.94,542.11,28.99,17.21,1,5,0
156,8,1141.78,511.67,135.84,21.93,1,0,0
156,1,736.08,525.68,63.14,16.63,1,0,0
156,22,989.44,514.73,104.99,22.52,1,0,0
157,9,234.68,526.40,79.78,35.77,1,5,0
157,12,140.93,523.27,76.76,42.10,1,5,0
157,6,278.94,543.94,53.44,15.89,1,0,0
157,11,192.31,546.82,29.62,17.06,1,5,0
158,9,239.80,526.48,79.72,34.31,1,5,0
158,12,146.97,522.06,75.95,41.63,1,5,0
158,6,283.54,541.92,53.44,16.24,1,0,0
158,11,197.50,545.04,28.89,17.01,1,5,0
158,25,1284.74,515.50,7.89,15.73,1,3,0
158,4,513.52,542.94,4.74,8.27,1,3,0
158,8,1241.41,509.31,113.68,20.43,1,0,0
159,9,256.64,517.05,79.64,34.32,1,5,0
159,12,163.77,511.87,76.70,42.46,1,5,0
159,6,300.67,533.39,53.41,16.42,1,0,0
159,11,214.52,535.78,29.57,17.31,1,5,0
159,4,570.69,531.65,20.33,9.67,1,0,0
159,8,1242.32,507.91,136.63,21.75,1,0,0
160,9,260.09,516.31,79.80,34.78,1,5,0
160,12,167.01,510.92,76.57,42.83,1,5,0
160,6,303.31,532.91,53.65,16.52,1,0,0
160,11,216.88,535.31,29.52,17.21,1,5,0
160,4,574.08,530.39,19.50,10.68,1,0,0
160,8,1174.85,508.32,139.49,22.68,1,0,0
160,1,763.11,520.26,71.90,17.69,1,0,0
160,22,1019.78,510.17,124.26,23.90,1,0,0
160,25,1308.32,520.74,6.94,13.80,1,3,0
161,9,261.84,529.86,80.05,34.86,1,5,0
161,12,167.38,525.10,77.21,43.36,1,5,0
161,6,305.93,546.50,54.32,16.04,1,0,0
161,11,219.07,549.05,29.09,17.48,1,5,0
161,8,1181.70,510.02,136.59,22.91,1,0,0
161,1,768.48,528.62,67.25,17.21,1,0,0
161,22,1025.21,515.02,124.29,22.69,1,0,0
162,9,261.17,510.27,80.37,34.85,1,5,0
162,12,166.61,504.76,77.21,43.49,1,5,0
162,6,305.51,527.68,55.27,15.85,1,0,0
162,11,218.61,528.76,29.84,17.75,1,5,0
162,8,1241.36,503.29,133.74,19.45,1,0,0
162,25,1320.10,511.16,7.95,14.84,1,3,0
163,9,251.51,519.53,81.12,38.23,1,5,0
163,12,152.32,519.14,81.16,42.13,1,5,0
163,6,296.57,538.26,54.74,16.98,1,0,0
163,11,207.41,541.61,30.24,17.64,1,5,0
163,25,1320.72,510.74,7.77,15.25,1,3,0
164,9,248.68,521.12,82.22,36.95,1,5,0
164,12,148.65,518.89,81.72,42.96,1,5,0
164,6,293.71,538.13,55.26,17.57,1,0,0
164,11,202.88,542.36,29.92,17.56,1,5,0
164,25,1320.02,509.65,7.41,14.69,1,3,0
165,9,237.64,513.59,84.20,37.19,1,5,0
165,12,135.36,509.55,85.09,44.21,1,5,0
165,6,283.66,532.06,57.11,16.87,1,0,0
165,11,190.49,534.03,31.68,18.28,1,5,0
165,25,1321.58,516.16,6.91,14.72,1,3,0
165,4,566.00,530.05,20.70,9.88,1,0,0
166,9,237.95,522.40,84.10,37.60,1,5,0
166,12,134.17,519.40,86.90,44.23,1,5,0
166,6,284.19,540.90,56.82,16.67,1,0,0
166,11,191.88,543.25,31.12,18.29,1,5,0
166,25,1324.47,515.56,6.36,14.84,1,3,0
167,9,232.20,518.60,84.80,37.83,1,5,0
167,12,126.12,515.78,88.45,43.93,1,5,0
167,6,278.33,537.78,59.72,17.26,1,0,0
167,11,183.88,539.41,33.35,18.48,1,5,0
167,1,761.47,522.12,70.29,17.11,1,0,0
167,22,1019.69,508.74,127.11,30.18,1,0,0
167,8,1180.91,505.38,147.50,23.41,1,0,0
167,4,564.85,533.41,22.62,10.41,1,0,0
168,9,230.08,518.40,86.00,38.10,1,5,0
168,12,123.83,514.82,88.89,44.94,1,5,0
168,6,276.41,536.61,59.81,17.89,1,0,0
168,11,181.42,538.89,34.36,18.93,1,5,0
168,1,760.85,522.77,73.90,16.91,1,0,0
168,22,1019.67,509.10,126.34,30.36,1,0,0
168,8,1180.93,506.74,149.71,23.61,1,0,0
168,4,564.02,533.93,22.24,10.38,1,0,0
169,9,223.89,516.13,85.63,37.23,1,5,0
169,12,113.10,511.00,90.60,46.01,1,5,0
169,6,271.55,533.68,60.19,18.03,1,0,0
169,11,172.63,535.92,34.18,19.22,1,5,0
169,25,1334.11,517.37,6.36,12.14,1,3,0
170,9,233.74,516.85,86.07,37.58,1,5,0
170,12,125.13,511.99,89.71,45.93,1,5,0
170,6,281.09,534.76,59.61,17.74,1,0,0
170,11,184.17,536.56,33.53,19.23,1,5,0
170,25,1345.68,522.16,5.75,10.58,1,3,0
170,1,768.13,522.07,59.51,16.12,1,0,0
170,22,1029.01,506.54,128.80,29.31,1,0,0
170,8,1191.42,506.45,149.94,22.74,1,0,0
170,4,570.56,531.37,20.24,10.77,1,0,0
171,9,267.61,520.14,85.54,36.55,1,5,0
171,12,160.64,515.00,89.34,45.55,1,5,0
171,6,314.34,537.01,58.64,17.77,1,0,0
171,11,218.26,539.65,33.95,18.53,1,5,0
171,25,1379.05,511.58,7.23,16.19,1,3,0
171,8,1240.91,501.81,128.87,21.85,1,0,0
172,9,273.13,521.43,85.01,37.29,1,5,0
172,12,167.01,516.59,87.48,45.92,1,5,0
172,6,319.73,539.03,58.19,17.22,1,0,0
172,11,223.58,542.04,33.18,18.59,1,5,0
172,8,1240.83,504.34,142.20,23.50,1,0,0
173,9,274.22,517.86,84.96,37.30,1,5,0
173,12,167.02,512.46,88.67,46.18,1,5,0
173,6,320.67,535.13,60.00,18.03,1,0,0
173,11,223.93,537.31,33.51,19.13,1,5,0
173,8,1233.26,501.88,149.68,23.48,1,0,0
173,1,807.78,520.13,67.62,16.15,1,0,0
173,22,1066.93,505.69,134.12,28.65,1,0,0
173,25,1396.96,517.05,5.82,11.92,1,3,0
174,9,272.30,522.78,85.54,38.10,1,5,0
174,12,164.55,518.01,88.41,46.46,1,5,0
174,6,318.62,540.99,58.06,17.37,1,0,0
174,11,221.75,543.74,33.75,18.54,1,5,0
174,8,1235.00,504.14,150.57,23.73,1,0,0
174,1,808.08,523.94,62.90,16.10,1,0,0
174,22,1069.82,507.32,131.00,29.21,1,0,0
174,25,1399.57,518.75,5.88,12.02,1,3,0
174,4,608.13,536.40,20.41,9.85,1,0,0
175,9,246.81,517.54,88.82,38.01,1,5,0
175,12,134.29,511.05,92.78,48.05,1,5,0
175,6,294.68,534.67,63.35,19.18,1,0,0
175,11,194.43,537.19,35.03,19.67,1,5,0
175,8,1240.46,505.59,136.55,23.05,1,0,0
176,9,237.66,518.10,92.09,38.11,1,5,0
176,12,123.66,512.89,93.70,47.05,1,5,0
176,6,286.37,535.69,63.53,18.78,1,0,0
176,11,184.27,537.88,34.94,19.84,1,5,0
176,8,1240.78,506.58,125.09,21.96,1,0,0
176,25,1385.53,520.00,5.75,11.89,1,3,0
176,4,584.32,535.77,22.86,7.64,1,1,0
177,9,195.02,518.43,94.68,38.84,1,5,0
177,12,73.38,513.05,100.82,48.90,1,5,0
177,6,246.42,535.91,67.46,19.75,1,0,0
177,11,137.60,538.57,38.35,20.86,1,5,0
177,8,1241.67,505.46,101.39,19.75,1,0,0
178,9,182.80,520.87,98.01,40.22,1,5,0
178,12,59.02,516.84,101.98,48.47,1,5,0
178,6,235.17,539.04,67.48,19.48,1,0,0
178,11,123.96,543.13,38.89,19.95,1,5,0
178,8,1241.33,505.92,98.03,19.08,1,0,0
179,9,180.11,521.66,98.82,39.82,1,5,0
179,12,51.47,516.12,106.37,49.05,1,5,0
179,6,232.67,540.08,67.84,19.24,1,0,0
179,11,119.08,542.42,38.14,20.69,1,5,0
179,8,1241.47,515.75,98.50,18.74,1,0,0
180,9,191.42,526.82,97.50,40.87,1,5,0
180,12,63.12,521.66,105.92,50.44,1,5,0
180,6,243.71,545.22,65.54,19.65,1,0,0
180,11,131.89,548.63,37.64,21.02,1,5,0
180,8,1241.29,511.65,113.81,19.60,1,0,0
180,25,1376.83,518.99,7.34,16.01,1,3,0
181,9,219.29,521.62,97.79,40.24,1,5,0
181,12,94.80,516.77,103.23,48.95,1,5,0
181,6,270.41,540.79,68.59,19.54,1,0,0
181,11,159.80,543.29,38.49,20.33,1,5,0
181,8,1241.04,512.96,144.01,23.09,1,0,0
181,25,1408.43,524.27,7.32,14.90,1,3,0
182,9,223.54,521.90,95.33,41.39,1,5,0
182,12,98.35,515.30,103.56,52.49,1,5,0
182,6,274.93,541.67,64.77,19.30,1,0,0
182,11,164.23,544.60,37.50,21.57,1,5,0
182,8,1240.76,512.24,143.15,23.26,1,0,0
183,9,224.56,527.58,97.65,41.08,1,5,0
183,12,96.33,522.84,106.27,49.64,1,5,0
183,6,276.44,546.60,62.69,19.78,1,0,0
183,11,163.09,548.66,39.63,21.68,1,5,0
183,8,1240.91,516.60,152.57,24.96,1,0,0
183,25,1430.98,531.55,6.31,12.28,1,3,0
184,9,231.49,523.52,98.13,40.01,1,5,0
184,12,100.23,517.99,108.83,49.31,1,5,0
184,6,282.84,542.54,67.70,19.26,1,0,0
184,11,169.94,544.31,38.38,21.19,1,5,0
184,8,1245.34,514.87,154.83,24.15,1,0,0
184,1,807.06,530.51,66.92,17.38,1,0,0
184,22,1069.32,516.29,137.18,29.04,1,0,0
185,9,257.46,525.89,98.08,40.66,1,5,0
185,12,125.96,521.06,110.18,49.87,1,5,0
185,6,309.02,545.14,65.21,19.21,1,0,0
185,11,194.52,547.74,40.95,21.00,1,5,0
185,8,1269.33,509.87,157.69,23.93,1,0,0
185,4,618.58,544.57,20.63,7.29,1,1,0
186,9,263.94,524.92,96.42,40.86,1,5,0
186,12,134.69,519.86,107.80,50.29,1,5,0
186,6,314.86,544.25,64.77,19.38,1,0,0
186,11,201.89,546.65,40.17,21.14,1,5,0
186,8,1275.19,511.77,163.20,25.50,1,0,0
186,25,1480.38,525.35,7.14,14.30,1,3,0
187,9,302.09,522.53,95.61,42.23,1,5,0
187,12,176.03,519.70,104.52,50.07,1,5,0
187,6,351.76,543.28,64.56,18.92,1,0,0
187,11,240.96,546.15,38.61,21.22,1,5,0
187,8,1313.25,505.60,169.14,24.53,1,0,0
187,25,1526.64,521.38,6.10,11.39,1,3,0
188,9,316.87,524.29,94.07,41.46,1,5,0
188,12,192.73,521.34,101.33,48.74,1,5,0
188,6,366.21,544.60,64.28,19.13,1,0,0
188,11,255.91,547.31,37.07,20.71,1,5,0
188,8,1327.32,508.99,169.18,24.14,1,0,0
188,22,1241.46,514.73,50.80,22.15,1,0,0
189,9,354.84,526.30,92.61,41.23,1,5,0
189,12,233.27,523.11,100.38,48.55,1,5,0
189,6,403.90,545.10,67.03,20.57,1,0,0
189,11,296.13,549.12,36.88,20.43,1,5,0
189,8,1366.40,509.85,159.10,25.61,1,0,0
189,22,1176.11,514.79,150.85,24.62,1,0,0
189,1,916.36,530.51,64.21,17.48,1,0,0
189,4,705.28,543.62,19.63,9.62,1,0,0
190,9,367.73,525.10,92.69,42.27,1,5,0
190,12,246.49,522.41,99.49,48.71,1,5,0
190,6,415.50,545.02,66.67,20.24,1,0,0
190,11,309.25,548.79,36.37,20.18,1,5,0
190,22,1243.22,514.27,96.60,25.99,1,0,0
190,25,1609.73,526.13,7.09,13.17,1,3,0
191,9,400.81,522.68,90.06,42.26,1,5,0
191,12,281.41,521.42,97.84,48.33,1,5,0
191,6,446.94,543.08,65.24,19.86,1,0,0
191,11,342.40,547.15,37.57,20.21,1,5,0
191,22,1241.28,505.66,128.82,28.42,1,0,0
191,25,1655.95,513.27,7.55,17.19,1,3,0
191,8,1415.15,504.41,165.17,24.86,1,0,0
191,4,747.01,543.76,14.46,5.88,1,0,0
192,9,407.98,526.87,92.60,41.77,1,5,0
192,12,288.19,524.55,98.13,48.78,1,5,0
192,6,455.15,546.76,62.77,19.86,1,0,0
192,11,349.56,551.04,36.13,20.03,1,5,0
192,22,1241.39,509.68,139.29,28.12,1,0,0
192,25,1668.32,520.30,7.53,14.94,1,3,0
192,8,1423.43,508.17,161.84,24.60,1,0,0
193,9,419.72,526.90,93.54,42.30,1,5,0
193,12,299.67,523.78,97.37,49.55,1,5,0
193,6,466.98,546.50,64.93,20.84,1,0,0
193,11,360.65,551.68,35.32,19.87,1,5,0
193,22,1242.47,512.89,151.32,29.93,1,0,0
193,8,1442.12,508.16,184.59,25.96,1,0,0
194,9,416.46,526.25,95.64,41.73,1,5,0
194,12,296.72,522.57,98.09,49.46,1,5,0
194,6,464.39,545.87,65.55,20.31,1,0,0
194,11,357.59,549.96,36.28,20.05,1,5,0
194,22,1241.92,514.36,157.93,30.00,1,0,0
194,8,1440.63,511.09,168.81,25.41,1,0,0
195,9,394.93,524.92,95.99,42.81,1,5,0
195,12,270.14,522.79,102.29,50.64,1,5,0
195,6,443.77,543.91,67.61,21.38,1,0,0
195,11,333.81,549.64,38.04,20.96,1,5,0
195,22,1229.86,505.92,161.52,29.69,1,0,0
195,8,1430.47,501.21,165.57,25.08,1,0,0
195,1,962.64,525.85,63.46,16.99,1,0,0
195,4,749.81,540.87,16.65,9.07,1,0,0
195,25,1693.48,513.21,7.21,13.37,1,3,0
196,9,380.10,522.20,99.84,43.48,1,5,0
196,12,254.15,520.33,102.59,50.80,1,5,0
196,6,429.00,542.07,67.75,21.20,1,0,0
196,11,316.90,547.35,39.79,20.76,1,5,0
196,22,1241.34,500.44,132.64,31.09,1,0,0
196,8,1416.95,497.84,167.39,24.65,1,0,0
196,4,737.68,540.43,23.16,6.90,1,0,0
196,25,1681.17,503.19,8.16,19.46,1,3,0
197,9,323.78,510.23,103.97,44.23,1,5,0
197,12,188.24,505.33,109.67,52.65,1,5,0
197,6,376.90,532.42,71.05,20.62,1,0,0
197,11,255.51,533.47,40.75,23.02,1,5,0
197,22,1241.09,513.14,98.05,24.76,1,0,0
197,8,1376.67,509.02,167.55,26.13,1,0,0
197,4,694.99,535.81,19.78,7.34,1,0,0
198,9,321.69,519.38,107.02,44.13,1,5,0
198,12,184.32,514.40,111.29,53.41,1,5,0
198,6,374.67,541.02,71.00,20.69,1,0,0
198,11,252.83,543.04,41.83,22.97,1,5,0
198,22,1240.86,516.68,98.41,25.27,1,0,0
198,8,1377.09,511.44,170.49,26.00,1,0,0
198,25,1646.46,527.30,8.18,13.76,1,3,0
199,9,333.89,521.04,106.97,46.14,1,5,0
199,12,197.21,517.77,110.95,53.57,1,5,0
199,6,388.08,543.01,70.00,21.27,1,0,0
199,11,264.56,546.65,42.50,22.57,1,5,0
199,8,1396.45,504.73,168.95,25.10,1,0,0
200,9,342.25,523.03,105.09,46.78,1,5,0
200,12,205.15,520.48,111.73,53.13,1,5,0
200,6,395.97,546.03,71.91,21.47,1,0,0
200,11,273.84,549.20,41.73,22.46,1,5,0
200,8,1404.13,513.92,180.19,26.33,1,0,0
200,22,1241.19,516.84,123.18,31.50,1,0,0
201,9,382.02,519.30,106.32,46.69,1,5,0
201,12,248.15,517.19,107.65,54.19,1,5,0
201,6,433.62,542.36,72.20,21.32,1,0,0
201,11,312.87,546.11,42.19,22.72,1,5,0
201,8,1448.44,499.97,189.41,26.51,1,0,0
201,22,1241.38,504.05,139.49,36.19,1,0,0
201,1,968.55,524.05,63.43,18.02,1,0,0
201,4,752.40,539.06,14.84,9.89,1,0,0
202,9,399.97,520.42,104.53,46.98,1,5,0
202,12,268.03,519.63,106.64,52.97,1,5,0
202,6,451.70,544.27,69.43,20.87,1,0,0
202,11,331.45,547.67,41.16,22.35,1,5,0
202,8,1466.78,505.76,190.92,26.76,1,0,0
202,1,987.04,528.49,61.29,17.14,1,0,0
202,4,768.46,543.46,13.35,8.41,1,0,0
202,25,1776.06,518.92,7.13,13.54,1,3,0
203,9,409.29,522.27,104.64,46.40,1,5,0
203,12,277.37,520.51,106.08,52.41,1,5,0
203,6,460.67,545.57,70.54,21.14,1,0,0
203,11,341.40,548.40,40.27,22.38,1,5,0
203,8,1478.99,512.63,190.14,28.01,1,0,0
203,25,1790.49,527.74,8.13,14.11,1,3,0
203,22,1267.33,517.38,121.58,34.50,1,0,0
204,9,416.32,522.39,104.89,46.08,1,5,0
204,12,283.16,521.17,107.05,51.15,1,5,0
204,6,467.24,546.22,70.78,20.61,1,0,0
204,11,349.05,547.97,40.04,22.38,1,5,0
204,8,1485.97,517.62,195.45,27.43,1,0,0
204,25,1803.00,534.10,7.93,13.27,1,3,0
204,22,1275.08,520.66,162.47,27.76,1,0,0
204,1,1001.67,536.29,62.78,17.00,1,0,0
204,4,783.05,547.69,14.29,8.87,1,0,0
205,9,427.67,518.86,104.31,45.13,1,5,0
205,12,294.08,516.09,107.14,52.11,1,5,0
205,6,477.49,542.40,72.22,20.28,1,0,0
205,11,359.69,543.91,40.70,22.38,1,5,0
205,8,1495.55,512.08,197.65,29.19,1,0,0
205,25,1820.69,529.41,7.49,15.05,1,3,0
205,22,1286.19,516.78,162.70,31.82,1,0,0
205,33,1286.83,531.88,77.50,22.49,1,1,0
206,9,440.03,516.13,104.20,45.80,1,5,0
206,12,311.80,513.55,103.86,52.46,1,5,0
206,6,490.50,539.77,71.32,20.17,1,0,0
206,11,372.33,542.04,42.17,22.05,1,5,0
206,8,1509.38,504.03,202.08,28.08,1,0,0
206,1,1020.79,524.56,79.99,18.61,1,0,0
206,4,805.48,537.99,14.06,9.68,1,0,0
207,9,453.30,518.13,104.85,45.64,1,5,0
207,12,324.69,515.60,104.27,53.40,1,5,0
207,6,503.14,541.33,70.44,20.38,1,0,0
207,11,385.53,544.51,41.50,22.16,1,5,0
207,8,1526.25,498.36,199.62,28.14,1,0,0
207,25,1864.87,511.57,8.52,13.93,1,3,0
208,9,471.28,518.98,106.53,45.04,1,5,0
208,12,342.45,516.45,103.50,52.82,1,5,0
208,6,519.37,541.59,69.55,20.14,1,0,0
208,11,404.26,544.94,39.99,22.05,1,5,0
208,8,1542.85,495.77,203.21,28.72,1,0,0
208,25,1894.24,507.35,8.61,15.29,1,3,0
208,22,1330.21,499.96,171.37,30.78,1,0,0
208,33,1330.94,501.90,77.94,38.48,1,1,0
209,9,487.56,521.04,107.16,47.93,1,5,0
209,12,362.41,520.43,99.68,53.42,1,5,0
209,6,538.04,543.92,69.77,22.07,1,0,0
209,11,420.23,549.17,41.48,22.49,1,5,0
209,8,1561.70,497.55,219.19,29.07,1,0,0
209,22,1348.40,502.43,174.00,29.40,1,0,0
209,1,1064.88,522.79,90.31,20.05,1,0,0
209,4,850.16,540.73,12.01,9.76,1,0,0
210,9,477.39,524.97,109.35,48.03,1,5,0
210,12,350.16,524.46,102.46,53.93,1,5,0
210,6,527.32,548.66,70.04,21.86,1,0,0
210,11,409.44,553.53,41.72,22.15,1,5,0
210,8,1547.34,497.28,222.81,29.61,1,0,0
210,22,1341.75,502.68,175.24,32.59,1,0,0
211,9,463.04,521.79,107.69,48.17,1,5,0
211,12,330.05,521.98,107.39,54.11,1,5,0
211,6,513.50,544.54,73.66,22.67,1,0,0
211,11,395.71,551.69,40.62,21.99,1,5,0
211,8,1542.88,492.51,210.52,28.39,1,0,0
211,22,1332.55,499.14,168.87,28.99,1,0,0
211,25,1908.14,501.44,9.62,15.47,1,3,0
211,1,1046.02,520.47,87.88,19.94,1,0,0
212,12,344.28,515.87,117.98,49.74,1,5,0
212,6,398.74,542.17,78.33,21.89,1,0,0
212,11,266.13,542.88,48.52,25.07,1,5,0
212,8,1444.04,506.36,194.84,27.11,1,0,0
212,25,1779.53,514.35,9.45,20.13,1,3,0
212,1,955.16,525.32,88.19,19.32,1,0,0
213,12,312.79,513.20,117.16,50.02,1,5,0
213,6,369.95,539.75,78.69,21.77,1,0,0
213,11,232.07,540.41,49.42,25.31,1,5,0
213,8,1415.76,512.56,196.06,28.47,1,0,0
213,25,1750.98,523.01,10.14,21.09,1,3,0
213,34,159.53,510.46,123.22,57.19,1,5,0
214,12,232.93,517.10,126.57,52.22,1,5,0
214,6,295.83,543.15,84.30,23.43,1,0,0
214,11,142.21,545.17,54.39,27.33,1,5,0
214,25,1694.26,515.24,9.14,16.43,1,3,0
214,34,53.65,514.35,145.72,60.47,1,5,0
214,22,1361.41,505.23,193.34,25.83,1,0,0
215,12,217.68,511.98,128.12,50.95,1,5,0
215,6,280.17,538.11,87.83,22.87,1,0,0
215,11,124.80,538.44,55.57,27.53,1,5,0
215,25,1686.61,520.65,9.33,17.68,1,3,0
215,34,33.66,507.70,149.81,60.17,1,5,0
215,22,1354.70,508.68,188.96,27.55,1,0,0
215,1,867.91,524.70,95.23,20.21,1,0,0
216,12,180.01,515.37,137.54,52.70,1,5,0
216,6,247.09,541.46,93.48,24.02,1,0,0
216,11,81.40,541.77,58.81,28.93,1,5,0
216,25,1674.67,522.13,8.97,15.83,1,3,0
216,34,0.00,511.61,143.38,62.50,1,5,0
216,22,1335.39,509.22,186.63,27.28,1,0,0
216,1,849.03,526.18,96.61,20.22,1,0,0
217,12,132.32,526.71,144.98,55.37,1,5,0
217,6,204.27,553.95,92.99,24.17,1,0,0
217,25,1657.03,517.96,8.81,15.94,1,3,0
217,34,0.50,522.85,91.64,64.60,1,5,0
217,22,1314.94,508.11,180.09,28.87,1,0,0
218,12,120.85,527.76,153.37,54.84,1,5,0
218,6,194.05,553.19,96.88,25.97,1,0,0
218,25,1654.59,517.06,8.92,16.91,1,3,0
218,34,0.57,523.74,79.95,64.76,1,5,0
218,22,1308.60,509.00,181.59,28.27,1,0,0
218,35,1241.52,519.58,30.99,20.36,1,0,0
219,12,85.93,516.33,152.84,55.81,1,5,0
219,6,161.11,542.67,101.62,26.32,1,0,0
219,25,1642.64,517.83,9.46,18.25,1,3,0
219,34,0.00,534.51,41.99,40.17,1,5,0
219,22,1292.55,509.79,156.64,26.23,1,0,0
220,12,74.35,513.87,157.44,55.42,1,5,0
220,6,151.25,541.33,103.20,25.20,1,0,0
220,25,1638.45,515.24,9.39,18.74,1,3,0
220,34,0.00,557.35,17.37,14.64,1,5,0
220,22,1286.49,506.22,190.57,27.36,1,0,0
220,11,0.00,539.56,29.49,32.50,1,5,0
221,12,61.62,517.18,161.91,57.34,1,5,0
221,6,140.47,544.22,102.92,26.57,1,0,0
221,25,1634.25,512.47,9.38,18.54,1,3,0
221,22,1284.46,505.96,183.63,25.65,1,0,0
221,11,0.07,551.62,16.43,23.70,1,5,0
221,9,555.89,542.07,13.60,9.77,1,1,0
222,12,46.01,520.59,167.39,59.02,1,5,0
222,6,127.02,548.23,105.62,27.25,1,0,0
222,9,548.41,545.34,12.71,9.97,1,0,0
223,12,47.87,512.25,166.92,58.26,1,5,0
223,6,129.21,541.25,108.95,26.44,1,0,0
223,9,555.89,543.24,11.80,8.92,1,0,0
223,1,808.92,529.17,73.50,19.84,1,0,0
223,35,1085.45,527.92,78.08,25.82,1,1,0
223,22,1293.81,512.88,148.50,25.82,1,0,0
224,12,76.53,514.96,161.10,55.86,1,5,0
224,6,155.08,542.17,106.08,26.13,1,0,0
224,9,575.59,546.89,11.86,8.19,1,0,0
224,22,1312.82,520.24,155.32,26.35,1,0,0
224,25,1676.93,532.58,9.77,17.24,1,3,0
224,11,0.14,539.60,29.18,34.15,1,5,0
225,12,103.96,510.79,159.92,55.97,1,5,0
225,6,180.68,539.15,105.36,24.86,1,0,0
225,22,1333.99,518.87,179.02,26.00,1,0,0
225,25,1704.87,532.97,8.87,15.89,1,3,0
225,11,0.16,514.67,58.50,54.50,1,5,0
225,1,830.63,529.79,87.76,20.80,1,0,0
225,35,1123.29,532.53,77.67,24.71,1,1,0
226,12,174.07,515.39,149.45,56.32,1,5,0
226,6,246.83,542.97,99.15,25.91,1,0,0
226,25,1777.85,513.12,9.96,21.34,1,3,0
226,11,58.12,545.90,63.94,29.99,1,5,0
226,8,1383.91,509.48,179.98,25.12,1,0,0
227,12,197.86,520.74,149.12,56.29,1,5,0
227,6,269.18,548.05,96.91,25.34,1,0,0
227,25,1806.10,509.56,9.66,18.90,1,3,0
227,11,87.10,550.51,62.12,31.28,1,5,0
227,36,1.88,515.57,153.55,69.45,1,5,0
227,8,1402.92,504.35,203.28,26.99,1,0,0
228,12,219.87,521.77,146.52,55.97,1,5,0
228,6,289.45,548.54,95.19,25.22,1,0,0
228,25,1834.90,507.22,9.83,17.95,1,3,0
228,11,110.84,552.80,62.10,30.09,1,5,0
228,36,2.38,517.47,176.46,69.38,1,5,0
228,8,1422.74,502.80,204.04,26.48,1,0,0
228,9,682.29,545.06,10.94,8.95,1,0,0
228,1,927.95,526.74,70.04,20.75,1,0,0
229,12,265.17,516.42,139.17,54.57,1,5,0
229,6,333.33,543.51,94.86,24.33,1,0,0
229,25,1911.89,499.17,8.11,30.66,1,3,0
229,11,157.87,544.20,60.44,30.80,1,5,0
229,36,58.53,510.83,166.60,67.23,1,5,0
229,8,1464.28,503.87,198.01,27.02,1,0,0
229,9,698.64,544.78,4.72,9.11,1,3,0
230,12,266.00,510.99,139.74,56.06,1,5,0
230,6,333.80,540.31,94.12,23.67,1,0,0
230,11,155.81,539.48,62.37,31.20,1,5,0
230,36,0.53,505.69,224.27,69.14,1,5,0
230,8,1473.21,500.98,213.35,26.64,1,0,0
230,9,722.41,538.27,39.28,8.81,1,0,0
231,12,264.78,514.00,139.56,56.79,1,5,0
231,6,333.82,543.23,93.69,24.37,1,0,0
231,11,154.56,543.70,61.95,31.91,1,5,0
231,36,54.61,510.41,168.52,68.19,1,5,0
231,8,1475.63,498.80,210.51,27.57,1,0,0
231,9,585.03,543.75,7.06,9.86,1,3,0
231,22,1250.76,505.83,175.48,28.18,1,0,0
232,12,265.02,517.83,140.63,57.79,1,5,0
232,6,333.95,547.76,94.86,24.03,1,0,0
232,11,154.67,549.20,61.77,31.68,1,5,0
232,36,56.61,516.05,166.76,67.98,1,5,0
232,8,1477.10,498.25,212.76,27.36,1,0,0
232,9,724.92,541.08,10.94,10.63,1,0,0
232,22,1252.10,518.94,83.77,25.54,1,1,0
232,1,961.26,524.71,76.27,20.03,1,0,0
233,12,254.43,515.82,143.04,57.59,1,5,0
233,6,324.43,545.30,97.51,24.94,1,0,0
233,11,141.34,546.21,63.61,32.36,1,5,0
233,36,50.41,512.46,162.74,69.48,1,5,0
233,8,1473.44,499.28,216.40,27.88,1,0,0
233,9,699.84,545.17,5.14,8.16,1,3,0
233,1,962.47,524.33,71.42,20.32,1,0,0
234,12,244.45,518.63,145.49,57.67,1,5,0
234,6,315.79,547.95,97.84,25.47,1,0,0
234,11,126.98,547.61,67.39,33.44,1,5,0
234,36,0.84,513.92,200.27,69.67,1,5,0
234,8,1463.15,505.14,216.53,27.64,1,0,0
234,22,1243.85,513.31,171.31,31.11,1,0,0
235,12,236.24,519.00,148.22,58.02,1,5,0
235,6,308.60,548.21,96.95,25.14,1,0,0
235,11,118.07,548.13,66.16,33.00,1,5,0
235,36,1.63,513.94,191.90,69.94,1,5,0
235,8,1458.61,507.03,218.65,27.91,1,0,0
235,22,1241.77,517.09,171.38,23.35,1,0,0
236,12,191.06,517.12,157.94,59.63,1,5,0
236,6,266.89,546.33,103.41,26.64,1,0,0
236,11,63.62,548.36,69.33,33.53,1,5,0
236,36,0.11,512.19,144.19,72.54,1,5,0
236,8,1438.14,501.50,207.49,26.59,1,0,0
236,35,919.09,526.17,76.76,19.69,1,0,0
236,25,1898.73,505.14,10.41,20.17,1,3,0
236,9,680.93,543.35,11.67,9.07,1,0,0
237,12,175.27,517.43,160.41,60.69,1,5,0
237,6,252.04,546.12,106.65,27.89,1,0,0
237,11,46.08,550.25,70.96,32.89,1,5,0
237,36,0.26,513.05,128.63,72.56,1,5,0
237,8,1425.51,500.09,210.62,27.13,1,0,0
237,25,1888.84,503.48,10.58,19.74,1,3,0
238,12,148.87,517.32,164.22,62.16,1,5,0
238,6,228.56,547.28,106.43,28.18,1,0,0
238,36,0.61,513.29,99.49,72.00,1,5,0
238,8,1405.99,503.81,209.06,27.36,1,0,0
238,25,1869.43,505.47,10.84,22.66,1,3,0
239,12,128.69,519.53,168.56,62.74,1,5,0
239,6,211.55,549.61,109.60,28.05,1,0,0
239,36,0.54,516.06,78.03,70.94,1,5,0
239,8,1403.16,507.14,201.88,26.78,1,0,0
239,25,1857.04,508.58,10.96,23.53,1,3,0
239,22,1182.12,527.14,83.55,24.81,1,1,0
239,35,885.39,530.52,72.61,20.39,1,0,0
239,9,644.12,547.19,11.94,9.15,1,0,0
240,12,63.57,511.95,187.26,62.89,1,5,0
240,6,153.65,541.84,116.13,29.48,1,0,0
240,8,1365.83,503.17,190.42,26.65,1,0,0
240,25,1823.04,509.40,10.38,19.24,1,3,0
240,22,1241.41,513.64,80.77,20.56,1,0,0
241,12,57.75,512.11,182.70,62.94,1,5,0
241,6,146.69,542.22,120.21,29.44,1,0,0
241,8,1365.40,508.92,206.97,28.09,1,0,0
241,25,1826.17,512.24,10.98,25.12,1,3,0
241,22,1150.19,517.10,171.09,23.12,1,0,0
241,4,1149.90,526.93,83.75,25.76,1,1,0
241,35,845.69,527.96,84.43,21.06,1,0,0
241,9,605.17,542.56,12.27,10.64,1,0,0
242,12,20.85,514.95,188.75,66.21,1,5,0
242,6,119.54,545.55,123.14,30.30,1,0,0
242,8,1358.20,500.99,202.32,27.31,1,0,0
242,25,1826.62,504.64,10.54,20.08,1,3,0
242,22,1139.78,508.01,173.30,29.10,1,0,0
242,35,840.13,524.93,74.51,21.19,1,0,0
243,12,0.45,508.36,188.31,67.26,1,5,0
243,6,98.82,540.04,129.58,30.93,1,0,0
243,8,1349.57,496.28,198.24,26.53,1,0,0
243,22,1129.78,504.71,174.81,23.12,1,0,0
243,35,827.83,519.40,78.25,20.55,1,0,0
243,4,1129.79,509.83,84.60,30.99,1,0,0
243,9,580.19,537.21,13.00,9.78,1,0,0
244,12,0.54,493.36,128.18,64.50,1,5,0
244,6,28.93,526.71,140.11,29.98,1,0,0
244,8,1318.21,499.18,194.96,25.41,1,0,0
244,4,1241.24,507.05,33.42,20.07,1,0,0
244,25,1786.28,505.25,10.48,21.73,1,3,0
245,12,0.42,493.00,108.54,61.59,1,5,0
245,6,5.37,521.85,146.28,31.83,1,0,0
245,8,1307.47,488.79,197.92,26.39,1,0,0
245,25,1777.57,492.56,10.61,23.96,1,3,0
245,9,532.31,522.64,12.93,9.13,1,0,0
246,12,0.00,510.38,96.79,30.20,1,0,0
246,8,1280.46,482.72,199.23,25.88,1,0,0
246,25,1749.95,492.06,9.94,20.27,1,3,0
246,9,498.83,511.21,13.16,10.42,1,0,0
246,1,1057.78,498.14,86.04,26.11,1,1,0
246,11,0.08,495.48,49.59,46.09,1,5,0
246,22,1057.04,488.76,177.09,22.42,1,0,0
246,35,752.47,497.97,79.17,21.62,1,0,0
247,12,0.00,511.54,87.08,30.02,1,0,0
247,8,1274.21,482.31,205.37,26.53,1,0,0
247,25,1748.11,495.42,10.24,17.10,1,3,0
247,11,0.30,495.35,39.11,44.26,1,5,0
247,35,746.92,500.35,14.49,20.54,1,0,0
248,12,0.11,513.22,86.42,30.11,1,0,0
248,8,1286.19,482.56,200.19,26.76,1,0,0
248,25,1765.13,491.82,10.30,20.06,1,3,0
248,11,0.45,497.17,38.34,38.86,1,5,0
248,35,750.43,499.67,81.54,20.81,1,0,0
248,9,496.20,513.74,12.89,10.04,1,0,0
248,1,1056.30,498.22,85.55,27.48,1,1,0
248,22,1057.12,489.37,178.87,24.02,1,0,0
249,12,0.29,523.96,99.46,29.39,1,0,0
249,8,1294.89,487.67,202.07,27.03,1,0,0
249,25,1782.77,493.60,10.76,22.80,1,3,0
249,11,0.06,507.39,53.46,44.90,1,5,0
249,35,759.27,506.14,93.24,22.21,1,0,0
249,9,507.47,520.90,13.20,10.38,1,0,0
249,1,1064.91,504.79,86.19,27.18,1,1,0
249,22,1065.48,495.12,183.78,23.85,1,0,0
250,12,0.27,481.77,126.23,65.99,1,5,0
250,8,1344.66,484.43,208.87,27.84,1,0,0
250,25,1862.41,491.24,12.13,24.10,1,3,0
250,35,812.68,501.88,87.06,20.03,1,0,0
250,9,559.46,515.49,14.59,11.41,1,0,0
250,1,1108.44,499.53,87.10,29.33,1,1,0
250,22,1126.91,491.61,173.49,23.87,1,0,0
250,6,20.46,514.99,149.41,32.18,1,0,0
251,12,0.43,474.87,155.17,69.36,1,5,0
251,8,1370.37,480.63,203.14,27.43,1,0,0
251,25,1898.10,490.59,11.38,19.95,1,3,0
251,6,53.88,509.54,144.23,33.07,1,0,0
251,4,1241.20,488.47,81.14,21.82,1,0,0
252,12,66.37,477.47,190.04,69.66,1,5,0
252,8,1447.93,481.32,214.73,27.92,1,0,0
252,6,164.22,512.10,131.39,32.04,1,0,0
253,12,98.40,476.76,184.77,68.35,1,5,0
253,8,1473.41,475.72,215.97,28.82,1,0,0
253,6,194.25,510.15,127.14,31.87,1,0,0
253,11,0.54,508.84,33.73,37.19,1,5,0
253,9,679.62,511.39,12.78,9.31,1,0,0
254,12,206.31,478.70,167.70,66.49,1,5,0
254,8,1555.06,478.79,239.30,29.65,1,0,0
254,6,291.13,511.60,119.54,30.99,1,0,0
254,11,47.01,513.96,75.33,36.28,1,5,0
254,9,755.05,514.03,12.23,8.90,1,0,0
254,36,0.18,470.49,149.57,80.62,1,5,0
254,4,1326.17,484.44,174.71,27.13,1,0,0
255,12,235.17,479.27,164.67,66.05,1,5,0
255,6,318.49,512.81,116.75,30.10,1,0,0
255,11,80.12,514.77,74.06,35.81,1,5,0
255,36,0.25,472.63,179.57,81.33,1,5,0
255,1,1311.47,499.62,86.66,24.38,1,1,0
256,12,327.34,479.91,153.48,64.53,1,5,0
256,6,404.77,513.73,109.52,27.72,1,0,0
256,11,186.74,513.25,67.09,35.27,1,5,0
256,36,66.21,474.36,211.40,78.94,1,5,0
256,1,1381.90,498.21,88.87,24.75,1,1,0
256,8,1672.82,475.84,247.18,30.61,1,0,0
256,4,1428.47,482.18,180.25,26.75,1,0,0
257,12,347.74,463.80,150.38,63.94,1,5,0
257,6,423.26,496.75,109.73,28.33,1,0,0
257,11,210.22,496.46,65.50,35.70,1,5,0
257,36,101.26,457.39,196.93,77.57,1,5,0
257,1,1399.93,482.29,87.23,26.25,1,1,0
257,8,1693.61,459.52,225.73,31.36,1,0,0
257,4,1444.45,466.29,188.16,28.18,1,0,0
257,22,1112.05,481.11,72.01,19.00,1,0,0
257,9,862.76,495.96,13.29,10.08,1,0,0
258,12,378.86,486.55,148.80,63.55,1,5,0
258,6,454.09,519.41,106.58,27.67,1,0,0
258,11,242.99,519.18,65.54,35.30,1,5,0
258,36,142.57,480.27,186.98,77.09,1,5,0
258,1,1424.42,502.87,89.58,27.30,1,1,0
258,8,1729.63,480.73,190.37,31.39,1,0,0
258,4,1476.46,485.30,192.46,30.10,1,0,0
258,22,1133.85,502.71,95.28,19.80,1,0,0
258,9,889.21,519.55,12.55,9.25,1,0,0
259,12,376.22,481.48,150.11,63.18,1,5,0
259,6,451.79,514.16,106.05,28.07,1,0,0
259,11,240.47,513.72,65.04,34.42,1,5,0
259,36,138.57,475.21,188.89,76.21,1,5,0
259,1,1421.69,502.61,88.70,24.70,1,1,0
259,8,1728.88,480.79,191.12,30.05,1,0,0
259,4,1476.12,484.95,190.05,28.49,1,0,0
260,12,372.76,481.12,151.01,63.50,1,5,0
260,6,447.85,512.72,108.42,28.80,1,0,0
260,11,236.41,514.68,65.93,34.24,1,5,0
260,36,129.72,474.66,194.11,78.17,1,5,0
260,1,1419.18,496.54,87.58,26.85,1,1,0
260,8,1725.35,473.92,194.65,31.02,1,0,0
260,4,1472.39,478.73,187.81,29.77,1,0,0
260,22,1136.31,494.83,91.14,20.10,1,0,0
260,9,885.52,512.69,14.14,9.90,1,0,0
261,12,367.00,482.11,151.53,63.43,1,5,0
261,6,442.43,513.68,108.18,29.00,1,0,0
261,11,230.72,516.75,64.49,34.11,1,5,0
261,36,120.44,476.62,196.59,77.69,1,5,0
261,1,1413.79,493.65,86.69,25.67,1,1,0
261,8,1718.65,467.84,201.35,31.40,1,0,0
261,4,1467.71,475.91,193.03,28.57,1,0,0
262,12,355.05,478.87,153.24,65.17,1,5,0
262,6,432.27,511.83,108.51,29.27,1,0,0
262,11,214.86,515.52,68.26,34.22,1,5,0
262,36,103.29,475.43,202.77,78.52,1,5,0
262,1,1403.59,491.10,85.86,24.81,1,1,0
262,8,1704.45,467.35,215.55,28.99,1,0,0
262,4,1457.31,474.47,189.89,26.80,1,0,0
263,12,344.83,475.80,153.34,65.06,1,5,0
263,6,422.05,508.43,110.53,29.15,1,0,0
263,11,205.11,510.75,66.21,34.35,1,5,0
263,36,115.65,471.27,179.27,77.92,1,5,0
263,1,1394.07,491.46,86.20,24.58,1,1,0
263,8,1700.21,467.54,219.39,29.43,1,0,0
263,4,1448.52,475.05,186.37,26.57,1,0,0
264,12,330.73,473.21,155.02,65.20,1,5,0
264,6,409.72,507.87,109.97,27.65,1,0,0
264,11,187.41,507.49,69.17,35.21,1,5,0
264,36,56.40,467.87,224.63,78.38,1,5,0
264,1,1380.30,495.21,86.92,25.10,1,1,0
264,8,1695.80,476.61,224.02,27.59,1,0,0
264,4,1438.04,477.67,188.49,29.63,1,0,0
265,12,267.24,480.05,164.22,66.54,1,5,0
265,6,349.96,513.97,115.68,29.94,1,0,0
265,11,113.19,517.60,73.90,35.70,1,5,0
265,36,0.52,474.56,212.62,81.74,1,5,0
265,1,1330.58,497.07,81.74,23.46,1,1,0
265,4,1386.75,480.01,183.97,27.28,1,0,0
266,12,244.28,478.46,167.05,66.96,1,5,0
266,6,327.87,511.95,117.87,30.57,1,0,0
266,11,85.44,512.71,76.90,37.79,1,5,0
266,36,0.45,472.20,187.65,82.45,1,5,0
266,1,1310.13,497.04,82.92,24.17,1,1,0
266,4,1367.70,479.71,185.79,28.82,1,0,0
266,8,1604.82,475.17,245.65,29.26,1,0,0
267,12,226.88,481.74,169.40,66.76,1,5,0
267,6,313.30,516.33,116.97,29.19,1,0,0
267,11,64.54,515.77,79.15,37.55,1,5,0
267,36,0.87,473.86,167.70,80.78,1,5,0
267,1,1296.81,503.92,82.70,26.07,1,1,0
267,4,1354.69,488.00,184.27,28.44,1,0,0
267,8,1589.01,483.27,260.68,30.35,1,0,0
267,35,777.33,517.85,13.38,8.81,1,0,0
267,22,1030.01,502.14,72.34,18.39,1,0,0
268,12,209.63,483.47,171.35,66.76,1,5,0
268,6,296.81,517.80,120.52,29.67,1,0,0
268,11,43.47,516.37,79.64,38.58,1,5,0
268,36,0.88,474.35,149.31,79.64,1,5,0
268,1,1283.88,509.99,81.84,24.29,1,1,0
268,4,1342.91,493.39,180.28,28.38,1,0,0
268,8,1569.49,489.43,261.42,29.94,1,0,0
269,12,192.11,480.40,174.40,67.84,1,5,0
269,6,280.99,514.60,122.05,30.56,1,0,0
269,11,22.57,514.65,79.45,38.36,1,5,0
269,36,0.47,471.84,130.39,80.20,1,5,0
269,1,1271.94,503.83,79.69,25.03,1,1,0
269,4,1330.11,486.60,181.86,28.83,1,0,0
269,8,1560.23,483.38,256.26,29.29,1,0,0
269,35,753.00,515.91,13.86,10.26,1,0,0
269,22,1004.86,501.44,71.27,18.41,1,0,0
270,12,169.72,473.24,176.69,69.81,1,5,0
270,6,261.81,508.07,122.55,30.79,1,0,0
270,36,0.18,466.87,106.49,81.18,1,5,0
270,1,1254.29,493.13,80.33,23.58,1,1,0
270,4,1316.60,474.80,178.73,27.32,1,0,0
270,8,1544.07,469.12,245.70,29.22,1,0,0
270,22,998.61,489.97,77.50,18.70,1,0,0
271,12,151.75,469.75,181.09,70.32,1,5,0
271,6,245.20,504.34,125.41,31.64,1,0,0
271,1,1241.82,487.86,80.10,23.43,1,1,0
271,4,1302.98,470.68,176.18,26.51,1,0,0
271,8,1529.81,463.67,236.77,28.63,1,0,0
271,22,983.14,485.00,79.35,18.80,1,0,0
271,41,1774.05,475.94,6.60,14.59,1,3,0
271,11,0.46,513.60,57.86,31.83,1,5,0
271,35,726.87,502.89,14.43,9.94,1,0,0
272,12,138.66,475.33,183.27,71.00,1,5,0
272,6,233.72,511.13,126.21,30.88,1,0,0
272,1,1233.42,494.96,78.24,24.04,1,1,0
272,4,1296.07,476.94,178.94,28.03,1,0,0
272,8,1522.75,472.23,244.18,28.94,1,0,0
272,22,975.52,492.74,77.66,18.80,1,0,0
272,41,1762.49,488.42,5.81,11.56,1,3,0
272,11,0.22,522.33,41.36,28.66,1,5,0
272,36,0.00,494.62,73.17,56.10,1,5,0
273,12,105.89,481.36,189.94,69.96,1,5,0
273,6,204.86,517.62,129.92,30.56,1,0,0
273,1,1210.10,508.85,77.18,24.08,1,1,0
273,4,1275.15,491.80,178.54,28.22,1,0,0
273,8,1500.09,488.33,234.69,29.10,1,0,0
273,22,956.64,504.97,64.45,18.64,1,0,0
273,11,0.51,514.01,37.15,37.11,1,5,0
274,12,86.38,471.50,194.54,71.16,1,5,0
274,6,186.71,507.68,132.92,31.76,1,0,0
274,1,1198.17,495.48,76.38,23.35,1,1,0
274,4,1262.87,478.11,178.63,26.79,1,0,0
274,8,1492.94,473.45,230.48,28.37,1,0,0
274,22,945.58,491.65,68.96,18.57,1,0,0
274,35,684.71,508.26,14.74,9.30,1,0,0
274,41,1720.45,489.85,6.58,11.17,1,3,0
275,12,67.25,484.68,197.81,71.06,1,5,0
275,6,171.51,520.70,134.26,31.41,1,0,0
275,4,1252.74,491.92,176.95,26.66,1,0,0
275,8,1479.65,485.59,235.58,29.21,1,0,0
275,35,672.74,521.18,17.04,9.09,1,0,0
276,12,57.93,478.08,201.45,72.45,1,5,0
276,6,161.82,515.34,136.49,31.47,1,0,0
276,4,1247.82,487.35,175.92,26.67,1,0,0
276,8,1474.62,481.67,236.46,28.28,1,0,0
276,35,668.09,514.59,15.39,10.90,1,0,0
276,1,1176.58,504.04,75.10,22.55,1,1,0
276,22,930.04,500.80,71.36,17.94,1,0,0
277,12,37.65,483.18,206.11,71.90,1,5,0
277,6,144.88,519.67,139.34,32.21,1,0,0
277,4,1241.37,490.89,173.93,25.55,1,0,0
277,8,1460.47,483.91,233.72,28.00,1,0,0
277,35,657.00,520.21,18.01,8.96,1,0,0
278,12,30.42,477.85,207.85,71.85,1,5,0
278,6,138.20,514.94,140.98,31.84,1,0,0
278,4,1235.65,488.85,174.36,25.96,1,0,0
278,8,1456.18,482.73,224.73,28.77,1,0,0
278,35,654.64,515.34,15.50,10.95,1,0,0
278,1,1160.05,504.93,74.11,23.09,1,1,0
278,22,914.72,501.99,69.16,17.56,1,0,0
279,12,14.15,484.76,211.63,74.73,1,5,0
279,6,125.56,521.97,143.20,33.10,1,0,0
279,4,1241.54,490.88,166.97,27.47,1,0,0
279,8,1453.76,484.59,221.73,29.28,1,0,0
279,35,646.43,521.17,16.26,9.40,1,0,0
280,12,6.10,489.42,215.45,74.77,1,5,0
280,6,118.79,526.86,144.16,32.79,1,0,0
280,4,1225.82,496.09,178.20,27.29,1,0,0
280,8,1449.26,489.71,228.79,29.25,1,0,0
280,35,642.76,525.63,14.86,10.82,1,0,0
280,1,1145.55,512.45,75.25,23.96,1,1,0
280,22,902.58,509.88,90.15,18.96,1,0,0
281,12,3.20,486.23,217.45,74.35,1,5,0
281,6,116.02,522.52,145.00,34.33,1,0,0
281,4,1240.93,493.43,162.85,26.15,1,0,0
281,8,1451.35,486.59,227.45,28.17,1,0,0
281,35,641.19,522.92,17.40,9.51,1,0,0
282,12,2.71,482.94,217.27,74.71,1,5,0
282,6,115.95,520.07,145.28,33.66,1,0,0
282,4,1226.17,488.35,177.87,26.79,1,0,0
282,8,1448.46,482.19,231.86,27.89,1,0,0
282,35,640.88,518.64,15.30,10.50,1,0,0
282,1,1144.77,504.49,72.37,23.38,1,1,0
282,22,903.56,502.24,72.71,18.91,1,0,0
283,12,2.05,480.86,218.14,74.34,1,5,0
283,6,115.32,517.28,144.75,33.82,1,0,0
283,4,1241.23,487.76,162.58,26.12,1,0,0
283,8,1450.25,481.87,223.30,27.83,1,0,0
284,12,0.78,477.46,215.96,74.91,1,5,0
284,6,112.47,514.77,145.78,33.55,1,0,0
284,4,1241.18,489.82,161.76,25.34,1,0,0
284,8,1448.85,482.89,235.89,29.71,1,0,0
285,12,0.82,476.11,213.72,75.42,1,5,0
285,6,109.70,513.60,147.30,33.98,1,0,0
285,4,1241.02,490.99,162.70,25.10,1,0,0
285,8,1448.21,484.23,233.02,29.49,1,0,0
285,35,626.52,521.38,5.49,8.74,1,3,0
286,12,0.65,491.74,209.43,75.24,1,5,0
286,6,101.88,528.19,151.12,34.88,1,0,0
286,4,1241.16,495.30,154.39,25.40,1,0,0
286,8,1444.64,485.77,212.50,30.18,1,0,0
286,35,637.76,525.99,17.68,10.20,1,1,0
287,12,1.07,484.32,210.81,75.72,1,5,0
287,6,103.26,521.54,151.48,34.88,1,0,0
287,4,1226.74,494.38,176.86,24.18,1,0,0
287,8,1450.42,485.16,239.66,29.44,1,0,0
287,35,639.70,522.05,15.36,10.06,1,0,0
287,1,1138.75,509.50,72.28,22.51,1,1,0
287,22,904.30,505.92,72.52,18.40,1,0,0
288,12,0.92,483.37,216.00,76.30,1,5,0
288,6,109.78,521.80,149.12,34.20,1,0,0
288,4,1234.79,494.92,178.86,23.59,1,0,0
288,8,1464.18,484.44,237.25,30.74,1,0,0
288,35,646.63,521.14,15.98,10.89,1,0,0
288,1,1142.57,509.71,73.66,22.38,1,1,0
288,22,908.73,505.28,83.42,18.79,1,0,0
289,12,0.61,490.18,219.91,74.91,1,5,0
289,6,111.92,527.67,150.20,34.11,1,0,0
289,4,1240.87,499.11,176.08,26.38,1,0,0
289,8,1467.71,490.91,237.44,30.08,1,0,0
290,12,0.90,476.26,217.65,78.42,1,5,0
290,6,109.10,515.18,150.23,34.21,1,0,0
290,4,1241.82,487.23,176.81,26.36,1,0,0
290,8,1467.70,479.61,242.20,30.16,1,0,0
290,35,649.50,514.23,19.83,10.95,1,0,0
291,12,0.61,482.77,221.44,76.71,1,5,0
291,6,111.88,521.41,152.69,34.26,1,0,0
291,4,1241.45,493.37,185.26,28.88,1,0,0
291,8,1466.83,487.80,250.71,30.71,1,0,0
291,35,652.91,521.67,18.14,10.97,1,0,0
292,12,1.60,490.49,224.78,77.32,1,5,0
292,6,120.19,528.18,150.87,34.55,1,0,0
292,4,1245.00,499.35,188.04,26.28,1,0,0
292,8,1481.81,491.29,244.04,29.43,1,0,0
292,35,658.63,528.82,18.29,9.79,1,0,0
293,12,6.01,485.62,224.15,78.33,1,5,0
293,6,122.81,523.30,151.52,35.22,1,0,0
293,4,1251.51,494.11,183.93,25.53,1,0,0
293,8,1484.68,484.62,245.38,29.57,1,0,0
293,35,662.12,523.36,18.27,9.16,1,0,0
294,12,7.79,478.70,226.61,76.94,1,5,0
294,6,125.29,517.69,152.30,34.49,1,0,0
294,4,1259.37,491.26,180.26,25.87,1,0,0
294,8,1494.42,483.55,241.37,31.06,1,0,0
294,35,666.58,518.66,15.96,10.49,1,0,0
294,22,930.21,502.67,93.44,19.22,1,0,0
295,12,9.93,483.81,225.78,78.73,1,5,0
295,6,126.74,522.95,153.00,35.11,1,0,0
295,4,1261.56,496.38,180.64,24.85,1,0,0
295,8,1495.53,487.18,245.68,30.26,1,0,0
295,35,669.17,522.33,15.32,11.32,1,0,0
295,22,933.82,506.69,86.30,19.50,1,0,0
296,12,9.55,483.06,227.48,77.37,1,5,0
296,6,126.46,521.21,155.01,35.44,1,0,0
296,4,1269.41,495.09,182.50,25.01,1,0,0
296,8,1506.94,486.28,244.49,30.64,1,0,0
296,35,674.12,522.12,14.94,10.58,1,0,0
296,22,939.67,506.48,91.18,18.81,1,0,0
297,12,9.39,483.63,229.51,76.93,1,5,0
297,6,126.89,522.26,155.99,34.89,1,0,0
297,4,1268.03,499.06,184.39,26.18,1,0,0
297,8,1501.45,491.14,243.41,31.27,1,0,0
297,35,673.98,524.20,19.88,10.91,1,0,0
298,12,7.24,482.69,232.43,80.95,1,5,0
298,6,126.57,522.12,156.51,36.27,1,0,0
298,4,1273.76,487.60,185.58,26.46,1,0,0
298,8,1516.67,478.64,233.13,30.40,1,0,0
299,12,4.01,475.22,233.40,78.72,1,5,0
299,6,126.37,514.78,155.65,35.01,1,0,0
299,4,1277.43,490.56,185.03,26.18,1,0,0
299,8,1513.00,483.56,246.12,31.63,1,0,0
299,22,945.40,501.87,88.44,18.61,1,0,0
299,35,679.46,516.30,17.43,11.75,1,0,0
300,12,0.75,489.03,235.17,80.74,1,5,0
300,6,122.84,527.59,159.12,36.40,1,0,0
300,4,1282.34,488.94,185.71,27.39,1,0,0
300,8,1523.11,480.08,250.20,30.55,1,0,0
300,22,948.64,504.81,94.33,18.98,1,0,0
300,35,681.56,523.05,14.33,11.47,1,0,0
300,9,1768.08,494.97,7.34,12.22,1,3,0
300,1,1171.40,508.84,76.36,21.87,1,1,0
301,12,0.72,490.27,236.60,80.20,1,5,0
301,6,121.73,527.77,160.77,37.09,1,0,0
301,4,1282.62,491.48,186.40,26.70,1,0,0
301,8,1522.11,481.69,254.38,31.05,1,0,0
301,35,681.33,524.09,19.19,11.01,1,0,0
302,12,0.56,481.40,227.70,82.99,1,5,0
302,6,112.61,521.52,163.75,37.37,1,0,0
302,4,1283.18,489.58,186.80,25.29,1,0,0
302,8,1520.28,479.14,242.07,30.57,1,0,0
302,35,871.61,515.90,38.12,12.19,1,1,0
302,22,950.47,502.34,89.96,19.02,1,0,0
302,1,1171.43,506.45,76.92,22.05,1,1,0
303,12,0.57,487.86,230.35,81.84,1,5,0
303,6,114.04,526.94,164.89,37.84,1,0,0
303,4,1286.40,493.35,188.21,24.64,1,0,0
303,8,1519.07,482.13,265.83,31.65,1,0,0
303,22,951.60,506.82,89.51,18.59,1,0,0
303,1,1173.10,510.42,78.55,22.37,1,1,0
304,12,0.60,482.25,231.73,81.50,1,5,0
304,6,114.77,521.72,165.18,37.71,1,0,0
304,4,1287.08,494.71,190.84,24.96,1,0,0
304,8,1527.69,484.84,262.94,32.08,1,0,0
305,12,0.61,472.42,229.75,81.79,1,5,0
305,6,108.78,512.91,169.81,37.61,1,0,0
305,4,1289.79,487.33,191.23,26.38,1,0,0
305,8,1528.33,479.58,267.15,31.03,1,0,0
306,12,0.55,476.49,229.99,82.87,1,5,0
306,6,110.04,517.25,168.38,38.39,1,0,0
306,4,1291.88,489.12,189.33,26.51,1,0,0
306,8,1531.44,479.88,267.13,31.84,1,0,0
307,12,0.57,480.95,232.43,83.20,1,5,0
307,6,111.68,520.99,168.63,38.22,1,0,0
307,4,1294.50,492.41,189.94,26.51,1,0,0
307,8,1532.17,482.14,268.15,32.60,1,0,0
308,12,0.50,480.72,233.47,83.41,1,5,0
308,6,112.85,521.83,168.24,37.91,1,0,0
308,4,1295.86,496.55,191.61,26.22,1,0,0
308,8,1540.83,487.15,262.88,32.14,1,0,0
308,41,1241.48,517.83,19.03,18.14,1,2,0
309,12,0.48,478.04,234.28,84.16,1,5,0
309,6,112.69,519.25,169.40,38.44,1,0,0
309,4,1304.97,483.92,190.31,26.86,1,0,0
309,8,1551.19,473.96,265.66,31.81,1,0,0
309,9,1809.36,490.98,6.42,12.00,1,3,0
309,22,964.83,499.46,86.66,19.22,1,0,0
309,1,1182.12,502.56,82.98,23.05,1,1,0
310,12,0.52,480.47,234.82,84.25,1,5,0
310,6,111.10,521.75,171.07,38.42,1,0,0
310,4,1304.68,493.68,191.55,26.90,1,0,0
310,8,1544.62,484.60,274.32,32.19,1,0,0
310,48,695.35,521.83,19.97,11.55,1,0,0
311,12,0.51,477.82,234.70,82.90,1,5,0
311,6,109.53,519.58,173.07,38.20,1,0,0
311,4,1306.89,497.84,188.20,26.88,1,0,0
311,8,1555.07,490.70,267.08,32.14,1,0,0
311,48,695.74,522.85,17.28,11.87,1,0,0
311,9,1756.31,516.73,9.37,8.99,1,3,0
311,22,969.26,509.78,76.17,18.57,1,0,0
311,1,1184.60,515.72,82.34,22.17,1,1,0
312,12,0.45,474.18,228.25,83.31,1,5,0
312,6,104.51,515.31,174.32,39.22,1,0,0
312,4,1306.90,483.97,191.65,27.64,1,0,0
312,8,1557.13,476.51,265.16,31.09,1,0,0
312,22,967.14,499.99,75.98,18.07,1,0,0
312,1,1182.69,504.28,83.86,21.44,1,1,0
313,12,0.43,475.85,228.69,86.34,1,5,0
313,6,104.65,516.67,175.25,41.65,1,0,0
313,4,1308.09,479.23,192.09,28.80,1,0,0
313,8,1555.16,472.29,271.35,31.01,1,0,0
313,22,969.01,498.76,69.15,17.72,1,0,0
313,1,1183.81,499.86,84.50,23.14,1,1,0
314,12,0.51,475.50,219.47,84.29,1,5,0
314,6,91.81,516.68,180.31,41.40,1,0,0
314,4,1308.67,487.34,196.39,28.54,1,0,0
314,8,1551.41,479.98,273.09,31.78,1,0,0
314,22,970.55,504.19,66.84,17.05,1,0,0
314,1,1179.75,507.31,87.62,22.62,1,1,0
314,48,695.00,519.41,16.85,9.85,1,0,0
315,12,0.59,484.89,223.25,86.36,1,5,0
315,6,93.13,526.41,182.97,41.60,1,0,0
315,4,1314.93,491.86,195.52,26.81,1,0,0
315,8,1554.10,481.42,265.35,32.69,1,0,0
315,22,975.37,509.08,67.65,16.90,1,0,0
315,1,1184.74,510.84,87.31,22.73,1,1,0
315,48,698.49,524.05,17.50,11.85,1,0,0
316,12,0.42,473.77,222.05,85.94,1,5,0
316,6,90.19,515.73,184.49,41.98,1,0,0
316,4,1319.93,483.29,194.52,28.59,1,0,0
316,8,1574.81,474.82,274.12,31.83,1,0,0
316,48,699.26,519.18,24.06,8.12,1,1,0
317,12,0.61,482.02,225.12,85.56,1,5,0
317,6,93.14,523.15,185.00,41.95,1,0,0
317,4,1322.84,490.34,195.19,28.00,1,0,0
317,8,1574.44,480.64,279.52,32.03,1,0,0
317,1,1241.20,505.63,37.01,26.87,1,5,0
318,12,0.46,476.70,209.49,85.13,1,5,0
318,6,66.35,518.47,195.42,42.50,1,0,0
318,4,1316.47,488.55,198.96,27.56,1,0,0
318,8,1559.51,478.74,277.67,33.12,1,0,0
318,22,976.39,504.86,70.20,17.28,1,0,0
318,48,694.76,519.71,20.72,10.44,1,0,0
319,12,0.71,489.35,209.05,86.25,1,5,0
319,6,65.72,529.80,197.17,44.58,1,0,0
319,4,1318.68,495.01,196.95,27.18,1,0,0
319,8,1576.55,483.89,274.89,32.98,1,0,0
319,1,1241.12,515.12,30.71,22.18,1,2,0
320,12,0.28,500.22,135.29,87.26,1,5,0
320,6,0.00,541.34,194.86,46.52,1,0,0
320,4,1274.44,491.18,196.54,29.14,1,0,0
320,8,1522.51,478.96,272.40,32.13,1,0,0
321,12,0.09,550.56,42.66,28.48,1,5,0
321,4,1241.32,501.01,172.63,29.46,1,0,0
321,8,1460.86,486.85,243.06,32.79,1,0,0
322,4,1240.52,508.64,191.04,29.23,1,0,0
322,48,629.91,543.27,71.72,16.94,1,0,0
323,48,523.30,545.00,74.99,17.13,1,0,0
323,9,1792.52,499.07,10.35,19.74,1,3,0
323,1,1241.44,510.33,93.32,25.23,1,0,0
323,12,160.14,574.31,6.58,11.83,1,3,0
324,48,678.12,539.42,83.47,19.10,1,0,0
324,12,154.42,555.96,38.04,13.99,1,1,0
325,48,645.90,536.94,116.14,22.50,1,0,0
325,12,104.70,559.58,40.01,13.41,1,1,0
325,50,1518.12,540.92,8.78,14.76,1,3,0
325,51,233.07,545.15,100.66,19.95,1,0,0
325,6,39.83,555.83,62.33,16.02,1,0,0
326,48,614.86,534.49,146.82,25.43,1,0,0
326,50,1488.93,538.04,9.35,15.31,1,3,0
326,51,190.77,546.14,103.43,20.57,1,0,0
326,52,438.27,546.47,118.46,29.08,1,0,0
326,6,49.42,552.70,46.69,22.55,1,5,0
327,48,585.25,534.05,199.77,27.65,1,0,0
327,50,1469.36,541.83,9.66,19.84,1,3,0
327,51,153.11,543.79,101.57,20.55,1,0,0
327,52,393.67,547.62,123.69,28.91,1,0,0
328,48,566.79,554.44,193.85,28.42,1,0,0
328,50,1467.33,538.94,10.74,22.41,1,3,0
328,51,118.17,577.17,105.53,19.84,1,0,0
329,48,545.71,569.36,201.45,26.77,1,0,0
329,50,1450.71,551.07,11.13,23.31,1,3,0
329,51,82.83,590.57,109.94,19.21,1,0,0
329,52,327.42,585.84,129.72,29.94,1,0,0
330,48,477.54,577.51,213.68,27.82,1,0,0
330,50,1403.66,566.86,9.43,18.56,1,3,0
330,52,220.82,592.41,145.16,33.60,1,2,0
331,48,471.89,577.64,212.21,29.35,1,0,0
331,50,1402.57,565.13,9.85,19.15,1,3,0
331,52,208.44,596.08,145.80,32.80,1,0,0
331,51,0.33,598.16,88.86,22.30,1,0,0
332,48,441.80,580.12,214.71,27.26,1,0,0
332,50,1389.88,563.33,10.81,24.14,1,3,0
332,52,138.39,595.17,162.18,35.48,1,0,0
332,56,702.89,568.39,235.06,32.14,1,0,0
333,48,432.80,584.26,215.70,28.86,1,0,0
333,50,1386.36,560.82,11.11,27.09,1,3,0
334,48,376.66,580.44,223.22,29.31,1,0,0
334,50,1353.93,564.78,11.59,23.63,1,3,0
335,48,362.56,580.44,224.46,30.64,1,0,0
335,50,1345.37,564.96,11.56,22.58,1,3,0
335,9,1782.30,531.29,137.09,28.27,1,0,0
336,48,281.34,589.28,240.35,31.87,1,0,0
336,50,1296.40,561.13,13.04,28.86,1,3,0
336,56,575.71,576.54,186.54,32.51,1,0,0
337,48,265.27,583.73,243.98,31.08,1,0,0
337,50,1288.61,561.91,12.47,27.12,1,3,0
337,56,565.66,571.75,242.12,33.75,1,0,0
338,48,282.18,568.64,243.50,32.99,1,0,0
338,50,1317.39,571.28,11.21,21.43,1,3,0
338,56,580.26,563.80,181.56,32.90,1,0,0
339,48,325.56,561.40,234.28,30.05,1,0,0
339,50,1356.65,565.38,11.49,22.11,1,3,0
339,56,615.60,555.93,224.88,32.69,1,0,0
340,48,461.80,564.30,216.98,27.49,1,0,0
340,56,733.55,553.49,224.82,31.01,1,0,0
340,35,1492.06,550.34,11.77,24.13,1,3,0
341,48,588.00,517.64,207.49,27.73,1,0,0
341,56,840.50,506.77,242.37,32.69,1,0,0
341,35,1641.40,502.58,13.11,28.76,1,3,0
342,48,627.89,504.13,204.62,27.94,1,0,0
342,56,882.11,494.79,238.86,31.14,1,0,0
342,35,1692.98,493.99,12.79,25.94,1,3,0
342,58,174.80,526.48,162.97,31.65,1,0,0
343,35,1842.30,493.04,14.00,26.42,1,3,0
343,12,91.95,527.45,32.96,11.26,1,1,0
344,35,1901.63,493.24,13.65,25.17,1,3,0
344,12,142.31,524.70,33.44,12.30,1,1,0
344,58,327.63,509.01,145.75,35.07,1,0,0
345,12,189.85,521.37,29.65,11.63,1,1,0
345,58,361.57,504.49,140.63,36.56,1,0,0
345,48,793.61,494.20,199.39,25.53,1,0,0
345,56,1046.85,484.84,235.88,32.22,1,0,0
346,12,238.12,518.89,28.33,12.23,1,1,0
346,58,398.70,503.76,138.12,35.53,1,0,0
347,12,121.51,536.09,29.38,10.12,1,0,0
347,58,501.96,515.63,129.40,32.14,1,1,0
347,6,44.89,542.29,9.62,12.47,1,3,0
347,48,927.22,494.47,196.42,27.56,1,0,0
347,56,1176.27,482.25,242.47,34.23,1,0,0
348,12,162.80,536.66,27.56,9.89,1,0,0
348,58,527.23,515.02,131.35,34.42,1,0,0
348,6,88.54,542.98,9.46,12.21,1,3,0
348,56,1240.51,487.47,193.88,32.00,1,0,0
349,12,202.10,534.45,25.71,9.88,1,0,0
349,58,553.26,518.24,127.73,32.90,1,0,0
349,6,20.71,537.05,21.59,10.56,1,0,0
349,8,1228.71,492.02,247.22,33.55,1,0,0
349,48,980.86,501.46,200.26,27.68,1,0,0
350,12,279.81,527.18,22.74,12.13,1,0,0
350,58,683.78,505.62,77.10,18.45,1,0,0
350,6,95.22,533.20,41.49,10.37,1,0,0
350,56,1288.28,475.58,257.97,34.81,1,0,0
351,12,287.66,526.29,23.47,12.09,1,0,0
351,58,688.27,504.76,71.47,17.11,1,0,0
351,6,219.42,534.83,7.89,11.73,1,3,0
351,56,1291.15,472.69,274.90,35.27,1,0,0
351,41,606.72,507.66,124.62,33.23,1,0,0
352,12,290.97,523.70,24.32,10.78,1,0,0
352,58,692.72,504.82,68.37,18.58,1,0,0
352,6,130.41,528.91,20.43,8.27,1,0,0
352,56,1310.67,481.66,266.65,34.54,1,0,0
352,41,600.38,508.51,125.81,33.22,1,0,0
353,12,296.91,516.30,22.53,12.60,1,0,0
353,58,695.67,496.58,65.59,18.40,1,0,0
353,6,227.71,524.09,7.67,12.47,1,3,0
353,56,1314.82,469.12,256.00,34.99,1,0,0
353,41,602.36,502.04,124.03,31.54,1,0,0
353,61,485.12,514.38,42.25,12.32,1,0,0
354,12,321.49,523.73,23.35,11.67,1,0,0
354,6,254.85,530.20,7.69,12.57,1,3,0
354,56,1323.02,478.80,275.22,37.27,1,0,0
354,41,609.88,509.58,126.40,33.48,1,0,0
354,61,504.78,521.92,43.35,11.94,1,0,0
354,50,1241.20,493.01,41.66,24.98,1,0,0
355,12,324.19,529.33,22.20,11.51,1,0,0
355,6,256.77,535.61,8.62,13.01,1,3,0
355,56,1327.21,482.97,315.04,36.77,1,0,0
355,41,607.77,516.28,126.26,31.70,1,0,0
355,50,1241.37,496.68,45.11,25.64,1,0,0
356,12,188.81,530.93,23.76,10.41,1,0,0
356,6,277.56,533.03,7.44,12.98,1,3,0
356,56,1360.87,486.40,261.79,35.31,1,0,0
356,41,616.30,520.46,120.19,26.95,1,0,0
356,4,1097.41,497.11,204.42,28.20,1,0,0
356,58,734.61,510.50,74.82,19.02,1,0,0
357,12,200.86,537.73,24.56,12.57,1,0,0
357,6,289.34,543.32,6.60,11.39,1,3,0
357,56,1357.80,492.42,281.21,36.34,1,0,0
357,41,623.41,528.15,119.97,27.74,1,0,0
357,4,1105.63,502.58,209.43,30.01,1,0,0
357,58,747.82,518.40,74.68,19.00,1,0,0
357,61,355.62,537.35,21.99,10.62,1,0,0
358,12,256.12,502.50,20.32,9.04,1,0,0
358,56,1410.29,450.79,273.41,35.70,1,0,0
358,4,1142.96,461.54,209.19,29.05,1,0,0
358,58,786.76,478.33,69.34,18.07,1,0,0
358,61,400.25,496.16,20.82,12.80,1,0,0
359,12,277.92,498.59,19.92,12.60,1,0,0
359,56,1420.36,451.19,282.05,36.68,1,0,0
359,4,1241.43,460.65,130.84,30.12,1,0,0
359,61,419.41,497.68,19.79,10.48,1,0,0
359,41,663.18,478.14,98.56,37.81,1,5,0
360,56,1478.16,488.79,304.61,37.66,1,0,0
360,61,473.39,530.74,19.42,13.50,1,0,0
360,41,703.52,529.09,113.64,24.90,1,0,0
360,8,1207.95,499.09,213.99,30.94,1,0,0
360,6,340.85,533.55,18.55,12.83,1,0,0
360,58,848.58,516.32,71.96,18.42,1,0,0
361,56,1469.80,487.47,318.95,37.57,1,0,0
361,61,476.96,527.10,19.42,13.17,1,0,0
361,41,703.91,521.30,57.90,27.74,1,5,0
361,8,1241.20,498.23,186.23,30.42,1,0,0
361,6,416.09,535.79,6.03,10.96,1,3,0
361,12,344.46,530.00,19.41,11.42,1,0,0
362,56,1469.04,459.67,314.84,38.35,1,0,0
362,61,467.08,511.73,18.02,11.51,1,0,0
362,41,686.47,495.79,75.20,34.37,1,5,0
362,8,1241.48,473.35,176.06,29.84,1,0,0
362,63,135.81,522.33,34.05,10.55,1,0,0
362,12,334.21,514.26,20.56,12.99,1,0,0
363,56,1465.41,448.82,304.38,37.34,1,0,0
363,61,465.41,498.48,19.57,10.95,1,0,0
363,41,682.57,481.46,78.98,35.41,1,5,0
363,8,1240.90,460.03,177.59,30.36,1,0,0
363,63,106.25,506.21,59.59,12.35,1,0,0
363,12,332.51,501.51,21.45,11.22,1,0,0
364,56,1435.59,487.78,297.81,37.86,1,0,0
364,61,430.36,532.13,19.29,11.37,1,0,0
364,41,647.55,527.97,108.30,25.29,1,0,0
364,8,1241.34,499.44,147.66,30.22,1,0,0
364,63,93.58,538.16,29.79,10.67,1,0,0
364,12,293.70,533.74,23.21,12.14,1,0,0
364,6,367.80,539.02,5.86,10.42,1,3,0
365,56,1410.69,504.16,307.32,37.30,1,0,0
365,61,404.47,545.64,20.39,10.66,1,0,0
365,41,621.48,543.32,108.58,23.68,1,0,0
365,8,1153.09,516.13,211.09,28.19,1,0,0
365,63,59.12,550.37,28.98,10.67,1,0,0
365,12,264.23,546.47,24.40,11.79,1,0,0
365,65,16.18,546.52,42.09,15.67,1,5,0
365,6,340.46,550.58,6.32,11.69,1,3,0
365,58,794.44,529.58,71.59,18.15,1,0,0
366,56,1342.14,458.07,299.04,35.93,1,0,0
366,41,536.05,501.03,105.59,24.09,1,0,0
366,8,1081.12,470.44,207.57,27.72,1,0,0
366,63,156.16,509.46,31.84,10.63,1,0,0
366,12,242.00,511.59,7.62,12.21,1,3,0
366,6,311.20,505.30,21.03,11.30,1,0,0
366,58,720.50,485.24,84.62,19.59,1,0,0
367,56,1285.59,507.79,274.89,35.01,1,0,0
367,41,473.37,545.33,107.95,24.16,1,0,0
367,12,249.51,547.65,22.42,11.12,1,0,0
367,58,673.75,531.41,81.64,17.84,1,0,0
367,65,83.17,549.48,35.67,12.15,1,0,0
368,56,1249.16,474.20,271.13,34.33,1,0,0
368,41,408.76,514.65,111.78,23.43,1,0,0
368,12,188.39,516.71,23.04,11.58,1,0,0
368,58,633.10,497.69,78.03,19.65,1,0,0
368,65,7.03,520.84,45.24,10.29,1,0,0
368,8,997.12,481.67,208.14,30.17,1,0,0
368,63,110.46,524.62,7.50,11.42,1,3,0
369,56,1253.52,493.99,275.60,34.58,1,0,0
369,41,412.47,532.80,107.04,23.92,1,0,0
369,12,202.30,536.43,23.25,10.66,1,0,0
369,58,643.90,517.49,71.66,18.29,1,0,0
369,65,24.58,538.36,46.42,11.50,1,0,0
370,56,1263.89,510.95,274.32,35.95,1,0,0
370,41,415.37,546.65,106.45,24.57,1,0,0
370,12,207.98,548.74,23.01,11.29,1,0,0
370,58,649.21,531.70,82.80,19.68,1,0,0
370,65,32.03,550.21,45.74,12.23,1,0,0
370,8,1012.20,520.69,206.71,28.64,1,0,0
371,56,1336.36,457.43,265.36,34.53,1,0,0
371,41,479.06,499.75,97.79,23.39,1,1,0
371,12,221.32,510.15,6.93,11.34,1,3,0
371,58,707.03,482.53,54.13,19.60,1,0,0
371,50,1241.56,470.28,40.72,24.15,1,0,0
371,63,134.27,507.16,43.41,10.47,1,0,0
372,56,1367.11,459.08,267.18,36.31,1,0,0
372,41,505.25,499.82,96.63,23.16,1,0,0
372,50,1241.60,474.03,67.49,23.92,1,0,0
372,6,325.31,500.52,20.94,11.56,1,0,0
373,56,1396.16,472.28,283.66,36.24,1,0,0
373,41,543.41,511.84,94.24,22.20,1,1,0
373,50,1241.40,482.98,104.58,27.31,1,0,0
373,6,370.84,512.03,18.74,11.26,1,0,0
373,65,14.87,518.74,32.79,9.15,1,0,0
374,56,1412.85,477.77,297.29,37.26,1,0,0
374,41,565.90,519.49,94.10,22.06,1,0,0
374,50,1154.53,488.84,213.17,28.98,1,0,0
374,6,398.28,519.06,19.76,11.91,1,0,0
374,65,14.22,527.08,42.46,10.67,1,0,0
374,61,335.14,527.21,6.01,10.90,1,3,0
374,12,258.23,522.65,32.92,11.22,1,0,0
374,58,799.28,503.73,72.38,18.00,1,0,0
375,56,1465.91,483.82,311.12,37.34,1,0,0
375,41,615.05,526.93,88.99,21.48,1,1,0
375,50,1240.98,491.74,173.93,33.12,1,0,0
376,56,1505.48,484.57,306.81,37.87,1,0,0
376,41,642.34,527.52,87.93,22.28,1,1,0
376,50,1241.33,490.47,206.14,35.66,1,0,0
377,56,1526.02,482.08,331.52,37.89,1,0,0
377,41,665.04,527.21,87.77,21.79,1,0,0
377,50,1255.16,494.65,219.06,29.82,1,0,0
377,6,513.10,529.57,18.40,9.97,1,0,0
377,58,898.22,510.32,70.15,18.97,1,0,0
378,56,1642.99,458.30,276.81,35.12,1,0,0
378,50,1346.30,462.90,231.36,34.82,1,0,0
379,56,1673.56,458.16,246.44,39.65,1,0,0
379,50,1374.57,471.25,232.51,30.24,1,0,0
379,6,535.03,507.48,20.74,9.55,1,0,0
380,56,1710.43,476.30,209.18,38.83,1,0,0
380,50,1405.45,486.73,239.91,32.85,1,0,0
380,68,668.35,523.47,18.12,10.55,1,0,0
380,6,615.59,530.31,5.74,10.47,1,3,0
380,22,1040.06,505.06,82.37,19.30,1,0,0
380,41,798.69,523.16,80.25,20.24,1,1,0
380,58,798.86,523.28,80.19,19.87,1,0,0
381,56,1725.26,453.50,194.74,38.42,1,0,0
381,50,1412.15,462.33,240.95,34.34,1,0,0
381,68,674.56,502.76,17.02,10.01,1,0,0
381,22,1045.43,483.71,81.86,18.62,1,0,0
381,58,801.89,501.25,79.89,21.07,1,1,0
381,12,408.45,510.25,24.16,9.07,1,0,0
382,56,1714.79,478.74,205.14,41.42,1,0,0
382,50,1416.15,493.87,240.88,31.24,1,0,0
382,22,1050.49,510.90,81.57,19.11,1,0,0
382,58,799.13,528.36,79.26,20.69,1,0,0
382,6,626.12,535.86,5.66,9.76,1,3,0
383,56,1715.39,481.45,204.61,40.66,1,0,0
383,50,1410.00,494.82,242.07,30.57,1,0,0
383,22,1043.52,509.97,72.12,19.33,1,0,0
383,58,791.27,525.64,78.32,21.61,1,0,0
383,6,619.68,531.95,6.38,11.89,1,3,0
383,68,671.90,527.04,17.45,9.79,1,0,0
383,12,407.11,532.36,23.14,8.60,1,0,0
384,56,1672.16,442.85,247.75,41.41,1,0,0
384,50,1383.38,458.59,237.72,32.71,1,0,0
384,6,592.67,508.77,6.65,11.64,1,3,0
385,56,1672.28,455.74,247.72,42.46,1,0,0
385,50,1378.70,471.19,237.37,33.02,1,0,0
385,6,589.92,521.64,4.97,9.37,1,3,0
385,41,1015.77,492.40,82.56,19.28,1,0,0
385,58,754.36,513.02,78.80,20.21,1,0,0
385,68,640.92,514.89,18.08,9.90,1,0,0
386,56,1653.26,470.80,266.74,40.80,1,0,0
386,50,1365.48,481.90,233.93,31.89,1,0,0
386,6,576.07,519.80,6.52,11.55,1,3,0
386,68,627.92,515.38,19.28,9.64,1,0,0
386,12,359.06,520.21,23.14,8.08,1,0,0
387,56,1646.49,455.48,273.33,39.53,1,0,0
387,50,1359.14,470.31,233.02,30.75,1,0,0
387,68,621.45,512.17,18.06,8.93,1,0,0
388,56,1643.55,473.41,276.45,41.99,1,0,0
388,50,1355.56,484.47,232.42,32.56,1,0,0
388,41,992.31,500.24,94.85,19.93,1,0,0
388,58,714.05,516.26,83.35,21.23,1,0,0
389,56,1638.03,475.86,281.97,40.89,1,0,0
389,50,1350.19,486.63,234.41,32.97,1,0,0
389,58,708.40,507.36,53.41,33.50,1,5,0
389,68,611.47,520.17,18.45,10.30,1,0,0
390,56,1625.86,461.99,294.05,39.92,1,0,0
390,50,1334.13,476.29,230.47,31.91,1,0,0
390,58,685.50,516.20,75.73,20.96,1,0,0
390,68,593.93,518.70,18.51,9.78,1,0,0
390,12,473.15,520.47,48.58,11.89,1,0,0
391,56,1617.11,459.26,302.83,40.23,1,0,0
391,50,1331.35,472.49,230.77,32.52,1,0,0
391,58,682.20,510.28,78.91,22.71,1,0,0
391,68,591.04,513.73,18.09,10.51,1,0,0
392,56,1606.38,477.59,313.62,39.79,1,0,0
392,50,1320.15,488.12,229.66,31.27,1,0,0
392,58,664.88,520.21,79.61,19.69,1,0,0
392,68,577.39,519.46,17.93,10.75,1,0,0
392,61,301.13,525.20,24.57,8.76,1,0,0
392,6,525.81,526.03,5.87,9.73,1,3,0
392,41,959.75,503.14,76.48,19.02,1,0,0
392,12,455.64,522.81,34.26,10.01,1,0,0
393,56,1604.99,472.53,314.92,40.43,1,0,0
393,50,1313.54,485.58,228.12,32.70,1,0,0
393,58,657.90,522.34,80.39,20.74,1,0,0
393,68,572.93,523.97,16.82,9.46,1,0,0
393,12,479.51,526.50,21.16,8.45,1,0,0
394,56,1594.14,466.90,325.84,39.53,1,0,0
394,50,1310.01,480.93,227.69,31.58,1,0,0
394,58,651.03,521.58,79.91,19.01,1,0,0
394,68,566.61,521.45,18.27,10.91,1,0,0
394,12,443.90,525.14,52.62,11.44,1,0,0
394,61,379.11,530.82,11.99,6.10,1,0,0
394,41,953.27,499.70,78.66,19.76,1,0,0
395,56,1587.27,473.89,332.33,41.35,1,0,0
395,50,1298.65,486.21,228.14,31.04,1,0,0
395,58,636.91,518.94,78.17,19.31,1,0,0
395,68,555.78,516.63,18.66,11.48,1,0,0
395,12,433.15,522.12,25.72,8.93,1,0,0
395,41,939.77,500.64,91.19,19.51,1,0,0
396,56,1582.84,472.30,336.34,39.74,1,0,0
396,50,1292.72,482.30,227.16,33.29,1,0,0
396,58,627.57,516.98,79.78,19.66,1,0,0
396,68,548.12,517.13,20.31,10.15,1,0,0
396,6,496.54,523.68,5.95,9.83,1,3,0
397,56,1549.56,471.25,369.51,38.31,1,0,0
397,50,1269.83,481.90,224.58,32.67,1,0,0
397,58,600.77,520.58,79.26,18.39,1,1,0
397,68,600.51,520.40,79.35,18.41,1,0,0
397,71,702.48,518.76,21.11,9.90,1,0,0
397,6,525.84,521.56,17.75,8.12,1,0,0
397,63,233.82,528.45,29.51,8.19,1,0,0
397,61,399.59,523.92,30.73,9.83,1,0,0
397,12,415.27,522.13,38.56,10.75,1,0,0
398,56,1541.54,477.58,378.46,39.94,1,0,0
398,50,1268.04,489.04,222.06,29.94,1,0,0
398,58,594.87,521.09,80.13,18.83,1,0,0
398,71,698.96,518.24,19.70,12.02,1,0,0
398,6,521.97,521.01,19.31,9.37,1,0,0
398,12,431.23,522.39,19.14,8.78,1,0,0
398,41,909.36,502.56,94.82,19.69,1,0,0
399,56,1535.26,479.40,384.74,39.04,1,0,0
399,50,1261.92,487.07,226.22,32.62,1,0,0
399,58,591.65,519.30,78.47,17.53,1,0,0
399,71,695.59,517.65,20.95,9.47,1,0,0
400,56,1516.82,470.29,395.98,39.14,1,0,0
400,50,1247.37,484.98,217.72,31.18,1,0,0
400,58,567.92,528.35,79.21,18.95,1,0,0
400,71,677.82,525.49,18.04,10.72,1,0,0
400,63,369.99,533.71,30.35,10.17,1,0,0
400,61,407.57,532.49,22.07,9.11,1,0,0
400,12,445.77,536.40,6.36,9.87,1,3,0
400,41,892.25,504.33,92.75,20.41,1,0,0
401,56,1512.50,464.65,324.16,38.71,1,0,0
401,50,1239.99,478.46,220.11,31.00,1,0,0
401,58,557.96,519.36,79.46,18.53,1,0,0
401,71,669.16,515.11,18.30,12.34,1,0,0
401,63,359.85,525.49,29.63,8.68,1,0,0
401,61,397.40,522.64,21.23,8.71,1,0,0
401,12,436.61,526.86,6.42,10.89,1,3,0
401,41,883.94,497.27,77.02,19.53,1,0,0
401,6,489.23,520.74,19.85,9.73,1,0,0
402,56,1506.01,461.81,313.35,37.65,1,0,0
402,50,1234.16,473.07,217.81,30.08,1,0,0
402,58,550.02,507.30,78.38,19.06,1,0,0
402,63,352.33,511.62,29.94,8.23,1,0,0
402,41,880.08,488.33,71.01,19.29,1,0,0
402,6,482.09,507.43,19.69,9.63,1,0,0
403,56,1483.97,481.10,309.03,38.83,1,0,0
403,50,1216.64,493.16,218.81,30.74,1,0,0
403,58,526.29,528.23,79.30,20.24,1,0,0
403,63,330.05,533.19,30.35,9.22,1,0,0
403,41,860.41,509.34,83.36,19.65,1,0,0
403,6,462.18,529.84,19.17,9.68,1,0,0
403,71,644.61,525.71,18.31,11.72,1,0,0
403,61,369.33,531.37,22.35,10.39,1,0,0
403,12,409.00,535.12,6.36,10.15,1,3,0
404,56,1481.48,480.65,320.80,37.85,1,0,0
404,50,1241.39,493.80,189.32,30.92,1,0,0
404,58,519.49,535.49,78.75,18.67,1,0,0
404,6,457.18,536.40,19.09,9.36,1,0,0
404,71,639.31,531.43,18.69,10.90,1,0,0
405,56,1452.67,467.31,291.11,36.85,1,0,0
405,50,1241.44,475.20,154.03,30.58,1,0,0
405,58,478.58,506.96,79.00,19.84,1,1,0
405,6,419.42,507.53,20.01,9.46,1,0,0
405,61,364.91,513.39,5.88,10.21,1,3,0
406,56,1433.96,471.68,292.43,38.58,1,0,0
406,50,1241.52,485.22,146.72,28.72,1,0,0
406,58,467.36,523.30,78.57,17.74,1,0,0
406,6,409.23,522.47,20.29,9.91,1,0,0
406,61,314.28,525.06,23.64,8.17,1,0,0
406,63,270.67,527.49,33.85,8.54,1,0,0
406,71,595.90,519.28,19.86,10.56,1,0,0
407,56,1434.09,475.23,288.19,39.30,1,0,0
407,50,1241.52,490.44,140.37,28.98,1,0,0
407,58,460.47,532.44,78.15,17.48,1,1,0
407,6,403.46,531.77,19.75,10.05,1,0,0
407,61,309.35,533.94,21.60,8.54,1,0,0
407,71,460.33,532.56,78.25,17.30,1,0,0
407,12,346.38,538.30,7.12,10.96,1,3,0
408,56,1425.12,477.71,304.28,39.31,1,0,0
408,50,1159.69,492.72,214.26,29.15,1,0,0
408,58,449.76,531.40,79.51,19.99,1,0,0
408,6,394.48,533.86,21.74,9.17,1,0,0
408,12,338.46,538.94,7.07,11.22,1,3,0
408,41,804.99,509.66,89.99,20.00,1,0,0
409,56,1425.12,478.04,282.80,38.67,1,0,0
409,50,1241.53,492.44,128.57,27.58,1,0,0
409,58,444.21,526.71,77.53,18.93,1,1,0
409,6,387.58,526.90,20.50,9.91,1,0,0
409,12,331.66,532.26,6.66,11.86,1,3,0
409,71,576.17,523.21,18.76,10.52,1,0,0
410,56,1413.19,478.61,287.07,36.56,1,0,0
410,50,1241.35,486.70,122.92,29.76,1,0,0
410,58,434.63,517.72,80.37,18.29,1,0,0
410,6,380.15,517.38,21.16,9.65,1,0,0
410,12,324.11,523.01,6.87,10.19,1,3,0
410,71,569.69,513.97,17.34,10.55,1,0,0
410,63,238.57,520.04,34.20,9.22,1,0,0
411,56,1417.52,475.76,280.55,35.91,1,0,0
411,50,1241.32,485.16,116.83,27.15,1,0,0
411,58,425.32,508.94,81.11,21.23,1,0,0
411,6,372.69,510.69,22.08,9.18,1,0,0
411,71,562.90,508.73,18.55,9.84,1,0,0
411,63,228.81,512.47,36.90,9.45,1,0,0
411,65,0.48,504.40,41.23,17.82,1,5,0
412,56,1405.86,470.96,279.37,36.84,1,0,0
412,50,1137.09,481.58,208.14,27.49,1,0,0
412,58,417.39,510.99,78.94,19.82,1,0,0
412,6,364.45,511.75,20.88,9.30,1,0,0
412,71,556.13,508.60,19.49,11.10,1,0,0
412,63,26.61,516.38,32.13,8.57,1,0,0
412,65,8.69,507.10,22.09,17.84,1,5,0
412,41,781.85,493.23,73.30,18.37,1,0,0
413,56,1373.01,478.39,266.62,37.04,1,0,0
413,50,1241.22,491.46,76.59,26.99,1,0,0
413,58,373.25,525.48,81.09,21.21,1,0,0
413,6,324.30,528.79,21.96,8.88,1,0,0
413,71,520.84,523.63,18.23,10.13,1,0,0
413,63,172.09,531.94,38.92,9.29,1,0,0
413,61,225.67,529.83,24.89,8.93,1,0,0
413,12,265.79,532.23,7.54,12.38,1,3,0
414,50,1241.29,489.68,68.35,25.66,1,0,0
414,58,359.06,517.24,81.98,21.05,1,0,0
414,6,311.21,519.69,24.54,9.40,1,0,0
414,71,510.30,516.62,19.38,10.93,1,0,0
414,12,252.29,524.15,7.27,11.88,1,3,0
415,50,1241.21,489.52,27.88,24.66,1,0,0
415,58,304.68,526.24,82.59,19.30,1,0,0
415,71,465.70,521.76,14.62,10.87,1,0,0
415,41,694.15,504.63,67.40,19.64,1,0,0
415,56,1323.39,476.53,259.32,36.64,1,0,0
415,63,96.84,531.31,42.30,9.72,1,0,0
415,61,196.95,532.23,7.22,11.40,1,3,0
416,58,291.33,541.43,83.62,19.93,1,0,0
416,71,455.70,536.30,14.73,12.48,1,0,0
416,41,690.39,517.59,96.89,19.99,1,0,0
416,56,1314.11,487.75,265.39,35.97,1,0,0
416,63,81.08,548.04,44.06,9.73,1,0,0
416,61,184.41,548.93,6.97,11.42,1,3,0
416,12,247.18,544.02,23.71,8.96,1,0,0
417,58,220.15,491.31,92.75,23.54,1,0,0
417,41,643.62,478.95,74.14,18.46,1,0,0
417,56,1254.65,459.82,329.18,37.20,1,0,0
417,61,113.32,500.03,7.61,10.21,1,3,0
417,12,180.13,494.76,26.33,9.20,1,0,0
418,58,204.99,512.61,89.71,19.70,1,0,0
418,41,631.55,492.86,73.91,17.86,1,0,0
418,56,1242.39,466.56,267.92,36.35,1,0,0
418,61,95.82,518.52,7.34,11.04,1,3,0
418,12,164.30,512.77,26.47,9.77,1,0,0
418,71,386.48,507.76,18.04,11.82,1,0,0
419,58,133.57,523.57,94.12,20.84,1,0,0
419,41,589.45,505.99,72.14,18.53,1,0,0
419,61,22.34,528.29,8.62,12.59,1,3,0
419,12,96.38,525.39,29.29,9.03,1,0,0
419,65,0.57,523.82,6.55,7.99,1,0,0
419,6,225.41,522.98,13.10,9.24,1,0,0
420,58,110.24,500.94,94.38,23.84,1,0,0
420,41,573.66,488.30,75.74,19.16,1,0,0
420,71,312.68,500.77,24.77,12.90,1,0,0
421,58,17.05,545.41,105.44,24.71,1,1,0
421,41,518.96,517.97,84.95,18.82,1,0,0
421,63,16.28,545.32,105.80,24.89,1,0,0
421,56,1241.64,485.44,165.86,32.52,1,0,0
421,61,0.47,549.48,13.42,10.46,1,0,0
421,12,122.14,545.68,20.46,8.95,1,0,0
421,6,248.06,540.36,15.45,12.66,1,0,0
422,41,516.97,515.10,64.54,18.65,1,0,0
422,56,1127.72,489.67,260.98,35.64,1,0,0
422,12,93.89,534.02,21.80,9.35,1,0,0
422,6,225.10,531.23,17.67,12.51,1,0,0
423,41,448.35,505.24,79.80,19.82,1,0,0
423,56,1074.88,471.21,267.65,35.84,1,0,0
423,6,151.41,529.99,28.79,12.01,1,1,0
423,75,826.65,484.83,202.96,29.02,1,0,0
423,65,1.75,532.56,26.67,10.72,1,0,0
424,41,424.53,526.34,77.20,18.17,1,0,0
424,6,121.61,553.22,31.90,12.03,1,1,0
424,50,1241.43,487.20,81.35,28.56,1,0,0
424,71,314.25,537.72,31.78,11.02,1,0,0
425,41,375.38,486.34,106.96,21.59,1,0,0
425,71,263.23,493.69,35.83,13.30,1,0,0
425,12,57.24,502.64,34.46,11.90,1,1,0
425,75,769.61,480.70,207.29,26.57,1,0,0
426,41,370.79,490.23,107.95,21.11,1,0,0
426,71,258.12,500.61,34.98,12.51,1,0,0
426,12,50.34,511.33,33.89,12.59,1,1,0
426,75,766.03,478.06,207.93,28.07,1,0,0
426,56,1023.79,467.00,253.52,34.27,1,0,0
427,71,272.02,525.58,32.90,12.41,1,0,0
427,75,776.61,505.98,204.05,27.13,1,0,0
427,56,1025.62,495.99,247.02,35.20,1,0,0
427,6,66.45,535.29,34.16,11.96,1,1,0
428,71,284.37,507.63,34.62,12.61,1,0,0
428,75,785.44,493.51,203.91,26.14,1,0,0
428,56,1037.02,484.42,240.94,34.69,1,0,0
428,6,82.13,516.77,33.90,11.68,1,1,0
429,6,168.54,536.46,28.64,12.72,1,1,0
430,63,22.82,521.91,94.00,22.51,1,0,0
430,50,1241.36,483.98,188.91,28.30,1,0,0
430,12,23.10,521.87,94.00,22.38,1,1,0
431,63,65.89,528.13,86.98,21.08,1,0,0
431,50,1203.03,480.94,259.70,34.44,1,0,0
431,12,66.38,528.47,86.76,20.89,1,1,0
431,65,5.21,531.36,11.31,15.48,1,3,0
431,71,314.61,523.06,21.00,12.68,1,0,0
431,56,944.69,492.05,202.23,27.08,1,0,0
431,6,177.29,527.11,29.72,9.51,1,0,0
432,50,1281.67,473.06,248.15,34.76,1,0,0
432,12,31.99,523.01,52.78,9.19,1,0,0
432,76,668.25,498.33,75.30,19.11,1,0,0
432,71,293.38,516.35,27.07,10.33,1,0,0
432,56,1025.98,484.77,205.55,26.20,1,0,0
432,6,120.36,518.68,26.24,9.26,1,0,0
432,41,193.37,519.38,74.19,18.41,1,0,0
