1,1,319.93,537.15,170.34,50.18,1,0,0
1,2,864.18,563.04,49.59,18.35,1,0,0
1,3,1036.10,575.32,23.79,7.79,1,2,0
1,4,1388.73,573.30,44.73,13.89,1,0,0
1,5,770.03,578.67,9.40,13.11,1,3,0
2,1,319.86,522.38,164.57,50.04,1,0,0
2,2,854.93,555.33,48.43,18.06,1,0,0
2,3,1026.96,570.56,24.91,7.20,1,2,0
2,4,1378.86,574.71,48.17,13.62,1,0,0
2,5,761.03,569.57,9.43,13.07,1,3,0
3,1,320.07,511.82,156.64,51.02,1,0,0
3,2,845.67,548.73,49.85,18.96,1,0,0
3,3,1019.49,566.34,24.26,7.72,1,2,0
3,4,1371.11,574.44,43.55,14.00,1,0,0
4,1,319.97,520.12,147.49,50.40,1,0,0
4,2,834.04,556.50,49.73,18.28,1,0,0
4,3,1008.99,573.44,24.14,7.54,1,2,0
4,4,1361.21,581.08,42.04,13.37,1,0,0
5,1,320.00,518.96,137.17,49.21,1,0,0
5,2,823.11,551.40,50.46,18.65,1,0,0
5,3,998.48,567.18,24.45,7.99,1,2,0
5,4,1351.20,572.32,46.80,14.09,1,0,0
5,5,727.48,565.24,10.09,13.80,1,3,0
6,1,319.90,493.51,140.68,50.00,1,0,0
6,2,821.98,523.29,49.40,18.34,1,0,0
6,4,1348.52,542.93,49.91,14.19,1,0,0
6,5,725.22,537.86,9.68,13.56,1,3,0
7,1,319.99,487.96,144.45,50.04,1,0,0
7,2,826.83,517.15,47.58,18.44,1,0,0
7,4,1353.82,537.26,47.12,14.02,1,0,0
7,3,1004.61,532.73,24.22,7.17,1,2,0
8,1,319.98,479.87,152.26,49.45,1,0,0
8,2,832.97,509.85,47.64,17.81,1,0,0
8,4,1360.36,529.97,45.72,14.05,1,0,0
8,3,1011.72,524.76,25.11,7.67,1,2,0
8,5,734.61,524.21,9.80,13.21,1,3,0
9,1,319.83,468.33,167.09,50.43,1,0,0
9,2,845.10,498.73,48.98,17.94,1,0,0
9,4,1375.12,520.39,41.47,14.53,1,0,0
9,5,747.73,512.81,9.60,13.70,1,3,0
10,1,319.45,464.58,182.33,50.52,1,0,0
10,2,859.75,495.15,50.04,18.32,1,0,0
10,4,1388.64,516.41,48.09,14.23,1,0,0
10,5,761.54,509.18,9.57,14.15,1,3,0
10,3,1042.58,510.62,24.41,7.00,1,2,0
11,1,320.34,483.37,186.38,50.88,1,0,0
11,2,863.82,508.70,50.98,18.86,1,0,0
11,4,1394.55,524.62,46.83,13.87,1,0,0
11,5,765.37,524.53,10.09,13.75,1,3,0
11,3,1048.25,522.99,24.23,7.21,1,2,0
12,1,320.46,504.43,185.47,52.67,1,0,0
12,2,863.19,524.86,50.70,18.74,1,0,0
12,4,1394.19,533.42,46.60,13.79,1,0,0
12,5,762.39,542.91,9.86,13.32,1,3,0
13,1,320.18,506.46,188.59,50.57,1,0,0
13,2,861.83,533.38,52.87,19.20,1,0,0
13,4,1393.93,549.93,46.35,14.19,1,0,0
13,5,759.86,549.26,9.90,13.49,1,3,0
13,3,1048.70,548.07,24.12,7.44,1,2,0
14,1,320.35,507.02,178.37,50.19,1,0,0
14,2,852.22,538.63,49.95,18.11,1,0,0
14,4,1386.02,559.52,46.42,13.91,1,0,0
14,5,748.83,552.39,9.94,14.47,1,3,0
14,3,1038.84,554.06,23.83,7.64,1,2,0
15,1,319.96,512.54,163.75,50.50,1,0,0
15,2,834.61,546.04,51.07,18.89,1,0,0
15,4,1368.47,567.36,47.36,14.62,1,0,0
15,5,730.90,559.98,10.46,14.04,1,3,0
16,1,319.81,527.71,152.14,50.42,1,0,0
16,2,819.39,560.58,51.94,18.61,1,0,0
16,4,1354.86,581.34,44.88,14.13,1,0,0
16,5,716.74,574.48,10.45,14.21,1,3,0
16,3,1009.50,576.80,23.91,7.65,1,2,0
17,1,320.01,536.08,142.42,50.26,1,0,0
17,2,809.38,567.30,51.91,18.75,1,0,0
17,4,1344.56,585.58,50.08,14.25,1,0,0
17,3,998.03,583.19,24.62,7.29,1,2,0
18,1,319.97,534.97,144.05,50.11,1,0,0
18,2,806.99,564.83,50.72,18.53,1,0,0
18,4,1344.30,581.64,47.25,15.19,1,0,0
18,3,997.94,580.22,23.38,7.61,1,2,0
18,5,701.69,579.55,9.98,14.69,1,3,0
19,1,319.69,527.65,147.54,50.62,1,0,0
19,2,809.29,556.92,50.43,18.68,1,0,0
19,4,1347.43,574.08,44.40,14.42,1,0,0
19,3,1001.25,572.28,24.51,7.83,1,2,0
19,5,703.38,571.61,10.38,14.40,1,3,0
20,1,319.88,520.87,130.40,50.54,1,0,0
20,2,789.91,549.31,49.96,18.34,1,0,0
20,4,1328.62,564.24,48.92,14.74,1,0,0
20,3,1110.72,570.25,5.01,6.22,1,3,0
20,5,682.24,564.55,9.49,14.31,1,3,0
21,1,319.82,505.73,122.57,50.02,1,0,0
21,2,779.12,535.88,49.96,18.51,1,0,0
21,4,1319.41,555.41,45.52,14.44,1,0,0
21,3,973.62,552.01,24.11,7.76,1,2,0
21,5,670.70,550.52,9.84,13.76,1,3,0
22,1,320.10,496.15,106.34,49.69,1,0,0
22,2,761.14,526.25,49.77,18.52,1,0,0
22,4,1303.16,547.09,46.65,14.83,1,0,0
22,3,956.50,542.50,24.01,7.78,1,2,0
22,5,652.89,540.70,9.57,14.09,1,3,0
23,1,319.91,507.74,81.52,50.29,1,0,0
23,2,732.55,531.48,51.03,18.70,1,0,0
23,4,1277.32,544.10,48.15,15.17,1,0,0
23,3,929.65,545.30,23.96,7.76,1,2,0
23,5,624.42,548.30,10.11,14.29,1,3,0
24,1,320.22,515.44,55.97,50.35,1,0,0
24,2,704.45,535.55,48.06,18.44,1,0,0
24,4,1246.85,541.84,46.06,14.68,1,0,0
24,3,901.75,547.33,22.70,7.45,1,2,0
25,1,320.12,513.17,40.00,49.64,1,0,0
25,2,686.52,536.66,49.09,18.37,1,0,0
25,4,1229.42,547.94,45.97,15.35,1,0,0
25,3,882.96,549.74,23.66,7.95,1,2,0
25,5,575.07,553.28,10.10,14.07,1,3,0
26,2,643.13,539.22,48.11,18.17,1,0,0
26,4,1188.52,561.52,47.34,14.81,1,0,0
26,3,841.50,556.38,23.37,7.64,1,2,0
26,5,531.91,552.39,9.81,14.31,1,3,0
27,2,617.53,539.58,48.86,17.82,1,0,0
27,4,1161.47,562.91,46.90,14.69,1,0,0
27,3,815.97,556.68,22.78,7.95,1,2,0
27,5,505.44,552.15,9.86,13.90,1,3,0
28,2,592.87,529.15,47.14,17.18,1,0,0
28,4,1134.58,550.28,43.95,14.48,1,0,0
28,3,790.23,545.17,23.68,7.88,1,2,0
28,5,479.09,542.05,9.86,13.94,1,3,0
29,2,570.92,524.60,46.01,17.66,1,0,0
29,4,1113.37,543.86,47.56,14.89,1,0,0
29,3,768.92,540.42,23.19,7.95,1,2,0
29,5,456.61,537.58,9.53,14.19,1,3,0
30,2,562.68,522.04,47.86,18.38,1,0,0
30,4,1105.87,542.67,46.14,14.83,1,0,0
30,3,881.41,546.07,5.04,6.13,1,3,0
30,5,447.69,536.51,9.53,13.65,1,3,0
31,2,560.94,520.67,47.29,18.10,1,0,0
31,4,1102.68,539.64,45.17,14.50,1,0,0
31,3,878.83,543.42,4.96,6.69,1,3,0
31,5,444.32,535.49,9.95,14.00,1,3,0
32,2,559.99,523.20,47.15,17.78,1,0,0
32,4,1102.65,537.48,45.85,14.73,1,0,0
32,3,878.46,543.70,5.44,6.89,1,3,0
32,5,442.32,538.35,10.27,14.94,1,3,0
33,2,566.12,522.95,45.21,17.05,1,0,0
33,4,1110.13,534.99,42.68,14.85,1,0,0
33,3,768.38,535.51,22.83,7.97,1,2,0
33,5,447.57,537.72,9.84,14.70,1,3,0
34,2,628.50,514.97,45.09,17.61,1,0,0
34,4,1175.39,535.81,46.01,14.71,1,0,0
34,3,833.85,530.89,23.07,7.54,1,2,0
34,5,503.63,527.73,9.91,14.94,1,3,0
35,2,655.43,526.63,45.43,17.23,1,0,0
35,4,1200.85,545.20,46.10,15.05,1,0,0
35,3,861.67,541.53,23.85,8.24,1,2,0
35,5,528.02,539.98,9.82,14.41,1,3,0
35,1,320.63,495.24,21.46,50.30,1,0,0
36,2,682.32,539.42,45.31,17.84,1,0,0
36,4,1229.34,552.98,42.86,14.70,1,0,0
36,3,891.11,553.26,23.10,7.87,1,2,0
36,5,552.45,554.76,10.30,14.85,1,3,0
36,1,320.20,512.72,47.01,50.19,1,0,0
37,2,707.49,546.57,45.32,17.56,1,0,0
37,4,1254.72,557.66,45.07,15.39,1,0,0
37,3,917.81,559.50,22.68,7.62,1,2,0
37,5,575.17,562.01,10.23,14.48,1,3,0
37,1,319.87,520.94,70.88,50.12,1,0,0
38,2,719.95,551.31,46.79,17.99,1,0,0
38,4,1268.38,566.49,42.25,14.89,1,0,0
38,3,932.81,565.75,22.33,8.26,1,2,0
38,5,585.85,567.30,10.33,13.87,1,3,0
38,1,320.12,523.37,83.95,50.87,1,0,0
39,2,724.76,553.33,45.80,17.61,1,0,0
39,4,1274.21,570.39,41.67,14.62,1,0,0
39,3,938.50,568.14,23.12,7.98,1,2,0
39,5,590.75,567.90,9.67,13.99,1,3,0
39,1,320.04,523.34,90.99,50.66,1,0,0
40,2,736.59,553.97,44.76,17.66,1,0,0
40,4,1285.52,570.18,42.57,15.42,1,0,0
40,3,950.83,569.36,22.77,7.73,1,2,0
40,5,598.10,568.38,9.77,14.35,1,3,0
40,1,320.15,524.19,101.91,50.67,1,0,0
41,2,732.59,554.19,45.06,17.31,1,0,0
41,4,1283.89,570.19,43.95,15.37,1,0,0
41,3,948.23,568.79,22.87,7.83,1,2,0
41,5,593.47,568.67,9.41,14.12,1,3,0
41,1,320.37,523.80,100.41,51.13,1,0,0
42,2,730.18,551.58,45.40,17.72,1,0,0
42,4,1282.54,571.27,41.62,14.74,1,0,0
42,3,946.59,567.57,22.79,7.97,1,2,0
42,5,590.01,565.10,9.47,14.19,1,3,0
42,1,320.36,519.07,99.18,50.75,1,0,0
43,2,736.43,552.00,46.48,17.73,1,0,0
43,4,1288.16,574.67,42.93,15.45,1,0,0
43,3,956.97,569.70,21.87,8.05,1,2,0
43,1,320.25,517.25,107.26,50.79,1,0,0
44,2,747.19,555.91,46.32,17.33,1,0,0
44,4,1298.39,577.36,44.45,15.09,1,0,0
44,3,966.11,572.22,24.42,8.39,1,2,0
44,1,320.29,522.26,118.47,50.69,1,0,0
44,10,1074.54,580.27,5.42,6.76,1,3,0
44,5,605.47,568.57,9.62,14.20,1,3,0
45,2,761.35,559.22,45.04,17.34,1,0,0
45,4,1315.22,570.38,42.88,15.54,1,0,0
45,3,980.57,572.23,23.07,7.93,1,2,0
45,1,320.09,532.21,130.64,50.18,1,0,0
45,10,1088.89,577.64,5.11,6.87,1,3,0
45,5,616.40,574.32,9.79,15.10,1,3,0
46,2,769.65,563.28,45.64,17.32,1,0,0
46,4,1322.54,567.23,40.80,15.17,1,0,0
46,3,990.53,574.04,22.83,8.11,1,2,0
46,1,320.32,541.31,139.89,51.70,1,0,0
46,10,1097.58,578.85,5.27,6.42,1,3,0
46,5,623.21,581.50,10.14,14.45,1,3,0
47,2,776.23,558.30,46.48,17.68,1,0,0
47,4,1329.50,564.03,39.13,14.94,1,0,0
47,3,999.62,569.39,23.23,7.99,1,2,0
47,1,320.09,534.99,148.62,51.93,1,0,0
47,5,629.10,575.83,9.97,14.53,1,3,0
48,2,780.19,543.95,46.53,17.87,1,0,0
48,4,1334.31,560.09,44.45,15.13,1,0,0
48,3,1004.64,558.82,22.27,7.61,1,2,0
48,1,319.99,514.37,154.03,51.71,1,0,0
48,10,1108.93,566.01,5.25,6.49,1,3,0
49,2,782.15,534.29,47.06,17.87,1,0,0
49,4,1335.97,558.33,44.40,15.01,1,0,0
49,3,1007.16,552.20,23.41,7.75,1,2,0
49,1,320.26,499.61,157.19,51.24,1,0,0
49,5,632.17,545.97,10.36,15.08,1,3,0
50,2,802.94,513.56,46.65,17.51,1,0,0
50,4,1357.39,532.55,41.26,14.71,1,0,0
50,3,1031.84,529.43,21.79,7.60,1,2,0
50,1,320.43,482.98,178.72,51.52,1,0,0
50,5,650.45,527.56,9.93,14.81,1,3,0
51,2,802.94,513.56,46.65,17.51,1,0,0
51,4,1357.39,532.55,41.26,14.71,1,0,0
51,3,1031.84,529.43,21.79,7.60,1,2,0
51,1,320.43,482.98,178.72,51.52,1,0,0
51,5,650.45,527.56,9.93,14.81,1,3,0
52,2,838.50,520.55,45.46,17.56,1,0,0
52,4,1393.89,526.40,43.36,14.91,1,0,0
52,3,1067.61,531.17,22.37,7.57,1,2,0
52,1,319.79,459.23,213.47,94.07,1,0,0
52,5,682.04,538.04,10.37,16.07,1,3,0
52,10,1168.42,535.49,5.14,6.68,1,3,0
53,2,859.52,525.49,45.91,17.69,1,0,0
53,4,1412.34,536.47,39.66,14.52,1,0,0
53,1,319.47,458.33,234.17,94.84,1,0,0
53,5,700.61,541.58,10.47,16.17,1,3,0
54,2,863.40,530.80,47.30,17.89,1,0,0
54,4,1417.72,544.00,43.28,15.08,1,0,0
54,1,319.94,461.64,239.73,95.05,1,0,0
54,5,703.18,545.91,10.58,16.48,1,3,0
54,3,1095.01,544.74,21.72,7.44,1,2,0
55,2,859.74,529.34,46.12,17.43,1,0,0
55,4,1417.88,543.93,41.57,14.86,1,0,0
55,1,320.03,459.30,237.56,94.69,1,0,0
55,5,698.60,543.91,10.11,16.38,1,3,0
55,3,1093.08,543.53,21.75,7.52,1,2,0
56,2,855.26,538.10,46.84,17.61,1,0,0
56,4,1413.80,553.81,40.87,14.58,1,0,0
56,1,319.76,464.80,234.47,96.73,1,0,0
56,5,692.61,553.19,10.54,15.33,1,3,0
56,3,1088.20,552.84,22.26,7.76,1,2,0
57,2,850.22,542.33,46.64,17.81,1,0,0
57,4,1412.21,550.95,39.92,15.01,1,0,0
57,1,320.30,476.27,237.98,95.62,1,0,0
57,3,1089.33,554.62,22.10,8.09,1,2,0
58,2,836.44,536.52,46.09,17.76,1,0,0
58,4,1401.97,552.40,40.26,15.17,1,0,0
58,1,319.50,463.43,230.75,96.68,1,0,0
58,3,1079.32,551.78,21.87,7.75,1,2,0
58,5,662.94,551.58,10.63,16.08,1,3,0
59,2,826.86,546.20,47.17,18.27,1,0,0
59,4,1392.78,558.03,40.79,15.29,1,0,0
59,1,320.13,475.78,223.13,96.68,1,0,0
59,3,1070.81,559.56,21.77,7.99,1,2,0
59,5,652.72,562.32,10.49,16.10,1,3,0
60,2,812.21,530.32,47.27,18.30,1,0,0
60,4,1379.79,548.03,40.36,15.29,1,0,0
60,1,320.05,459.00,212.38,94.58,1,0,0
60,3,1058.13,546.42,22.09,7.72,1,2,0
60,5,636.46,544.21,11.03,16.80,1,3,0
61,2,817.07,528.93,46.67,17.85,1,0,0
61,4,1383.39,549.84,41.44,15.50,1,0,0
61,1,319.76,454.14,217.57,95.62,1,0,0
61,3,1063.06,546.08,21.70,7.79,1,2,0
61,5,639.35,541.15,10.78,17.40,1,3,0
62,2,819.81,527.83,47.08,17.83,1,0,0
62,4,1387.59,549.21,41.03,14.85,1,0,0
62,1,319.75,451.12,221.60,96.60,1,0,0
62,3,1068.12,544.94,20.95,7.71,1,2,0
62,5,641.59,540.40,10.49,16.45,1,3,0
63,2,822.84,518.67,46.63,17.62,1,0,0
63,4,1391.33,536.09,41.28,14.69,1,0,0
63,1,319.89,446.29,225.19,96.68,1,0,0
63,3,1070.79,533.80,21.25,7.78,1,2,0
63,5,642.15,533.20,11.58,16.73,1,3,0
64,2,826.40,508.80,47.45,18.54,1,0,0
64,4,1396.03,520.36,40.02,14.65,1,0,0
64,1,319.72,443.01,230.00,96.88,1,0,0
64,3,1076.44,522.01,20.84,7.53,1,2,0
64,5,646.24,526.02,10.87,16.91,1,3,0
64,10,1163.79,527.25,5.43,7.09,1,3,0
65,2,836.19,503.77,46.57,18.08,1,0,0
65,4,1403.12,513.47,40.10,14.62,1,0,0
65,1,320.06,440.62,238.98,95.14,1,0,0
65,5,653.45,521.24,11.03,17.36,1,3,0
66,2,844.00,504.75,47.11,18.54,1,0,0
66,4,1412.57,517.46,39.89,14.88,1,0,0
66,1,319.91,438.98,248.31,95.91,1,0,0
66,5,660.51,521.46,10.95,16.94,1,3,0
66,3,1095.28,518.45,20.94,7.94,1,2,0
67,2,839.77,509.12,45.78,18.19,1,0,0
67,4,1409.85,522.62,41.39,14.93,1,0,0
67,1,320.14,442.65,244.26,96.46,1,0,0
67,5,653.80,526.42,10.58,16.26,1,3,0
67,3,1090.89,523.23,21.40,7.38,1,2,0
68,2,817.70,523.61,46.97,18.55,1,0,0
68,4,1389.38,543.86,41.77,15.00,1,0,0
68,1,319.85,449.72,227.66,96.79,1,0,0
68,5,630.37,538.30,11.18,16.64,1,3,0
68,3,1071.94,541.09,20.93,7.55,1,2,0
68,10,1156.95,547.22,5.86,7.31,1,3,0
69,2,806.99,526.94,46.39,18.11,1,0,0
69,4,1380.73,551.84,42.79,15.70,1,0,0
69,1,319.61,448.35,219.37,97.53,1,0,0
69,5,618.18,538.83,11.84,17.34,1,3,0
69,3,1060.65,546.22,22.44,7.72,1,2,0
70,2,789.66,528.21,46.58,18.05,1,0,0
70,4,1364.62,550.88,42.04,15.42,1,0,0
70,1,320.25,453.70,202.87,95.28,1,0,0
70,5,599.47,540.78,10.80,17.41,1,3,0
70,3,1044.33,546.74,21.54,7.28,1,2,0
71,2,769.05,526.36,46.44,18.00,1,0,0
71,4,1345.44,541.39,41.93,15.38,1,0,0
71,1,320.16,463.20,183.55,89.78,1,0,0
71,5,577.97,541.65,10.90,17.51,1,3,0
71,3,1024.38,541.42,21.28,7.74,1,2,0
71,10,1108.85,547.01,5.68,7.19,1,3,0
72,2,758.52,535.19,47.24,18.47,1,0,0
72,4,1336.21,549.49,42.57,15.77,1,0,0
72,1,320.06,476.73,176.84,85.62,1,0,0
72,5,568.48,551.86,10.68,16.85,1,3,0
72,3,1015.29,549.88,22.46,8.04,1,2,0
73,2,748.03,529.78,47.10,18.23,1,0,0
73,4,1326.59,548.44,42.50,15.97,1,0,0
73,1,320.25,470.05,167.19,83.26,1,0,0
73,5,556.87,543.01,11.40,18.22,1,3,0
73,3,1006.80,546.70,20.53,7.89,1,2,0
73,10,1089.82,553.08,5.28,7.00,1,3,0
74,2,738.60,522.35,47.12,18.41,1,0,0
74,4,1316.29,544.84,42.82,15.57,1,0,0
74,1,320.29,491.93,159.19,51.31,1,0,0
74,5,545.67,534.84,11.74,17.57,1,3,0
74,3,997.58,540.93,20.83,7.73,1,2,0
75,2,738.58,535.62,46.78,18.70,1,0,0
75,4,1316.23,558.77,43.01,15.50,1,0,0
75,1,320.09,505.24,161.32,51.29,1,0,0
75,5,545.55,548.69,11.66,16.93,1,3,0
75,3,998.31,554.63,21.47,7.69,1,2,0
76,2,749.86,532.54,46.34,18.28,1,0,0
76,4,1329.12,543.45,41.67,15.09,1,0,0
76,1,320.08,477.03,172.46,84.28,1,0,0
76,5,552.04,549.35,11.47,17.89,1,3,0
76,3,1010.02,545.87,22.10,7.64,1,2,0
76,10,1091.90,551.14,5.29,7.05,1,3,0
77,2,760.32,526.22,46.30,18.42,1,0,0
77,4,1340.71,538.42,41.52,15.52,1,0,0
77,1,320.47,463.15,183.35,91.13,1,0,0
77,5,560.65,542.39,11.56,18.12,1,3,0
77,3,1022.98,540.38,21.75,8.00,1,2,0
78,2,767.32,529.85,48.07,18.83,1,0,0
78,4,1348.23,546.80,41.34,15.21,1,0,0
78,1,320.26,461.57,192.80,94.45,1,0,0
78,5,566.63,545.24,11.92,18.12,1,3,0
78,3,1031.82,546.01,20.81,7.78,1,2,0
79,2,771.04,533.81,47.28,18.51,1,0,0
79,4,1352.51,550.86,41.31,15.19,1,0,0
79,1,320.40,464.97,197.22,93.30,1,0,0
79,5,568.54,548.32,11.81,17.94,1,3,0
79,3,1036.07,549.73,21.30,7.71,1,2,0
80,2,779.66,523.71,47.31,18.93,1,0,0
80,4,1361.15,540.91,41.15,15.30,1,0,0
80,1,320.71,454.53,205.75,95.61,1,0,0
80,5,574.91,539.73,11.83,18.11,1,3,0
81,2,784.22,521.09,48.37,18.38,1,0,0
81,4,1367.43,537.77,41.09,15.37,1,0,0
81,1,320.30,452.15,213.66,95.74,1,0,0
81,5,579.14,536.54,11.79,17.83,1,3,0
81,10,1129.81,542.34,5.79,7.38,1,3,0
82,2,794.01,548.25,48.93,18.89,1,0,0
82,4,1377.82,564.05,40.27,15.43,1,0,0
82,1,320.14,476.78,224.92,97.07,1,0,0
82,5,585.77,563.87,12.06,17.72,1,3,0
82,3,1062.93,564.53,20.99,7.96,1,2,0
83,2,799.45,541.83,48.71,18.93,1,0,0
83,4,1384.15,557.08,41.10,15.57,1,0,0
83,1,320.16,471.23,230.52,96.92,1,0,0
83,5,590.21,557.44,11.82,18.79,1,3,0
83,3,1069.42,557.59,20.77,7.70,1,2,0
84,2,798.85,537.85,47.44,18.92,1,0,0
84,4,1383.34,549.46,40.69,15.38,1,0,0
84,1,320.04,470.63,230.00,96.77,1,0,0
84,5,586.77,554.22,11.98,19.30,1,3,0
84,3,1068.42,552.36,20.72,7.36,1,2,0
84,10,1145.32,556.81,5.78,7.65,1,3,0
85,2,793.60,540.35,47.98,19.25,1,0,0
85,4,1378.10,550.55,41.15,15.45,1,0,0
85,1,320.39,474.37,226.01,96.28,1,0,0
85,5,580.39,557.90,11.95,19.22,1,3,0
85,3,1063.59,553.45,21.46,8.19,1,2,0
86,2,790.35,542.45,46.98,18.88,1,0,0
86,4,1376.05,560.09,40.63,15.25,1,0,0
86,1,320.13,469.78,225.47,97.99,1,0,0
86,5,575.55,556.68,11.85,19.61,1,3,0
86,3,1061.07,559.11,21.12,7.87,1,2,0
87,2,778.48,536.26,46.87,18.84,1,0,0
87,4,1365.16,562.15,41.28,15.22,1,0,0
87,1,320.38,457.60,214.49,99.15,1,0,0
87,5,561.96,547.78,12.01,18.57,1,3,0
87,3,1049.62,556.67,20.51,7.55,1,2,0
88,2,768.14,524.73,47.73,19.15,1,0,0
88,4,1356.27,548.74,41.97,15.59,1,0,0
88,1,320.46,452.10,206.88,95.62,1,0,0
88,5,551.94,537.46,11.55,18.79,1,3,0
88,3,1041.65,544.12,21.30,8.41,1,2,0
89,2,756.72,505.32,47.10,18.20,1,0,0
89,4,1346.32,521.63,40.56,14.93,1,0,0
89,1,320.46,438.16,197.36,95.15,1,0,0
89,5,536.92,519.97,11.93,20.04,1,3,0
89,3,1031.21,520.59,21.05,7.95,1,2,0
90,2,756.87,502.31,47.58,18.85,1,0,0
90,4,1346.83,520.93,41.14,15.00,1,0,0
90,1,320.40,434.08,199.94,95.74,1,0,0
90,5,536.66,516.52,12.04,20.60,1,3,0
90,3,1032.90,518.72,20.93,8.16,1,2,0
91,2,767.59,495.94,48.39,18.87,1,0,0
91,4,1358.53,516.96,39.37,14.54,1,0,0
91,1,320.38,425.80,211.96,96.10,1,0,0
91,5,545.59,508.61,12.28,20.80,1,3,0
92,2,778.20,497.45,48.98,18.85,1,0,0
92,4,1369.07,518.20,41.01,14.78,1,0,0
92,1,320.26,427.61,223.50,96.74,1,0,0
92,5,554.72,511.65,11.44,20.56,1,3,0
93,2,787.07,499.69,48.10,18.93,1,0,0
93,4,1377.86,515.52,39.83,14.75,1,0,0
93,1,319.76,433.88,232.63,95.53,1,0,0
93,5,561.14,515.38,11.77,20.75,1,3,0
94,2,791.16,507.10,49.41,19.30,1,0,0
94,4,1383.44,518.75,41.07,15.04,1,0,0
94,1,320.30,442.80,238.72,96.50,1,0,0
94,5,564.18,523.56,12.09,21.75,1,3,0
94,3,1073.06,521.01,20.03,7.70,1,2,0
95,2,796.90,514.93,48.49,19.26,1,0,0
95,4,1388.68,527.09,40.85,15.25,1,0,0
95,1,319.68,449.66,244.76,96.06,1,0,0
95,5,567.40,530.69,12.25,21.82,1,3,0
95,3,1078.14,529.17,20.40,7.89,1,2,0
96,2,799.04,521.44,49.83,19.30,1,0,0
96,4,1391.52,542.00,40.81,14.71,1,0,0
96,1,319.71,450.21,247.46,96.59,1,0,0
96,5,567.96,533.41,12.81,22.12,1,3,0
97,2,796.65,527.33,49.39,19.07,1,0,0
97,4,1390.78,548.75,40.62,15.08,1,0,0
97,1,319.57,454.22,248.34,96.95,1,0,0
97,5,561.59,536.99,12.88,23.18,1,3,0
97,3,1079.80,545.34,20.16,8.21,1,2,0
98,2,792.67,527.53,49.76,19.53,1,0,0
98,4,1388.55,542.40,40.16,14.99,1,0,0
98,1,320.19,459.17,244.01,96.77,1,0,0
98,5,556.14,541.42,12.01,22.34,1,3,0
98,3,1076.85,542.80,20.01,8.26,1,2,0
99,2,787.40,533.73,49.73,19.18,1,0,0
99,4,1383.59,548.11,41.00,15.23,1,0,0
99,1,320.03,465.20,242.20,96.91,1,0,0
99,5,549.84,547.98,12.31,22.10,1,3,0
99,3,1072.82,548.93,20.89,8.17,1,2,0
99,10,1141.55,554.41,6.06,7.87,1,3,0
100,2,787.02,526.21,48.68,20.07,1,0,0
100,4,1383.43,548.00,39.56,15.22,1,0,0
100,1,320.07,454.54,242.81,96.71,1,0,0
100,5,547.70,536.50,12.69,23.54,1,3,0
100,3,1072.80,545.41,20.13,7.80,1,2,0
100,10,1140.67,551.42,6.23,8.34,1,3,0
101,2,785.77,519.85,48.40,19.39,1,0,0
101,4,1383.23,544.33,40.38,14.60,1,0,0
101,1,319.98,445.74,243.13,97.49,1,0,0
101,5,544.42,529.48,13.12,23.02,1,3,0
102,2,781.64,534.23,50.40,19.64,1,0,0
102,4,1380.74,549.31,40.78,15.51,1,0,0
102,1,319.62,465.69,240.28,96.77,1,0,0
102,5,539.15,548.43,12.31,22.47,1,3,0
103,2,778.75,535.80,51.21,19.83,1,0,0
103,4,1378.73,548.66,40.75,15.47,1,0,0
103,1,320.30,467.89,237.45,97.47,1,0,0
103,5,534.58,550.53,12.37,22.72,1,3,0
103,3,1067.70,550.71,21.11,7.79,1,2,0
103,10,1134.79,555.91,5.80,7.52,1,3,0
104,2,774.85,530.17,50.25,19.58,1,0,0
104,4,1375.79,544.99,40.77,15.29,1,0,0
104,1,320.37,462.56,236.27,96.15,1,0,0
104,5,530.08,545.06,11.60,22.22,1,3,0
104,3,1064.40,545.71,20.99,7.93,1,2,0
105,2,771.95,519.22,50.36,19.68,1,0,0
105,4,1372.79,545.23,41.90,15.26,1,0,0
105,1,319.86,444.96,237.17,97.94,1,0,0
105,5,524.97,528.23,11.82,23.12,1,3,0
105,10,1130.11,546.21,5.57,7.73,1,3,0
106,2,772.51,538.32,51.08,19.92,1,0,0
106,4,1374.82,558.63,41.64,15.57,1,0,0
106,1,319.78,466.11,239.21,98.18,1,0,0
106,5,524.00,549.77,11.74,22.89,1,3,0
106,3,1066.40,557.11,20.55,7.93,1,2,0
107,2,778.28,552.49,50.98,19.86,1,0,0
107,4,1378.63,563.88,41.50,15.48,1,0,0
107,1,319.81,485.97,244.06,96.29,1,0,0
107,5,525.35,566.94,12.21,23.71,1,3,0
107,3,1070.91,567.38,20.97,8.27,1,2,0
108,2,776.80,541.53,50.75,20.16,1,0,0
108,4,1380.97,556.06,40.29,15.19,1,0,0
108,1,319.74,473.89,244.17,96.89,1,0,0
108,5,521.99,555.14,11.94,23.69,1,3,0
108,3,1072.16,557.47,19.84,8.19,1,2,0
109,2,775.61,527.83,51.08,19.94,1,0,0
109,4,1379.61,549.62,40.95,15.63,1,0,0
109,1,319.09,457.14,246.15,96.00,1,0,0
109,5,518.63,539.00,12.57,24.15,1,3,0
109,3,1071.09,547.27,20.74,7.86,1,2,0
109,10,1134.50,553.54,5.63,7.13,1,3,0
110,2,783.21,523.89,49.58,19.79,1,0,0
110,4,1386.54,550.86,42.56,15.56,1,0,0
110,1,320.21,447.81,252.96,98.09,1,0,0
110,5,523.52,532.30,12.19,24.01,1,3,0
110,3,1078.88,545.43,20.63,7.94,1,2,0
111,2,791.92,522.96,50.73,19.88,1,0,0
111,4,1396.12,547.07,40.97,15.46,1,0,0
111,1,321.92,448.92,261.73,97.71,1,0,0
111,5,530.82,532.42,12.68,24.53,1,3,0
111,3,1089.76,543.38,19.74,7.70,1,2,0
112,2,802.13,536.50,50.55,20.13,1,0,0
112,4,1407.79,539.22,40.24,15.90,1,0,0
112,1,332.96,477.18,262.04,96.21,1,0,0
112,5,538.15,555.51,12.08,25.00,1,3,0
112,3,1100.74,547.43,20.85,8.08,1,2,0
112,10,1162.50,551.96,5.88,7.52,1,3,0
113,2,798.89,541.07,50.12,20.01,1,0,0
113,4,1403.71,547.82,40.90,16.09,1,0,0
113,1,330.58,478.42,261.84,95.55,1,0,0
113,5,530.66,557.41,12.69,24.70,1,3,0
113,3,1097.81,553.64,20.32,8.31,1,2,0
113,10,1158.67,558.73,5.87,7.81,1,3,0
114,2,784.81,536.06,49.49,20.12,1,0,0
114,4,1390.76,559.15,41.27,15.87,1,0,0
114,1,320.20,463.00,258.49,96.92,1,0,0
114,5,514.34,546.85,11.95,23.02,1,3,0
114,3,1083.04,556.56,19.85,8.14,1,2,0
115,2,769.76,523.18,49.10,19.85,1,0,0
115,4,1376.52,554.98,42.01,15.52,1,0,0
115,1,319.69,445.59,246.70,98.03,1,0,0
115,5,498.81,530.13,12.47,23.31,1,3,0
115,3,1069.49,547.11,19.71,7.92,1,2,0
116,2,762.35,518.82,48.81,19.68,1,0,0
116,4,1368.29,543.49,43.58,15.81,1,0,0
116,1,319.76,444.46,240.90,97.75,1,0,0
116,5,489.22,528.47,12.79,23.83,1,3,0
116,10,1122.40,545.30,5.47,7.45,1,3,0
117,2,758.79,523.00,49.79,19.49,1,0,0
117,4,1367.56,535.59,41.10,15.51,1,0,0
117,1,320.59,458.28,237.87,96.24,1,0,0
117,5,483.85,539.69,12.29,22.94,1,3,0
117,10,1120.12,542.23,5.91,7.81,1,3,0
118,2,757.60,525.42,49.49,19.92,1,0,0
118,4,1367.34,542.40,43.20,16.21,1,0,0
118,1,320.25,457.12,239.28,96.59,1,0,0
118,5,479.15,539.55,12.44,23.18,1,3,0
118,3,1060.73,542.86,20.70,8.24,1,2,0
119,2,751.49,516.10,50.29,19.90,1,0,0
119,4,1363.20,537.77,43.34,15.83,1,0,0
119,1,320.30,444.73,236.00,96.66,1,0,0
119,5,470.51,527.19,13.36,24.10,1,3,0
119,3,1057.34,535.41,20.25,7.92,1,2,0
120,2,747.70,518.66,50.96,19.66,1,0,0
120,4,1360.19,542.91,43.36,15.92,1,0,0
120,1,320.02,444.89,233.40,97.55,1,0,0
120,5,464.77,529.65,12.91,22.93,1,3,0
120,10,1110.56,544.84,5.81,8.20,1,3,0
121,2,738.38,522.43,49.02,19.53,1,0,0
121,4,1350.08,549.36,44.67,16.02,1,0,0
121,1,320.30,446.08,225.07,97.48,1,0,0
121,5,452.44,531.38,13.08,22.41,1,3,0
121,3,1043.93,543.88,19.61,8.08,1,2,0
122,2,724.81,517.37,49.99,19.78,1,0,0
122,4,1337.30,544.67,43.43,15.98,1,0,0
122,1,320.82,441.93,212.36,97.48,1,0,0
122,5,438.31,527.54,13.38,21.68,1,3,0
122,10,1086.79,545.71,5.48,7.18,1,3,0
123,2,717.13,515.76,50.45,19.66,1,0,0
123,4,1330.75,539.44,42.28,15.55,1,0,0
123,1,320.39,443.22,206.49,97.40,1,0,0
123,5,429.57,527.24,13.22,23.37,1,3,0
124,2,720.88,514.73,50.01,19.80,1,0,0
124,4,1335.22,531.56,42.71,14.99,1,0,0
124,1,320.11,447.26,212.48,95.88,1,0,0
124,5,431.76,529.94,13.29,23.32,1,3,0
124,3,1029.32,531.40,20.32,7.94,1,2,0
125,2,734.15,503.99,48.93,19.63,1,0,0
125,4,1347.19,512.55,43.48,15.78,1,0,0
125,1,320.60,442.90,224.22,94.98,1,0,0
125,5,440.21,524.95,13.19,22.05,1,3,0
125,3,1042.82,517.07,19.58,7.92,1,2,0
125,10,1097.69,521.75,5.54,7.37,1,3,0
126,2,757.06,495.73,52.00,19.90,1,0,0
126,4,1372.13,513.08,42.80,15.86,1,0,0
126,1,320.64,431.04,250.63,95.25,1,0,0
126,5,458.08,514.19,13.48,22.34,1,3,0
127,2,775.90,503.23,50.77,20.13,1,0,0
127,4,1391.75,527.79,42.22,15.53,1,0,0
127,1,334.57,432.92,256.22,96.35,1,0,0
127,5,472.26,517.27,13.59,22.19,1,3,0
127,3,1088.61,523.70,20.91,8.35,1,2,0
127,10,1141.82,529.87,5.91,8.52,1,3,0
128,2,788.57,510.96,52.04,20.15,1,0,0
128,4,1403.76,532.59,42.35,16.23,1,0,0
128,1,346.06,441.06,258.44,97.78,1,0,0
128,5,481.46,525.64,14.25,23.41,1,3,0
128,3,1102.80,530.37,20.45,8.38,1,2,0
129,2,795.62,524.77,51.84,20.36,1,0,0
129,4,1412.61,538.51,40.89,16.12,1,0,0
129,1,354.80,458.07,256.19,96.50,1,0,0
129,5,485.93,543.55,14.50,22.28,1,3,0
129,3,1110.24,540.92,21.19,8.37,1,2,0
130,2,799.11,543.16,50.81,20.50,1,0,0
130,4,1415.14,558.33,42.66,16.43,1,0,0
130,1,358.64,475.01,257.57,96.83,1,0,0
130,5,486.58,560.93,13.99,21.77,1,3,0
130,10,1166.11,565.47,5.86,8.31,1,3,0
131,2,799.02,546.75,51.26,20.63,1,0,0
131,4,1415.00,570.08,43.41,15.80,1,0,0
131,1,359.64,473.28,257.64,97.87,1,0,0
131,5,483.23,559.76,14.60,22.70,1,3,0
131,3,1115.51,567.71,20.59,8.37,1,2,0
132,2,811.76,537.17,51.74,20.49,1,0,0
132,4,1427.90,556.66,40.93,15.33,1,0,0
132,1,374.96,467.09,257.57,97.58,1,0,0
132,5,489.71,548.01,14.31,27.59,1,3,0
132,3,1129.36,556.50,20.19,8.04,1,2,0
133,2,818.40,535.23,51.07,20.15,1,0,0
133,4,1436.14,551.00,41.38,15.30,1,0,0
133,1,381.80,466.85,258.22,96.80,1,0,0
133,5,494.46,543.00,14.50,31.89,1,3,0
133,3,1137.51,552.67,20.57,8.05,1,2,0
134,2,826.95,529.39,51.84,20.05,1,0,0
134,4,1445.73,547.47,41.07,16.12,1,0,0
134,1,390.46,460.72,258.84,95.69,1,0,0
134,5,499.34,534.64,14.60,34.18,1,3,0
134,3,1146.86,547.43,20.30,8.25,1,2,0
135,2,828.19,517.95,51.45,20.22,1,0,0
135,4,1446.45,534.47,42.36,16.29,1,0,0
135,1,392.41,450.43,259.28,96.39,1,0,0
135,5,498.01,522.93,15.20,36.59,1,3,0
135,3,1148.26,535.21,20.85,8.34,1,2,0
136,2,827.34,503.10,50.25,20.10,1,0,0
136,4,1445.05,520.50,41.57,14.85,1,0,0
136,1,391.84,436.57,258.45,95.95,1,0,0
136,5,494.34,507.22,14.10,37.19,1,3,0
136,3,1147.36,520.09,20.01,8.55,1,2,0
137,2,820.63,503.47,52.06,20.53,1,0,0
137,4,1441.83,523.12,40.37,15.77,1,0,0
137,1,388.56,435.80,258.21,96.10,1,0,0
137,5,485.64,506.39,14.52,37.77,1,3,0
137,3,1142.71,521.97,20.65,8.48,1,2,0
138,2,815.01,515.08,51.44,20.45,1,0,0
138,4,1435.49,538.08,42.50,16.22,1,0,0
138,1,385.31,444.22,257.31,97.65,1,0,0
138,5,477.34,515.18,15.30,38.50,1,3,0
138,3,1137.96,535.49,20.36,8.49,1,2,0
139,2,801.62,534.79,50.83,20.03,1,0,0
139,4,1424.41,556.01,41.11,15.45,1,0,0
139,1,376.47,464.35,255.25,95.80,1,0,0
139,5,459.59,534.02,14.98,38.37,1,3,0
139,3,1124.93,554.31,20.91,8.64,1,2,0
140,2,801.78,533.51,51.96,19.74,1,0,0
140,4,1425.93,552.02,41.69,15.70,1,0,0
140,1,379.83,464.38,255.49,96.06,1,0,0
140,5,458.70,534.03,14.99,38.60,1,3,0
140,3,1128.35,552.11,21.03,8.29,1,2,0
141,2,807.96,525.66,52.87,20.45,1,0,0
141,4,1433.49,544.85,41.81,15.50,1,0,0
141,1,385.43,457.37,256.42,96.45,1,0,0
141,5,461.40,527.31,14.39,38.28,1,3,0
141,3,1134.67,544.05,20.78,8.98,1,2,0
142,2,808.25,525.57,52.80,20.55,1,0,0
142,4,1433.60,544.94,41.44,15.34,1,0,0
142,1,385.40,457.35,256.35,96.41,1,0,0
142,5,461.39,527.51,14.18,37.98,1,3,0
142,3,1134.63,544.04,20.79,8.92,1,2,0
143,2,808.27,525.57,52.79,20.55,1,0,0
143,4,1433.59,544.93,41.47,15.35,1,0,0
143,1,385.38,457.35,256.37,96.40,1,0,0
143,5,461.39,527.48,14.17,38.01,1,3,0
143,3,1134.63,544.05,20.79,8.92,1,2,0
144,2,808.37,525.40,52.91,20.66,1,0,0
144,4,1433.00,545.26,41.47,15.06,1,0,0
144,1,385.48,457.54,256.22,96.19,1,0,0
144,5,461.37,527.63,14.26,37.93,1,3,0
144,3,1134.91,544.11,20.57,8.88,1,2,0
145,2,854.52,515.49,52.80,20.31,1,0,0
145,4,1480.68,533.28,38.65,15.16,1,0,0
145,1,434.81,447.55,259.47,97.60,1,0,0
145,5,494.79,518.43,15.73,39.02,1,3,0
145,3,1185.42,533.19,21.39,8.74,1,2,0
146,2,856.47,514.56,52.38,19.79,1,0,0
146,4,1482.41,526.04,39.16,15.09,1,0,0
146,1,437.86,449.70,258.39,97.99,1,0,0
146,5,492.90,521.00,16.07,39.10,1,3,0
146,3,1187.98,528.75,20.39,8.76,1,2,0
146,10,1230.53,534.58,5.46,7.27,1,3,0
147,2,850.04,513.47,51.69,19.88,1,0,0
147,4,1475.79,518.31,41.32,15.70,1,0,0
147,1,431.33,454.22,257.73,96.85,1,0,0
147,5,482.19,526.98,15.05,37.56,1,3,0
147,3,1181.33,524.25,20.94,9.20,1,2,0
148,2,832.39,528.18,51.94,20.17,1,0,0
148,4,1460.83,537.13,39.08,15.36,1,0,0
148,1,417.01,465.51,257.64,97.63,1,0,0
148,5,463.39,538.18,14.83,37.81,1,3,0
148,3,1164.59,541.15,22.21,9.28,1,2,0
148,10,1206.85,547.19,6.00,7.33,1,3,0
149,2,803.99,538.16,52.24,20.58,1,0,0
149,4,1439.34,564.85,38.27,15.11,1,0,0
149,1,394.79,464.73,254.72,98.21,1,0,0
149,5,434.54,534.46,16.01,39.77,1,3,0
149,10,1180.25,567.13,6.00,7.49,1,3,0
150,2,782.91,539.06,51.82,20.35,1,0,0
150,4,1417.27,573.46,40.85,15.69,1,0,0
150,1,377.71,460.63,253.03,100.48,1,0,0
150,5,411.71,529.15,17.01,40.82,1,3,0
150,3,1116.35,565.46,20.64,8.96,1,2,0
151,2,762.99,539.39,53.07,20.25,1,0,0
151,4,1398.25,557.16,40.58,15.29,1,0,0
151,1,360.69,470.25,252.26,97.16,1,0,0
151,5,387.54,541.40,17.24,39.18,1,3,0
151,3,1099.51,557.18,19.76,9.03,1,2,0
152,2,753.48,532.83,53.17,20.41,1,0,0
152,4,1390.46,545.18,39.15,14.98,1,0,0
152,1,353.11,468.37,251.92,96.93,1,0,0
152,5,376.54,539.92,16.65,38.38,1,3,0
152,3,1090.29,547.85,21.40,9.23,1,2,0
152,10,1131.50,553.36,5.77,7.79,1,3,0
153,2,745.62,517.26,53.88,20.24,1,0,0
153,4,1383.51,530.57,40.92,15.00,1,0,0
153,1,347.85,453.93,252.09,95.56,1,0,0
153,5,368.43,523.17,16.51,40.08,1,3,0
153,3,1085.23,532.97,19.66,8.60,1,2,0
154,2,751.90,504.06,51.82,19.79,1,0,0
154,4,1387.12,524.16,39.57,14.89,1,0,0
154,1,353.78,436.19,252.77,96.46,1,0,0
154,5,369.36,507.29,16.93,38.81,1,3,0
154,3,1089.24,522.80,20.46,8.54,1,2,0
155,2,766.07,492.16,51.80,19.66,1,0,0
155,4,1403.22,522.11,38.86,15.59,1,0,0
155,1,368.88,418.20,252.56,97.81,1,0,0
155,5,379.89,489.40,16.88,37.71,1,3,0
155,3,1104.65,516.52,19.94,8.26,1,2,0
155,10,1144.77,522.85,5.48,6.56,1,3,0
156,2,785.22,496.66,51.07,19.74,1,0,0
156,4,1419.68,529.37,39.82,15.07,1,0,0
156,1,386.55,420.36,253.78,99.76,1,0,0
156,5,394.14,495.24,17.56,34.95,1,3,0
156,3,1124.00,521.81,20.48,8.42,1,2,0
156,10,1163.72,528.52,5.23,7.63,1,3,0
157,2,831.39,512.79,52.36,19.98,1,0,0
157,4,1463.78,514.95,39.90,15.17,1,0,0
157,1,430.79,453.52,255.80,97.76,1,0,0
157,5,429.98,538.13,16.57,30.33,1,3,0
157,3,1171.94,521.84,20.38,9.03,1,2,0
157,10,1209.80,527.62,5.92,7.90,1,3,0
158,2,850.27,527.77,52.97,20.33,1,0,0
158,4,1483.03,522.94,40.31,15.86,1,0,0
158,1,448.21,471.71,257.05,99.05,1,0,0
158,5,442.62,556.98,17.33,30.91,1,3,0
158,3,1191.27,533.82,19.34,8.71,1,2,0
159,2,861.49,540.53,53.56,20.26,1,0,0
159,4,1495.03,547.59,39.66,15.20,1,0,0
159,1,461.85,477.43,258.20,97.37,1,0,0
159,5,451.81,560.86,16.46,30.46,1,3,0
159,3,1204.60,552.53,20.41,9.12,1,2,0
159,10,1241.99,558.32,5.73,7.45,1,3,0
160,2,863.77,551.21,53.02,20.46,1,0,0
160,4,1497.65,572.86,40.83,15.97,1,0,0
160,1,465.56,479.71,258.45,98.28,1,0,0
160,5,448.54,560.29,17.12,30.51,1,3,0
160,3,1205.94,571.98,21.64,9.17,1,2,0
160,10,1242.86,577.74,6.02,7.87,1,3,0
161,2,858.56,557.32,53.31,20.23,1,0,0
161,4,1492.96,582.50,40.27,15.47,1,0,0
161,1,462.41,483.30,257.11,98.30,1,0,0
161,5,440.12,562.72,16.76,30.47,1,3,0
161,3,1202.65,579.44,20.36,9.05,1,2,0
162,2,853.04,542.88,53.29,20.01,1,0,0
162,4,1491.39,560.84,40.30,15.74,1,0,0
162,1,460.28,472.63,257.51,98.58,1,0,0
162,5,433.15,553.84,16.55,30.37,1,3,0
163,2,852.83,528.37,53.65,19.91,1,0,0
163,4,1491.24,545.16,39.54,14.60,1,0,0
163,1,462.48,461.03,257.13,97.08,1,0,0
163,5,430.46,541.51,16.77,31.09,1,3,0
163,10,1236.68,551.83,6.65,7.60,1,3,0
163,3,1201.54,546.11,19.45,8.52,1,2,0
164,2,851.29,529.51,52.48,19.79,1,0,0
164,4,1488.56,548.08,39.53,14.88,1,0,0
164,1,460.06,461.33,257.15,97.07,1,0,0
164,5,422.70,541.72,17.23,31.12,1,3,0
164,10,1233.61,553.34,6.10,8.11,1,3,0
164,3,1198.79,547.73,20.60,8.92,1,2,0
165,2,844.81,537.63,54.09,20.28,1,0,0
165,4,1484.50,555.45,37.88,15.05,1,0,0
165,1,457.13,469.04,254.29,98.02,1,0,0
165,5,414.00,550.59,16.95,31.46,1,3,0
165,3,1192.41,555.68,20.83,9.16,1,2,0
166,2,829.79,504.83,52.73,19.82,1,0,0
166,4,1472.09,526.09,39.24,14.63,1,0,0
166,1,445.98,436.78,255.25,96.65,1,0,0
166,5,392.92,517.33,17.55,31.78,1,3,0
166,3,1180.01,523.92,19.90,8.91,1,2,0
166,10,1214.91,529.67,5.55,8.18,1,3,0
167,2,825.12,509.20,54.01,20.04,1,0,0
167,4,1468.69,524.98,41.11,15.12,1,0,0
167,1,444.27,442.97,254.78,97.60,1,0,0
167,5,387.26,524.95,18.48,32.33,1,3,0
167,3,1177.69,525.81,20.06,8.95,1,2,0
168,2,824.25,517.06,53.85,20.24,1,0,0
168,4,1467.28,525.83,41.15,14.78,1,0,0
168,1,443.96,455.03,254.79,96.96,1,0,0
168,5,382.10,537.59,17.71,32.70,1,3,0
168,3,1177.11,529.88,20.88,9.05,1,2,0
169,2,826.57,519.06,52.92,20.12,1,0,0
169,4,1468.30,530.89,41.22,15.22,1,0,0
169,1,445.81,455.38,255.39,96.27,1,0,0
169,5,378.11,536.12,17.42,33.33,1,3,0
169,3,1177.92,533.88,20.69,8.68,1,2,0
170,2,818.79,518.04,53.61,20.35,1,0,0
170,4,1465.25,542.33,40.91,15.17,1,0,0
170,1,443.27,447.66,253.96,97.59,1,0,0
170,5,367.75,528.96,18.11,30.62,1,3,0
170,3,1173.49,539.10,21.08,9.38,1,2,0
170,10,1206.59,545.53,5.72,7.57,1,3,0
171,2,799.93,521.67,54.37,20.47,1,0,0
171,4,1449.73,552.27,39.80,14.97,1,0,0
171,1,427.91,447.66,252.45,99.00,1,0,0
171,5,347.63,525.12,18.16,34.00,1,3,0
171,3,1155.19,546.59,20.27,8.79,1,2,0
171,10,1188.41,552.60,5.89,7.69,1,3,0
172,2,780.83,527.37,53.08,20.34,1,0,0
172,4,1430.53,554.27,39.13,14.91,1,0,0
172,1,409.89,456.07,251.53,97.38,1,0,0
172,5,323.88,532.29,21.29,35.51,1,3,0
172,3,1135.79,550.24,23.00,9.45,1,2,0
172,10,1169.09,556.52,5.60,7.94,1,3,0
173,2,769.71,526.08,53.99,20.38,1,0,0
173,4,1420.97,549.06,39.83,14.12,1,0,0
173,1,404.33,456.94,251.02,96.78,1,0,0
173,5,319.49,531.71,11.96,36.67,1,3,0
173,3,1128.66,547.14,20.09,8.85,1,2,0
173,10,1160.68,552.72,5.80,8.44,1,3,0
174,2,778.20,522.83,54.36,20.10,1,0,0
174,4,1430.78,541.82,37.90,14.17,1,0,0
174,1,412.82,454.85,251.32,97.02,1,0,0
174,5,320.07,530.45,12.89,37.97,1,3,0
174,3,1137.82,541.59,20.84,8.63,1,2,0
174,10,1170.12,547.41,5.31,7.22,1,3,0
175,2,782.32,520.07,54.50,20.42,1,0,0
175,4,1434.48,533.61,39.02,14.58,1,0,0
175,1,417.40,456.13,251.48,96.83,1,0,0
175,5,320.00,531.89,13.02,38.35,1,3,0
175,3,1142.12,535.65,20.81,9.18,1,2,0
176,2,772.89,516.38,54.35,19.99,1,0,0
176,4,1428.02,529.70,38.36,13.99,1,0,0
176,1,410.17,451.37,250.61,97.50,1,0,0
176,3,1135.26,532.15,20.37,8.68,1,2,0
177,2,748.21,510.72,52.50,20.08,1,0,0
177,4,1403.15,529.74,37.99,14.36,1,0,0
177,1,387.28,443.98,248.49,96.59,1,0,0
177,3,1107.29,528.77,20.80,9.66,1,2,0
178,2,714.87,509.98,53.49,19.86,1,0,0
178,4,1373.67,528.24,38.96,14.28,1,0,0
178,1,359.88,443.25,245.88,96.98,1,0,0
178,3,1076.98,528.49,18.57,9.13,1,2,0
178,10,1107.06,534.42,5.72,7.77,1,3,0
179,2,685.38,513.95,53.66,19.94,1,0,0
179,4,1345.65,522.42,39.84,15.42,1,0,0
179,1,332.91,451.38,245.12,96.54,1,0,0
179,3,1047.08,527.25,20.33,9.53,1,2,0
180,2,661.91,514.79,54.01,19.96,1,0,0
180,4,1326.77,520.29,40.79,15.73,1,0,0
180,1,320.09,455.26,237.50,96.01,1,0,0
180,3,1025.58,527.05,21.39,9.32,1,2,0
181,2,639.49,513.34,53.24,19.67,1,0,0
181,4,1303.96,525.16,38.69,15.56,1,0,0
181,1,319.63,450.32,217.51,95.98,1,0,0
181,3,1002.21,528.56,21.41,9.34,1,2,0
182,2,582.15,525.16,54.97,20.12,1,0,0
182,4,1247.36,546.56,40.45,16.16,1,0,0
182,1,320.37,460.13,164.31,93.56,1,0,0
182,3,945.40,545.93,20.98,8.85,1,2,0
183,2,549.12,540.44,53.40,20.18,1,0,0
183,4,1215.19,560.88,41.39,16.97,1,0,0
183,1,319.81,515.36,131.98,52.32,1,0,0
183,3,939.69,566.82,5.61,7.71,1,3,0
184,2,516.19,550.22,54.03,20.23,1,0,0
184,4,1182.88,570.03,37.76,15.65,1,0,0
184,1,320.02,526.39,101.96,51.81,1,0,0
184,3,878.10,570.29,20.95,8.88,1,2,0
185,2,487.51,558.28,52.89,19.68,1,0,0
185,4,1152.16,575.55,38.93,15.89,1,0,0
185,1,320.09,534.94,73.79,50.96,1,0,0
185,3,847.76,577.47,22.11,8.85,1,2,0
186,2,457.40,548.47,52.43,19.97,1,0,0
186,4,1116.45,570.95,42.34,17.01,1,0,0
186,1,319.82,523.96,46.02,51.20,1,0,0
186,3,816.38,570.51,21.36,8.85,1,2,0
187,2,431.95,532.32,52.87,19.59,1,0,0
187,4,1089.94,560.39,41.34,16.57,1,0,0
187,1,319.91,506.90,22.65,51.77,1,0,0
187,3,790.07,556.48,21.21,9.12,1,2,0
188,2,422.92,515.30,53.66,19.92,1,0,0
188,4,1080.59,543.07,43.70,16.21,1,0,0
188,1,319.89,490.51,16.46,50.59,1,0,0
188,3,808.33,544.68,5.70,8.05,1,3,0
189,2,419.07,503.49,53.83,20.20,1,0,0
189,4,1079.28,523.84,41.76,16.11,1,0,0
189,1,319.78,482.61,14.54,48.02,1,0,0
189,3,805.92,528.90,5.66,7.71,1,3,0
190,2,417.47,499.84,52.54,19.54,1,0,0
190,4,1076.22,512.44,42.43,16.71,1,0,0
190,1,319.90,479.68,13.05,47.58,1,0,0
191,2,423.79,497.71,53.03,20.04,1,0,0
191,4,1083.85,520.35,42.37,16.98,1,0,0
191,1,320.40,474.93,20.02,50.97,1,0,0
191,10,809.79,523.60,4.87,8.13,1,3,0
191,3,786.66,518.95,21.38,8.40,1,2,0
192,2,434.50,494.42,54.19,20.04,1,0,0
192,4,1095.84,522.13,41.94,17.46,1,0,0
192,1,320.35,470.18,30.67,50.81,1,0,0
192,10,822.15,523.57,4.80,8.05,1,3,0
192,3,799.45,518.28,22.14,8.67,1,2,0
193,2,448.44,494.92,53.84,20.09,1,0,0
193,4,1109.40,518.82,41.64,16.37,1,0,0
193,1,320.18,472.92,43.24,50.72,1,0,0
193,3,812.79,516.51,23.01,8.29,1,2,0
194,2,463.05,508.30,53.55,20.08,1,0,0
194,4,1124.41,519.54,41.36,16.95,1,0,0
194,1,319.71,488.67,56.69,50.68,1,0,0
194,3,829.18,523.50,21.10,8.80,1,2,0
194,10,851.33,529.19,4.75,8.14,1,3,0
195,2,475.59,525.96,53.27,19.95,1,0,0
195,4,1142.71,529.27,38.49,16.15,1,0,0
195,1,319.81,507.06,69.66,52.54,1,0,0
196,2,479.98,526.48,53.25,19.90,1,0,0
196,4,1146.76,546.38,41.07,16.91,1,0,0
196,1,320.06,502.76,75.98,52.11,1,0,0
196,3,851.38,546.47,21.27,8.63,1,2,0
196,10,868.50,552.11,6.49,8.59,1,3,0
197,2,484.61,520.38,55.18,20.27,1,0,0
197,4,1153.71,548.42,43.21,16.88,1,0,0
197,1,319.93,495.32,83.26,51.87,1,0,0
197,3,858.63,545.04,21.37,8.53,1,2,0
197,10,876.12,550.71,5.88,8.34,1,3,0
198,2,497.75,529.71,53.68,20.17,1,0,0
198,4,1163.97,558.44,42.43,17.04,1,0,0
198,1,320.05,504.45,94.18,51.28,1,0,0
198,3,871.48,555.00,20.89,8.67,1,2,0
199,2,513.66,533.20,55.15,20.29,1,0,0
199,4,1186.63,560.38,42.54,16.68,1,0,0
199,1,319.90,508.45,113.69,51.69,1,0,0
199,3,894.19,557.63,21.13,8.57,1,2,0
200,2,543.67,530.01,53.30,20.25,1,0,0
200,4,1217.64,553.64,40.61,16.39,1,0,0
200,1,319.89,505.23,140.99,52.12,1,0,0
200,3,925.44,551.57,21.68,9.17,1,2,0
200,10,939.03,557.65,6.02,8.16,1,3,0
201,2,579.62,528.11,53.86,19.90,1,0,0
201,4,1252.40,547.66,40.77,16.80,1,0,0
201,1,320.27,462.51,173.88,94.34,1,0,0
201,3,961.41,548.05,21.56,9.23,1,2,0
201,10,974.30,554.09,6.47,8.11,1,3,0
202,2,617.51,527.43,54.61,19.65,1,0,0
202,4,1291.42,544.11,40.81,16.89,1,0,0
202,1,320.62,461.19,212.72,96.81,1,0,0
202,3,1003.89,545.65,21.08,8.34,1,2,0
202,10,1016.37,551.81,6.18,7.76,1,3,0
203,2,657.90,530.20,53.82,20.00,1,0,0
203,4,1333.24,543.70,39.36,16.87,1,0,0
203,1,329.43,464.39,243.72,97.09,1,0,0
203,3,1044.27,546.79,22.05,8.46,1,2,0
204,2,699.66,534.95,56.89,20.13,1,0,0
204,4,1373.01,547.86,41.97,16.59,1,0,0
204,1,369.28,468.35,245.13,97.88,1,0,0
204,3,1089.36,551.49,20.77,8.59,1,2,0
204,10,1098.56,557.80,7.26,7.84,1,3,0
205,2,741.55,545.35,53.21,20.12,1,0,0
205,4,1414.33,559.68,39.03,15.52,1,0,0
205,1,408.07,478.70,247.38,96.92,1,0,0
206,2,801.82,548.55,53.51,20.46,1,0,0
206,4,1473.27,569.11,39.61,15.17,1,0,0
206,1,468.18,480.04,250.49,97.07,1,0,0
206,3,1194.17,569.30,20.94,8.41,1,2,0
207,2,826.23,539.83,53.38,19.78,1,0,0
207,4,1493.86,561.54,40.97,14.95,1,0,0
207,1,490.62,469.13,252.82,98.38,1,0,0
207,3,1217.13,559.77,22.91,9.29,1,2,0
208,2,846.99,523.50,54.95,20.19,1,0,0
208,4,1514.42,544.03,40.88,14.73,1,0,0
208,1,512.91,456.17,252.51,96.51,1,0,0
208,3,1239.87,543.46,21.58,8.73,1,2,0
209,2,871.58,509.45,53.02,20.24,1,0,0
209,4,1535.78,523.85,39.48,14.53,1,0,0
209,1,533.27,444.61,254.88,98.09,1,0,0
210,2,882.69,503.57,54.39,20.21,1,0,0
210,4,1545.56,516.09,40.51,14.38,1,0,0
210,1,546.44,439.73,254.08,97.92,1,0,0
210,10,1280.83,524.61,6.45,7.49,1,3,0
210,3,1273.69,518.53,20.73,8.64,1,2,0
211,2,883.67,503.48,53.63,20.13,1,0,0
211,4,1547.46,520.86,40.35,15.31,1,0,0
211,1,549.67,438.58,252.84,97.16,1,0,0
211,10,1280.98,527.69,6.90,7.89,1,3,0
211,3,1275.56,520.90,20.82,8.91,1,2,0
212,2,882.98,505.41,54.46,20.59,1,0,0
212,4,1548.91,530.87,41.47,14.88,1,0,0
212,1,551.57,437.18,254.01,97.36,1,0,0
212,3,1278.10,527.56,20.54,9.26,1,2,0
213,2,876.65,513.61,54.99,19.73,1,0,0
213,4,1544.62,536.91,40.17,14.59,1,0,0
213,1,548.93,443.96,252.38,98.54,1,0,0
213,3,1273.75,534.28,21.37,8.63,1,2,0
214,2,868.90,531.45,54.95,19.83,1,0,0
214,4,1538.35,544.31,41.86,15.39,1,0,0
214,1,540.50,465.58,254.20,98.41,1,0,0
214,3,1265.90,546.93,22.36,8.99,1,2,0
215,2,853.97,545.05,54.46,20.15,1,0,0
215,4,1526.33,554.47,37.85,14.73,1,0,0
215,1,528.09,480.63,252.42,97.24,1,0,0
215,3,1252.76,559.17,21.47,8.80,1,2,0
216,2,822.52,558.09,54.95,20.63,1,0,0
216,4,1497.71,576.28,39.76,14.99,1,0,0
216,1,501.41,489.65,248.78,98.12,1,0,0
216,3,1224.89,577.67,20.22,8.85,1,2,0
217,2,797.70,552.29,53.93,20.51,1,0,0
217,4,1475.86,578.88,39.43,14.78,1,0,0
217,1,477.70,480.95,248.57,98.63,1,0,0
217,3,1198.43,576.00,22.29,9.58,1,2,0
218,2,778.05,533.49,53.53,20.93,1,0,0
218,4,1457.33,564.61,41.49,14.74,1,0,0
218,1,460.69,461.80,247.93,99.25,1,0,0
218,3,1178.53,559.52,22.77,9.31,1,2,0
219,2,746.65,517.66,54.69,20.31,1,0,0
219,4,1431.78,540.64,41.37,14.91,1,0,0
219,1,435.75,448.60,245.45,98.05,1,0,0
219,3,1154.25,544.75,5.82,8.69,1,3,0
220,2,746.65,517.66,54.69,20.31,1,0,0
220,4,1431.78,540.64,41.37,14.91,1,0,0
220,1,435.75,448.60,245.45,98.05,1,0,0
220,3,1154.25,544.75,5.82,8.69,1,3,0
221,2,745.02,508.77,54.62,20.26,1,0,0
221,4,1429.91,530.94,39.48,14.76,1,0,0
221,1,435.89,440.89,244.61,97.92,1,0,0
221,3,1151.68,529.96,20.48,8.82,1,2,0
222,2,748.11,508.33,54.74,20.32,1,0,0
222,4,1432.22,530.60,41.21,14.49,1,0,0
222,1,439.42,440.58,245.30,97.58,1,0,0
222,3,1156.86,529.18,19.93,8.56,1,2,0
223,2,758.23,511.77,54.65,20.21,1,0,0
223,4,1442.42,533.34,40.30,14.80,1,0,0
223,1,451.78,443.70,243.99,98.57,1,0,0
223,3,1165.76,532.59,19.47,8.47,1,2,0
224,2,772.47,522.28,55.20,21.00,1,0,0
224,4,1456.49,542.28,40.46,14.67,1,0,0
224,1,464.70,455.58,245.60,97.28,1,0,0
224,3,1182.71,542.50,19.66,8.69,1,2,0
225,2,786.96,530.87,54.59,20.72,1,0,0
225,4,1470.01,547.05,40.67,15.18,1,0,0
225,1,480.31,464.19,245.34,98.26,1,0,0
225,3,1196.64,548.71,19.75,9.13,1,2,0
225,14,1193.98,554.39,6.58,9.00,1,3,0
226,2,795.40,532.52,55.41,20.31,1,0,0
226,4,1480.63,548.27,40.58,15.53,1,0,0
226,1,490.53,465.73,245.96,97.99,1,0,0
226,3,1208.93,549.77,19.38,9.67,1,2,0
226,14,1205.80,555.65,6.75,9.23,1,3,0
227,2,807.54,529.55,55.15,20.64,1,0,0
227,4,1493.31,546.32,40.26,14.47,1,0,0
227,1,503.99,464.01,247.61,98.04,1,0,0
227,3,1221.61,547.61,18.87,9.19,1,2,0
227,14,1218.76,552.79,7.02,9.14,1,3,0
228,2,817.22,534.61,56.66,21.32,1,0,0
228,4,1503.35,546.92,39.13,15.18,1,0,0
228,1,515.41,469.11,247.21,99.58,1,0,0
228,3,1233.62,550.90,18.83,9.66,1,2,0
228,14,1228.94,556.82,7.18,9.45,1,3,0
229,2,810.35,543.94,54.75,20.42,1,0,0
229,4,1498.75,558.54,39.70,15.79,1,0,0
229,1,510.69,476.63,247.38,98.97,1,0,0
230,2,795.42,551.57,54.94,20.64,1,0,0
230,4,1484.49,576.27,38.64,14.99,1,0,0
230,1,496.48,480.94,245.95,98.90,1,0,0
230,3,1210.24,574.43,19.51,9.88,1,2,0
230,14,1206.75,580.69,6.88,8.63,1,3,0
231,2,781.04,546.15,54.64,21.17,1,0,0
231,4,1474.67,577.15,38.84,15.47,1,0,0
231,1,485.93,473.50,245.28,100.70,1,0,0
231,3,1198.91,573.72,21.88,10.11,1,2,0
231,14,1194.52,579.56,6.15,8.13,1,3,0
232,2,769.70,540.26,53.96,20.87,1,0,0
232,4,1462.76,568.62,39.82,15.62,1,0,0
232,1,476.47,468.57,244.35,99.72,1,0,0
232,3,1184.01,566.42,22.96,9.40,1,2,0
233,2,763.67,541.48,55.11,20.91,1,0,0
233,4,1458.12,563.08,40.90,16.10,1,0,0
233,1,471.14,472.56,243.57,99.14,1,0,0
233,3,1180.62,563.54,22.34,9.07,1,2,0
234,2,765.07,539.07,53.42,20.39,1,0,0
234,4,1459.24,558.89,41.07,15.91,1,0,0
234,1,474.11,469.92,243.77,99.21,1,0,0
234,3,1185.62,559.13,19.52,9.35,1,2,0
234,14,1179.86,564.69,5.92,8.79,1,3,0
235,2,771.59,529.52,54.74,20.58,1,0,0
235,4,1466.52,552.00,40.18,15.16,1,0,0
235,1,483.11,461.32,243.84,97.96,1,0,0
235,3,1194.00,551.54,20.51,8.92,1,2,0
236,2,782.07,517.59,54.90,20.68,1,0,0
236,4,1478.64,541.83,39.25,15.27,1,0,0
236,1,495.09,448.65,243.85,98.86,1,0,0
236,3,1206.04,539.53,20.34,9.38,1,2,0
237,2,799.45,514.93,54.30,21.06,1,0,0
237,4,1492.61,538.51,40.05,15.78,1,0,0
237,1,510.39,446.84,244.72,99.11,1,0,0
237,3,1215.19,542.37,5.96,8.72,1,3,0
238,2,812.49,516.11,53.76,20.77,1,0,0
238,4,1508.07,534.53,39.63,16.45,1,0,0
238,1,526.02,449.53,245.04,98.32,1,0,0
238,3,1229.86,540.76,6.27,8.66,1,3,0
238,14,1236.29,535.46,19.68,9.29,1,2,0
239,2,826.88,517.45,55.30,20.83,1,0,0
239,4,1523.08,535.08,39.53,15.95,1,0,0
239,1,543.11,451.88,245.27,98.75,1,0,0
239,14,1253.09,535.70,20.87,9.22,1,2,0
240,2,844.96,516.03,54.60,20.44,1,0,0
240,4,1539.94,534.21,39.09,15.59,1,0,0
240,1,562.25,449.37,245.66,98.87,1,0,0
240,14,1273.18,535.28,19.50,8.90,1,2,0
240,3,1265.94,540.49,6.18,8.75,1,3,0
241,2,861.56,511.42,54.02,20.45,1,0,0
241,4,1551.94,527.90,43.46,14.98,1,0,0
241,1,578.24,445.64,246.82,99.34,1,0,0
241,14,1286.83,529.09,20.40,8.98,1,2,0
242,2,877.42,515.94,55.56,21.19,1,0,0
242,4,1565.25,519.85,36.74,15.63,1,0,0
242,1,596.07,455.32,246.71,98.89,1,0,0
242,14,1305.99,526.61,19.08,9.08,1,2,0
242,3,1298.45,532.31,5.90,8.82,1,3,0
243,2,878.65,525.98,53.55,21.22,1,0,0
243,4,1570.44,531.59,31.93,14.93,1,0,0
243,1,596.87,463.33,246.95,99.89,1,0,0
243,3,1297.68,543.68,6.44,8.66,1,3,0
244,2,866.47,540.91,53.36,20.72,1,0,0
244,4,1557.77,550.85,41.57,14.50,1,0,0
244,1,582.82,476.07,246.70,99.48,1,0,0
244,3,1290.89,555.47,20.32,9.04,1,2,0
245,2,839.09,549.30,53.99,21.18,1,0,0
245,4,1534.88,565.86,39.58,14.43,1,0,0
245,1,558.75,483.15,245.68,98.79,1,0,0
245,3,1264.65,568.32,20.75,9.44,1,2,0
245,14,1257.30,573.84,6.30,9.03,1,3,0
246,2,804.31,557.88,53.63,21.03,1,0,0
246,4,1504.55,576.89,40.48,14.32,1,0,0
246,1,529.07,488.88,242.07,99.71,1,0,0
246,14,1231.92,578.31,20.61,9.19,1,2,0
247,2,776.27,560.44,54.01,20.78,1,0,0
247,4,1481.48,579.82,39.52,14.59,1,0,0
247,1,505.64,491.44,241.16,99.40,1,0,0
247,14,1208.06,581.03,20.65,9.44,1,2,0
248,2,749.26,551.40,53.90,20.82,1,0,0
248,4,1458.88,572.67,39.51,14.10,1,0,0
248,1,482.04,483.91,241.24,98.72,1,0,0
248,14,1184.28,573.44,19.25,9.09,1,2,0
249,2,725.78,544.45,53.65,21.12,1,0,0
249,4,1436.07,565.12,42.25,14.94,1,0,0
249,1,461.71,476.09,238.90,99.62,1,0,0
249,14,1160.97,565.92,20.11,9.36,1,2,0
250,2,707.22,548.29,54.29,21.26,1,0,0
250,4,1417.94,570.72,40.74,14.10,1,0,0
250,1,444.06,480.44,237.90,99.18,1,0,0
250,14,1140.29,571.21,20.16,9.22,1,2,0
250,3,1130.55,576.35,6.98,9.30,1,3,0
251,2,681.62,543.29,54.02,21.26,1,0,0
251,4,1396.50,569.39,40.68,14.14,1,0,0
251,1,423.68,474.01,235.45,99.52,1,0,0
251,14,1117.86,568.06,19.59,9.36,1,2,0
252,2,663.79,530.26,53.87,21.39,1,0,0
252,4,1379.04,556.78,42.01,14.85,1,0,0
252,1,408.80,461.50,234.37,98.62,1,0,0
252,14,1100.82,555.07,20.67,9.64,1,2,0
253,2,645.61,518.82,54.79,21.66,1,0,0
253,4,1362.88,544.74,42.98,14.65,1,0,0
253,1,395.63,451.12,232.81,99.01,1,0,0
253,14,1084.94,543.23,20.74,9.44,1,2,0
254,2,642.05,518.00,53.69,20.88,1,0,0
254,4,1361.82,542.36,41.98,14.74,1,0,0
254,1,394.32,450.48,231.93,98.64,1,0,0
254,14,1084.22,541.20,19.84,9.24,1,2,0
254,3,1072.53,546.51,6.35,8.39,1,3,0
255,2,653.85,505.67,54.31,21.76,1,0,0
255,4,1374.18,529.76,43.38,14.95,1,0,0
255,1,407.40,439.33,232.42,98.73,1,0,0
255,14,1096.03,528.62,21.70,9.48,1,2,0
255,3,1085.40,534.30,6.44,8.16,1,3,0
256,2,674.45,499.58,53.55,21.43,1,0,0
256,4,1393.71,521.82,42.36,14.34,1,0,0
256,1,425.72,434.30,233.69,98.54,1,0,0
256,14,1117.72,521.24,19.16,9.13,1,2,0
257,2,705.78,504.14,54.31,21.23,1,0,0
257,4,1424.65,522.39,42.43,14.98,1,0,0
257,1,455.58,438.67,236.88,99.61,1,0,0
257,14,1150.02,524.34,20.45,9.54,1,2,0
257,3,1137.34,529.04,6.76,9.35,1,3,0
258,2,727.79,513.03,55.16,20.92,1,0,0
258,4,1447.42,526.81,40.12,15.12,1,0,0
258,1,477.93,447.39,235.65,100.30,1,0,0
258,14,1173.23,530.26,19.87,8.90,1,2,0
259,2,747.30,525.95,54.72,21.40,1,0,0
259,4,1462.51,538.14,43.62,15.01,1,0,0
259,1,496.43,461.20,236.97,99.72,1,0,0
259,14,1191.44,542.36,19.84,9.46,1,2,0
259,3,1179.50,547.65,6.96,9.43,1,3,0
260,2,753.40,527.57,54.48,21.59,1,0,0
260,4,1473.60,544.43,40.53,14.46,1,0,0
260,1,505.66,462.34,238.00,99.22,1,0,0
260,14,1200.54,546.18,20.21,9.95,1,2,0
260,3,1187.44,551.94,7.06,9.18,1,3,0
261,2,764.59,528.50,54.58,21.44,1,0,0
261,4,1483.04,549.06,42.30,14.96,1,0,0
261,1,516.88,461.18,237.57,99.91,1,0,0
261,14,1211.67,549.70,19.47,9.70,1,2,0
262,2,780.21,535.81,53.86,22.00,1,0,0
262,4,1496.90,554.49,42.54,15.17,1,0,0
262,1,531.51,469.38,239.12,100.36,1,0,0
262,14,1228.45,556.73,18.95,8.95,1,2,0
263,2,784.54,549.97,54.17,21.13,1,0,0
263,4,1502.34,559.81,43.19,14.90,1,0,0
263,1,538.09,485.24,239.54,99.60,1,0,0
263,14,1235.40,565.47,18.70,9.68,1,2,0
264,2,786.89,560.54,55.43,21.62,1,0,0
264,4,1505.83,570.02,41.78,14.36,1,0,0
264,1,542.49,495.80,238.11,99.97,1,0,0
264,14,1239.23,576.06,17.67,9.38,1,2,0
265,2,787.53,559.11,54.52,21.53,1,0,0
265,4,1508.23,578.09,42.41,15.05,1,0,0
265,1,545.72,490.75,238.02,100.79,1,0,0
265,14,1240.70,580.78,17.80,8.91,1,2,0
266,2,789.19,559.16,53.48,21.30,1,0,0
266,4,1509.63,585.61,42.81,14.97,1,0,0
266,1,547.23,489.35,238.10,100.49,1,0,0
266,14,1226.62,590.02,6.29,8.79,1,3,0
267,2,784.30,562.62,56.19,21.88,1,0,0
267,4,1507.98,585.98,42.15,14.33,1,0,0
267,1,546.28,493.90,236.72,100.82,1,0,0
268,2,777.28,555.17,54.56,21.92,1,0,0
268,4,1500.71,577.76,43.31,14.78,1,0,0
268,1,541.87,487.33,236.88,100.42,1,0,0
268,3,1217.88,583.55,6.17,9.05,1,3,0
268,14,1233.94,578.66,17.42,9.33,1,2,0
269,2,786.37,546.51,52.62,21.52,1,0,0
269,4,1510.04,574.13,43.43,14.89,1,0,0
269,1,551.64,478.55,237.42,99.19,1,0,0
269,3,1226.56,577.65,6.43,9.45,1,3,0
269,14,1243.80,572.77,18.21,9.31,1,2,0
270,2,800.15,536.67,53.02,21.80,1,0,0
270,4,1522.71,560.25,44.36,14.82,1,0,0
270,1,566.46,468.78,236.21,100.23,1,0,0
270,3,1239.62,565.31,6.90,9.97,1,3,0
270,14,1258.33,559.70,15.90,9.43,1,2,0
271,2,823.93,526.14,51.90,21.29,1,0,0
271,4,1543.65,538.19,44.65,14.76,1,0,0
271,1,588.82,461.69,236.64,99.92,1,0,0
271,3,1263.15,547.61,6.10,9.02,1,3,0
271,14,1280.29,543.17,15.33,8.95,1,2,0
272,2,839.10,522.57,51.43,21.01,1,0,0
272,4,1556.02,523.97,45.84,15.52,1,0,0
272,1,604.34,461.06,238.58,100.81,1,0,0
272,14,1297.22,532.58,15.61,9.03,1,2,0
273,2,840.36,530.23,50.27,20.19,1,0,0
273,4,1560.16,529.37,41.71,14.54,1,0,0
273,1,605.72,467.81,237.90,101.38,1,0,0
273,3,1278.56,544.44,6.88,9.52,1,3,0
274,2,830.76,541.24,51.79,22.13,1,0,0
274,4,1552.23,547.80,47.08,15.33,1,0,0
274,1,596.93,479.10,236.98,99.15,1,0,0
274,3,1286.47,555.00,16.25,9.30,1,2,0
275,2,802.97,550.37,48.42,21.43,1,0,0
275,4,1529.84,569.11,41.40,14.52,1,0,0
275,1,573.55,484.00,234.88,99.92,1,0,0
275,3,1260.13,571.70,16.65,9.24,1,2,0
275,14,1242.36,576.79,7.04,9.95,1,3,0
276,2,764.12,561.24,45.76,21.10,1,0,0
276,4,1494.55,586.12,42.37,15.50,1,0,0
276,1,535.73,491.72,234.19,101.24,1,0,0
276,14,1203.18,592.00,6.90,10.02,1,3,0
277,2,723.25,566.79,43.41,21.65,1,0,0
277,4,1454.71,593.50,44.39,15.06,1,0,0
277,1,497.31,497.40,232.03,101.54,1,0,0
277,14,1161.25,597.72,7.18,9.92,1,3,0
277,3,1180.65,592.93,16.35,9.73,1,2,0
278,2,693.87,555.54,41.91,21.30,1,0,0
278,4,1426.43,579.87,42.06,14.86,1,0,0
278,1,470.55,487.80,228.75,100.38,1,0,0
278,14,1151.24,580.29,15.45,9.21,1,2,0
279,2,676.58,546.72,43.15,21.49,1,0,0
279,4,1409.08,565.11,44.21,14.91,1,0,0
279,1,454.11,481.39,229.41,98.65,1,0,0
279,14,1132.89,567.75,14.74,8.92,1,2,0
279,3,1114.43,571.90,6.98,10.37,1,3,0
280,2,664.53,524.40,41.39,20.90,1,0,0
280,4,1396.06,543.79,45.10,14.59,1,0,0
280,1,442.50,458.76,228.34,99.75,1,0,0
280,14,1119.43,544.47,16.23,9.33,1,2,0
281,2,657.63,507.71,38.84,21.11,1,0,0
281,4,1390.63,530.49,43.62,15.13,1,0,0
281,1,435.78,441.78,227.53,99.75,1,0,0
281,14,1112.17,530.04,16.98,9.21,1,2,0
281,3,1094.00,535.03,6.71,9.53,1,3,0
282,2,656.19,505.48,39.07,20.57,1,0,0
282,4,1388.82,527.92,43.79,15.72,1,0,0
282,1,435.47,439.37,227.30,99.67,1,0,0
282,14,1110.62,527.30,16.34,9.23,1,2,0
282,3,1092.73,531.79,7.54,10.05,1,3,0
283,2,655.02,509.89,37.11,20.97,1,0,0
283,4,1387.18,526.42,43.01,14.84,1,0,0
283,1,434.16,445.12,227.80,100.10,1,0,0
283,14,1109.57,528.25,15.37,8.96,1,2,0
284,2,649.44,511.78,34.92,20.82,1,0,0
284,4,1381.30,525.98,45.46,15.74,1,0,0
284,1,428.14,447.14,226.30,100.02,1,0,0
284,14,1103.61,529.58,14.96,8.96,1,2,0
284,3,1082.56,533.67,7.54,11.00,1,3,0
285,2,639.01,508.39,34.23,20.75,1,0,0
285,4,1373.74,529.02,43.23,15.98,1,0,0
285,1,418.73,443.27,225.22,99.57,1,0,0
285,14,1094.04,529.76,14.69,9.07,1,2,0
285,3,1071.43,533.68,7.50,11.49,1,3,0
286,2,641.22,519.57,32.52,20.69,1,0,0
286,4,1372.39,548.81,45.80,15.89,1,0,0
286,1,421.91,450.09,225.21,100.89,1,0,0
286,14,1092.36,546.43,15.12,8.66,1,2,0
286,3,1071.11,550.49,7.42,10.84,1,3,0
287,2,649.27,517.83,31.78,20.17,1,0,0
287,4,1379.08,541.73,48.84,16.67,1,0,0
287,1,429.49,449.09,225.41,100.50,1,0,0
287,14,1101.68,541.43,15.71,8.97,1,2,0
288,2,658.32,521.44,31.83,20.43,1,0,0
288,4,1387.59,539.23,47.40,16.55,1,0,0
288,1,437.13,455.75,226.78,99.55,1,0,0
288,14,1110.73,541.66,14.20,9.13,1,2,0
288,3,1088.28,545.46,7.24,11.07,1,3,0
289,2,662.79,525.80,31.82,19.55,1,0,0
289,4,1393.72,539.28,45.60,15.83,1,0,0
289,1,440.43,459.14,227.57,100.23,1,0,0
289,14,1115.56,543.52,13.59,9.21,1,2,0
289,3,1092.98,546.99,7.25,11.91,1,3,0
290,2,664.89,528.19,31.44,19.67,1,0,0
290,4,1396.08,545.76,45.56,15.97,1,0,0
290,1,444.05,460.24,227.24,100.25,1,0,0
290,14,1117.83,547.74,13.72,9.36,1,2,0
290,3,1094.83,551.63,7.74,12.25,1,3,0
291,2,668.10,529.32,30.52,19.85,1,0,0
291,4,1398.18,551.54,47.51,15.39,1,0,0
291,1,447.00,460.17,227.69,100.40,1,0,0
291,14,1120.29,551.68,14.13,9.07,1,2,0
291,3,1097.11,555.79,7.42,11.35,1,3,0
292,2,662.84,532.36,29.87,19.95,1,0,0
292,4,1394.68,555.86,45.21,15.47,1,0,0
292,1,441.90,462.89,226.32,100.88,1,0,0
292,14,1114.92,556.11,14.41,9.23,1,2,0
293,2,653.60,540.07,28.89,19.39,1,0,0
293,4,1384.51,562.48,45.58,15.63,1,0,0
293,1,434.44,470.31,226.03,100.88,1,0,0
293,14,1104.92,562.68,14.36,9.95,1,2,0
293,3,1080.93,566.51,7.56,11.81,1,3,0
294,2,650.59,538.39,26.19,19.22,1,0,0
294,4,1382.00,559.61,46.18,15.69,1,0,0
294,1,431.12,469.00,225.17,100.87,1,0,0
294,14,1102.13,559.72,14.20,9.28,1,2,0
295,2,649.91,529.45,26.17,19.94,1,0,0
295,4,1381.67,549.60,46.61,15.92,1,0,0
295,1,430.57,460.39,225.03,100.58,1,0,0
296,2,644.24,531.80,27.82,20.07,1,0,0
296,4,1376.15,552.24,45.61,16.07,1,0,0
296,1,424.83,462.56,224.94,100.85,1,0,0
296,3,1069.21,557.08,7.61,11.97,1,3,0
296,14,1093.75,553.17,15.95,9.38,1,2,0
297,2,643.88,534.81,23.92,19.69,1,0,0
297,4,1373.53,557.07,46.83,16.12,1,0,0
297,1,424.85,465.46,224.72,101.13,1,0,0
297,3,1068.04,561.25,7.94,12.51,1,3,0
297,14,1092.95,557.56,14.72,9.07,1,2,0
298,2,652.50,534.28,23.59,19.87,1,0,0
298,4,1382.30,557.85,46.57,16.35,1,0,0
298,1,433.50,464.81,224.67,100.85,1,0,0
298,14,1101.36,557.47,13.27,9.31,1,2,0
299,2,669.03,526.46,22.05,18.89,1,0,0
299,4,1398.93,548.46,46.13,16.31,1,0,0
299,1,448.69,456.88,225.60,100.63,1,0,0
299,14,1119.62,547.62,13.38,9.54,1,2,0
299,3,1093.08,551.99,7.65,12.75,1,3,0
300,2,688.20,532.75,21.16,20.38,1,0,0
300,4,1418.15,550.68,45.12,16.16,1,0,0
300,1,467.54,464.39,226.14,100.87,1,0,0
300,14,1137.23,553.47,13.48,9.52,1,2,0
301,2,711.46,543.37,18.68,18.51,1,0,0
301,4,1438.28,553.54,44.58,16.08,1,0,0
301,1,488.73,475.07,226.40,100.82,1,0,0
301,14,1159.57,558.68,12.90,9.03,1,2,0
301,3,1134.22,562.60,7.63,12.21,1,3,0
302,2,731.92,544.46,18.60,19.46,1,0,0
302,4,1459.54,554.03,44.05,16.20,1,0,0
302,1,507.86,476.88,228.06,101.04,1,0,0
302,14,1180.40,559.52,13.27,9.26,1,2,0
302,3,1154.96,563.50,7.37,11.66,1,3,0
303,2,763.37,542.99,17.19,19.59,1,0,0
303,4,1487.01,556.54,44.56,15.41,1,0,0
303,1,537.94,474.55,229.95,101.63,1,0,0
304,2,789.06,547.96,17.72,18.85,1,0,0
304,4,1511.92,565.86,44.62,16.13,1,0,0
304,1,563.65,478.15,229.15,101.62,1,0,0
304,14,1235.13,567.68,14.14,9.75,1,2,0
304,3,1210.59,572.60,7.94,12.15,1,3,0
305,2,815.79,556.71,16.14,18.50,1,0,0
305,4,1535.89,572.24,45.46,16.14,1,0,0
305,1,589.61,485.78,231.24,102.07,1,0,0
305,14,1261.07,575.33,14.63,9.67,1,2,0
305,3,1237.49,580.23,7.45,11.23,1,3,0
306,2,842.94,555.34,12.53,18.95,1,0,0
306,4,1559.72,567.66,42.43,16.83,1,0,0
306,1,614.47,485.63,232.89,102.32,1,0,0
306,3,1262.39,576.63,7.54,12.23,1,3,0
307,2,861.46,568.79,13.94,18.07,1,0,0
307,4,1576.50,578.56,26.51,13.52,1,0,0
307,1,634.24,499.08,232.08,102.54,1,0,0
307,14,1304.97,582.49,13.62,9.48,1,2,0
308,4,1569.62,588.12,32.97,15.28,1,0,0
308,1,625.93,501.53,231.28,102.20,1,0,0
308,14,1295.19,591.03,13.89,9.60,1,2,0
309,4,1556.97,590.33,44.77,16.89,1,0,0
309,1,613.89,489.97,231.80,102.91,1,0,0
309,14,1281.30,589.70,13.09,9.61,1,2,0
309,3,1257.14,593.94,7.71,11.28,1,3,0
310,4,1554.63,582.81,46.12,16.75,1,0,0
310,1,611.81,480.46,229.89,102.21,1,0,0
310,14,1277.16,580.39,13.47,9.35,1,2,0
311,4,1555.54,561.31,45.97,16.31,1,0,0
311,1,614.97,471.70,231.03,101.95,1,0,0
311,14,1280.36,562.94,13.84,9.68,1,2,0
311,3,1257.46,567.20,7.62,11.62,1,3,0
312,4,1561.34,542.09,41.16,16.25,1,0,0
312,1,617.43,459.69,231.61,102.28,1,0,0
312,14,1283.30,545.26,14.05,9.26,1,2,0
312,3,1260.49,550.41,7.28,10.94,1,3,0
313,4,1567.21,535.47,34.62,15.77,1,0,0
313,1,627.85,445.22,230.34,102.06,1,0,0
313,14,1291.25,535.01,13.47,9.34,1,2,0
314,4,1580.64,545.70,21.91,12.30,1,0,0
314,1,642.26,444.30,232.63,102.40,1,0,0
314,14,1305.55,540.02,13.23,9.43,1,2,0
314,3,1283.86,544.30,7.83,11.77,1,3,0
315,1,662.08,444.63,231.36,102.46,1,0,0
315,3,1301.24,543.15,7.53,11.07,1,3,0
316,1,678.31,442.34,233.29,102.63,1,0,0
316,14,1340.54,529.73,12.79,9.49,1,2,0
317,1,696.81,447.75,231.90,102.40,1,0,0
317,14,1356.33,530.34,13.27,9.58,1,2,0
317,3,1335.28,534.96,7.86,11.78,1,3,0
318,1,717.12,469.81,232.29,102.99,1,0,0
318,14,1373.79,557.37,12.69,9.31,1,2,0
319,1,722.42,469.91,232.86,103.63,1,0,0
319,3,1358.48,565.46,7.78,12.04,1,3,0
320,1,719.67,480.84,231.92,101.93,1,0,0
320,3,1355.37,573.64,7.46,11.58,1,3,0
320,14,1374.44,568.71,12.60,9.30,1,2,0
321,1,709.89,487.07,231.42,103.39,1,0,0
321,3,1345.04,577.34,7.68,12.36,1,3,0
321,14,1364.61,571.73,12.92,9.79,1,2,0
322,1,693.60,486.31,230.56,103.79,1,0,0
322,3,1328.29,576.04,7.87,12.80,1,3,0
322,14,1346.93,571.37,12.89,9.28,1,2,0
323,1,677.75,484.52,232.42,102.70,1,0,0
323,3,1312.45,577.93,8.34,12.62,1,3,0
323,14,1330.72,572.97,14.17,9.98,1,2,0
324,1,673.81,483.79,230.71,102.88,1,0,0
324,14,1324.83,576.43,12.54,9.65,1,2,0
325,1,671.17,476.95,230.90,102.24,1,0,0
325,14,1321.00,572.00,14.54,10.16,1,2,0
325,3,1304.26,576.81,7.24,11.96,1,3,0
326,1,669.68,477.75,231.34,102.50,1,0,0
326,14,1319.27,570.69,12.65,9.00,1,2,0
326,3,1302.01,575.40,7.72,11.80,1,3,0
327,1,654.64,479.26,231.03,103.21,1,0,0
327,3,1286.82,567.37,8.21,12.38,1,3,0
327,4,1582.93,561.74,20.13,11.77,1,0,0
328,1,645.52,471.76,228.92,103.69,1,0,0
328,3,1277.04,560.63,7.98,12.28,1,3,0
328,4,1577.55,553.56,25.22,12.51,1,0,0
328,14,1292.15,555.39,13.23,9.42,1,2,0
329,1,640.10,480.00,229.65,103.11,1,0,0
329,4,1573.30,566.96,28.83,14.76,1,0,0
329,14,1285.67,568.92,12.78,9.25,1,2,0
330,1,631.82,487.18,229.69,104.23,1,0,0
330,4,1566.81,584.99,35.21,17.12,1,0,0
330,3,1261.84,590.06,8.54,11.73,1,3,0
331,1,617.47,482.97,228.75,103.98,1,0,0
331,4,1552.34,585.57,48.71,17.53,1,0,0
331,3,1259.46,583.39,13.78,9.67,1,2,0
332,1,604.62,471.59,227.57,104.25,1,0,0
332,4,1538.36,571.90,49.66,16.45,1,0,0
332,3,1232.80,574.30,8.36,12.94,1,3,0
332,14,1245.84,569.98,13.07,9.34,1,2,0
333,1,606.39,466.42,227.97,103.20,1,0,0
333,4,1540.30,556.81,49.36,17.75,1,0,0
333,14,1246.31,558.11,12.82,9.35,1,2,0
334,1,614.18,455.34,227.93,102.88,1,0,0
334,4,1547.25,535.15,51.85,17.86,1,0,0
334,14,1253.58,540.18,13.33,8.77,1,2,0
334,3,1242.12,544.78,8.06,12.63,1,3,0
335,1,621.29,446.88,228.36,102.96,1,0,0
335,4,1555.31,523.07,46.59,17.73,1,0,0
335,14,1260.87,528.65,12.99,8.86,1,2,0
335,3,1248.91,533.42,7.81,12.35,1,3,0
336,1,624.46,445.50,228.67,102.89,1,0,0
336,4,1556.60,521.45,45.54,17.30,1,0,0
336,3,1251.08,531.89,8.60,11.83,1,3,0
337,1,619.41,449.38,228.12,102.71,1,0,0
337,4,1552.41,527.68,49.03,17.10,1,0,0
337,14,1257.39,533.30,13.02,8.82,1,2,0
338,1,594.64,458.07,227.63,102.90,1,0,0
338,4,1528.94,544.70,48.02,17.71,1,0,0
338,14,1230.84,547.50,13.50,8.77,1,2,0
339,1,573.23,461.71,225.99,103.73,1,0,0
339,4,1507.95,548.12,47.69,16.90,1,0,0
339,14,1206.87,550.87,12.90,8.39,1,2,0
340,1,554.86,466.73,225.40,103.29,1,0,0
340,4,1491.74,555.56,45.74,16.42,1,0,0
340,14,1186.81,557.16,12.77,8.82,1,2,0
340,3,1177.60,561.91,8.14,13.21,1,3,0
341,1,544.53,469.75,223.76,103.10,1,0,0
341,4,1478.68,560.59,49.33,17.01,1,0,0
341,3,1166.36,566.75,8.78,12.30,1,3,0
342,1,535.29,465.30,224.33,103.41,1,0,0
342,4,1470.63,554.09,49.63,17.07,1,0,0
342,3,1156.78,560.87,8.35,12.35,1,3,0
342,14,1164.32,555.82,14.68,9.08,1,2,0
343,1,530.87,464.96,222.79,103.20,1,0,0
343,4,1466.39,551.76,50.82,16.36,1,0,0
343,14,1159.13,554.25,13.29,8.49,1,2,0
344,1,525.78,468.58,224.42,103.34,1,0,0
344,4,1461.52,554.17,49.03,16.78,1,0,0
344,14,1153.19,557.32,13.75,8.52,1,2,0
344,3,1146.23,562.16,8.64,13.18,1,3,0
345,1,513.68,473.47,223.25,103.75,1,0,0
345,4,1448.65,562.33,50.16,16.59,1,0,0
345,14,1139.65,564.45,14.13,8.48,1,2,0
345,3,1133.09,569.59,8.69,12.72,1,3,0
346,1,500.76,474.73,221.96,102.84,1,0,0
346,4,1437.31,565.90,52.87,17.90,1,0,0
346,14,1125.60,567.23,14.15,8.81,1,2,0
346,3,1118.56,571.91,8.14,13.16,1,3,0
347,1,489.95,469.17,220.95,102.98,1,0,0
347,4,1424.74,564.07,52.17,18.12,1,0,0
347,3,1106.21,568.41,8.89,12.77,1,3,0
348,1,477.11,460.75,220.56,103.48,1,0,0
348,4,1411.97,558.46,51.16,17.79,1,0,0
348,3,1093.11,562.20,7.76,12.42,1,3,0
348,14,1099.45,557.02,12.98,7.99,1,2,0
349,1,472.56,456.87,221.46,103.64,1,0,0
349,4,1408.65,550.55,52.17,18.31,1,0,0
349,14,1091.14,551.36,14.73,8.64,1,2,0
350,1,481.63,453.23,221.06,103.31,1,0,0
350,4,1415.95,542.12,52.11,18.05,1,0,0
350,14,1102.19,543.73,13.16,8.23,1,2,0
350,3,1096.04,548.56,8.02,12.52,1,3,0
351,1,503.88,444.60,222.49,103.54,1,0,0
351,4,1438.57,531.84,50.38,17.57,1,0,0
351,14,1124.45,534.02,13.39,7.88,1,2,0
351,3,1119.50,538.85,7.73,11.67,1,3,0
352,1,516.44,445.64,222.15,103.56,1,0,0
352,4,1450.77,528.55,53.26,18.45,1,0,0
352,14,1138.21,533.49,13.16,7.82,1,2,0
352,3,1132.47,538.48,8.60,12.55,1,3,0
353,1,532.42,463.64,224.51,104.14,1,0,0
353,4,1466.82,543.54,54.04,19.10,1,0,0
353,14,1153.18,549.58,14.67,8.44,1,2,0
354,1,537.58,462.49,223.85,103.83,1,0,0
354,4,1473.61,550.55,54.86,18.59,1,0,0
354,14,1158.12,552.63,13.45,9.12,1,2,0
354,3,1153.94,557.92,8.72,13.08,1,3,0
355,1,543.30,473.32,223.86,104.87,1,0,0
355,4,1479.43,571.56,53.97,17.65,1,0,0
355,14,1163.10,570.30,13.82,8.36,1,2,0
355,3,1159.30,575.33,7.84,12.72,1,3,0
356,1,546.84,481.28,223.29,104.32,1,0,0
356,4,1479.87,584.41,56.92,18.79,1,0,0
356,14,1164.86,582.06,14.04,8.57,1,2,0
357,1,547.85,480.11,222.84,103.96,1,0,0
357,4,1480.97,582.86,53.20,18.27,1,0,0
357,14,1165.30,580.51,13.71,8.37,1,2,0
358,1,551.50,478.42,222.98,105.25,1,0,0
358,4,1482.07,579.82,56.13,18.55,1,0,0
358,14,1167.92,578.34,13.53,8.46,1,2,0
358,3,1165.08,582.86,8.61,14.00,1,3,0
359,1,561.84,476.24,224.23,104.49,1,0,0
359,4,1497.07,572.79,50.72,19.11,1,0,0
359,14,1180.42,573.67,12.86,8.41,1,2,0
359,3,1176.48,578.42,8.11,12.67,1,3,0
360,1,588.98,466.89,225.37,104.40,1,0,0
360,4,1521.60,559.59,51.10,18.54,1,0,0
360,14,1204.27,566.37,8.55,12.55,1,3,0
361,1,621.50,456.56,226.44,103.95,1,0,0
361,4,1551.89,546.34,49.49,19.06,1,0,0
361,14,1237.65,554.27,8.07,11.95,1,3,0
362,1,658.83,448.71,227.13,104.80,1,0,0
362,4,1573.23,535.80,29.04,14.93,1,0,0
362,14,1273.87,542.33,8.69,12.50,1,3,0
363,1,726.52,459.81,228.48,104.70,1,0,0
364,1,749.90,471.92,227.96,105.02,1,0,0
364,2,1364.53,552.83,12.24,8.21,1,2,0
364,14,1362.24,558.33,8.38,13.16,1,3,0
365,1,762.07,478.02,228.53,104.62,1,0,0
365,2,1375.46,565.74,13.18,8.16,1,2,0
365,14,1373.23,570.95,9.07,12.77,1,3,0
366,1,763.34,484.66,228.36,104.89,1,0,0
366,2,1374.61,575.64,12.53,9.00,1,2,0
366,14,1373.75,581.64,8.58,13.16,1,3,0
367,1,761.88,492.66,228.03,104.68,1,0,0
367,14,1370.88,591.46,8.78,12.82,1,3,0
368,1,757.19,499.02,227.67,104.42,1,0,0
368,14,1365.18,591.95,11.94,9.13,1,2,0
369,1,760.04,491.83,226.64,104.36,1,0,0
369,14,1366.75,589.09,9.22,13.32,1,3,0
369,2,1366.05,583.55,12.36,9.73,1,2,0
370,1,768.81,475.86,227.18,104.52,1,0,0
370,14,1375.51,571.66,9.28,12.80,1,3,0
370,2,1374.32,566.25,11.88,8.65,1,2,0
371,1,779.54,461.21,227.04,104.35,1,0,0
371,14,1384.98,552.78,8.76,13.20,1,3,0
371,2,1382.77,547.31,12.46,9.84,1,2,0
372,1,785.36,445.71,226.57,104.62,1,0,0
373,1,775.59,446.96,225.75,104.83,1,0,0
373,14,1379.49,536.54,9.12,12.67,1,3,0
373,2,1374.63,530.68,13.37,7.62,1,2,0
374,1,762.89,452.45,225.66,104.33,1,0,0
374,14,1366.94,544.91,9.00,13.12,1,3,0
375,1,751.76,458.24,224.58,104.55,1,0,0
375,14,1354.98,553.28,8.95,13.48,1,3,0
375,2,1348.74,547.17,13.10,8.56,1,2,0
376,1,736.26,463.95,224.82,105.06,1,0,0
376,14,1338.62,562.22,9.05,13.25,1,3,0
376,2,1332.29,556.44,12.96,8.16,1,2,0
377,1,720.79,467.90,222.77,104.77,1,0,0
377,14,1322.97,567.30,8.73,12.70,1,3,0
378,1,706.21,473.37,223.04,105.20,1,0,0
378,14,1308.43,570.37,8.95,13.24,1,3,0
379,1,678.83,464.16,221.82,105.01,1,0,0
379,14,1270.73,553.64,14.25,7.58,1,2,0
380,1,671.43,460.39,221.43,104.69,1,0,0
380,14,1261.31,553.78,13.00,7.47,1,2,0
380,4,1588.61,557.79,13.90,11.15,1,0,0
380,2,1272.12,559.91,8.74,13.01,1,3,0
381,1,663.35,461.86,219.88,105.37,1,0,0
381,14,1251.66,555.28,12.97,7.82,1,2,0
381,4,1580.23,556.83,21.82,13.47,1,0,0
381,2,1262.95,561.21,8.95,13.36,1,3,0
382,1,652.43,464.55,219.49,104.93,1,0,0
382,14,1239.44,553.64,13.49,7.75,1,2,0
382,4,1572.03,551.52,30.08,15.78,1,0,0
382,2,1251.95,559.94,8.94,13.26,1,3,0
383,1,644.83,465.30,219.02,104.95,1,0,0
383,14,1230.99,553.00,12.98,8.10,1,2,0
383,4,1567.32,549.29,34.61,16.79,1,0,0
384,1,639.31,472.37,218.58,105.30,1,0,0
384,4,1561.81,555.78,39.89,17.59,1,0,0
384,2,1237.24,567.37,9.28,13.18,1,3,0
385,1,628.82,476.41,218.40,104.64,1,0,0
385,4,1552.50,565.93,49.23,19.21,1,0,0
385,2,1226.04,575.25,9.54,13.70,1,3,0
385,14,1211.96,568.74,14.56,8.31,1,2,0
386,1,625.50,473.89,216.31,104.89,1,0,0
386,4,1545.61,569.33,55.79,18.98,1,0,0
386,14,1206.29,569.21,12.56,7.88,1,2,0
387,1,625.25,472.04,216.78,104.96,1,0,0
387,4,1546.16,565.98,54.30,19.41,1,0,0
387,14,1205.21,566.72,12.79,8.00,1,2,0
388,1,630.53,471.84,217.09,105.28,1,0,0
388,4,1551.42,560.07,49.89,18.90,1,0,0
388,2,1225.74,569.32,8.90,13.74,1,3,0
389,1,640.99,469.92,216.77,105.50,1,0,0
389,4,1560.42,555.48,41.28,18.26,1,0,0
389,2,1235.57,565.44,8.89,13.47,1,3,0
389,14,1218.29,559.27,13.09,8.15,1,2,0
390,1,652.93,467.65,217.43,104.90,1,0,0
390,4,1570.33,556.95,31.45,17.85,1,0,0
390,2,1246.69,564.52,9.06,13.83,1,3,0
390,14,1228.78,559.04,12.73,7.69,1,2,0
391,1,652.72,470.30,215.66,105.26,1,0,0
391,4,1569.32,559.23,32.76,17.83,1,0,0
392,1,645.57,481.20,216.55,104.52,1,0,0
392,4,1564.28,567.46,37.49,18.97,1,0,0
392,2,1239.17,577.37,9.44,13.81,1,3,0
392,14,1219.73,571.19,14.20,8.36,1,2,0
393,1,642.00,476.83,215.89,105.05,1,0,0
393,4,1559.90,564.44,42.11,20.32,1,0,0
393,2,1233.77,574.79,9.35,14.33,1,3,0
393,14,1214.07,569.11,13.35,7.91,1,2,0
394,1,640.79,466.68,215.78,106.05,1,0,0
394,4,1557.93,560.46,44.03,20.27,1,0,0
394,2,1231.81,567.67,9.35,14.01,1,3,0
395,1,640.98,461.37,215.18,104.99,1,0,0
395,4,1557.24,551.07,44.75,20.30,1,0,0
395,2,1230.93,560.48,9.77,14.23,1,3,0
395,14,1210.67,554.72,12.59,8.04,1,2,0
396,1,641.05,460.11,215.82,105.05,1,0,0
396,4,1556.69,542.40,45.47,21.39,1,0,0
396,14,1209.50,549.29,13.62,7.70,1,2,0
397,1,644.01,452.13,214.73,104.52,1,0,0
397,4,1558.19,533.89,43.86,20.69,1,0,0
397,2,1234.25,545.29,9.09,14.18,1,3,0
398,1,652.87,440.95,213.86,105.35,1,0,0
398,4,1567.95,530.69,33.98,18.05,1,0,0
398,2,1242.24,537.52,9.49,14.30,1,3,0
398,14,1218.16,532.00,13.84,8.46,1,2,0
399,1,667.16,441.75,214.92,105.13,1,0,0
399,4,1580.07,533.34,21.87,13.73,1,0,0
399,14,1231.54,531.48,12.84,7.67,1,2,0
400,1,675.44,449.44,214.39,104.95,1,0,0
400,14,1238.68,535.30,13.20,8.18,1,2,0
400,2,1264.46,540.65,9.99,14.82,1,3,0
401,1,685.02,450.76,214.50,104.98,1,0,0
401,2,1273.53,541.65,9.75,14.85,1,3,0
402,1,684.17,453.01,214.10,105.21,1,0,0
402,2,1271.78,547.06,10.21,15.00,1,3,0
402,14,1245.13,541.75,13.11,8.41,1,2,0
403,1,674.96,463.23,214.21,105.90,1,0,0
403,2,1262.64,561.75,10.21,14.95,1,3,0
403,14,1234.85,556.12,13.78,8.39,1,2,0
403,4,1585.76,560.02,16.84,13.14,1,0,0
404,1,666.67,466.83,213.71,105.70,1,0,0
404,2,1253.16,568.47,10.03,15.22,1,3,0
404,4,1579.87,567.31,22.27,14.15,1,0,0
405,1,662.07,464.90,213.16,105.86,1,0,0
405,2,1248.14,566.21,10.01,15.20,1,3,0
405,4,1573.24,565.64,28.66,13.39,1,0,0
406,1,661.37,460.46,212.90,105.41,1,0,0
406,2,1246.82,559.81,10.09,15.29,1,3,0
406,4,1572.34,556.59,29.27,16.03,1,0,0
406,14,1217.25,554.55,13.55,8.38,1,2,0
407,1,672.48,445.38,211.89,105.06,1,0,0
407,2,1257.99,541.68,10.40,15.59,1,3,0
407,4,1583.03,542.17,19.33,12.35,1,0,0
408,1,677.41,447.89,211.40,105.64,1,0,0
408,2,1262.42,541.89,10.06,15.72,1,3,0
408,4,1587.35,542.10,15.25,11.17,1,0,0
409,1,682.72,447.31,211.82,104.96,1,0,0
409,2,1266.93,538.45,10.53,15.44,1,3,0
409,14,1233.96,533.72,13.20,8.01,1,2,0
410,1,689.23,434.38,210.95,105.03,1,0,0
410,2,1273.23,526.26,10.29,15.59,1,3,0
410,14,1239.28,520.97,13.00,8.37,1,2,0
411,1,694.96,434.97,211.75,105.48,1,0,0
411,2,1279.38,526.28,10.17,16.34,1,3,0
411,14,1244.01,521.40,12.82,8.51,1,2,0
412,1,701.12,450.31,210.66,105.52,1,0,0
412,2,1283.76,544.03,10.19,15.59,1,3,0
413,1,696.00,458.81,210.89,104.91,1,0,0
413,2,1279.10,553.10,10.61,16.62,1,3,0
413,14,1243.29,547.58,13.35,8.76,1,2,0
414,1,687.45,453.77,210.03,106.10,1,0,0
414,2,1270.45,550.68,10.00,15.34,1,3,0
414,14,1233.14,544.57,13.43,8.29,1,2,0
415,1,663.43,473.12,209.08,105.65,1,0,0
415,2,1245.34,571.08,10.80,16.51,1,3,0
415,14,1206.00,566.08,14.49,8.15,1,2,0
415,4,1573.88,567.53,28.13,15.50,1,0,0
416,1,656.40,474.78,208.73,105.30,1,0,0
416,2,1237.46,574.77,10.65,16.49,1,3,0
416,14,1197.78,569.51,12.16,8.53,1,2,0
416,4,1567.52,570.26,34.39,18.89,1,0,0
417,1,649.68,470.11,207.95,105.84,1,0,0
417,2,1230.44,570.15,10.10,16.56,1,3,0
417,14,1189.16,565.25,14.06,8.21,1,2,0
417,4,1562.19,564.30,39.74,19.84,1,0,0
418,1,644.48,462.81,207.81,105.36,1,0,0
418,2,1224.94,561.10,10.11,16.41,1,3,0
418,14,1183.47,555.98,12.83,7.94,1,2,0
418,4,1555.88,553.81,46.32,20.69,1,0,0
418,16,626.72,528.24,29.81,20.63,1,0,0
419,1,642.69,462.50,208.00,105.25,1,0,0
419,2,1223.62,558.39,10.45,16.48,1,3,0
419,14,1181.72,553.19,12.61,8.13,1,2,0
419,4,1554.89,549.80,47.10,20.18,1,0,0
419,16,625.57,528.57,30.89,20.47,1,0,0
420,1,643.98,464.30,207.28,105.15,1,0,0
420,2,1224.46,559.85,10.74,16.90,1,3,0
420,14,1180.22,554.36,13.86,8.53,1,2,0
420,4,1556.55,549.73,45.31,20.85,1,0,0
420,16,624.42,530.65,35.87,20.46,1,0,0
421,1,650.69,450.25,207.31,105.13,1,0,0
421,2,1230.27,545.78,10.59,16.73,1,3,0
421,14,1185.05,540.36,14.36,8.45,1,2,0
421,4,1563.49,537.92,38.31,20.50,1,0,0
422,1,661.96,446.77,206.09,105.66,1,0,0
422,2,1240.26,543.69,10.69,16.89,1,3,0
422,4,1571.77,538.78,30.15,18.62,1,0,0
422,16,640.05,511.71,35.01,21.67,1,0,0
423,1,674.82,450.09,205.44,105.08,1,0,0
423,2,1252.28,542.20,10.31,17.22,1,3,0
423,16,654.19,513.95,33.19,22.44,1,0,0
424,1,676.30,453.72,206.00,105.37,1,0,0
424,2,1253.95,543.95,10.46,16.91,1,3,0
424,16,652.60,518.21,37.17,23.16,1,0,0
425,1,667.71,460.84,205.60,105.28,1,0,0
425,2,1245.67,553.92,10.97,17.26,1,3,0
425,16,643.83,525.07,37.35,22.53,1,0,0
425,4,1576.36,549.67,25.68,14.66,1,0,0
426,1,660.25,459.71,204.55,105.59,1,0,0
426,2,1236.43,557.35,11.43,17.87,1,3,0
426,16,633.20,524.20,39.53,21.99,1,0,0
426,4,1569.60,551.93,32.42,18.75,1,0,0
426,14,1188.23,551.89,13.71,8.62,1,2,0
427,1,661.79,452.75,204.51,105.69,1,0,0
427,2,1237.48,554.64,11.25,17.23,1,3,0
427,16,634.15,515.64,38.66,23.11,1,0,0
427,4,1570.92,550.90,31.27,19.38,1,0,0
427,14,1187.55,548.71,12.56,7.88,1,2,0
428,1,667.40,444.92,204.62,105.58,1,0,0
428,2,1242.75,545.10,11.11,17.81,1,3,0
428,16,637.33,508.13,40.74,22.49,1,0,0
428,4,1576.74,547.05,25.05,14.49,1,0,0
429,1,676.89,442.74,204.84,105.63,1,0,0
429,2,1252.68,537.33,10.77,17.43,1,3,0
429,16,643.22,506.11,44.23,23.44,1,0,0
429,4,1583.92,537.45,18.54,12.79,1,0,0
429,14,1201.28,532.33,13.41,7.99,1,2,0
430,1,714.23,433.38,205.02,105.42,1,0,0
430,2,1290.70,520.90,10.85,16.79,1,3,0
430,16,678.99,496.68,46.59,24.54,1,0,0
430,14,1238.25,516.28,13.48,8.11,1,2,0
431,1,728.24,435.13,206.02,105.62,1,0,0
431,2,1304.86,525.47,11.10,17.68,1,3,0
431,16,694.13,498.64,44.30,23.87,1,0,0
431,14,1251.81,520.38,13.76,8.55,1,2,0
432,1,735.78,447.33,205.76,105.51,1,0,0
432,2,1311.25,539.37,11.01,17.54,1,3,0
432,16,695.73,510.35,48.18,24.31,1,0,0
432,14,1256.75,533.94,12.90,8.29,1,2,0
433,1,734.20,460.11,205.37,105.31,1,0,0
433,2,1309.29,551.89,11.31,18.08,1,3,0
433,16,694.41,523.11,47.20,24.06,1,0,0
433,14,1254.94,547.13,14.13,7.98,1,2,0
434,1,723.39,464.21,203.60,105.43,1,0,0
434,2,1296.92,557.87,11.19,17.76,1,3,0
434,16,679.27,526.43,51.17,24.76,1,0,0
434,14,1241.69,552.45,12.87,8.34,1,2,0
435,1,703.57,473.01,203.84,105.70,1,0,0
435,2,1278.64,568.87,11.17,17.68,1,3,0
435,16,658.94,537.01,49.76,23.10,1,0,0
436,1,689.13,478.53,203.44,105.80,1,0,0
436,2,1262.82,574.64,11.04,17.34,1,3,0
436,16,642.11,541.53,50.43,23.78,1,0,0
436,14,1204.79,568.66,12.82,8.49,1,2,0
437,1,681.90,475.43,202.85,105.41,1,0,0
437,2,1256.02,572.34,11.50,18.38,1,3,0
437,16,633.56,538.40,53.30,24.21,1,0,0
437,14,1197.76,567.20,12.58,8.12,1,2,0
438,1,680.83,470.48,202.64,105.57,1,0,0
438,2,1254.56,568.45,11.20,17.83,1,3,0
438,16,629.23,532.68,53.51,24.39,1,0,0
438,4,1589.27,569.61,13.61,13.19,1,0,0
439,1,686.69,460.49,201.54,105.27,1,0,0
439,2,1258.99,557.58,11.13,17.32,1,3,0
439,16,631.72,522.61,54.47,24.04,1,0,0
439,14,1197.72,551.79,13.09,8.63,1,2,0
440,1,699.47,451.50,201.60,105.51,1,0,0
440,2,1271.70,547.70,11.08,17.02,1,3,0
440,16,643.93,513.76,55.67,24.33,1,0,0
440,14,1209.01,541.62,14.16,8.02,1,2,0
441,1,738.74,446.60,202.01,105.37,1,0,0
441,2,1309.76,539.17,11.74,18.09,1,3,0
441,16,681.02,509.38,57.76,24.89,1,0,0
441,14,1246.22,533.08,13.50,8.57,1,2,0
442,1,756.26,444.80,201.45,104.94,1,0,0
442,2,1326.64,535.23,11.13,17.58,1,3,0
442,16,697.79,507.99,57.98,24.71,1,0,0
442,14,1263.47,529.51,12.98,8.30,1,2,0
443,1,762.36,448.97,202.42,105.32,1,0,0
443,2,1332.94,538.53,11.80,18.13,1,3,0
443,16,702.91,512.13,58.25,25.89,1,0,0
443,14,1268.43,533.08,12.78,8.29,1,2,0
444,1,763.65,462.78,202.12,105.28,1,0,0
444,2,1334.05,553.95,11.52,17.86,1,3,0
444,16,704.03,526.21,57.15,25.79,1,0,0
444,14,1268.38,547.58,13.82,8.96,1,2,0
445,1,759.47,465.70,199.84,105.59,1,0,0
445,16,693.66,528.01,59.80,25.79,1,0,0
445,14,1262.47,553.56,13.48,8.48,1,2,0
446,1,748.85,462.32,199.89,104.84,1,0,0
446,16,682.04,523.87,58.86,25.58,1,0,0
446,14,1250.31,552.15,14.38,8.38,1,2,0
446,2,1317.28,558.65,11.39,18.11,1,3,0
447,1,735.15,466.47,198.75,105.51,1,0,0
447,16,667.41,527.91,57.68,25.60,1,0,0
447,14,1234.79,556.98,13.95,8.49,1,2,0
447,2,1303.03,564.02,11.84,17.47,1,3,0
448,1,725.92,465.20,198.54,105.13,1,0,0
448,16,654.65,526.61,59.74,25.94,1,0,0
448,14,1224.64,554.84,13.12,8.32,1,2,0
448,2,1293.88,561.44,11.52,18.14,1,3,0
449,1,719.56,451.17,199.10,105.38,1,0,0
449,16,648.13,512.92,58.86,25.51,1,0,0
449,14,1217.61,540.78,13.24,8.36,1,2,0
449,2,1288.16,547.45,11.94,18.35,1,3,0
450,1,727.98,439.75,197.83,104.63,1,0,0
450,16,651.15,500.57,59.62,25.41,1,0,0
450,14,1222.96,531.49,12.10,8.03,1,2,0
450,2,1295.03,538.33,11.59,17.96,1,3,0
451,1,738.79,428.56,197.90,104.23,1,0,0
451,16,663.63,490.02,57.63,25.16,1,0,0
451,14,1231.78,516.96,13.24,7.99,1,2,0
451,2,1305.79,523.47,11.38,18.32,1,3,0
452,1,753.99,424.08,197.46,105.16,1,0,0
452,16,677.35,486.81,57.58,25.25,1,0,0
452,14,1246.31,509.55,13.52,7.79,1,2,0
452,2,1320.32,515.68,11.69,17.81,1,3,0
453,1,774.72,431.42,197.80,104.98,1,0,0
453,16,697.41,493.86,56.24,25.47,1,0,0
453,14,1266.17,516.98,13.11,7.53,1,2,0
453,2,1340.30,523.20,11.95,17.83,1,3,0
454,1,787.60,438.55,198.07,104.84,1,0,0
454,16,710.41,500.71,55.67,25.20,1,0,0
454,14,1278.10,525.40,12.79,8.39,1,2,0
454,2,1353.57,532.92,11.70,18.23,1,3,0
455,1,789.14,444.34,196.78,104.61,1,0,0
455,16,707.07,505.51,57.69,25.74,1,0,0
455,14,1278.53,532.09,12.56,7.84,1,2,0
455,2,1354.68,538.70,11.98,18.54,1,3,0
456,1,774.03,461.63,196.01,104.95,1,0,0
456,16,685.86,522.70,58.90,25.44,1,0,0
456,14,1259.23,550.56,14.53,8.11,1,2,0
456,2,1338.56,557.65,11.82,18.14,1,3,0
457,1,763.16,465.91,194.74,105.48,1,0,0
457,16,673.11,526.72,58.37,25.28,1,0,0
457,14,1247.33,557.92,12.78,8.20,1,2,0
457,2,1326.89,565.69,11.98,18.18,1,3,0
458,1,751.81,472.87,194.72,105.54,1,0,0
458,16,660.35,532.58,58.22,26.05,1,0,0
458,14,1234.77,566.16,13.53,7.89,1,2,0
458,2,1316.21,573.51,11.86,18.39,1,3,0
459,1,742.82,474.65,194.28,104.68,1,0,0
459,16,651.57,535.58,56.57,25.47,1,0,0
459,2,1307.13,570.94,11.69,18.10,1,3,0
460,1,735.74,466.30,193.80,104.84,1,0,0
460,16,643.36,528.28,56.90,25.21,1,0,0
460,2,1299.89,559.49,11.86,18.22,1,3,0
460,14,1216.56,552.56,13.40,8.39,1,2,0
461,1,730.42,465.44,193.59,104.68,1,0,0
461,16,635.77,527.10,57.60,25.38,1,0,0
461,2,1294.74,559.63,11.92,18.80,1,3,0
461,14,1210.00,552.63,13.83,8.67,1,2,0
462,1,726.97,469.54,193.91,105.08,1,0,0
462,16,631.02,529.31,57.68,25.98,1,0,0
462,2,1291.66,567.48,12.30,19.12,1,3,0
463,1,729.66,457.87,193.67,104.64,1,0,0
463,16,631.39,517.06,58.10,25.72,1,0,0
463,2,1294.08,557.36,11.77,18.72,1,3,0
463,14,1206.82,548.66,13.79,8.38,1,2,0
464,1,736.34,445.97,192.77,104.46,1,0,0
464,16,635.53,505.69,59.26,25.70,1,0,0
464,2,1300.47,542.83,11.45,18.33,1,3,0
464,14,1211.30,535.20,13.48,7.67,1,2,0
465,1,741.09,450.98,193.32,104.51,1,0,0
465,16,640.20,512.34,58.55,25.35,1,0,0
465,2,1306.38,544.25,11.82,18.32,1,3,0
466,1,750.01,459.93,192.82,104.40,1,0,0
466,16,648.03,521.71,58.25,25.25,1,0,0
466,2,1314.39,550.64,12.12,19.12,1,3,0
466,14,1223.88,544.42,12.53,8.21,1,2,0
467,1,761.64,457.01,192.41,104.37,1,0,0
467,16,654.11,516.67,59.04,25.12,1,0,0
467,2,1325.42,553.61,11.51,18.74,1,3,0
467,14,1231.60,546.48,13.12,7.44,1,2,0
468,1,761.68,460.97,191.83,104.79,1,0,0
468,16,653.86,521.01,57.75,25.97,1,0,0
468,2,1324.90,556.44,11.94,19.07,1,3,0
468,14,1232.02,548.70,12.77,8.56,1,2,0
469,1,753.24,463.59,191.06,103.93,1,0,0
469,16,642.57,524.79,59.18,25.17,1,0,0
469,2,1317.30,556.60,11.98,18.75,1,3,0
470,1,744.79,457.71,191.30,104.68,1,0,0
470,16,633.89,518.12,58.23,25.67,1,0,0
470,2,1308.67,554.03,12.08,18.61,1,3,0
470,14,1213.04,546.20,14.37,8.33,1,2,0
471,1,740.30,456.71,191.08,104.27,1,0,0
471,16,626.84,515.15,58.97,25.57,1,0,0
471,2,1303.81,557.36,12.30,19.02,1,3,0
471,14,1206.17,548.27,12.40,8.12,1,2,0
472,1,740.30,456.71,191.08,104.27,1,0,0
472,16,626.84,515.15,58.97,25.57,1,0,0
472,2,1303.81,557.36,12.30,19.02,1,3,0
472,14,1206.17,548.27,12.40,8.12,1,2,0
473,1,734.23,458.75,190.05,104.43,1,0,0
473,16,617.92,517.10,58.91,25.36,1,0,0
473,2,1297.28,559.36,12.18,18.72,1,3,0
474,1,722.29,447.42,188.59,104.19,1,0,0
474,16,602.62,507.35,59.06,26.06,1,0,0
474,2,1286.18,541.18,12.16,19.20,1,3,0
474,14,1183.79,534.30,13.92,7.63,1,2,0
475,1,714.78,442.73,188.83,104.55,1,0,0
475,16,595.15,504.15,57.96,25.35,1,0,0
475,2,1278.71,535.14,12.46,19.75,1,3,0
475,14,1174.83,528.26,13.88,8.31,1,2,0
476,1,697.46,445.33,187.22,103.89,1,0,0
476,16,577.34,507.33,56.15,24.72,1,0,0
476,2,1261.95,537.08,12.32,19.28,1,3,0
476,14,1155.79,530.35,13.30,7.64,1,2,0
477,1,667.73,449.28,187.07,104.08,1,0,0
477,16,545.94,510.98,56.77,25.19,1,0,0
477,2,1232.95,541.51,12.15,19.34,1,3,0
477,14,1126.27,534.49,12.72,7.93,1,2,0
477,4,1573.15,530.68,28.97,22.33,1,0,0
478,1,630.29,449.73,184.93,103.85,1,0,0
478,16,505.26,509.99,58.32,25.66,1,0,0
478,2,1193.86,543.83,12.92,19.20,1,3,0
478,4,1539.78,530.19,61.59,26.75,1,0,0
479,1,592.25,443.95,183.62,103.85,1,0,0
479,16,466.53,503.54,56.27,24.94,1,0,0
479,2,1154.91,540.74,12.13,19.41,1,3,0
479,4,1502.37,531.52,62.33,25.35,1,0,0
479,14,1044.47,532.78,12.59,7.85,1,2,0
480,1,535.09,438.86,181.26,103.66,1,0,0
480,16,407.59,498.33,57.57,24.22,1,0,0
480,2,1095.82,535.90,12.67,19.66,1,3,0
480,4,1448.21,527.80,63.71,25.36,1,0,0
481,1,486.43,441.51,178.99,102.25,1,0,0
481,16,358.19,501.75,57.52,24.23,1,0,0
481,4,1399.49,522.49,65.75,25.68,1,0,0
481,14,1043.89,534.12,13.15,19.66,1,3,0
482,1,425.22,456.30,175.87,102.14,1,0,0
482,16,319.78,516.93,34.59,24.32,1,0,0
482,4,1337.68,528.50,67.39,25.93,1,0,0
482,14,979.18,544.05,12.74,19.70,1,3,0
483,1,324.69,447.20,172.25,102.22,1,0,0
483,4,1231.80,533.85,69.22,25.11,1,0,0
483,14,870.02,542.32,12.71,20.18,1,3,0
484,1,320.28,445.05,134.13,102.93,1,0,0
484,4,1189.16,539.86,67.37,25.59,1,0,0
484,14,823.49,545.31,13.02,19.94,1,3,0
485,1,320.51,459.89,94.64,94.91,1,0,0
485,4,1144.39,545.39,68.86,25.94,1,0,0
485,14,780.70,551.44,12.48,19.98,1,3,0
486,1,320.23,505.06,55.71,53.34,1,0,0
486,4,1105.27,542.84,70.63,25.70,1,0,0
486,14,740.60,551.49,12.28,20.59,1,3,0
486,18,624.44,544.22,12.39,7.75,1,2,0
487,1,319.80,507.01,35.08,49.50,1,0,0
487,4,1082.66,540.52,70.40,25.60,1,0,0
487,14,717.21,550.39,12.24,20.23,1,3,0
487,18,600.23,542.92,13.64,7.75,1,2,0
488,1,320.09,505.53,16.25,50.62,1,0,0
488,4,1063.59,542.14,69.93,24.91,1,0,0
488,14,697.81,551.15,12.84,20.88,1,3,0
488,18,581.05,542.86,13.65,8.13,1,2,0
489,4,1047.58,538.82,69.68,26.03,1,0,0
489,14,680.89,547.04,12.83,20.97,1,3,0
490,4,1037.01,533.21,69.58,26.24,1,0,0
490,14,668.57,540.71,12.18,20.91,1,3,0
490,18,554.32,532.20,12.98,8.29,1,2,0
491,4,1035.19,535.46,67.85,25.77,1,0,0
491,14,665.27,543.49,12.92,20.96,1,3,0
491,18,551.33,535.31,12.97,7.83,1,2,0
492,4,1041.21,540.87,67.66,25.92,1,0,0
492,14,668.96,549.01,12.23,21.00,1,3,0
492,18,553.90,541.10,13.40,7.96,1,2,0
493,4,1048.62,544.25,67.83,27.07,1,0,0
493,14,677.14,553.51,12.14,21.44,1,3,0
493,18,562.62,546.21,12.54,7.62,1,2,0
494,4,1059.74,545.10,67.43,26.65,1,0,0
494,14,685.98,554.15,12.60,21.23,1,3,0
494,18,571.56,546.45,14.00,7.93,1,2,0
495,4,1075.54,542.94,68.86,26.37,1,0,0
495,14,700.44,548.73,12.68,21.36,1,3,0
495,18,586.18,539.82,14.66,8.56,1,2,0
495,1,320.12,498.57,21.11,52.21,1,0,0
496,4,1099.06,543.89,67.68,26.21,1,0,0
496,14,723.01,549.47,12.99,21.11,1,3,0
496,18,609.79,540.25,13.51,8.24,1,2,0
496,1,320.15,500.38,40.77,50.92,1,0,0
497,4,1120.89,545.18,68.48,25.81,1,0,0
497,14,742.08,552.17,13.38,21.78,1,3,0
497,18,629.35,543.51,12.56,8.04,1,2,0
497,1,319.74,503.77,60.00,52.60,1,0,0
498,4,1150.17,534.35,69.13,26.19,1,0,0
498,14,770.39,542.14,13.49,21.10,1,3,0
498,18,658.74,533.43,13.56,8.27,1,2,0
498,1,319.93,455.89,86.85,92.05,1,0,0
499,4,1184.14,532.08,67.79,27.26,1,0,0
499,14,801.14,540.77,13.78,21.12,1,3,0
499,18,686.61,531.66,12.71,8.07,1,2,0
499,1,320.50,445.27,114.05,100.50,1,0,0
500,4,1218.66,532.23,66.68,26.69,1,0,0
500,18,718.71,532.67,14.94,8.54,1,2,0
500,1,320.00,446.93,144.56,101.21,1,0,0
500,2,833.07,541.70,13.70,21.18,1,3,0
