1,1,378.54,501.17,168.11,35.26,1,0,0
1,2,571.66,502.41,202.91,34.45,1,0,0
1,3,1006.12,515.30,126.63,33.18,1,1,0
1,4,990.73,522.84,30.07,56.33,1,3,0
1,5,664.91,521.21,71.32,17.75,1,1,0
1,6,654.01,529.11,7.20,10.40,1,3,0
2,1,322.16,526.28,165.42,36.88,1,0,0
2,2,510.35,528.79,202.31,34.82,1,0,0
2,3,939.29,543.93,121.51,31.21,1,1,0
2,4,931.48,548.31,30.36,57.54,1,3,0
2,5,596.61,548.44,70.42,17.56,1,1,0
3,1,320.62,533.91,119.82,23.31,1,0,0
3,2,463.71,523.16,200.12,34.34,1,0,0
3,3,876.59,536.06,122.77,30.97,1,1,0
3,4,887.78,543.81,30.84,55.50,1,3,0
3,5,541.95,542.21,68.35,17.36,1,1,0
4,1,320.62,533.91,119.82,23.31,1,0,0
4,2,463.71,523.16,200.12,34.34,1,0,0
4,3,876.59,536.06,122.77,30.97,1,1,0
4,4,887.78,543.81,30.84,55.50,1,3,0
4,5,541.95,542.21,68.35,17.36,1,1,0
5,1,319.99,533.91,115.84,23.11,1,0,0
5,2,456.77,523.00,203.51,34.64,1,0,0
5,3,868.25,536.12,123.90,31.09,1,1,0
5,4,884.76,543.32,31.15,57.08,1,3,0
5,5,534.97,542.54,68.20,17.15,1,1,0
6,1,319.94,530.63,114.68,23.67,1,0,0
6,2,457.33,520.65,200.95,33.66,1,0,0
6,3,859.36,536.02,124.95,30.42,1,1,0
6,4,888.28,542.36,31.46,57.90,1,3,0
6,5,530.04,539.82,67.16,16.82,1,1,0
7,1,319.85,534.06,112.82,23.51,1,0,0
7,2,455.55,522.80,201.14,34.58,1,0,0
7,3,854.80,538.37,124.23,31.22,1,1,0
7,4,885.84,543.54,32.10,58.32,1,3,0
7,5,527.29,543.10,66.25,17.04,1,1,0
8,1,320.09,542.10,109.14,24.00,1,0,0
8,2,450.11,530.99,201.31,34.56,1,0,0
8,3,848.16,546.81,125.51,29.27,1,1,0
8,4,884.06,550.15,31.08,58.92,1,3,0
8,5,519.81,550.92,68.84,17.06,1,1,0
9,1,319.97,541.57,106.44,23.93,1,0,0
9,2,448.53,530.77,199.22,33.71,1,0,0
9,3,856.20,545.13,112.21,29.21,1,1,0
9,4,882.89,547.63,31.73,59.65,1,3,0
9,5,515.57,549.81,68.51,16.68,1,1,0
10,1,320.65,517.07,91.40,23.41,1,0,0
10,2,434.86,505.98,198.68,34.25,1,0,0
10,3,820.54,518.36,125.42,32.71,1,1,0
10,4,872.11,526.29,31.60,58.87,1,3,0
10,5,496.71,525.06,68.28,17.12,1,1,0
11,1,319.91,525.58,88.34,23.55,1,0,0
11,2,431.53,514.27,198.50,34.89,1,0,0
11,3,813.44,528.48,125.16,32.45,1,1,0
11,4,869.43,536.43,32.11,59.25,1,3,0
11,5,490.83,533.24,68.07,17.44,1,1,0
12,1,320.06,525.02,54.47,23.29,1,0,0
12,2,397.47,512.15,197.91,34.46,1,0,0
12,3,767.10,522.41,126.18,34.35,1,1,0
12,4,839.54,534.85,31.65,55.99,1,3,0
12,5,450.79,531.78,67.01,18.08,1,1,0
13,1,319.85,537.11,45.84,23.71,1,0,0
13,2,386.19,525.54,199.26,34.40,1,0,0
13,3,753.95,538.75,125.69,33.01,1,1,0
13,4,832.20,550.39,31.55,54.58,1,3,0
13,5,438.72,544.43,65.96,18.05,1,1,0
14,1,319.98,527.49,33.70,23.56,1,0,0
14,2,373.91,516.50,199.15,34.37,1,0,0
14,3,732.77,529.03,125.04,33.33,1,1,0
14,4,824.92,542.00,32.41,55.53,1,3,0
14,5,420.27,535.66,67.38,17.47,1,1,0
15,1,320.29,551.32,31.63,23.40,1,0,0
15,2,371.05,541.06,201.57,34.85,1,0,0
15,3,727.71,554.60,125.29,33.24,1,1,0
15,4,825.66,567.28,31.65,55.15,1,3,0
15,5,417.54,560.09,66.70,17.44,1,1,0
16,1,320.18,518.09,40.44,22.74,1,0,0
16,2,380.17,507.14,201.40,34.35,1,0,0
16,3,731.83,519.52,126.31,32.99,1,1,0
16,4,842.05,527.12,32.39,61.73,1,3,0
16,5,420.96,526.87,66.96,16.70,1,1,0
17,1,320.18,518.09,40.44,22.74,1,0,0
17,2,380.17,507.14,201.40,34.35,1,0,0
17,3,731.83,519.52,126.31,32.99,1,1,0
17,4,842.05,527.12,32.39,61.73,1,3,0
17,5,420.96,526.87,66.96,16.70,1,1,0
18,1,320.46,531.25,83.10,23.47,1,0,0
18,2,424.31,520.26,202.81,34.85,1,0,0
18,3,767.35,534.67,122.96,32.19,1,1,0
18,4,896.46,529.87,33.43,74.39,1,3,0
18,5,455.84,541.34,66.85,16.37,1,1,0
19,1,320.63,524.38,89.68,23.23,1,0,0
19,2,429.32,513.78,205.30,34.64,1,0,0
19,3,773.70,527.80,120.56,32.10,1,1,0
19,4,906.97,522.85,33.00,74.12,1,3,0
19,5,461.74,534.43,66.59,16.35,1,1,0
20,1,320.43,543.79,80.85,23.37,1,0,0
20,2,421.59,532.77,203.30,34.67,1,0,0
20,3,754.56,548.24,119.88,29.50,1,1,0
20,4,907.16,541.23,32.51,77.13,1,3,0
20,5,446.10,553.25,65.97,17.11,1,1,0
21,1,320.12,537.16,67.76,23.19,1,0,0
21,2,404.68,524.69,207.41,35.99,1,0,0
21,3,731.11,540.09,118.91,30.37,1,1,0
21,4,902.24,530.52,35.20,81.30,1,3,0
21,5,426.12,546.05,66.52,16.54,1,1,0
22,1,320.12,537.16,67.76,23.19,1,0,0
22,2,404.68,524.69,207.41,35.99,1,0,0
22,3,731.11,540.09,118.91,30.37,1,1,0
22,4,902.24,530.52,35.20,81.30,1,3,0
22,5,426.12,546.05,66.52,16.54,1,1,0
23,1,320.26,537.11,65.95,23.60,1,0,0
23,2,404.10,524.78,205.30,36.25,1,0,0
23,3,726.91,540.30,118.83,30.67,1,1,0
23,4,901.96,531.13,35.34,81.44,1,3,0
23,5,423.12,545.72,65.86,17.13,1,1,0
24,1,320.57,536.49,67.21,23.66,1,0,0
24,2,406.77,525.70,205.08,35.88,1,0,0
24,3,719.41,542.29,118.96,30.54,1,1,0
24,4,914.35,534.55,34.87,81.37,1,3,0
24,5,417.93,545.16,67.04,17.49,1,1,0
24,6,491.32,551.48,6.79,11.97,1,3,0
25,1,320.18,529.11,73.77,22.83,1,0,0
25,2,413.94,516.86,205.46,35.80,1,0,0
25,3,723.87,533.52,119.01,29.84,1,1,0
25,4,925.13,524.17,35.53,82.85,1,3,0
25,5,423.53,537.71,65.68,16.93,1,1,0
25,6,495.95,543.82,7.89,12.01,1,3,0
26,1,320.43,549.37,106.71,22.78,1,0,0
26,2,447.83,538.03,207.62,36.49,1,0,0
26,3,748.99,555.11,122.25,30.14,1,1,0
26,4,971.90,547.64,35.84,82.47,1,3,0
26,5,451.10,557.60,66.01,17.91,1,1,0
27,1,320.18,542.46,117.39,22.88,1,0,0
27,2,459.10,531.18,206.94,36.01,1,0,0
27,3,756.31,548.86,122.50,30.69,1,1,0
27,4,984.97,543.54,36.23,82.55,1,3,0
27,5,458.98,550.32,67.27,18.11,1,1,0
27,6,542.16,559.81,5.99,9.99,1,3,0
28,1,320.70,540.96,129.92,22.85,1,0,0
28,2,472.20,528.95,208.07,36.06,1,0,0
28,3,768.41,544.96,122.21,31.42,1,1,0
28,4,1004.04,539.33,35.05,82.03,1,3,0
28,5,470.41,548.55,67.10,17.70,1,1,0
28,6,555.11,557.88,6.19,10.26,1,3,0
29,1,320.58,521.73,143.15,36.75,1,0,0
29,2,483.46,523.31,209.46,35.77,1,0,0
29,3,780.18,538.40,122.67,31.25,1,1,0
29,4,1018.49,533.72,37.25,82.14,1,3,0
29,5,481.75,543.51,67.50,17.63,1,1,0
29,6,568.10,552.08,7.05,10.72,1,3,0
30,1,320.69,520.27,152.31,37.05,1,0,0
30,2,494.30,521.16,208.84,36.32,1,0,0
30,3,787.72,535.39,122.32,31.60,1,1,0
30,4,1031.22,537.05,37.24,76.45,1,3,0
30,5,489.17,540.73,68.27,18.26,1,1,0
30,6,577.63,549.60,6.32,11.10,1,3,0
31,1,320.51,524.85,158.69,36.77,1,0,0
31,2,499.04,525.34,211.40,36.04,1,0,0
31,3,792.49,539.12,123.60,32.21,1,1,0
31,4,1040.11,539.95,38.17,77.81,1,3,0
31,5,495.74,545.23,67.41,18.14,1,1,0
31,6,585.54,553.64,5.24,11.19,1,3,0
32,1,320.84,527.67,166.09,37.28,1,0,0
32,2,506.75,528.57,211.09,35.90,1,0,0
32,3,797.26,542.45,123.98,32.14,1,1,0
32,4,1050.90,545.49,38.32,75.88,1,3,0
32,5,500.66,548.39,68.00,18.46,1,1,0
32,6,592.69,558.16,5.87,10.02,1,3,0
33,1,321.51,520.27,172.02,36.96,1,0,0
33,2,511.68,521.96,213.97,35.50,1,0,0
33,3,802.42,536.98,123.80,31.50,1,1,0
33,4,1060.75,536.86,37.96,79.87,1,3,0
33,5,506.91,541.60,67.11,18.14,1,1,0
34,1,343.18,527.31,173.84,36.75,1,0,0
34,2,539.30,527.67,211.47,35.75,1,0,0
34,3,819.72,540.91,123.05,32.59,1,1,0
34,4,1102.00,537.48,38.27,85.12,1,3,0
34,5,524.96,547.63,67.21,18.01,1,1,0
34,6,623.83,557.78,7.14,9.76,1,3,0
35,1,349.92,515.48,175.37,37.32,1,0,0
35,2,548.39,515.58,211.59,36.04,1,0,0
35,3,825.74,529.69,123.68,32.30,1,1,0
35,4,1114.59,524.73,38.95,87.09,1,3,0
35,5,531.55,535.32,67.35,18.45,1,1,0
36,1,353.05,512.01,174.78,36.95,1,0,0
36,2,551.15,512.53,211.61,36.50,1,0,0
36,3,827.96,527.66,121.65,32.36,1,1,0
36,4,1121.12,524.82,38.97,87.33,1,3,0
36,5,532.68,532.32,67.57,18.57,1,1,0
37,1,355.23,519.97,175.26,37.43,1,0,0
37,2,553.07,521.49,212.93,36.18,1,0,0
37,3,830.07,536.49,121.04,32.10,1,1,0
37,4,1128.41,535.38,38.11,85.25,1,3,0
37,5,534.28,540.92,67.56,18.26,1,1,0
37,6,638.14,551.04,6.23,9.71,1,3,0
38,1,356.42,524.53,175.20,37.90,1,0,0
38,2,555.09,526.20,212.73,36.80,1,0,0
38,3,830.34,541.88,120.52,32.21,1,1,0
38,4,1133.28,541.40,38.29,84.57,1,3,0
38,5,534.57,545.73,67.69,18.46,1,1,0
38,6,639.68,557.35,6.45,9.15,1,3,0
39,1,356.89,523.64,175.58,38.10,1,0,0
39,2,556.27,525.56,211.85,36.70,1,0,0
39,3,828.33,540.85,121.36,32.64,1,1,0
39,4,1137.82,538.02,38.44,86.09,1,3,0
39,5,534.35,545.32,67.18,18.39,1,1,0
40,1,357.79,529.83,174.63,36.88,1,0,0
40,2,556.84,530.22,211.55,36.41,1,0,0
40,3,825.92,545.80,120.85,32.03,1,1,0
40,4,1141.52,542.43,39.01,86.79,1,3,0
40,5,531.77,550.46,67.78,18.47,1,1,0
40,6,640.92,561.06,6.13,9.18,1,3,0
41,1,355.36,530.65,173.44,36.19,1,0,0
41,2,554.64,530.23,211.26,35.63,1,0,0
41,3,821.87,544.80,119.82,31.78,1,1,0
41,4,1144.53,541.69,38.60,85.41,1,3,0
41,5,528.36,550.56,67.11,18.08,1,1,0
41,6,637.93,560.49,5.88,9.29,1,3,0
42,1,344.38,521.31,172.22,37.06,1,0,0
42,2,543.13,522.06,209.58,35.94,1,0,0
42,3,801.68,537.06,119.81,31.79,1,1,0
42,4,1146.16,539.29,40.76,85.13,1,3,0
42,5,511.44,542.53,65.70,18.02,1,1,0
42,6,625.46,551.42,6.28,10.30,1,3,0
43,1,339.33,519.92,173.99,37.14,1,0,0
43,2,540.02,520.73,209.09,36.27,1,0,0
43,3,796.29,535.10,118.59,32.20,1,1,0
43,4,1148.14,537.07,40.59,85.35,1,3,0
43,5,506.58,541.24,65.38,18.23,1,1,0
44,1,341.25,526.97,173.05,37.38,1,0,0
44,2,540.67,528.81,209.74,35.78,1,0,0
44,3,786.48,544.39,119.93,32.27,1,1,0
44,4,1168.92,547.43,40.40,87.11,1,3,0
44,5,499.52,548.06,66.46,18.43,1,1,0
45,1,343.39,520.58,173.76,37.14,1,0,0
45,2,543.99,521.41,211.26,36.07,1,0,0
45,3,786.22,537.46,121.54,31.17,1,1,0
45,4,1178.06,538.14,41.60,86.68,1,3,0
45,5,501.55,541.52,66.22,18.55,1,1,0
45,6,626.74,550.81,6.92,10.51,1,3,0
46,1,366.51,520.25,175.96,37.44,1,0,0
46,2,567.66,522.50,213.24,36.87,1,0,0
46,3,805.72,539.42,118.99,32.09,1,1,0
46,4,1222.00,541.28,42.48,89.49,1,3,0
46,5,519.78,541.32,67.20,19.03,1,1,0
46,6,652.50,552.38,6.94,10.32,1,3,0
47,1,375.33,527.68,175.50,37.99,1,0,0
47,2,575.92,529.48,213.86,37.47,1,0,0
47,3,809.28,547.47,121.47,31.25,1,1,0
47,4,1235.59,547.03,42.56,90.93,1,3,0
47,5,526.89,548.88,65.87,18.73,1,1,0
47,6,660.62,560.58,6.76,9.88,1,3,0
48,1,419.15,510.27,178.38,36.98,1,0,0
48,2,620.82,510.31,217.74,37.31,1,0,0
48,3,847.72,525.22,123.01,32.42,1,1,0
48,4,1303.89,528.22,43.05,92.54,1,3,0
48,5,566.27,529.88,67.56,19.24,1,1,0
48,6,708.49,539.54,7.09,11.31,1,3,0
49,1,437.29,513.64,178.05,38.02,1,0,0
49,2,640.85,515.21,217.38,37.29,1,0,0
49,3,864.64,531.20,123.18,32.38,1,1,0
49,4,1327.84,534.27,45.86,92.27,1,3,0
49,5,583.79,533.77,66.83,19.77,1,1,0
50,1,505.44,518.88,175.32,38.37,1,0,0
50,2,704.36,517.37,219.05,37.54,1,0,0
50,3,923.58,533.47,119.77,31.86,1,1,0
50,4,1414.09,536.63,45.37,92.78,1,3,0
50,5,638.56,537.96,69.94,20.32,1,1,0
50,6,792.06,548.27,8.96,11.66,1,3,0
51,1,509.69,526.33,180.03,37.72,1,0,0
51,2,713.99,526.58,219.54,36.34,1,0,0
51,3,930.79,542.48,121.69,31.45,1,1,0
51,4,1430.31,546.06,46.12,91.35,1,3,0
51,5,648.20,545.90,68.86,19.87,1,1,0
51,6,802.91,555.42,6.21,11.36,1,3,0
52,1,574.09,525.45,187.94,38.34,1,0,0
52,2,785.72,525.71,218.45,36.57,1,0,0
52,3,995.74,540.52,121.30,32.20,1,1,0
52,4,1524.89,543.93,45.89,92.96,1,3,0
52,5,715.00,544.66,68.63,20.36,1,1,0
53,1,574.09,525.45,187.94,38.34,1,0,0
53,2,785.72,525.71,218.45,36.57,1,0,0
53,3,995.74,540.52,121.30,32.20,1,1,0
53,4,1524.89,543.93,45.89,92.96,1,3,0
53,5,715.00,544.66,68.63,20.36,1,1,0
54,1,649.31,519.88,190.98,39.79,1,0,0
54,2,863.79,522.01,221.74,37.08,1,0,0
54,3,1062.99,539.00,120.80,32.10,1,1,0
54,5,785.53,539.69,68.73,20.87,1,1,0
55,1,664.26,514.66,192.76,38.80,1,0,0
55,2,880.68,515.37,225.61,36.55,1,0,0
55,3,1077.07,531.17,120.96,31.72,1,1,0
55,5,800.39,534.36,68.37,20.18,1,1,0
55,6,973.87,546.13,6.93,9.49,1,3,0
56,1,710.21,516.91,194.45,40.03,1,0,0
56,2,926.61,518.22,223.96,36.40,1,0,0
56,3,1114.60,534.81,121.27,32.49,1,1,0
56,5,841.06,537.11,68.46,20.21,1,1,0
56,7,344.82,547.05,21.09,10.78,1,1,0
56,6,1021.37,550.10,6.61,9.11,1,3,0
57,1,710.21,516.91,194.45,40.03,1,0,0
57,2,926.61,518.22,223.96,36.40,1,0,0
57,3,1114.60,534.81,121.27,32.49,1,1,0
57,5,841.06,537.11,68.46,20.21,1,1,0
57,7,344.82,547.05,21.09,10.78,1,1,0
57,6,1021.37,550.10,6.61,9.11,1,3,0
57,8,320.35,527.08,66.27,28.27,1,0,0
58,1,720.07,519.62,191.74,40.45,1,0,0
58,2,935.57,522.83,224.45,36.71,1,0,0
58,3,1121.56,539.81,120.89,32.59,1,1,0
58,5,848.53,540.62,67.79,20.25,1,1,0
58,7,352.56,547.26,22.06,11.31,1,1,0
58,8,324.73,527.75,69.87,27.89,1,0,0
59,1,734.64,497.74,191.35,39.49,1,0,0
59,2,951.40,497.36,220.92,35.90,1,0,0
59,3,1129.73,512.02,120.13,32.26,1,1,0
59,5,858.74,517.41,67.86,20.04,1,1,0
59,7,367.00,532.10,19.77,11.29,1,1,0
59,8,336.36,513.38,71.39,26.99,1,0,0
59,6,1046.48,528.49,6.72,9.38,1,3,0
60,1,734.64,497.74,191.35,39.49,1,0,0
60,2,951.40,497.36,220.92,35.90,1,0,0
60,3,1129.73,512.02,120.13,32.26,1,1,0
60,5,858.74,517.41,67.86,20.04,1,1,0
60,7,367.00,532.10,19.77,11.29,1,1,0
60,8,336.36,513.38,71.39,26.99,1,0,0
60,6,1046.48,528.49,6.72,9.38,1,3,0
61,1,735.84,505.59,193.12,38.91,1,0,0
61,2,952.82,505.62,216.45,34.95,1,0,0
61,3,1120.49,520.16,120.04,32.21,1,1,0
61,5,853.63,524.77,69.06,20.48,1,1,0
61,7,368.22,538.81,22.43,11.48,1,1,0
61,8,336.89,519.42,72.39,27.98,1,0,0
61,6,1049.71,536.11,7.04,9.42,1,3,0
62,1,733.67,501.56,192.01,39.97,1,0,0
62,2,950.71,502.45,217.38,36.01,1,0,0
62,3,1115.36,517.96,120.27,31.62,1,1,0
62,5,850.08,522.23,67.50,19.39,1,1,0
62,7,366.08,534.92,21.27,11.34,1,1,0
62,8,335.07,515.92,71.58,26.72,1,0,0
62,6,1047.62,533.78,6.58,8.99,1,3,0
63,1,703.23,506.48,192.75,39.50,1,0,0
63,2,920.90,507.19,216.81,35.30,1,0,0
63,3,1076.28,522.54,120.82,32.87,1,1,0
63,5,812.75,527.92,66.73,18.80,1,1,0
63,7,338.78,538.35,22.79,10.85,1,1,0
63,8,319.88,519.45,59.34,26.29,1,0,0
64,1,691.67,514.12,192.14,39.23,1,0,0
64,2,908.31,515.61,214.65,35.15,1,0,0
64,3,1058.35,530.47,122.09,32.47,1,1,0
64,5,797.71,535.69,66.44,18.36,1,1,0
64,7,328.53,545.12,21.85,11.40,1,1,0
64,8,319.24,526.63,50.26,26.05,1,0,0
65,1,652.54,497.47,191.34,39.46,1,0,0
65,2,866.91,499.37,215.29,36.63,1,0,0
65,3,1007.19,516.40,122.43,31.99,1,1,0
65,5,751.23,519.96,66.04,18.72,1,1,0
65,6,965.57,529.46,6.94,10.74,1,3,0
66,1,652.54,497.47,191.34,39.46,1,0,0
66,2,866.91,499.37,215.29,36.63,1,0,0
66,3,1007.19,516.40,122.43,31.99,1,1,0
66,5,751.23,519.96,66.04,18.72,1,1,0
66,6,965.57,529.46,6.94,10.74,1,3,0
67,1,608.04,508.86,189.31,38.18,1,0,0
67,2,821.45,510.17,222.01,35.33,1,0,0
67,3,954.15,525.41,120.75,31.99,1,1,0
67,5,701.23,531.26,65.62,18.63,1,1,0
68,1,594.77,510.41,188.11,38.46,1,0,0
68,2,809.95,512.30,222.65,35.07,1,0,0
68,3,937.48,527.49,122.11,32.92,1,1,0
68,5,687.26,533.33,65.19,18.31,1,1,0
69,1,552.32,497.02,187.04,38.35,1,0,0
69,2,764.06,497.69,231.08,35.76,1,0,0
69,3,882.49,513.91,121.11,32.19,1,1,0
69,5,636.88,519.37,64.63,18.62,1,1,0
70,1,539.17,506.95,187.44,37.51,1,0,0
70,2,751.09,506.32,227.67,36.00,1,0,0
70,3,866.83,520.91,119.73,32.89,1,1,0
70,5,622.72,528.98,63.55,18.41,1,1,0
70,6,830.86,531.44,25.75,14.86,1,3,0
71,1,489.42,503.71,183.43,38.27,1,0,0
71,2,697.00,507.02,227.62,35.97,1,0,0
71,3,801.92,525.49,120.19,32.14,1,1,0
71,5,564.72,527.78,63.43,17.91,1,1,0
71,6,795.17,537.14,7.19,14.32,1,3,0
72,1,470.18,494.82,185.82,38.73,1,0,0
72,2,678.28,495.97,226.21,36.13,1,0,0
72,3,782.28,512.72,119.07,31.68,1,1,0
72,5,545.74,518.08,62.52,18.22,1,1,0
73,1,401.77,515.18,184.18,39.61,1,0,0
73,2,610.19,519.60,221.59,36.20,1,0,0
73,3,698.55,537.23,115.80,31.82,1,1,0
73,5,470.27,539.64,61.81,18.43,1,1,0
74,1,407.02,538.70,183.31,38.97,1,0,0
74,2,614.59,541.91,224.37,36.18,1,0,0
74,3,692.03,558.85,113.03,32.83,1,1,0
74,5,468.99,562.50,59.90,17.85,1,1,0
75,1,407.02,538.70,183.31,38.97,1,0,0
75,2,614.59,541.91,224.37,36.18,1,0,0
75,3,692.03,558.85,113.03,32.83,1,1,0
75,5,468.99,562.50,59.90,17.85,1,1,0
76,1,462.15,507.11,186.86,39.50,1,0,0
76,2,672.81,507.55,227.85,38.04,1,0,0
76,3,738.80,526.65,113.72,31.35,1,1,0
76,5,519.23,530.01,61.19,18.69,1,1,0
77,1,478.45,535.51,188.25,39.06,1,0,0
77,2,691.32,536.13,225.87,37.10,1,0,0
77,3,753.40,553.64,114.27,31.36,1,1,0
77,5,535.95,557.88,61.00,18.44,1,1,0
78,1,541.88,491.49,189.77,38.77,1,0,0
78,2,758.58,493.46,225.27,37.88,1,0,0
78,3,808.81,511.03,114.29,32.47,1,1,0
78,5,593.68,514.62,61.41,17.85,1,1,0
79,1,647.89,531.14,192.96,39.10,1,0,0
79,2,868.95,532.84,224.44,37.98,1,0,0
79,3,906.41,549.48,111.61,31.85,1,1,0
79,6,692.96,553.65,62.03,18.40,1,1,0
80,1,668.25,525.85,193.87,38.80,1,0,0
80,2,889.32,527.36,225.42,37.44,1,0,0
80,3,924.29,544.03,110.87,32.18,1,1,0
80,6,712.47,547.80,61.86,18.70,1,1,0
80,7,320.42,556.72,18.64,11.08,1,1,0
81,1,756.80,511.24,195.21,39.32,1,0,0
81,2,979.17,512.95,223.84,39.24,1,0,0
81,3,1002.52,530.28,111.79,32.07,1,1,0
81,6,795.28,533.05,62.31,18.93,1,1,0
81,7,394.69,540.60,27.17,11.81,1,1,0
81,8,351.71,521.42,74.40,27.26,1,0,0
82,1,756.80,511.24,195.21,39.32,1,0,0
82,2,979.17,512.95,223.84,39.24,1,0,0
82,3,1002.52,530.28,111.79,32.07,1,1,0
82,6,795.28,533.05,62.31,18.93,1,1,0
82,7,394.69,540.60,27.17,11.81,1,1,0
82,8,351.71,521.42,74.40,27.26,1,0,0
83,1,781.34,538.60,195.20,39.53,1,0,0
83,2,1004.29,541.18,222.83,37.03,1,0,0
83,3,1025.58,557.56,109.37,32.15,1,1,0
83,6,818.20,560.48,61.70,19.00,1,1,0
83,7,416.84,568.18,26.48,11.71,1,1,0
83,8,374.03,548.59,72.71,27.97,1,0,0
84,1,848.28,497.72,197.10,38.71,1,0,0
84,2,1074.22,498.60,219.73,37.03,1,0,0
84,3,1079.87,515.80,111.52,31.70,1,1,0
84,6,881.06,519.14,61.93,19.34,1,1,0
84,7,480.73,531.79,26.53,12.42,1,1,0
84,8,438.62,512.17,71.62,26.65,1,0,0
85,1,848.28,497.72,197.10,38.71,1,0,0
85,2,1074.22,498.60,219.73,37.03,1,0,0
85,3,1079.87,515.80,111.52,31.70,1,1,0
85,6,881.06,519.14,61.93,19.34,1,1,0
85,7,480.73,531.79,26.53,12.42,1,1,0
85,8,438.62,512.17,71.62,26.65,1,0,0
86,1,802.42,528.68,196.03,39.54,1,0,0
86,2,1025.03,529.98,223.59,37.43,1,0,0
86,3,1023.32,547.45,109.16,31.26,1,1,0
86,6,826.57,551.91,61.97,18.99,1,1,0
86,7,437.63,563.38,26.82,11.74,1,1,0
86,8,394.24,542.71,72.97,27.80,1,0,0
87,1,776.20,526.77,196.63,39.57,1,0,0
87,2,998.91,528.20,224.49,37.04,1,0,0
87,3,995.33,545.45,109.01,31.40,1,1,0
87,6,800.48,550.10,60.80,18.66,1,1,0
87,7,413.74,561.17,26.58,11.31,1,1,0
87,8,370.94,540.56,72.54,28.15,1,0,0
88,1,714.13,519.51,199.27,40.30,1,0,0
88,2,937.91,522.92,225.78,37.44,1,0,0
88,3,929.20,539.58,106.43,31.16,1,1,0
88,6,734.78,544.33,60.71,17.61,1,1,0
88,7,359.06,552.69,26.52,10.70,1,1,0
88,8,320.33,532.98,67.61,25.92,1,0,0
89,1,714.13,519.51,199.27,40.30,1,0,0
89,2,937.91,522.92,225.78,37.44,1,0,0
89,3,929.20,539.58,106.43,31.16,1,1,0
89,6,734.78,544.33,60.71,17.61,1,1,0
89,7,359.06,552.69,26.52,10.70,1,1,0
89,8,320.33,532.98,67.61,25.92,1,0,0
90,1,729.32,532.85,195.77,40.16,1,0,0
90,2,950.66,535.73,226.34,37.10,1,0,0
90,3,931.04,553.54,107.61,31.12,1,1,0
90,6,740.35,556.96,60.08,17.92,1,1,0
90,7,369.22,564.75,27.86,11.53,1,1,0
90,8,324.42,545.18,72.48,26.22,1,0,0
91,1,729.32,532.85,195.77,40.16,1,0,0
91,2,950.66,535.73,226.34,37.10,1,0,0
91,3,931.04,553.54,107.61,31.12,1,1,0
91,6,740.35,556.96,60.08,17.92,1,1,0
91,7,369.22,564.75,27.86,11.53,1,1,0
91,8,324.42,545.18,72.48,26.22,1,0,0
91,9,1048.10,565.05,8.31,11.90,1,3,0
92,1,737.82,536.12,196.69,40.44,1,0,0
92,2,961.16,538.12,225.49,36.96,1,0,0
92,3,937.83,556.13,107.40,30.80,1,1,0
92,6,747.29,561.44,60.71,17.42,1,1,0
92,7,376.48,570.65,27.93,11.39,1,1,0
92,8,334.85,550.39,69.17,26.75,1,0,0
92,9,1056.79,567.59,7.72,11.70,1,3,0
93,1,761.31,526.08,196.56,42.09,1,0,0
93,2,982.93,530.04,228.60,37.27,1,0,0
93,3,954.97,547.15,107.71,31.61,1,1,0
93,6,765.26,552.17,62.29,17.15,1,1,0
93,7,397.88,559.28,28.68,11.08,1,1,0
93,8,353.29,539.53,72.51,26.38,1,0,0
93,9,1083.57,562.45,7.08,9.24,1,3,0
94,1,739.13,523.06,195.93,40.98,1,0,0
94,2,963.31,523.90,227.37,37.05,1,0,0
94,3,923.72,541.92,108.46,31.69,1,1,0
94,6,737.80,548.62,60.65,17.41,1,1,0
94,7,377.97,558.99,28.89,11.66,1,1,0
94,8,334.63,539.57,69.85,26.56,1,0,0
94,9,1055.99,546.71,21.90,18.35,1,3,0
95,1,712.84,545.39,194.93,40.84,1,0,0
95,2,934.76,545.47,230.14,37.63,1,0,0
95,3,894.72,564.59,109.32,31.35,1,1,0
95,6,710.75,570.98,59.38,17.02,1,1,0
95,7,354.80,581.51,27.48,11.33,1,1,0
95,8,320.13,561.35,60.12,25.84,1,0,0
95,9,1017.14,565.70,33.64,21.32,1,3,0
96,1,618.70,521.49,194.57,41.07,1,0,0
96,2,840.59,525.78,228.65,38.28,1,0,0
96,3,791.85,542.38,109.14,32.22,1,1,0
96,6,611.08,546.34,59.21,16.94,1,1,0
96,9,938.86,551.17,22.58,16.00,1,3,0
97,1,605.41,531.87,196.74,41.98,1,0,0
97,2,831.23,537.97,227.65,37.87,1,0,0
97,3,778.56,554.55,110.40,32.00,1,1,0
97,6,598.75,557.15,60.22,17.38,1,1,0
98,1,709.70,535.91,200.74,41.47,1,0,0
98,2,940.09,540.27,226.46,37.94,1,0,0
98,3,875.26,557.60,114.20,31.91,1,1,0
98,6,698.07,561.45,60.17,17.19,1,1,0
98,7,352.32,566.81,30.33,11.75,1,1,0
98,8,320.36,545.86,57.53,26.75,1,0,0
98,9,1044.27,571.91,7.66,11.06,1,3,0
99,1,739.78,546.35,201.05,41.38,1,0,0
99,2,967.95,550.16,230.52,37.74,1,0,0
99,3,902.24,567.51,115.58,31.74,1,1,0
99,6,727.13,571.56,60.77,17.32,1,1,0
99,7,379.79,576.37,30.28,11.43,1,1,0
99,8,333.85,554.67,68.82,27.66,1,0,0
99,9,1074.51,582.24,7.96,10.24,1,3,0
100,1,862.31,544.53,201.44,40.42,1,0,0
100,2,1090.88,544.78,228.37,37.77,1,0,0
100,3,1017.19,563.22,116.63,31.93,1,1,0
100,6,843.92,570.96,61.06,17.11,1,1,0
100,7,491.89,580.86,31.53,12.36,1,1,0
100,8,442.98,560.22,67.93,25.34,1,0,0
101,1,879.58,530.93,204.43,41.33,1,0,0
101,2,1110.36,532.58,227.45,37.44,1,0,0
101,3,1036.44,550.61,115.51,32.29,1,1,0
101,6,862.64,557.26,60.68,16.98,1,1,0
101,7,511.29,566.42,31.56,11.98,1,1,0
101,8,462.79,545.61,68.10,25.19,1,0,0
102,1,958.27,552.38,199.29,42.49,1,0,0
102,2,1184.01,553.82,226.77,37.61,1,0,0
102,3,1104.55,572.42,116.50,32.15,1,1,0
102,6,932.82,579.29,60.47,17.18,1,1,0
102,7,582.48,587.03,31.53,12.10,1,1,0
102,8,531.23,565.91,69.68,25.48,1,0,0
102,9,1296.15,584.57,7.60,11.62,1,3,0
103,1,984.66,531.29,198.99,41.82,1,0,0
103,2,1211.71,531.34,224.21,35.80,1,0,0
103,3,1129.55,550.17,116.13,32.02,1,1,0
103,6,957.75,558.81,60.00,17.06,1,1,0
103,7,608.52,570.34,31.32,12.19,1,1,0
103,8,555.60,549.78,68.47,25.54,1,0,0
103,9,1322.41,560.87,8.06,11.87,1,3,0
104,1,1063.79,546.96,194.22,41.09,1,0,0
104,2,1282.86,550.66,221.68,35.91,1,0,0
104,3,1196.57,567.21,115.40,32.70,1,1,0
104,6,1025.78,572.81,60.60,16.85,1,1,0
104,7,680.82,578.88,32.40,11.80,1,1,0
104,8,624.30,556.48,69.98,26.40,1,0,0
104,9,1396.32,580.60,7.66,11.28,1,3,0
104,5,381.23,575.56,29.33,10.32,1,1,0
105,1,1075.92,540.51,192.96,42.31,1,0,0
105,2,1294.30,543.23,222.09,36.57,1,0,0
105,3,1208.78,560.98,113.97,32.37,1,1,0
105,6,1037.01,567.19,59.75,16.67,1,1,0
105,7,693.14,574.75,31.00,11.45,1,1,0
105,8,636.21,552.24,68.86,25.77,1,0,0
105,9,1408.57,573.41,7.54,11.33,1,3,0
105,5,389.22,572.59,31.69,10.39,1,1,0
106,1,1164.63,547.35,189.21,41.74,1,0,0
106,2,1379.48,549.87,219.51,37.58,1,0,0
106,3,1288.92,567.08,114.49,32.50,1,1,0
106,6,1118.22,573.92,60.49,17.03,1,1,0
106,7,781.11,581.77,32.22,12.00,1,1,0
106,8,719.69,559.66,71.34,26.76,1,0,0
106,9,1494.49,580.14,7.18,11.07,1,3,0
106,5,375.03,582.11,5.79,9.92,1,3,0
107,1,1186.69,547.36,189.08,41.79,1,0,0
107,2,1400.49,550.20,201.59,37.06,1,0,0
107,3,1309.90,567.36,114.11,32.73,1,1,0
107,6,1139.34,574.06,59.97,16.88,1,1,0
107,7,804.15,581.91,31.77,11.86,1,1,0
107,8,741.13,559.73,72.19,26.80,1,0,0
107,9,1516.12,579.96,7.69,11.58,1,3,0
107,5,394.44,582.65,5.45,8.78,1,3,0
107,11,485.16,579.84,33.47,10.84,1,1,0
108,1,1251.90,541.21,187.89,42.67,1,0,0
108,2,1466.28,544.10,134.94,36.10,1,0,0
108,3,1373.48,561.58,112.01,32.34,1,1,0
108,6,1202.74,569.04,59.74,16.84,1,1,0
108,7,874.06,577.76,32.80,11.89,1,1,0
108,8,807.04,555.44,71.66,26.42,1,0,0
108,5,320.62,579.17,10.97,12.27,1,1,0
108,11,550.74,577.82,30.31,10.49,1,1,0
109,1,1271.64,545.50,185.74,41.75,1,0,0
109,2,1483.98,548.95,117.76,36.41,1,0,0
109,3,1389.96,566.15,111.43,32.67,1,1,0
109,6,1219.92,571.61,59.92,17.19,1,1,0
109,7,892.86,580.05,31.42,11.34,1,1,0
109,8,825.17,557.39,73.08,26.73,1,0,0
109,5,320.57,577.93,24.79,12.83,1,1,0
109,11,563.28,577.59,33.61,11.18,1,1,0
110,1,1316.18,530.46,184.59,41.50,1,0,0
110,2,1526.73,530.51,75.75,36.84,1,0,0
110,3,1434.39,549.18,109.05,32.20,1,1,0
110,6,1263.04,557.32,58.98,17.45,1,1,0
110,7,944.21,570.94,29.57,11.26,1,1,0
110,8,871.39,549.30,71.48,27.83,1,0,0
110,5,368.03,577.60,20.95,11.88,1,1,0
110,11,608.16,573.65,32.06,10.58,1,1,0
111,1,1314.95,546.37,184.95,41.79,1,0,0
111,2,1526.43,546.61,76.16,37.02,1,0,0
111,3,1432.55,566.08,110.33,31.96,1,1,0
111,6,1260.66,572.62,58.91,17.37,1,1,0
111,7,944.32,584.25,28.90,10.87,1,1,0
111,8,870.28,561.84,71.72,27.65,1,0,0
111,5,365.91,585.84,20.88,11.55,1,1,0
111,11,607.28,584.12,31.31,10.80,1,1,0
112,1,1279.72,537.63,190.34,40.70,1,0,0
112,2,1495.72,539.66,105.87,37.21,1,0,0
112,3,1400.31,557.53,109.62,32.23,1,1,0
112,6,1222.63,563.59,59.48,17.28,1,1,0
112,7,912.57,573.72,28.22,10.80,1,1,0
112,8,834.09,550.63,72.54,28.08,1,0,0
112,5,321.47,573.45,28.81,12.42,1,1,0
112,11,588.19,571.49,27.53,10.24,1,1,0
113,1,1274.77,545.22,192.02,41.04,1,0,0
113,2,1491.15,547.13,110.73,36.70,1,0,0
113,3,1393.06,564.81,111.03,32.62,1,1,0
113,6,1214.75,571.34,60.19,17.12,1,1,0
113,7,908.66,582.63,26.91,10.84,1,1,0
113,8,826.94,559.68,73.07,27.46,1,0,0
113,5,320.39,583.16,23.91,11.75,1,1,0
113,11,561.38,581.43,31.78,10.87,1,1,0
113,13,471.63,585.43,5.63,8.63,1,3,0
114,1,1238.29,544.31,193.58,40.43,1,0,0
114,2,1460.14,544.81,141.49,36.73,1,0,0
114,3,1358.87,562.95,111.80,32.82,1,1,0
114,6,1176.74,570.45,60.76,16.80,1,1,0
114,7,875.61,582.22,25.53,10.40,1,1,0
114,8,789.80,558.63,73.85,26.88,1,0,0
114,5,436.77,583.03,5.81,10.51,1,3,0
114,11,573.21,584.07,14.30,7.64,1,2,0
114,13,525.33,580.76,31.44,10.65,1,1,0
114,9,1591.62,571.62,7.94,13.84,1,3,0
115,1,1223.43,552.45,196.81,40.73,1,0,0
115,2,1447.17,554.20,154.81,37.01,1,0,0
115,3,1344.30,571.84,111.64,32.70,1,1,0
115,6,1159.98,577.71,60.57,17.74,1,1,0
115,7,863.16,588.57,23.93,10.26,1,1,0
115,8,774.79,564.76,71.20,27.25,1,0,0
115,5,422.63,586.12,5.64,10.20,1,3,0
115,13,510.17,585.10,31.45,10.93,1,1,0
116,1,1188.45,544.39,199.28,39.90,1,0,0
116,2,1414.88,544.43,186.94,37.73,1,0,0
116,3,1310.19,562.94,113.27,33.12,1,1,0
116,6,1122.61,569.60,61.15,17.58,1,1,0
116,7,831.72,581.56,23.09,10.34,1,1,0
116,8,739.36,557.89,71.94,27.09,1,0,0
116,5,389.00,583.01,5.51,9.70,1,3,0
116,13,478.12,580.32,27.76,10.33,1,1,0
116,11,529.91,582.20,17.65,8.09,1,2,0
117,1,1182.75,534.61,202.65,40.66,1,0,0
117,2,1412.28,535.11,189.70,38.54,1,0,0
117,3,1305.79,553.80,112.79,33.24,1,1,0
117,6,1114.52,560.34,61.70,17.29,1,1,0
117,7,832.56,572.15,19.92,10.08,1,1,0
117,8,733.06,547.72,74.37,27.57,1,0,0
117,13,468.81,569.72,30.04,11.04,1,1,0
117,11,530.73,572.67,15.52,7.80,1,2,0
118,1,1179.03,537.23,200.97,40.89,1,0,0
118,2,1405.53,537.11,195.66,38.80,1,0,0
118,3,1297.68,556.25,114.19,33.80,1,1,0
118,6,1106.79,563.48,61.93,17.31,1,1,0
118,7,827.08,575.65,19.34,9.96,1,1,0
118,8,727.14,550.99,71.62,27.80,1,0,0
118,13,460.64,573.35,31.03,11.12,1,1,0
118,11,526.06,577.14,16.03,7.90,1,2,0
118,9,1554.46,567.64,7.62,11.92,1,3,0
118,5,377.44,576.01,5.51,9.71,1,3,0
119,1,1173.56,536.48,206.58,39.99,1,0,0
119,2,1405.28,536.64,196.35,39.13,1,0,0
119,3,1295.76,555.27,113.01,33.86,1,1,0
119,6,1101.61,562.52,60.46,16.68,1,1,0
119,7,828.81,572.81,18.69,10.30,1,1,0
119,8,724.77,548.10,70.91,26.85,1,0,0
119,13,457.14,570.09,29.84,10.54,1,1,0
119,11,531.17,573.58,14.51,7.79,1,2,0
119,5,374.75,572.73,5.21,9.39,1,3,0
120,1,1172.69,532.51,207.03,39.61,1,0,0
120,2,1406.95,532.81,194.69,38.64,1,0,0
120,3,1295.84,550.87,113.17,33.83,1,1,0
120,6,1100.03,558.02,61.37,17.08,1,1,0
120,7,829.72,568.48,17.50,10.14,1,1,0
120,8,724.43,543.86,71.19,26.58,1,0,0
120,13,455.59,565.61,31.34,11.14,1,1,0
120,5,373.77,569.00,5.82,9.72,1,3,0
120,9,1560.28,562.65,7.96,13.61,1,3,0
121,1,1172.69,532.51,207.03,39.61,1,0,0
121,2,1406.95,532.81,194.69,38.64,1,0,0
121,3,1295.84,550.87,113.17,33.83,1,1,0
121,6,1100.03,558.02,61.37,17.08,1,1,0
121,7,829.72,568.48,17.50,10.14,1,1,0
121,8,724.43,543.86,71.19,26.58,1,0,0
121,13,455.59,565.61,31.34,11.14,1,1,0
121,5,373.77,569.00,5.82,9.72,1,3,0
121,9,1560.28,562.65,7.96,13.61,1,3,0
122,1,1169.36,534.22,207.88,39.80,1,0,0
122,2,1403.44,535.11,197.78,39.04,1,0,0
122,3,1288.80,553.20,114.30,34.54,1,1,0
122,6,1090.17,560.19,62.26,16.99,1,1,0
122,7,828.02,569.67,19.20,10.10,1,1,0
122,8,718.36,545.17,72.34,26.10,1,0,0
122,13,446.51,565.80,31.90,10.99,1,1,0
122,9,1563.28,566.86,7.34,11.76,1,3,0
123,1,1169.36,534.22,207.88,39.80,1,0,0
123,2,1403.44,535.11,197.78,39.04,1,0,0
123,3,1288.80,553.20,114.30,34.54,1,1,0
123,6,1090.17,560.19,62.26,16.99,1,1,0
123,7,828.02,569.67,19.20,10.10,1,1,0
123,8,718.36,545.17,72.34,26.10,1,0,0
123,13,446.51,565.80,31.90,10.99,1,1,0
123,9,1563.28,566.86,7.34,11.76,1,3,0
124,1,1169.97,541.32,209.28,40.25,1,0,0
124,2,1405.06,540.67,196.76,40.08,1,0,0
124,3,1286.58,559.43,115.71,34.85,1,1,0
124,6,1085.22,567.58,62.06,17.39,1,1,0
124,8,716.68,554.02,71.59,26.96,1,0,0
124,13,445.08,576.63,30.45,10.60,1,1,0
124,9,1570.21,570.87,7.87,13.60,1,3,0
125,1,1168.91,540.01,209.61,40.23,1,0,0
125,2,1404.18,540.27,197.58,39.35,1,0,0
125,3,1285.33,558.53,115.76,35.28,1,1,0
125,6,1083.21,566.15,62.15,17.15,1,1,0
125,8,715.38,550.48,71.32,26.90,1,0,0
125,13,442.53,571.69,31.12,11.03,1,1,0
125,9,1570.64,570.99,8.12,13.66,1,3,0
125,11,541.15,575.83,16.19,7.69,1,2,0
125,5,364.64,574.00,5.45,8.96,1,3,0
125,7,829.51,576.02,21.77,10.08,1,1,0
126,1,1146.70,534.79,211.91,40.42,1,0,0
126,2,1384.69,533.91,217.45,39.66,1,0,0
126,3,1263.19,553.22,115.96,34.77,1,1,0
126,6,1056.36,561.55,63.63,17.32,1,1,0
126,8,693.56,549.12,71.27,26.73,1,0,0
126,13,420.25,572.56,30.77,10.70,1,1,0
126,11,526.47,575.52,18.63,7.83,1,2,0
126,7,809.57,573.67,23.32,10.00,1,1,0
127,1,1140.30,542.02,211.47,40.95,1,0,0
127,2,1378.43,541.65,223.68,39.92,1,0,0
127,3,1256.66,560.71,115.56,35.10,1,1,0
127,6,1048.52,568.58,62.95,17.38,1,1,0
127,8,685.82,554.71,71.94,26.95,1,0,0
127,13,413.89,577.21,29.50,10.88,1,1,0
127,7,802.37,579.56,25.31,10.20,1,1,0
127,9,1553.21,571.96,7.88,12.73,1,3,0
128,1,1125.95,536.34,213.62,40.41,1,0,0
128,2,1365.44,535.55,235.89,40.22,1,0,0
128,3,1239.12,555.32,116.36,35.09,1,1,0
128,6,1028.15,563.44,63.38,17.19,1,1,0
128,8,669.69,549.85,71.06,27.14,1,0,0
128,13,397.17,572.81,28.73,10.30,1,1,0
128,7,788.74,574.74,26.52,10.28,1,1,0
128,5,321.05,574.42,5.53,10.98,1,3,0
128,11,512.12,576.37,19.03,8.79,1,2,0
129,1,1126.74,536.13,216.02,41.45,1,0,0
129,2,1367.94,535.14,233.59,40.69,1,0,0
129,3,1240.08,554.90,117.16,35.39,1,1,0
129,6,1028.90,564.05,62.59,17.15,1,1,0
129,8,671.44,551.45,70.26,26.68,1,0,0
129,13,392.64,574.21,34.40,10.92,1,1,0
129,7,790.53,575.64,27.03,10.40,1,1,0
129,11,512.28,576.97,20.29,8.82,1,2,0
129,9,1549.67,565.24,7.26,13.18,1,3,0
130,1,1128.60,534.92,215.07,41.07,1,0,0
130,2,1370.61,534.53,230.99,40.46,1,0,0
130,3,1240.44,553.92,117.30,35.55,1,1,0
130,6,1028.25,562.06,64.44,17.48,1,1,0
130,8,672.20,548.86,71.12,26.22,1,0,0
130,13,396.28,571.80,30.59,10.58,1,1,0
130,7,791.45,573.45,27.94,10.48,1,1,0
130,11,520.10,574.81,17.55,8.38,1,2,0
130,9,1551.51,565.12,7.97,12.85,1,3,0
131,1,1135.23,534.24,214.47,41.12,1,0,0
131,2,1377.51,534.79,224.42,40.55,1,0,0
131,3,1246.63,554.03,117.14,35.32,1,1,0
131,6,1034.06,561.01,64.61,17.58,1,1,0
131,8,678.18,546.15,72.41,26.87,1,0,0
131,13,400.88,568.25,32.31,10.67,1,1,0
131,7,797.31,571.30,29.99,10.27,1,1,0
131,11,527.98,571.07,17.02,8.06,1,2,0
131,9,1559.99,566.26,8.00,13.03,1,3,0
131,5,325.81,571.20,6.58,9.57,1,3,0
132,1,1135.43,535.88,214.87,40.46,1,0,0
132,2,1376.77,537.92,225.35,39.71,1,0,0
132,3,1244.93,556.60,118.32,35.57,1,1,0
132,6,1032.80,562.18,64.42,17.28,1,1,0
132,8,677.62,545.13,71.88,27.40,1,0,0
132,13,400.32,565.49,31.85,11.04,1,1,0
132,7,797.34,570.83,30.15,10.41,1,1,0
132,9,1560.84,569.61,7.48,12.85,1,3,0
133,1,1142.38,534.15,215.14,41.22,1,0,0
133,2,1383.54,535.13,218.49,40.20,1,0,0
133,3,1251.71,554.27,116.98,35.46,1,1,0
133,6,1038.53,560.45,63.63,17.50,1,1,0
133,8,683.22,544.24,72.92,27.02,1,0,0
133,13,402.73,564.94,33.83,11.10,1,1,0
133,7,803.94,569.69,30.04,10.01,1,1,0
133,9,1567.07,567.43,7.49,12.54,1,3,0
134,1,1149.02,533.47,217.14,40.66,1,0,0
134,2,1391.73,533.61,210.43,40.11,1,0,0
134,3,1258.39,553.12,116.95,35.26,1,1,0
134,6,1044.38,560.59,64.74,17.70,1,1,0
134,8,691.57,546.75,71.27,26.81,1,0,0
134,13,410.39,569.61,32.82,11.14,1,1,0
134,7,811.93,571.83,30.37,10.26,1,1,0
134,9,1574.67,565.12,7.99,13.06,1,3,0
134,11,545.92,571.69,18.19,9.57,1,2,0
134,5,338.27,572.29,4.81,9.43,1,3,0
135,1,1158.78,529.31,215.04,39.97,1,0,0
135,2,1400.76,527.78,201.53,39.82,1,0,0
135,3,1267.07,547.78,117.56,35.11,1,1,0
135,6,1053.26,556.84,64.34,17.26,1,1,0
135,8,700.01,544.74,72.87,27.41,1,0,0
135,13,420.95,569.37,30.46,10.59,1,1,0
135,7,821.87,568.98,30.73,10.06,1,1,0
135,9,1585.30,558.57,8.12,12.64,1,3,0
135,11,556.26,570.93,18.11,8.88,1,2,0
136,1,1207.32,544.03,212.36,41.80,1,0,0
136,2,1447.24,547.35,154.97,39.69,1,0,0
136,3,1312.46,565.89,116.15,35.41,1,1,0
136,6,1096.87,570.74,64.60,17.54,1,1,0
136,8,746.49,553.58,72.66,26.96,1,0,0
136,13,458.95,572.72,34.50,11.02,1,1,0
136,7,869.96,578.90,33.13,11.22,1,1,0
136,11,609.53,577.38,16.81,8.67,1,2,0
136,5,387.55,573.96,5.87,10.11,1,3,0
137,1,1236.43,536.46,213.08,40.51,1,0,0
137,2,1473.86,538.61,127.81,40.21,1,0,0
137,3,1340.24,557.50,115.04,35.26,1,1,0
137,6,1124.58,562.85,64.83,17.01,1,1,0
137,8,775.14,545.00,73.51,26.94,1,0,0
137,13,487.79,564.92,32.64,10.80,1,1,0
137,7,898.46,570.52,34.20,11.12,1,1,0
137,11,636.06,570.48,20.29,8.64,1,2,0
138,1,1368.89,520.28,204.80,42.65,1,0,0
138,2,1467.26,539.93,112.29,35.42,1,1,0
138,3,1254.67,548.71,64.68,17.46,1,1,0
138,6,1036.99,559.80,35.86,11.00,1,1,0
138,8,783.26,564.09,19.03,9.42,1,2,0
138,7,911.86,536.07,74.36,26.70,1,0,0
138,11,621.28,560.97,28.75,10.63,1,1,0
139,1,1398.42,520.44,204.94,42.92,1,0,0
139,2,1497.16,541.60,105.42,34.13,1,1,0
139,3,1284.19,550.15,63.35,17.27,1,1,0
139,6,1068.56,561.92,37.03,11.45,1,1,0
139,8,821.41,565.27,22.23,9.95,1,2,0
139,7,942.40,539.28,73.17,26.23,1,0,0
139,11,644.95,563.96,34.35,11.44,1,1,0
139,5,404.97,568.80,20.48,11.31,1,1,0
140,1,1361.89,515.86,208.38,43.28,1,0,0
140,2,1459.59,537.33,113.06,34.46,1,1,0
140,3,1242.15,545.36,63.61,17.67,1,1,0
140,6,1029.46,557.15,38.35,11.60,1,1,0
140,8,790.50,560.25,20.23,9.46,1,2,0
140,7,901.15,533.72,74.49,27.48,1,0,0
140,11,606.69,559.60,31.46,10.79,1,1,0
140,5,363.83,562.85,22.60,12.15,1,1,0
140,13,530.59,564.14,5.66,8.23,1,3,0
141,1,1299.93,515.38,213.45,43.46,1,0,0
141,2,1398.95,536.91,114.97,34.59,1,1,0
141,3,1177.19,545.22,64.42,17.89,1,1,0
141,6,965.07,556.67,39.05,11.27,1,1,0
141,8,729.33,559.95,20.50,10.09,1,2,0
141,7,836.40,533.47,74.62,27.43,1,0,0
141,11,543.53,558.98,31.59,10.68,1,1,0
141,13,469.90,563.76,5.36,8.65,1,3,0
141,9,1537.49,515.63,65.28,41.11,1,0,0
142,1,1209.21,537.15,215.80,42.10,1,0,0
142,2,1308.65,558.70,116.95,35.07,1,1,0
142,3,1079.24,564.36,65.48,18.07,1,1,0
142,6,871.22,573.05,38.58,11.38,1,1,0
142,8,644.69,573.24,18.46,9.98,1,2,0
142,7,741.52,548.35,72.33,27.37,1,0,0
142,13,454.72,570.13,28.10,10.02,1,1,0
142,9,1452.74,540.21,149.44,38.96,1,0,0
143,1,1098.60,528.39,223.44,43.69,1,0,0
143,2,1195.84,548.80,122.37,36.02,1,1,0
143,3,961.18,558.61,66.27,17.84,1,1,0
143,8,629.46,547.12,73.38,27.34,1,0,0
143,7,758.42,569.18,41.03,11.97,1,1,0
143,9,1349.54,527.48,249.25,39.90,1,0,0
143,5,345.53,572.27,30.69,10.84,1,1,0
143,11,549.96,573.20,18.43,10.78,1,2,0
144,1,1080.51,541.46,222.35,43.03,1,0,0
144,2,1178.14,561.97,121.21,36.70,1,1,0
144,3,941.53,569.68,65.58,17.89,1,1,0
144,8,611.25,556.74,72.93,27.22,1,0,0
144,7,739.16,578.75,42.23,12.66,1,1,0
144,9,1335.63,541.78,245.40,40.19,1,0,0
144,14,1551.63,571.68,8.47,14.27,1,3,0
144,5,329.47,578.08,29.24,11.17,1,1,0
144,11,535.16,582.09,20.37,9.37,1,2,0
145,1,1017.12,532.32,223.88,42.09,1,0,0
145,2,1112.39,552.88,122.61,35.54,1,1,0
145,3,871.36,561.11,66.45,17.87,1,1,0
145,8,547.79,547.61,74.43,27.80,1,0,0
145,7,675.78,570.22,42.13,12.07,1,1,0
145,9,1275.75,531.43,251.15,40.59,1,0,0
145,14,1500.37,559.70,8.10,16.43,1,3,0
145,13,483.49,572.99,20.74,10.60,1,2,0
146,1,1002.69,532.58,226.41,42.73,1,0,0
146,2,1096.82,552.88,123.59,35.69,1,1,0
146,3,856.96,561.91,66.07,17.91,1,1,0
146,8,534.51,550.02,72.58,27.69,1,0,0
146,7,661.25,571.99,43.43,11.90,1,1,0
146,9,1262.95,530.93,251.91,40.42,1,0,0
146,14,1488.36,558.76,8.28,16.16,1,3,0
146,13,475.22,575.29,19.33,10.27,1,2,0
147,1,939.24,540.49,228.01,43.11,1,0,0
147,2,1031.12,562.84,123.26,36.42,1,1,0
147,3,788.32,568.48,65.31,17.60,1,1,0
147,8,473.08,553.26,71.98,27.05,1,0,0
147,7,597.64,575.94,43.04,12.36,1,1,0
147,9,1201.90,542.38,259.90,40.96,1,0,0
147,13,427.42,577.67,19.55,9.12,1,2,0
148,1,916.76,526.95,225.56,42.81,1,0,0
148,2,1006.39,548.22,124.22,36.48,1,1,0
148,3,763.30,555.53,64.97,17.65,1,1,0
148,8,451.38,541.16,71.65,27.29,1,0,0
148,7,574.51,563.19,43.63,12.59,1,1,0
148,9,1178.02,527.80,262.78,40.30,1,0,0
148,14,1415.70,556.75,9.05,16.23,1,3,0
149,1,864.74,537.58,230.30,43.76,1,0,0
149,2,950.63,559.44,124.56,37.00,1,1,0
149,3,706.27,567.15,66.64,17.33,1,1,0
149,8,403.90,551.02,71.61,27.48,1,0,0
149,7,523.75,574.14,44.02,12.27,1,1,0
149,9,1128.87,539.59,266.59,41.60,1,0,0
149,14,1373.60,570.13,8.90,16.42,1,3,0
149,13,372.27,575.93,18.15,10.01,1,2,0
150,1,862.75,531.08,230.88,43.57,1,0,0
150,2,944.76,553.33,126.81,36.83,1,1,0
150,3,702.94,559.28,65.10,17.53,1,1,0
150,8,401.70,542.56,72.53,27.57,1,0,0
150,7,520.69,565.58,44.21,12.41,1,1,0
150,9,1128.37,533.72,264.47,41.43,1,0,0
150,14,1372.49,563.64,8.75,16.66,1,3,0
151,1,869.94,533.99,231.58,43.22,1,0,0
151,2,946.63,556.54,126.64,35.91,1,1,0
151,3,702.51,564.48,66.25,16.96,1,1,0
151,8,404.46,548.93,73.95,28.29,1,0,0
151,7,523.93,572.50,45.95,11.98,1,1,0
151,9,1134.91,534.80,267.40,41.10,1,0,0
151,14,1383.04,563.38,8.83,16.60,1,3,0
151,13,388.78,574.29,19.77,9.23,1,2,0
152,1,872.19,537.97,231.66,42.32,1,0,0
152,2,949.01,559.85,126.91,36.83,1,1,0
152,3,704.85,568.55,66.39,16.70,1,1,0
152,8,407.64,553.15,73.93,27.76,1,0,0
152,7,526.81,576.76,46.46,11.58,1,1,0
152,9,1138.76,538.53,267.98,41.11,1,0,0
152,13,395.05,579.01,21.33,9.09,1,2,0
153,1,879.52,527.06,232.00,42.81,1,0,0
153,2,954.79,549.78,127.26,36.29,1,1,0
153,3,710.08,557.69,67.31,16.63,1,1,0
153,8,414.47,541.51,73.80,27.83,1,0,0
153,7,532.37,564.83,47.55,11.76,1,1,0
153,9,1145.40,528.35,269.84,41.47,1,0,0
153,14,1397.66,558.74,8.55,17.02,1,3,0
154,1,885.28,529.78,232.72,43.31,1,0,0
154,2,960.80,553.23,126.67,35.47,1,1,0
154,3,715.49,558.96,67.12,17.32,1,1,0
154,8,420.14,543.04,75.05,28.09,1,0,0
154,7,537.85,566.02,47.84,12.75,1,1,0
154,9,1154.30,530.88,267.24,41.74,1,0,0
154,14,1404.88,561.08,9.26,17.09,1,3,0
155,1,900.40,536.54,232.51,43.04,1,0,0
155,2,972.33,559.69,126.96,36.59,1,1,0
155,3,726.11,566.44,67.50,16.72,1,1,0
155,8,431.14,549.06,75.67,28.00,1,0,0
155,7,550.93,573.24,47.48,11.90,1,1,0
155,9,1167.83,539.28,266.91,41.14,1,0,0
155,14,1419.68,569.32,9.02,16.40,1,3,0
155,13,429.69,574.38,21.14,9.56,1,2,0
156,1,911.58,539.30,234.02,43.27,1,0,0
156,2,984.30,562.40,126.49,36.79,1,1,0
156,3,736.82,568.87,67.66,17.21,1,1,0
156,8,441.74,551.48,76.58,28.97,1,0,0
156,7,563.01,576.18,46.70,12.15,1,1,0
156,9,1181.06,540.80,264.53,42.27,1,0,0
156,14,1431.84,570.16,9.19,17.45,1,3,0
156,13,443.89,576.48,22.58,9.71,1,2,0
157,1,911.58,539.30,234.02,43.27,1,0,0
157,2,984.30,562.40,126.49,36.79,1,1,0
157,3,736.82,568.87,67.66,17.21,1,1,0
157,8,441.74,551.48,76.58,28.97,1,0,0
157,7,563.01,576.18,46.70,12.15,1,1,0
157,9,1181.06,540.80,264.53,42.27,1,0,0
157,14,1431.84,570.16,9.19,17.45,1,3,0
157,13,443.89,576.48,22.58,9.71,1,2,0
158,1,930.20,531.63,232.98,43.27,1,0,0
158,2,998.19,553.69,127.33,36.46,1,1,0
158,3,751.74,562.65,67.33,16.88,1,1,0
158,8,458.82,547.28,75.52,27.78,1,0,0
158,7,578.23,570.73,47.83,12.00,1,1,0
158,9,1197.35,530.88,266.98,41.19,1,0,0
158,14,1451.20,560.15,9.20,16.47,1,3,0
158,13,465.79,573.31,20.67,8.82,1,2,0
159,1,958.88,530.69,233.52,43.59,1,0,0
159,2,1023.33,554.20,127.14,37.24,1,1,0
159,3,774.04,559.69,68.14,17.20,1,1,0
159,8,484.98,542.24,77.12,27.33,1,0,0
159,7,603.16,566.51,48.76,12.19,1,1,0
159,9,1226.25,533.78,266.19,41.64,1,0,0
160,1,967.00,531.87,233.69,43.81,1,0,0
160,2,1028.07,555.54,128.29,36.64,1,1,0
160,3,779.61,561.06,67.90,16.55,1,1,0
160,8,491.28,542.92,77.53,27.97,1,0,0
160,7,609.10,566.86,49.29,12.57,1,1,0
160,9,1231.45,535.29,268.14,41.43,1,0,0
160,14,1490.54,564.55,9.75,18.33,1,3,0
161,1,975.02,539.96,236.69,44.74,1,0,0
161,2,1032.55,562.24,129.49,37.09,1,1,0
161,3,782.92,571.94,69.16,17.45,1,1,0
161,8,499.27,558.15,79.50,27.35,1,0,0
161,7,615.60,581.05,50.28,12.23,1,1,0
161,9,1246.02,539.33,266.46,41.71,1,0,0
161,14,1506.66,567.30,8.22,17.07,1,3,0
161,11,538.58,581.94,21.69,10.18,1,2,0
162,1,977.38,522.13,235.57,44.03,1,0,0
162,2,1034.97,545.73,128.01,36.77,1,1,0
162,3,782.40,552.13,70.18,17.74,1,1,0
162,8,500.64,535.82,80.22,26.18,1,0,0
162,7,617.84,559.86,49.94,11.91,1,1,0
162,9,1247.49,524.12,267.28,41.72,1,0,0
162,14,1511.39,554.76,8.72,17.06,1,3,0
162,11,542.94,559.50,23.24,10.73,1,2,0
163,1,975.58,525.47,237.42,43.73,1,0,0
163,2,1027.26,549.18,129.33,37.35,1,1,0
163,3,775.64,558.01,68.97,17.18,1,1,0
163,8,500.15,543.26,79.25,26.60,1,0,0
163,7,611.29,566.41,52.34,12.33,1,1,0
163,9,1244.74,525.67,270.95,41.40,1,0,0
163,14,1514.12,551.86,10.13,20.14,1,3,0
164,1,971.54,521.26,235.55,42.92,1,0,0
164,2,1019.39,543.83,129.74,36.77,1,1,0
164,3,768.44,553.20,68.97,17.43,1,1,0
164,8,492.99,540.34,80.20,27.62,1,0,0
164,7,605.65,563.63,51.09,11.59,1,1,0
164,9,1240.26,519.57,271.11,41.38,1,0,0
164,11,552.92,562.80,23.51,12.10,1,2,0
165,1,966.23,528.73,237.14,44.98,1,0,0
165,2,1010.34,552.58,128.83,37.05,1,1,0
165,3,755.60,556.96,70.28,18.04,1,1,0
165,8,486.75,539.70,77.44,28.21,1,0,0
165,7,595.86,564.05,53.41,12.77,1,1,0
165,9,1237.00,532.18,271.71,42.13,1,0,0
165,11,563.79,563.34,26.83,11.47,1,2,0
166,1,968.66,527.02,238.00,44.69,1,0,0
166,2,1012.59,550.45,128.91,37.75,1,1,0
166,3,757.67,557.70,70.08,17.86,1,1,0
166,8,489.00,541.69,77.19,28.20,1,0,0
166,7,598.44,565.39,53.64,12.51,1,1,0
166,9,1239.88,528.90,273.56,41.67,1,0,0
166,14,1517.05,556.94,9.72,18.01,1,3,0
167,1,969.32,530.02,240.59,44.66,1,0,0
167,2,1008.45,554.94,130.65,37.12,1,1,0
167,3,752.57,561.32,70.09,18.30,1,1,0
167,8,488.02,546.15,77.03,28.08,1,0,0
167,7,594.18,568.91,56.67,13.68,1,1,0
167,9,1241.99,531.59,273.89,42.15,1,0,0
167,14,1524.08,559.48,9.92,18.75,1,3,0
168,1,968.63,533.66,240.90,44.67,1,0,0
168,2,1006.62,557.89,128.77,36.91,1,1,0
168,3,748.28,563.39,70.04,17.85,1,1,0
168,8,486.92,546.46,76.97,27.47,1,0,0
168,7,594.08,570.73,53.92,12.71,1,1,0
168,9,1242.27,536.21,273.41,41.53,1,0,0
168,14,1527.22,565.09,9.33,18.24,1,3,0
169,1,965.17,526.28,242.36,44.44,1,0,0
169,2,997.24,549.92,131.93,37.84,1,1,0
169,3,740.40,556.53,69.73,18.17,1,1,0
169,8,483.14,540.63,76.33,28.19,1,0,0
169,7,589.96,564.47,52.96,12.22,1,1,0
169,9,1240.48,528.11,275.72,41.87,1,0,0
169,14,1530.45,556.32,9.46,18.96,1,3,0
170,1,991.72,533.14,242.19,44.75,1,0,0
170,2,1022.36,556.91,130.68,37.56,1,1,0
170,3,763.62,562.64,69.49,17.89,1,1,0
170,8,506.91,545.12,77.21,28.22,1,0,0
170,7,614.16,569.81,52.94,12.59,1,1,0
170,9,1264.59,535.17,276.18,42.59,1,0,0
171,1,1040.78,524.00,244.12,44.31,1,0,0
171,2,1069.32,547.04,129.26,37.64,1,1,0
171,3,807.89,554.95,69.96,18.23,1,1,0
171,8,554.42,539.93,75.90,27.52,1,0,0
171,7,660.20,563.42,54.44,12.76,1,1,0
171,9,1316.84,523.72,274.68,41.16,1,0,0
171,11,707.43,562.38,29.71,13.32,1,2,0
172,1,1040.78,524.00,244.12,44.31,1,0,0
172,2,1069.32,547.04,129.26,37.64,1,1,0
172,3,807.89,554.95,69.96,18.23,1,1,0
172,8,554.42,539.93,75.90,27.52,1,0,0
172,7,660.20,563.42,54.44,12.76,1,1,0
172,9,1316.84,523.72,274.68,41.16,1,0,0
172,11,707.43,562.38,29.71,13.32,1,2,0
173,1,1053.65,527.45,245.96,45.08,1,0,0
173,2,1076.82,550.46,131.15,38.59,1,1,0
173,3,813.53,559.36,70.25,18.10,1,1,0
173,8,565.13,543.67,75.37,28.06,1,0,0
173,7,668.31,567.09,55.06,12.63,1,1,0
173,9,1329.39,528.78,272.75,41.75,1,0,0
173,11,739.20,565.83,32.65,13.24,1,2,0
174,1,1056.26,525.26,245.88,44.89,1,0,0
174,2,1080.50,548.86,129.59,38.31,1,1,0
174,3,814.38,557.47,70.32,18.04,1,1,0
174,8,567.09,541.49,77.13,28.23,1,0,0
174,7,671.55,564.80,54.53,13.03,1,1,0
174,9,1335.12,526.75,266.82,41.45,1,0,0
174,11,746.88,563.13,32.43,14.27,1,2,0
175,1,1038.88,529.58,244.04,45.48,1,0,0
175,2,1052.38,553.12,132.30,38.33,1,1,0
175,3,786.28,561.16,70.40,17.99,1,1,0
175,8,545.46,544.40,77.05,28.28,1,0,0
175,7,644.21,569.13,56.51,12.77,1,1,0
175,9,1315.03,529.96,278.55,43.54,1,0,0
175,11,747.25,567.41,32.48,13.49,1,2,0
176,1,1029.73,527.51,247.49,45.78,1,0,0
176,2,1045.74,550.86,131.07,38.29,1,1,0
176,3,776.87,557.50,70.03,18.35,1,1,0
176,8,539.53,541.09,75.91,28.28,1,0,0
176,7,638.27,565.22,55.06,13.06,1,1,0
176,9,1309.71,529.68,277.82,42.65,1,0,0
176,11,747.40,562.91,35.80,14.12,1,2,0
177,1,988.87,533.53,248.50,45.83,1,0,0
177,2,998.08,557.39,133.02,38.84,1,1,0
177,3,729.93,566.64,69.60,18.60,1,1,0
177,8,497.55,550.27,75.39,28.21,1,0,0
177,7,591.13,574.45,57.76,12.57,1,1,0
177,9,1269.43,533.69,283.35,43.21,1,0,0
177,14,1588.66,565.73,9.33,15.09,1,3,0
178,1,970.69,522.52,249.46,46.29,1,0,0
178,2,981.45,546.62,130.70,38.32,1,1,0
178,3,710.12,555.20,69.01,19.09,1,1,0
178,8,479.81,539.84,76.44,28.46,1,0,0
178,7,574.74,563.90,56.13,12.88,1,1,0
178,9,1253.67,522.44,284.63,43.36,1,0,0
179,1,963.30,541.33,250.24,47.55,1,0,0
179,2,966.39,565.97,132.69,38.36,1,1,0
179,3,693.29,569.77,67.08,18.22,1,1,0
179,8,470.60,550.97,76.94,28.19,1,0,0
179,7,561.51,575.09,56.41,13.44,1,1,0
179,9,1245.90,545.46,287.09,42.61,1,0,0
179,11,736.16,575.50,34.96,13.73,1,1,0
180,1,980.35,540.10,249.50,46.12,1,0,0
180,2,981.75,564.39,132.27,37.97,1,1,0
180,3,708.70,571.00,64.08,18.49,1,1,0
180,8,485.90,554.31,78.46,28.50,1,0,0
180,7,576.25,578.29,57.58,13.39,1,1,0
180,9,1263.22,540.64,285.97,43.96,1,0,0
180,11,756.52,576.56,36.87,13.36,1,1,0
181,1,1041.17,543.36,246.67,46.98,1,0,0
181,2,1035.43,567.62,131.25,38.83,1,1,0
181,3,757.59,573.77,70.93,18.57,1,1,0
181,8,537.11,556.45,79.07,28.02,1,0,0
181,7,625.57,579.37,59.47,14.45,1,1,0
181,9,1320.14,544.97,280.46,43.16,1,0,0
181,11,840.54,580.68,37.95,13.06,1,2,0
182,1,1048.74,542.63,243.75,46.64,1,0,0
182,2,1039.94,566.79,131.64,39.03,1,1,0
182,3,761.27,574.70,72.21,18.40,1,1,0
182,8,541.99,557.70,79.49,28.35,1,0,0
182,7,630.45,580.85,59.58,14.19,1,1,0
182,9,1325.81,543.30,276.22,43.93,1,0,0
182,11,851.40,582.41,36.52,12.41,1,2,0
183,1,1065.92,552.44,246.87,47.80,1,0,0
183,2,1052.76,576.45,132.51,39.15,1,1,0
183,3,769.53,583.51,73.49,17.68,1,1,0
183,8,558.53,564.67,79.45,28.59,1,0,0
183,7,642.24,587.57,61.54,15.21,1,1,0
183,9,1349.90,553.90,251.61,42.98,1,0,0
183,11,901.22,590.64,39.95,12.40,1,2,0
184,1,1074.06,550.13,243.89,47.08,1,0,0
184,2,1057.93,574.43,131.49,38.81,1,1,0
184,3,773.76,580.56,72.86,17.96,1,1,0
184,8,563.21,562.73,78.47,28.24,1,0,0
184,7,647.23,585.75,60.45,14.64,1,1,0
184,9,1351.35,551.44,250.45,43.34,1,0,0
184,11,915.32,588.05,40.05,11.84,1,2,0
185,1,1122.79,541.47,239.46,45.82,1,0,0
185,2,1098.21,565.05,131.72,40.24,1,1,0
185,3,811.21,575.50,72.27,17.69,1,1,0
185,8,602.44,558.38,80.57,27.71,1,0,0
185,7,684.67,580.74,62.27,15.67,1,1,0
185,9,1392.93,541.11,208.05,42.95,1,0,0
185,11,984.54,581.19,41.00,12.82,1,2,0
186,1,1134.07,545.60,240.20,47.08,1,0,0
186,2,1110.80,570.08,130.03,39.75,1,1,0
186,3,819.96,578.13,73.96,18.17,1,1,0
186,8,614.14,561.05,79.30,27.23,1,0,0
186,7,695.74,582.59,62.48,16.27,1,1,0
186,9,1404.20,546.25,197.20,42.89,1,0,0
186,11,1004.33,585.02,41.06,12.62,1,2,0
187,1,1195.60,536.67,236.33,46.90,1,0,0
187,2,1164.34,560.44,132.70,39.83,1,1,0
187,3,872.88,570.69,74.08,18.47,1,1,0
187,8,669.97,554.68,81.96,27.67,1,0,0
187,7,750.04,575.99,63.57,16.66,1,1,0
187,9,1463.84,537.27,137.84,43.03,1,0,0
187,11,1094.86,576.01,42.11,13.54,1,2,0
187,5,321.96,579.90,31.35,12.09,1,1,0
188,1,1219.24,542.28,234.43,46.69,1,0,0
188,2,1186.84,566.28,131.12,40.06,1,1,0
188,3,893.68,577.18,74.17,17.96,1,1,0
188,8,692.08,559.54,82.39,27.74,1,0,0
188,7,771.43,581.52,64.09,16.65,1,1,0
188,9,1484.79,541.73,116.99,43.55,1,0,0
188,11,1124.24,582.36,42.84,12.82,1,2,0
188,5,338.44,584.80,34.53,11.22,1,1,0
189,1,1286.67,545.65,231.15,46.96,1,0,0
189,2,1252.85,569.99,128.64,39.82,1,1,0
189,3,955.18,580.95,73.97,18.69,1,1,0
189,8,757.08,564.15,82.25,28.31,1,0,0
189,7,834.96,584.99,65.22,17.11,1,1,0
189,9,1550.33,545.52,52.22,43.89,1,0,0
189,11,1220.30,584.12,39.63,14.91,1,2,0
189,5,396.22,589.61,33.30,10.96,1,1,0
190,1,1309.65,547.28,230.86,47.88,1,0,0
190,2,1273.86,572.02,130.01,39.55,1,1,0
190,3,977.06,582.13,73.85,17.98,1,1,0
190,8,780.46,564.34,83.85,27.95,1,0,0
190,7,857.44,585.69,65.31,17.31,1,1,0
190,9,1568.71,547.91,33.69,45.63,1,0,0
190,11,1252.00,587.51,26.58,12.58,1,2,0
190,5,417.41,589.14,32.55,11.02,1,1,0
191,1,1365.91,536.01,232.51,49.02,1,0,0
191,2,1329.53,559.65,130.18,40.90,1,1,0
191,3,1028.22,572.92,76.66,18.58,1,1,0
191,8,837.47,556.86,82.09,27.90,1,0,0
191,7,913.92,578.39,65.60,16.64,1,1,0
191,5,469.10,584.81,31.67,11.21,1,1,0
192,1,1380.57,542.55,222.66,48.12,1,0,0
192,2,1344.95,565.70,127.76,40.95,1,1,0
192,3,1040.23,578.39,76.09,18.71,1,1,0
192,8,851.77,561.45,82.68,27.66,1,0,0
192,7,925.52,582.67,67.85,17.50,1,1,0
192,5,479.36,587.83,33.50,11.64,1,1,0
193,1,1408.36,541.65,194.86,47.94,1,0,0
193,2,1371.05,564.97,128.18,41.46,1,1,0
193,3,1060.17,578.08,76.89,19.58,1,1,0
193,8,877.37,562.06,82.63,27.98,1,0,0
193,7,950.80,583.61,67.70,17.14,1,1,0
193,5,502.00,589.59,31.93,11.36,1,1,0
194,1,1408.36,541.65,194.86,47.94,1,0,0
194,2,1371.05,564.97,128.18,41.46,1,1,0
194,3,1060.17,578.08,76.89,19.58,1,1,0
194,8,877.37,562.06,82.63,27.98,1,0,0
194,7,950.80,583.61,67.70,17.14,1,1,0
194,5,502.00,589.59,31.93,11.36,1,1,0
195,1,1393.97,538.49,209.59,49.21,1,0,0
195,2,1356.63,562.03,130.22,41.55,1,1,0
195,3,1034.87,576.72,76.99,19.45,1,1,0
195,8,858.19,562.21,82.96,28.22,1,0,0
195,7,930.07,582.68,68.41,17.48,1,1,0
195,5,481.73,592.40,29.97,10.77,1,1,0
195,13,436.78,596.49,5.51,9.47,1,3,0
196,1,1378.48,527.36,224.23,48.80,1,0,0
196,2,1341.32,550.52,129.50,41.60,1,1,0
196,3,1015.99,564.24,77.05,19.77,1,1,0
196,8,841.24,549.27,82.93,28.07,1,0,0
196,7,910.88,570.24,69.96,17.41,1,1,0
196,5,466.08,579.99,29.25,10.57,1,1,0
197,1,1302.99,537.09,236.67,50.25,1,0,0
197,2,1266.77,561.82,131.32,41.35,1,1,0
197,3,931.02,566.49,77.64,20.76,1,1,0
197,8,761.25,547.87,81.92,28.14,1,0,0
197,7,829.67,570.31,69.49,17.62,1,1,0
197,11,1402.02,576.00,45.18,14.09,1,2,0
197,13,386.85,570.19,28.95,10.91,1,1,0
198,1,1302.99,537.09,236.67,50.25,1,0,0
198,2,1266.77,561.82,131.32,41.35,1,1,0
198,3,931.02,566.49,77.64,20.76,1,1,0
198,8,761.25,547.87,81.92,28.14,1,0,0
198,7,829.67,570.31,69.49,17.62,1,1,0
198,11,1402.02,576.00,45.18,14.09,1,2,0
198,13,386.85,570.19,28.95,10.91,1,1,0
199,1,1325.35,533.88,238.46,48.59,1,0,0
199,2,1289.84,558.86,131.27,41.28,1,1,0
199,3,945.37,569.18,77.79,20.26,1,1,0
199,8,781.43,554.03,82.52,28.85,1,0,0
199,7,847.78,574.84,72.06,18.39,1,1,0
199,11,1467.71,570.41,44.46,14.28,1,2,0
199,13,362.87,585.24,5.70,10.69,1,3,0
199,5,401.89,582.48,29.94,11.18,1,1,0
200,1,1339.55,550.41,235.05,49.11,1,0,0
200,2,1302.19,574.73,131.83,42.45,1,1,0
200,3,956.54,585.48,77.91,19.75,1,1,0
200,8,794.10,567.75,83.04,28.45,1,0,0
200,7,859.21,589.39,73.11,18.82,1,1,0
200,11,1488.88,586.73,45.22,14.70,1,2,0
200,13,374.52,597.39,5.20,9.73,1,3,0
200,5,414.07,594.21,28.41,10.90,1,1,0
201,1,1400.39,535.27,201.52,49.29,1,0,0
201,2,1363.17,559.46,132.00,42.07,1,1,0
201,3,1013.71,571.01,77.92,19.58,1,1,0
201,8,856.19,554.54,81.55,29.26,1,0,0
201,7,918.38,574.84,75.92,19.84,1,1,0
201,11,1577.00,572.70,24.98,13.18,1,2,0
201,5,469.48,584.12,28.03,10.56,1,1,0
202,1,1439.97,543.55,162.62,48.34,1,0,0
202,2,1402.51,566.86,130.68,42.92,1,1,0
202,3,1051.10,579.47,78.37,19.82,1,1,0
202,8,896.16,562.27,84.79,28.94,1,0,0
202,7,959.13,583.34,75.26,19.04,1,1,0
202,5,505.40,589.81,29.13,11.61,1,1,0
203,1,1456.44,555.58,146.05,48.30,1,0,0
203,2,1419.46,578.63,129.13,42.95,1,1,0
203,3,1065.19,589.81,78.24,19.78,1,1,0
203,8,912.78,571.36,84.42,29.47,1,0,0
203,7,973.53,592.57,76.29,19.46,1,1,0
203,5,520.78,597.43,27.54,10.86,1,1,0
204,1,1469.62,562.17,132.77,48.76,1,0,0
204,2,1433.43,584.61,130.05,43.19,1,1,0
204,3,1079.20,595.04,78.75,19.16,1,1,0
204,8,927.50,576.29,82.59,28.72,1,0,0
204,7,988.15,597.31,76.46,19.40,1,1,0
204,5,534.08,600.30,28.18,10.83,1,1,0
205,1,1487.08,555.86,115.19,48.62,1,0,0
205,2,1450.19,577.98,129.21,43.32,1,1,0
205,3,1096.73,587.70,77.28,19.76,1,1,0
205,8,944.23,568.99,81.16,28.48,1,0,0
205,7,1004.98,590.05,76.15,19.68,1,1,0
205,5,548.86,592.94,28.66,11.10,1,1,0
206,1,1507.71,542.18,94.89,47.95,1,0,0
206,2,1472.72,564.87,127.05,43.02,1,1,0
206,3,1118.86,576.15,76.09,19.67,1,1,0
206,8,967.40,558.21,80.24,28.41,1,0,0
206,7,1028.86,578.83,74.30,19.58,1,1,0
206,5,571.00,585.12,27.64,10.79,1,1,0
206,13,341.45,585.20,12.45,10.51,1,1,0
207,1,1524.35,535.59,77.78,49.52,1,0,0
207,2,1488.72,558.96,114.03,42.90,1,1,0
207,3,1134.88,571.75,76.94,19.85,1,1,0
207,8,983.72,554.87,82.84,29.27,1,0,0
207,7,1045.64,574.69,75.14,19.66,1,1,0
207,5,586.86,584.12,28.10,10.66,1,1,0
207,13,358.30,585.29,10.48,10.06,1,1,0
208,1,1554.47,533.01,48.20,45.29,1,0,0
208,2,1519.93,555.77,82.59,42.28,1,1,0
208,3,1166.69,569.69,75.25,19.36,1,1,0
208,8,1017.29,553.01,82.94,28.89,1,0,0
208,7,1078.62,572.91,75.01,19.49,1,1,0
208,5,617.17,584.20,28.66,10.81,1,1,0
208,13,387.52,586.68,11.00,10.15,1,1,0
209,1,1586.48,544.11,15.31,45.98,1,0,0
209,2,1555.04,561.50,47.06,41.09,1,1,0
209,3,1198.68,573.44,75.17,21.03,1,1,0
209,8,1052.05,557.58,83.65,29.71,1,0,0
209,7,1112.72,577.20,75.35,20.41,1,1,0
209,5,651.62,589.51,27.04,10.87,1,1,0
210,1,1576.01,540.32,26.28,40.58,1,0,0
210,2,1541.59,562.40,61.05,40.72,1,1,0
210,3,1179.72,577.14,76.62,20.64,1,1,0
210,8,1036.06,561.84,83.06,29.90,1,0,0
210,7,1094.82,581.08,76.01,20.06,1,1,0
210,5,634.44,595.84,27.53,11.26,1,1,0
210,13,403.26,599.12,11.96,10.61,1,1,0
211,1,1576.01,540.32,26.28,40.58,1,0,0
211,2,1541.59,562.40,61.05,40.72,1,1,0
211,3,1179.72,577.14,76.62,20.64,1,1,0
211,8,1036.06,561.84,83.06,29.90,1,0,0
211,7,1094.82,581.08,76.01,20.06,1,1,0
211,5,634.44,595.84,27.53,11.26,1,1,0
211,13,403.26,599.12,11.96,10.61,1,1,0
212,2,1380.63,556.99,134.61,43.43,1,1,0
212,8,914.41,573.24,78.58,20.95,1,1,0
212,7,1000.18,570.41,76.28,20.46,1,1,0
212,13,462.35,583.06,26.65,10.54,1,1,0
213,2,1315.30,574.09,135.51,43.25,1,1,0
213,8,841.59,583.75,77.68,20.95,1,1,0
213,7,924.82,581.83,75.56,20.34,1,1,0
213,13,395.54,586.91,24.70,10.87,1,1,0
213,17,1350.15,550.69,236.22,49.25,1,0,0
213,18,784.71,563.33,83.16,28.86,1,0,0
214,2,1232.74,562.13,140.28,43.69,1,1,0
214,8,833.04,572.93,75.72,21.29,1,1,0
214,13,320.23,582.60,19.26,11.77,1,1,0
214,17,1267.72,538.67,246.20,48.45,1,0,0
214,18,752.95,576.02,77.84,21.14,1,1,0
214,1,1555.90,540.53,46.60,45.88,1,0,0
214,5,697.73,555.60,83.31,29.24,1,0,0
215,2,1221.07,565.59,140.10,43.58,1,1,0
215,8,817.04,574.39,76.13,20.49,1,1,0
215,13,319.65,581.06,6.96,10.54,1,1,0
215,17,1255.05,542.21,248.31,49.27,1,0,0
215,18,737.91,575.89,78.63,21.30,1,1,0
215,1,1544.98,543.86,57.69,46.69,1,0,0
215,5,684.86,555.33,83.16,29.18,1,0,0
216,2,1187.49,567.79,143.11,43.81,1,1,0
216,8,778.82,576.79,74.57,20.11,1,1,0
216,17,1223.17,544.23,249.93,49.52,1,0,0
216,18,700.50,578.32,78.51,20.59,1,1,0
216,1,1513.89,544.91,88.30,46.20,1,0,0
216,5,650.29,557.16,83.14,29.40,1,0,0
217,2,1148.91,567.37,143.17,44.08,1,1,0
217,8,729.20,581.67,75.95,19.18,1,1,0
217,17,1183.91,542.97,255.55,48.56,1,0,0
217,18,654.98,583.32,79.13,20.80,1,1,0
217,1,1477.40,541.37,124.23,45.82,1,0,0
217,5,608.70,562.81,82.78,28.46,1,0,0
218,2,1135.65,570.94,143.37,43.63,1,1,0
218,8,714.57,585.74,73.68,19.15,1,1,0
218,17,1169.56,546.66,258.06,48.40,1,0,0
218,18,639.64,587.67,78.63,20.93,1,1,0
218,1,1464.10,544.57,137.72,46.35,1,0,0
218,5,594.46,567.62,81.35,28.58,1,0,0
219,2,1097.30,559.47,146.27,45.08,1,1,0
219,8,669.25,571.40,75.67,18.53,1,1,0
219,17,1134.52,536.64,259.79,48.04,1,0,0
219,18,599.21,572.68,77.45,19.75,1,1,0
219,1,1434.48,536.42,167.11,46.04,1,0,0
219,5,557.23,551.52,81.88,28.40,1,0,0
220,2,1097.30,559.47,146.27,45.08,1,1,0
220,8,669.25,571.40,75.67,18.53,1,1,0
220,17,1134.52,536.64,259.79,48.04,1,0,0
220,18,599.21,572.68,77.45,19.75,1,1,0
220,1,1434.48,536.42,167.11,46.04,1,0,0
220,5,557.23,551.52,81.88,28.40,1,0,0
221,2,1083.39,559.28,147.97,44.40,1,1,0
221,8,654.47,572.60,76.10,18.80,1,1,0
221,17,1121.24,535.50,262.59,48.59,1,0,0
221,18,584.53,574.35,78.48,20.08,1,1,0
221,1,1421.02,534.42,180.53,46.09,1,0,0
221,5,544.48,553.30,81.83,28.97,1,0,0
222,2,1083.39,559.28,147.97,44.40,1,1,0
222,8,654.47,572.60,76.10,18.80,1,1,0
222,17,1121.24,535.50,262.59,48.59,1,0,0
222,18,584.53,574.35,78.48,20.08,1,1,0
222,1,1421.02,534.42,180.53,46.09,1,0,0
222,5,544.48,553.30,81.83,28.97,1,0,0
223,2,1092.05,571.72,148.88,45.80,1,1,0
223,8,656.38,579.36,74.24,19.17,1,1,0
223,17,1131.73,547.64,265.09,49.47,1,0,0
223,18,588.76,580.99,77.97,19.83,1,1,0
223,1,1436.47,549.59,165.26,46.35,1,0,0
223,5,552.27,559.04,83.47,29.26,1,0,0
224,2,1092.05,571.72,148.88,45.80,1,1,0
224,8,656.38,579.36,74.24,19.17,1,1,0
224,17,1131.73,547.64,265.09,49.47,1,0,0
224,18,588.76,580.99,77.97,19.83,1,1,0
224,1,1436.47,549.59,165.26,46.35,1,0,0
224,5,552.27,559.04,83.47,29.26,1,0,0
225,2,1128.28,582.32,148.48,45.06,1,1,0
225,8,690.61,588.89,75.32,18.98,1,1,0
225,17,1169.61,557.92,263.57,50.12,1,0,0
225,18,622.82,589.98,78.52,20.10,1,1,0
225,1,1472.60,560.08,129.31,46.94,1,0,0
225,5,587.62,567.67,83.02,28.44,1,0,0
226,8,767.65,580.77,79.35,20.57,1,1,0
226,17,1316.67,538.50,255.86,49.77,1,0,0
226,5,733.75,559.24,84.79,29.99,1,0,0
226,3,1274.00,562.55,148.68,45.60,1,1,0
226,7,838.33,578.18,71.67,19.90,1,1,0
226,13,332.21,589.54,23.97,11.35,1,1,0
227,8,767.65,580.77,79.35,20.57,1,1,0
227,17,1316.67,538.50,255.86,49.77,1,0,0
227,5,733.75,559.24,84.79,29.99,1,0,0
227,3,1274.00,562.55,148.68,45.60,1,1,0
227,7,838.33,578.18,71.67,19.90,1,1,0
227,13,332.21,589.54,23.97,11.35,1,1,0
228,8,798.62,579.18,80.38,21.29,1,1,0
228,17,1350.76,536.55,251.46,49.79,1,0,0
228,5,766.76,557.95,83.86,30.40,1,0,0
228,3,1308.16,560.26,145.67,46.32,1,1,0
228,7,869.91,577.49,71.79,20.13,1,1,0
228,13,361.42,589.60,23.59,11.38,1,1,0
229,8,858.34,584.64,81.47,20.67,1,1,0
229,17,1413.04,542.75,190.06,50.03,1,0,0
229,5,831.91,564.05,82.01,28.97,1,0,0
229,3,1372.71,566.35,143.45,45.93,1,1,0
229,7,932.95,582.89,67.16,18.61,1,1,0
229,13,387.27,597.36,5.23,9.38,1,3,0
229,20,420.33,593.49,21.07,10.74,1,1,0
230,8,865.46,572.73,81.79,20.73,1,1,0
230,17,1422.37,533.75,180.73,49.83,1,0,0
230,5,839.54,551.80,82.68,29.11,1,0,0
230,3,1380.81,557.48,144.83,45.55,1,1,0
230,7,938.37,571.27,67.78,18.31,1,1,0
230,13,393.46,583.46,5.53,10.37,1,3,0
230,20,428.37,580.10,19.31,10.86,1,1,0
231,8,867.88,574.52,82.81,20.38,1,1,0
231,17,1427.97,531.98,175.07,50.95,1,0,0
231,5,844.49,553.25,81.96,29.49,1,0,0
231,3,1387.76,556.25,143.57,46.06,1,1,0
231,7,943.04,572.69,66.46,18.76,1,1,0
231,13,398.06,587.77,5.49,9.76,1,3,0
231,20,429.71,583.98,22.37,10.65,1,1,0
232,8,867.88,574.52,82.81,20.38,1,1,0
232,17,1427.97,531.98,175.07,50.95,1,0,0
232,5,844.49,553.25,81.96,29.49,1,0,0
232,3,1387.76,556.25,143.57,46.06,1,1,0
232,7,943.04,572.69,66.46,18.76,1,1,0
232,13,398.06,587.77,5.49,9.76,1,3,0
232,20,429.71,583.98,22.37,10.65,1,1,0
233,8,853.29,584.45,82.57,20.58,1,1,0
233,17,1417.49,542.82,185.36,49.93,1,0,0
233,5,832.17,563.68,80.95,29.00,1,0,0
233,3,1377.13,566.12,146.18,46.39,1,1,0
233,7,925.30,582.35,67.28,19.00,1,1,0
233,13,385.13,596.65,5.65,10.01,1,3,0
233,20,416.54,592.97,21.78,11.08,1,1,0
234,8,853.29,584.45,82.57,20.58,1,1,0
234,17,1417.49,542.82,185.36,49.93,1,0,0
234,5,832.17,563.68,80.95,29.00,1,0,0
234,3,1377.13,566.12,146.18,46.39,1,1,0
234,7,925.30,582.35,67.28,19.00,1,1,0
234,13,385.13,596.65,5.65,10.01,1,3,0
234,20,416.54,592.97,21.78,11.08,1,1,0
235,8,840.34,587.88,83.47,20.55,1,1,0
235,17,1409.59,546.09,193.34,50.98,1,0,0
235,5,820.51,566.66,81.65,28.89,1,0,0
235,3,1368.57,570.17,145.26,46.85,1,1,0
235,7,912.41,585.63,67.77,19.06,1,1,0
235,13,374.90,598.99,5.36,9.41,1,3,0
235,20,405.70,594.97,21.53,11.02,1,1,0
236,8,772.38,577.79,80.32,20.57,1,1,0
236,17,1347.80,532.32,254.42,50.07,1,0,0
236,5,753.19,555.69,79.83,28.93,1,0,0
236,3,1306.70,557.27,150.47,47.13,1,1,0
236,7,843.96,575.09,62.49,19.01,1,1,0
236,13,344.07,587.98,20.33,10.82,1,1,0
237,8,772.38,577.79,80.32,20.57,1,1,0
237,17,1347.80,532.32,254.42,50.07,1,0,0
237,5,753.19,555.69,79.83,28.93,1,0,0
237,3,1306.70,557.27,150.47,47.13,1,1,0
237,7,843.96,575.09,62.49,19.01,1,1,0
237,13,344.07,587.98,20.33,10.82,1,1,0
238,8,772.38,577.79,80.32,20.57,1,1,0
238,17,1347.80,532.32,254.42,50.07,1,0,0
238,5,753.19,555.69,79.83,28.93,1,0,0
238,3,1306.70,557.27,150.47,47.13,1,1,0
238,7,843.96,575.09,62.49,19.01,1,1,0
238,13,344.07,587.98,20.33,10.82,1,1,0
239,8,740.45,582.14,81.59,21.05,1,1,0
239,17,1317.92,539.05,261.26,50.30,1,0,0
239,5,723.09,561.21,80.84,28.51,1,0,0
239,3,1279.10,563.65,151.59,46.39,1,1,0
239,7,812.92,580.64,61.71,18.87,1,1,0
239,13,320.76,590.13,16.58,12.40,1,1,0
240,8,660.78,575.01,80.40,20.23,1,1,0
240,17,1249.22,533.66,266.85,51.64,1,0,0
240,5,645.87,553.18,83.52,27.64,1,0,0
240,3,1207.07,558.17,155.78,48.14,1,1,0
240,7,730.48,573.43,61.37,18.19,1,1,0
240,1,1556.05,532.36,46.04,48.74,1,0,0
241,8,657.51,581.51,79.37,20.51,1,1,0
241,17,1244.23,542.94,267.69,51.89,1,0,0
241,5,643.00,560.06,80.16,29.04,1,0,0
241,3,1204.04,567.99,155.85,47.13,1,1,0
241,7,726.16,580.99,59.87,17.42,1,1,0
241,1,1552.18,571.46,50.07,19.77,1,0,0
242,8,637.82,575.28,76.95,20.50,1,1,0
242,17,1233.36,531.29,267.58,51.96,1,0,0
242,5,626.37,553.31,81.16,29.08,1,0,0
242,3,1190.04,556.61,157.15,47.37,1,1,0
242,7,703.78,573.65,59.01,18.18,1,1,0
242,1,1543.89,530.07,58.26,48.32,1,0,0
243,8,616.99,566.47,78.73,20.39,1,1,0
243,17,1216.13,522.65,271.36,50.99,1,0,0
243,5,607.91,544.63,82.47,28.42,1,0,0
243,3,1171.63,547.23,158.61,47.53,1,1,0
243,7,685.25,565.54,56.44,17.33,1,1,0
243,1,1528.82,522.11,73.47,47.25,1,0,0
244,8,549.70,550.96,77.18,21.15,1,1,0
244,17,1154.80,516.03,274.95,52.17,1,0,0
244,5,546.42,528.99,84.44,24.67,1,0,0
244,3,1108.48,540.27,161.09,48.19,1,1,0
244,7,619.26,550.97,52.15,17.39,1,1,0
244,1,1474.09,517.65,127.97,48.67,1,0,0
245,8,535.12,538.84,77.06,21.67,1,1,0
245,17,1141.77,501.23,275.51,52.52,1,0,0
245,5,533.66,516.90,84.87,22.53,1,0,0
245,3,1093.32,525.96,162.72,48.59,1,1,0
245,7,604.24,538.89,51.99,17.74,1,1,0
245,1,1462.46,503.46,139.58,48.84,1,0,0
246,8,483.26,519.80,74.12,20.41,1,1,0
246,17,1091.15,483.75,281.67,53.36,1,0,0
246,5,486.65,496.85,80.30,20.96,1,0,0
246,3,1041.21,509.34,164.02,48.38,1,1,0
246,7,550.08,519.72,51.39,17.18,1,1,0
246,1,1418.02,487.59,183.22,49.44,1,0,0
247,8,468.20,522.38,76.71,21.83,1,1,0
247,17,1079.06,489.62,284.62,51.93,1,0,0
247,5,477.10,500.73,79.78,20.76,1,0,0
247,3,1028.59,513.85,163.95,48.12,1,1,0
247,7,537.04,523.73,50.97,16.99,1,1,0
247,1,1409.01,491.52,192.76,49.81,1,0,0
248,8,465.13,523.82,76.36,22.00,1,1,0
248,17,1080.78,490.39,287.14,52.29,1,0,0
248,5,478.92,502.33,79.45,19.21,1,0,0
248,3,1027.92,515.28,164.20,48.12,1,1,0
248,7,531.92,524.47,52.06,17.39,1,1,0
248,1,1414.92,493.26,186.90,49.99,1,0,0
249,8,478.53,529.99,75.34,21.89,1,1,0
249,17,1096.56,493.37,287.67,52.82,1,0,0
249,5,492.69,507.75,78.96,21.23,1,0,0
249,3,1040.72,519.65,164.83,47.83,1,1,0
249,7,545.36,530.10,51.56,17.44,1,1,0
249,1,1430.46,496.16,171.14,49.44,1,0,0
250,8,556.86,533.86,76.41,21.34,1,1,0
250,17,1186.48,498.79,283.62,52.80,1,0,0
250,5,576.81,511.14,79.20,20.69,1,0,0
250,3,1125.46,523.40,161.77,49.43,1,1,0
250,7,625.84,533.82,49.83,17.73,1,1,0
250,1,1513.89,502.28,88.37,48.73,1,0,0
251,8,585.33,526.22,75.90,21.60,1,1,0
251,17,1214.06,490.35,285.63,52.00,1,0,0
251,5,607.31,503.09,80.80,21.12,1,0,0
251,3,1154.43,516.75,160.73,47.43,1,1,0
251,7,652.95,526.11,51.17,17.45,1,1,0
251,1,1544.21,496.32,58.08,46.25,1,0,0
252,8,712.36,530.85,79.11,22.58,1,1,0
252,17,1342.76,494.94,259.89,53.57,1,0,0
252,5,742.13,508.84,78.74,21.34,1,0,0
252,3,1284.34,521.34,155.45,48.43,1,1,0
252,7,784.55,531.83,50.03,17.56,1,1,0
252,13,320.21,536.45,18.81,12.80,1,1,0
253,8,756.00,523.80,76.70,21.96,1,1,0
253,17,1385.68,486.70,217.55,53.72,1,0,0
253,5,786.75,501.55,75.93,21.44,1,0,0
253,3,1323.85,512.20,155.00,49.03,1,1,0
253,7,828.30,523.54,47.34,16.91,1,1,0
253,13,324.96,535.68,6.65,10.97,1,3,0
253,20,354.42,531.17,24.35,11.52,1,1,0
254,8,881.95,529.43,78.87,23.05,1,1,0
254,17,1446.23,521.08,146.99,47.25,1,1,0
254,5,918.48,507.72,78.08,21.25,1,0,0
254,7,952.91,530.44,49.56,17.41,1,1,0
254,13,445.75,541.30,5.82,10.53,1,3,0
254,20,474.80,537.09,25.91,10.96,1,1,0
254,1,1503.52,494.04,98.82,52.01,1,0,0
255,8,916.70,529.40,78.59,23.45,1,1,0
255,17,1478.82,521.30,124.05,47.80,1,1,0
255,5,953.77,507.57,79.12,21.50,1,0,0
255,7,987.58,530.22,49.09,17.73,1,1,0
255,20,508.01,536.74,26.90,11.50,1,1,0
255,1,1535.34,495.07,67.53,48.01,1,0,0
256,8,1034.10,542.44,77.25,23.00,1,1,0
256,5,1077.18,520.21,79.40,20.61,1,0,0
256,7,1105.01,541.99,46.00,18.73,1,1,0
256,20,593.15,556.44,7.04,10.10,1,3,0
256,1,1584.99,532.78,16.90,47.13,1,1,0
256,13,394.57,552.22,14.97,11.10,1,1,0
257,8,1066.22,521.22,75.31,22.67,1,1,0
257,5,1109.10,499.30,75.49,19.70,1,0,0
257,7,1134.39,521.34,46.34,18.00,1,1,0
257,20,624.25,534.62,6.91,9.53,1,3,0
257,21,653.14,529.31,28.75,11.26,1,1,0
257,13,423.97,529.31,14.63,11.62,1,1,0
258,8,1129.47,544.85,75.42,21.94,1,1,0
258,5,1180.98,521.94,81.60,20.55,1,0,0
258,7,1198.52,543.93,45.45,18.48,1,1,0
258,21,723.28,553.54,28.77,10.98,1,1,0
258,13,490.59,553.39,15.46,11.44,1,1,0
259,8,1125.76,538.94,75.25,22.40,1,1,0
259,5,1181.31,516.57,81.38,23.31,1,0,0
259,7,1196.16,539.09,43.70,18.36,1,1,0
259,21,721.90,545.71,27.97,11.11,1,1,0
259,13,489.16,544.47,14.76,11.74,1,1,0
260,8,1121.18,533.84,73.70,21.91,1,1,0
260,5,1174.47,510.92,85.93,31.68,1,0,0
260,7,1190.37,533.41,43.15,18.40,1,1,0
260,21,715.90,541.16,29.27,11.36,1,1,0
260,13,484.15,541.14,15.20,11.30,1,1,0
260,20,687.90,545.59,6.67,10.23,1,3,0
261,8,1113.93,526.86,74.91,22.32,1,1,0
261,5,1171.47,503.92,85.92,37.00,1,0,0
261,7,1184.04,525.00,42.67,19.50,1,1,0
261,21,711.21,537.32,28.31,10.95,1,1,0
261,13,479.60,539.26,14.60,10.89,1,1,0
262,8,1101.62,523.90,74.09,22.19,1,1,0
262,5,1158.25,500.80,89.27,36.33,1,0,0
262,7,1171.73,521.94,42.52,19.24,1,1,0
262,21,699.30,534.53,28.80,11.18,1,1,0
262,13,469.21,537.43,14.09,10.93,1,1,0
263,8,1082.54,518.89,74.61,22.53,1,1,0
263,5,1143.15,496.19,87.26,36.27,1,0,0
263,7,1151.78,517.64,44.30,19.44,1,1,0
263,21,682.58,529.64,28.48,11.03,1,1,0
263,13,452.83,531.88,13.59,11.11,1,1,0
263,20,653.98,535.20,7.14,9.40,1,3,0
264,8,1059.23,522.43,74.18,22.37,1,1,0
264,5,1121.34,499.56,86.93,35.78,1,0,0
264,7,1127.08,521.12,44.52,19.38,1,1,0
264,21,660.91,530.56,27.48,10.69,1,1,0
264,13,431.36,530.88,14.93,10.50,1,1,0
264,20,632.64,535.12,5.94,9.90,1,3,0
265,8,968.50,528.12,72.56,22.21,1,1,0
265,5,1032.53,505.29,87.08,35.00,1,0,0
265,7,1035.29,527.01,43.52,19.10,1,1,0
265,13,351.87,538.81,14.43,10.58,1,1,0
265,20,573.87,536.79,29.33,11.07,1,1,0
265,3,1520.13,516.88,81.95,47.43,1,1,0
266,8,935.67,526.92,74.15,21.94,1,1,0
266,5,1001.48,503.60,87.48,35.11,1,0,0
266,7,1003.18,525.40,42.24,18.69,1,1,0
266,13,324.57,535.69,12.96,11.31,1,1,0
266,20,544.72,534.38,28.43,11.69,1,1,0
266,3,1489.23,514.91,113.43,47.91,1,1,0
266,21,519.08,540.25,6.73,9.68,1,3,0
267,8,910.80,538.25,73.03,22.19,1,1,0
267,5,977.47,516.05,85.98,34.99,1,0,0
267,7,978.10,537.44,42.27,18.65,1,1,0
267,20,522.56,544.08,27.99,11.69,1,1,0
267,3,1466.46,527.70,136.92,48.12,1,1,0
267,21,497.16,549.60,6.29,9.51,1,3,0
267,1,1573.12,505.61,29.31,47.74,1,0,0
268,8,888.86,545.21,73.19,22.28,1,1,0
268,5,957.63,523.47,86.81,35.22,1,0,0
268,7,955.14,543.74,43.39,19.17,1,1,0
268,20,502.43,550.16,28.51,11.77,1,1,0
268,3,1444.97,536.06,139.14,47.88,1,1,0
268,1,1553.92,511.32,49.19,53.22,1,0,0
269,8,871.33,540.01,71.82,22.61,1,1,0
269,5,940.35,517.89,86.06,35.31,1,0,0
269,7,937.69,539.09,42.20,19.10,1,1,0
269,20,486.44,545.86,28.05,11.51,1,1,0
269,3,1427.84,530.16,139.77,47.94,1,1,0
269,1,1536.36,505.35,66.61,52.94,1,0,0
269,21,461.99,551.59,5.97,8.89,1,3,0
270,8,837.98,517.90,71.73,22.95,1,1,0
270,5,908.29,495.76,85.02,34.55,1,0,0
270,7,902.82,516.73,42.37,19.91,1,1,0
270,20,456.15,527.36,27.89,11.76,1,1,0
270,3,1394.97,505.79,140.97,47.76,1,1,0
270,1,1501.70,479.58,101.37,53.37,1,0,0
271,8,814.06,506.33,70.75,22.47,1,1,0
271,5,884.95,482.85,85.01,34.77,1,0,0
271,7,878.07,505.34,42.82,18.86,1,1,0
271,20,434.43,516.84,28.54,11.21,1,1,0
271,3,1371.09,492.40,141.88,48.14,1,1,0
271,1,1479.07,465.67,124.06,54.40,1,0,0
271,21,411.37,523.27,6.16,9.06,1,3,0
272,8,797.49,519.20,70.96,22.76,1,1,0
272,5,869.98,496.74,83.19,34.00,1,0,0
272,7,862.01,519.09,41.60,18.24,1,1,0
272,20,419.08,528.59,29.91,11.85,1,1,0
272,3,1354.58,505.75,143.20,48.63,1,1,0
272,1,1465.89,480.48,137.11,53.29,1,0,0
272,21,397.09,535.03,5.84,9.54,1,3,0
273,8,759.76,545.71,70.56,22.67,1,1,0
273,5,835.11,525.05,83.12,34.42,1,0,0
273,7,822.80,546.30,41.02,18.04,1,1,0
273,20,387.70,550.46,28.22,12.30,1,1,0
273,3,1316.38,536.75,141.67,48.01,1,1,0
273,1,1430.52,511.33,172.11,52.91,1,0,0
274,8,759.76,545.71,70.56,22.67,1,1,0
274,5,835.11,525.05,83.12,34.42,1,0,0
274,7,822.80,546.30,41.02,18.04,1,1,0
274,20,387.70,550.46,28.22,12.30,1,1,0
274,3,1316.38,536.75,141.67,48.01,1,1,0
274,1,1430.52,511.33,172.11,52.91,1,0,0
275,8,716.53,550.42,67.37,22.43,1,1,0
275,5,797.36,531.14,81.53,31.62,1,0,0
275,7,776.85,550.49,40.94,17.53,1,1,0
275,20,352.32,556.73,28.24,11.99,1,1,0
275,3,1271.83,538.21,139.01,46.51,1,1,0
275,1,1394.70,511.88,208.09,52.57,1,0,0
276,8,710.60,537.27,66.12,22.32,1,1,0
276,5,793.08,518.46,80.14,31.87,1,0,0
276,7,768.84,537.26,40.99,17.66,1,1,0
276,20,346.87,543.85,28.66,12.19,1,1,0
276,3,1264.17,525.99,139.06,46.88,1,1,0
276,1,1388.85,499.02,213.82,53.47,1,0,0
276,21,326.17,549.60,5.31,9.48,1,3,0
277,8,679.00,536.56,65.08,22.58,1,1,0
277,5,768.10,519.67,79.11,30.54,1,0,0
277,7,735.48,537.62,39.84,17.04,1,1,0
277,20,321.46,542.63,29.73,12.94,1,1,0
277,3,1229.35,525.41,138.28,45.81,1,1,0
277,1,1365.60,498.00,236.83,53.05,1,0,0
278,8,673.18,531.89,64.92,23.12,1,1,0
278,5,762.90,515.42,79.65,31.51,1,0,0
278,7,730.14,533.38,39.36,16.74,1,1,0
278,20,320.38,538.08,25.91,12.85,1,1,0
278,3,1224.50,522.86,136.92,45.67,1,1,0
278,1,1360.21,495.25,242.25,53.19,1,0,0
279,8,660.26,537.16,62.44,22.47,1,1,0
279,5,750.78,520.14,81.14,30.92,1,0,0
279,7,714.71,538.16,37.72,16.95,1,1,0
279,20,320.52,544.52,15.71,13.33,1,1,0
279,3,1208.88,525.31,136.57,45.23,1,1,0
279,1,1351.29,496.31,250.88,52.71,1,0,0
280,8,654.02,548.53,62.63,22.53,1,1,0
280,5,746.80,531.85,79.02,30.31,1,0,0
280,7,708.87,549.61,38.18,16.94,1,1,0
280,20,320.19,555.62,12.21,12.70,1,1,0
280,3,1202.78,537.00,136.91,45.56,1,1,0
280,1,1346.93,508.27,255.01,52.64,1,0,0
281,8,651.36,548.71,60.49,22.33,1,1,0
281,5,744.72,531.66,79.57,30.76,1,0,0
281,7,706.54,549.68,35.68,17.12,1,1,0
281,3,1198.52,536.90,136.37,45.91,1,1,0
281,1,1343.45,508.65,259.07,52.11,1,0,0
282,8,649.19,539.91,61.50,21.71,1,1,0
282,5,743.22,522.74,80.04,29.90,1,0,0
282,7,703.27,540.61,36.92,16.77,1,1,0
282,3,1196.86,527.32,135.95,45.78,1,1,0
282,1,1342.89,499.19,259.25,52.11,1,0,0
283,8,648.77,533.37,61.26,22.27,1,1,0
283,5,743.49,517.10,79.54,30.36,1,0,0
283,7,702.59,534.60,35.96,16.60,1,1,0
283,3,1195.93,521.93,135.67,45.30,1,1,0
283,1,1343.98,493.54,258.62,51.80,1,0,0
284,8,648.73,532.18,62.07,22.49,1,1,0
284,5,745.11,516.20,80.19,30.98,1,0,0
284,7,703.50,533.99,35.28,16.41,1,1,0
284,3,1196.22,522.23,134.96,44.77,1,1,0
284,1,1346.40,493.53,255.42,52.13,1,0,0
285,8,644.74,533.17,60.58,22.17,1,1,0
285,5,742.63,517.16,79.63,30.84,1,0,0
285,7,696.67,534.99,36.23,15.98,1,1,0
285,3,1191.06,524.83,135.45,45.02,1,1,0
285,1,1343.54,497.66,258.37,52.11,1,0,0
286,8,640.04,549.25,59.36,21.46,1,1,0
286,5,739.17,531.78,82.00,30.37,1,0,0
286,7,692.86,549.82,32.73,16.49,1,1,0
286,3,1185.95,536.23,134.08,43.56,1,1,0
286,1,1342.95,505.67,259.26,51.48,1,0,0
287,8,642.14,542.15,58.98,20.94,1,1,0
287,5,744.37,524.72,79.37,30.57,1,0,0
287,7,692.52,542.78,33.84,16.34,1,1,0
287,3,1188.73,530.69,133.85,43.89,1,1,0
287,1,1347.02,500.44,254.64,53.22,1,0,0
288,8,650.28,543.73,59.61,21.48,1,1,0
288,5,756.26,526.29,81.07,30.81,1,0,0
288,7,699.52,544.08,33.53,16.87,1,1,0
288,3,1197.49,532.81,132.94,43.63,1,1,0
288,1,1359.97,502.07,242.54,53.42,1,0,0
288,20,320.57,550.25,15.05,12.61,1,1,0
289,8,650.28,543.73,59.61,21.48,1,1,0
289,5,756.26,526.29,81.07,30.81,1,0,0
289,7,699.52,544.08,33.53,16.87,1,1,0
289,3,1197.49,532.81,132.94,43.63,1,1,0
289,1,1359.97,502.07,242.54,53.42,1,0,0
289,20,320.57,550.25,15.05,12.61,1,1,0
290,8,653.92,528.26,58.85,21.30,1,1,0
290,5,763.33,511.03,82.51,30.24,1,0,0
290,7,702.91,528.57,30.94,16.89,1,1,0
290,3,1201.74,516.33,132.53,43.98,1,1,0
290,1,1370.22,488.30,232.50,51.48,1,0,0
290,20,320.18,534.80,21.49,13.09,1,1,0
291,8,662.31,548.94,58.74,21.08,1,1,0
291,5,773.07,532.06,81.06,30.54,1,0,0
291,7,710.35,549.46,30.86,16.40,1,1,0
291,3,1208.81,538.65,133.19,44.44,1,1,0
291,1,1379.87,509.83,222.80,52.77,1,0,0
291,20,320.34,552.35,29.43,13.99,1,1,0
292,8,671.10,556.72,57.24,20.73,1,1,0
292,5,782.85,539.57,81.87,30.31,1,0,0
292,7,716.22,556.55,32.12,16.42,1,1,0
292,3,1216.20,544.71,133.52,43.86,1,1,0
292,1,1388.92,515.42,213.61,52.10,1,0,0
292,20,325.91,561.12,31.15,12.73,1,1,0
293,8,675.77,548.27,57.19,21.27,1,1,0
293,5,787.34,530.59,84.37,30.56,1,0,0
293,7,722.55,548.84,29.86,15.98,1,1,0
293,3,1221.20,535.24,133.75,44.07,1,1,0
293,1,1394.78,506.18,207.90,51.76,1,0,0
293,20,330.32,553.24,31.91,13.68,1,1,0
294,8,682.25,536.26,56.31,21.60,1,1,0
294,5,795.83,520.07,80.95,30.30,1,0,0
294,7,726.73,536.60,30.25,16.84,1,1,0
294,3,1227.59,525.72,132.94,44.55,1,1,0
294,1,1404.21,497.06,198.50,52.91,1,0,0
294,20,336.74,541.50,31.46,13.30,1,1,0
295,8,685.63,548.50,57.08,21.38,1,1,0
295,5,801.81,530.71,80.71,31.05,1,0,0
295,7,729.71,547.92,30.39,16.83,1,1,0
295,3,1232.24,536.95,133.15,44.51,1,1,0
295,1,1408.79,507.20,193.82,53.31,1,0,0
295,20,340.14,552.41,32.85,13.93,1,1,0
295,13,325.06,558.02,6.93,11.41,1,3,0
296,8,692.98,545.36,57.18,20.93,1,1,0
296,5,813.45,527.59,83.45,30.55,1,0,0
296,7,734.97,544.55,30.27,17.60,1,1,0
296,3,1238.56,532.71,135.47,44.86,1,1,0
296,1,1422.00,504.40,180.55,52.21,1,0,0
296,20,348.11,550.26,33.24,13.34,1,1,0
297,8,695.73,553.49,56.23,20.26,1,1,0
297,5,818.11,536.89,81.85,30.12,1,0,0
297,7,738.41,553.64,27.35,16.58,1,1,0
297,3,1242.14,542.95,134.03,44.78,1,1,0
297,1,1425.85,514.39,176.59,52.91,1,0,0
297,20,351.85,556.78,31.90,12.72,1,1,0
297,13,337.89,561.60,5.57,10.98,1,3,0
298,8,704.84,540.19,53.07,21.00,1,1,0
298,5,825.91,522.02,81.27,29.86,1,0,0
298,7,741.34,539.77,26.14,16.75,1,1,0
298,3,1248.12,523.90,134.69,45.42,1,1,0
298,1,1435.22,494.86,167.33,51.68,1,0,0
298,20,358.28,547.58,32.60,13.93,1,1,0
298,13,343.99,553.00,5.96,11.58,1,3,0
299,8,703.11,538.54,54.45,20.48,1,1,0
299,5,826.01,521.39,81.14,29.90,1,0,0
299,7,739.95,537.48,26.57,17.63,1,1,0
299,3,1248.34,527.89,134.72,45.18,1,1,0
299,1,1435.94,500.58,166.63,52.67,1,0,0
299,20,358.39,542.23,31.92,12.92,1,1,0
300,8,705.42,547.86,56.38,21.56,1,1,0
300,5,833.33,529.26,82.30,30.16,1,0,0
300,3,1250.68,529.39,138.14,45.81,1,1,0
300,1,1443.78,499.82,158.91,52.62,1,0,0
300,20,361.48,555.74,33.54,14.03,1,1,0
300,13,349.61,563.20,5.93,10.38,1,3,0
301,8,705.42,547.86,56.38,21.56,1,1,0
301,5,833.33,529.26,82.30,30.16,1,0,0
301,3,1250.68,529.39,138.14,45.81,1,1,0
301,1,1443.78,499.82,158.91,52.62,1,0,0
301,20,361.48,555.74,33.54,14.03,1,1,0
301,13,349.61,563.20,5.93,10.38,1,3,0
302,8,709.27,544.79,50.65,21.15,1,1,0
302,5,835.72,525.67,82.80,30.04,1,0,0
302,3,1249.82,527.20,139.90,46.17,1,1,0
302,1,1448.08,496.49,154.09,53.98,1,0,0
302,20,360.46,550.83,35.34,14.10,1,1,0
302,13,350.86,558.89,5.94,9.90,1,3,0
303,8,715.04,550.77,49.28,20.66,1,1,0
303,5,840.74,531.71,82.96,30.33,1,0,0
303,3,1252.35,534.03,142.87,46.00,1,1,0
303,1,1454.23,504.62,148.46,53.34,1,0,0
303,20,364.34,555.63,35.63,13.95,1,1,0
304,8,715.04,550.77,49.28,20.66,1,1,0
304,5,840.74,531.71,82.96,30.33,1,0,0
304,3,1252.35,534.03,142.87,46.00,1,1,0
304,1,1454.23,504.62,148.46,53.34,1,0,0
304,20,364.34,555.63,35.63,13.95,1,1,0
305,8,720.83,543.19,48.57,20.86,1,1,0
305,5,849.74,524.79,82.64,30.42,1,0,0
305,3,1257.99,529.29,144.74,45.31,1,1,0
305,1,1464.61,499.79,137.98,53.62,1,0,0
305,20,370.01,547.32,36.64,14.17,1,1,0
306,8,720.83,543.19,48.57,20.86,1,1,0
306,5,849.74,524.79,82.64,30.42,1,0,0
306,3,1257.99,529.29,144.74,45.31,1,1,0
306,1,1464.61,499.79,137.98,53.62,1,0,0
306,20,370.01,547.32,36.64,14.17,1,1,0
307,8,723.47,550.83,48.27,21.03,1,1,0
307,5,852.68,531.73,84.46,30.57,1,0,0
307,3,1260.42,537.19,146.24,46.14,1,1,0
307,1,1468.67,508.01,133.94,53.48,1,0,0
307,20,374.11,554.38,35.44,13.93,1,1,0
307,13,365.15,561.08,6.79,10.90,1,3,0
308,8,723.47,550.83,48.27,21.03,1,1,0
308,5,852.68,531.73,84.46,30.57,1,0,0
308,3,1260.42,537.19,146.24,46.14,1,1,0
308,1,1468.67,508.01,133.94,53.48,1,0,0
308,20,374.11,554.38,35.44,13.93,1,1,0
308,13,365.15,561.08,6.79,10.90,1,3,0
309,8,731.27,534.26,46.26,20.56,1,1,0
309,5,860.84,512.72,87.67,31.48,1,0,0
309,3,1265.36,515.92,148.26,45.51,1,1,0
309,1,1477.97,486.06,124.82,53.69,1,0,0
309,20,378.59,540.68,36.94,13.93,1,1,0
309,7,702.23,532.39,54.97,18.43,1,1,0
310,8,732.77,543.33,46.76,20.87,1,1,0
310,5,864.49,523.84,85.44,30.44,1,0,0
310,3,1266.19,527.48,149.62,45.51,1,1,0
310,1,1480.94,499.23,122.14,52.03,1,0,0
310,20,382.60,549.03,35.07,13.34,1,1,0
311,8,734.46,551.34,47.59,20.85,1,1,0
311,5,865.83,533.50,86.59,30.61,1,0,0
311,3,1268.86,539.25,149.79,45.14,1,1,0
311,1,1483.55,511.16,119.06,52.75,1,0,0
311,20,384.28,554.42,35.27,13.72,1,1,0
311,13,375.82,562.20,6.28,9.32,1,3,0
311,7,705.18,549.97,54.51,18.05,1,1,0
312,8,734.42,534.33,47.19,21.08,1,1,0
312,5,868.29,514.52,85.81,31.19,1,0,0
312,3,1267.78,519.23,152.16,44.95,1,1,0
312,1,1486.40,489.76,116.43,53.66,1,0,0
312,20,383.95,539.31,36.41,13.65,1,1,0
312,13,377.26,547.70,6.09,9.02,1,3,0
312,7,703.12,532.93,58.73,18.55,1,1,0
313,8,734.42,534.33,47.19,21.08,1,1,0
313,5,868.29,514.52,85.81,31.19,1,0,0
313,3,1267.78,519.23,152.16,44.95,1,1,0
313,1,1486.40,489.76,116.43,53.66,1,0,0
313,20,383.95,539.31,36.41,13.65,1,1,0
313,13,377.26,547.70,6.09,9.02,1,3,0
313,7,703.12,532.93,58.73,18.55,1,1,0
314,8,730.58,542.48,47.17,21.04,1,1,0
314,5,867.49,524.31,85.65,31.01,1,0,0
314,3,1260.20,531.49,158.16,44.43,1,1,0
314,1,1488.60,501.76,114.11,53.57,1,0,0
314,20,382.13,544.95,34.92,14.26,1,1,0
314,13,374.70,553.03,5.30,9.59,1,3,0
314,7,693.78,541.53,52.94,17.19,1,1,0
315,8,740.28,543.27,47.64,21.07,1,1,0
315,5,877.27,524.02,87.02,31.33,1,0,0
315,3,1270.83,527.70,156.96,45.42,1,1,0
315,1,1498.77,497.76,103.96,54.48,1,0,0
315,20,392.87,547.96,34.15,13.76,1,1,0
315,7,703.92,541.49,54.52,17.94,1,1,0
316,8,747.73,535.03,45.93,20.46,1,1,0
316,5,884.25,515.63,89.96,32.28,1,0,0
316,3,1273.82,524.42,160.94,44.63,1,1,0
316,1,1508.49,495.12,94.35,54.02,1,0,0
316,20,396.03,537.18,36.87,13.76,1,1,0
316,7,705.75,532.78,55.50,17.21,1,1,0
317,8,746.95,545.18,46.63,20.78,1,1,0
317,5,884.32,523.94,89.01,31.64,1,0,0
317,3,1272.27,528.15,162.00,45.31,1,1,0
317,1,1509.28,496.63,93.53,55.33,1,0,0
317,20,395.19,550.10,36.98,14.10,1,1,0
317,7,701.59,543.73,56.33,17.65,1,1,0
317,13,389.24,559.97,6.63,8.52,1,3,0
318,8,735.64,545.29,46.51,20.52,1,1,0
318,5,874.61,524.78,88.50,31.17,1,0,0
318,3,1257.22,529.05,168.07,45.80,1,1,0
318,1,1503.06,499.37,99.64,54.32,1,0,0
318,20,386.99,549.70,35.43,13.66,1,1,0
318,7,686.87,543.26,56.93,17.71,1,1,0
319,8,738.36,558.75,46.99,21.11,1,1,0
319,5,877.54,538.64,90.13,31.75,1,0,0
319,3,1259.46,539.98,168.58,45.48,1,1,0
319,1,1506.76,510.10,95.89,53.55,1,0,0
319,20,387.23,564.16,37.76,13.93,1,1,0
319,7,687.28,557.58,59.14,17.83,1,1,0
320,8,669.25,558.82,45.51,20.32,1,1,0
320,5,809.32,536.17,89.44,31.35,1,0,0
320,3,1188.35,535.05,173.86,45.61,1,1,0
320,1,1442.30,500.65,160.62,54.34,1,0,0
320,20,324.31,566.83,35.51,15.08,1,1,0
320,7,614.10,557.43,62.20,17.26,1,1,0
320,13,321.53,574.85,6.68,11.01,1,3,0
321,8,588.70,582.95,46.68,21.09,1,1,0
321,5,729.16,560.63,89.44,30.15,1,0,0
321,3,1108.97,554.63,175.61,45.65,1,1,0
321,1,1366.18,516.30,236.62,55.32,1,0,0
321,7,536.83,582.92,65.22,17.12,1,1,0
322,5,655.93,580.93,168.42,43.80,1,1,0
322,1,1317.43,531.96,283.10,56.85,1,0,0
322,20,319.87,578.34,57.52,32.22,1,0,0
323,5,655.93,580.93,168.42,43.80,1,1,0
323,1,1317.43,531.96,283.10,56.85,1,0,0
323,22,914.21,540.89,342.32,54.39,1,0,0
323,20,319.87,578.34,57.52,32.22,1,0,0
324,22,741.79,563.33,429.95,55.35,1,0,0
325,22,678.86,562.92,430.28,54.44,1,0,0
325,23,320.67,552.88,298.49,62.84,1,0,0
326,22,678.86,562.92,430.28,54.44,1,0,0
326,23,320.67,552.88,298.49,62.84,1,0,0
327,22,590.65,564.35,430.79,55.42,1,0,0
327,23,320.19,577.62,210.59,37.86,1,0,0
328,22,557.45,599.04,433.43,54.09,1,0,0
328,23,320.88,618.12,177.79,37.29,1,0,0
329,22,527.31,616.57,431.83,54.38,1,0,0
329,23,320.43,634.89,146.46,37.98,1,0,0
330,22,431.96,630.28,428.78,55.34,1,0,0
330,20,320.06,646.04,52.63,38.63,1,0,0
331,22,422.67,631.32,430.17,55.42,1,0,0
331,24,1558.74,655.68,18.35,7.76,1,2,0
331,20,320.14,648.92,45.35,37.71,1,0,0
332,22,385.09,631.46,429.87,56.64,1,0,0
332,24,1534.09,659.23,17.23,8.24,1,2,0
333,22,374.81,633.56,430.69,56.41,1,0,0
333,24,1526.74,658.62,17.46,8.09,1,2,0
334,22,319.89,632.05,394.81,57.93,1,0,0
334,24,1556.26,652.63,14.32,29.18,1,3,0
335,22,319.66,629.67,375.36,56.73,1,0,0
335,24,1544.01,646.41,13.61,29.18,1,3,0
336,22,320.12,658.73,282.45,36.40,1,0,0
336,24,1477.29,654.59,13.55,25.99,1,3,0
337,22,320.52,652.61,255.99,35.97,1,0,0
337,24,1457.90,657.31,13.41,24.08,1,3,0
338,22,321.02,641.05,288.47,38.75,1,0,0
338,24,1506.61,661.80,14.85,26.21,1,3,0
339,22,320.29,631.79,335.65,39.62,1,0,0
339,24,1558.05,656.31,14.48,24.37,1,3,0
340,7,319.95,626.23,25.16,38.98,1,0,0
341,22,320.50,511.71,258.65,58.57,1,0,0
342,28,701.26,499.45,473.35,58.98,1,0,0
342,22,320.44,499.46,315.41,59.19,1,0,0
344,29,949.27,488.92,469.19,59.73,1,0,0
344,30,518.46,486.31,364.50,60.89,1,0,0
345,29,1011.53,487.47,466.79,60.27,1,0,0
345,30,577.14,483.15,367.81,62.42,1,0,0
346,29,1011.53,487.47,466.79,60.27,1,0,0
346,30,577.14,483.15,367.81,62.42,1,0,0
347,1,1248.06,490.31,353.49,59.47,1,0,0
347,28,808.70,492.72,373.50,59.62,1,0,0
348,1,1302.87,499.94,297.75,60.07,1,0,0
348,28,865.22,500.70,372.84,60.63,1,0,0
348,8,319.33,562.45,20.81,30.29,1,1,0
349,1,1302.87,499.94,297.75,60.07,1,0,0
349,28,865.22,500.70,372.84,60.63,1,0,0
349,8,319.33,562.45,20.81,30.29,1,1,0
350,1,1435.81,484.30,165.85,58.85,1,0,0
350,28,999.62,485.71,369.39,60.20,1,0,0
350,8,356.52,515.07,81.70,33.66,1,0,0
351,1,1448.78,476.22,153.15,59.83,1,0,0
351,28,1014.29,478.69,370.18,61.26,1,0,0
351,8,363.58,511.46,86.14,33.44,1,0,0
351,31,319.32,520.57,125.17,56.48,1,1,0
352,1,1460.59,498.57,141.76,60.46,1,0,0
352,28,1025.97,495.77,369.30,62.75,1,0,0
352,8,368.57,514.52,95.72,34.37,1,0,0
352,31,320.36,526.55,115.62,55.83,1,1,0
353,1,1470.74,469.68,131.39,60.98,1,0,0
353,28,1034.25,469.20,370.32,61.70,1,0,0
353,8,377.34,495.62,94.13,33.59,1,0,0
353,31,320.22,506.69,115.22,56.70,1,1,0
354,1,1504.12,487.14,98.26,59.28,1,0,0
354,28,1070.43,484.91,368.26,61.68,1,0,0
354,8,406.32,506.68,98.63,33.24,1,0,0
354,31,320.67,518.87,126.73,57.23,1,1,0
355,1,1504.12,487.14,98.26,59.28,1,0,0
355,28,1070.43,484.91,368.26,61.68,1,0,0
355,8,406.32,506.68,98.63,33.24,1,0,0
355,31,320.67,518.87,126.73,57.23,1,1,0
356,1,1547.02,546.32,55.72,21.32,1,0,0
356,28,1115.66,506.68,369.64,62.63,1,0,0
356,8,450.90,527.55,96.02,34.68,1,0,0
356,31,320.25,536.82,135.59,56.46,1,1,0
357,1,1555.86,554.26,46.67,23.37,1,0,0
357,28,1126.67,516.95,367.70,61.57,1,0,0
357,8,458.48,539.90,95.65,35.37,1,0,0
357,31,320.50,549.63,140.44,56.00,1,1,0
358,28,1183.89,452.53,364.70,61.64,1,0,0
358,8,514.47,478.68,95.59,34.66,1,0,0
358,31,321.24,491.07,176.67,54.44,1,1,0
359,28,1212.15,435.42,360.25,64.00,1,0,0
359,8,540.44,460.34,96.56,34.82,1,0,0
359,31,321.35,473.16,194.15,53.92,1,1,0
360,28,1309.32,514.56,292.25,61.19,1,0,0
360,8,635.71,539.23,97.49,36.41,1,0,0
360,31,392.66,549.23,196.91,54.45,1,1,0
361,28,1320.76,511.38,281.19,62.38,1,0,0
361,8,649.56,533.70,97.00,36.83,1,0,0
361,31,398.31,544.84,196.40,54.59,1,1,0
361,32,333.24,561.05,32.66,19.29,1,1,0
362,28,1311.60,472.92,290.31,62.68,1,0,0
362,8,638.19,504.99,96.96,35.57,1,0,0
362,31,372.62,515.49,192.79,56.33,1,1,0
362,32,321.58,533.06,33.89,21.25,1,1,0
363,28,1311.15,449.83,290.24,62.93,1,0,0
363,8,637.89,478.62,95.91,36.63,1,0,0
363,31,365.93,489.93,192.86,56.04,1,1,0
363,32,321.58,508.58,32.88,19.99,1,1,0
364,28,1257.90,509.56,342.64,63.64,1,0,0
364,8,583.79,536.98,94.49,33.84,1,0,0
364,31,320.45,543.65,165.23,55.04,1,1,0
365,28,1225.58,534.17,362.08,62.27,1,0,0
365,8,552.63,561.10,94.30,32.60,1,0,0
365,31,320.57,565.12,128.82,55.57,1,1,0
366,28,1080.97,443.38,375.95,63.68,1,0,0
366,8,415.71,474.63,93.73,33.19,1,0,0
366,1,1520.57,447.31,81.44,60.20,1,0,0
367,28,999.30,539.77,379.10,62.40,1,0,0
367,1,1444.00,538.65,158.11,62.74,1,0,0
367,31,339.30,563.64,91.65,32.31,1,0,0
368,1,1379.40,466.90,222.69,63.24,1,0,0
368,30,928.23,463.22,384.86,65.19,1,0,0
369,1,1394.65,510.75,207.28,62.35,1,0,0
369,30,945.14,511.19,381.33,61.98,1,0,0
369,31,319.76,542.80,60.56,26.33,1,0,0
370,1,1401.76,544.08,200.43,61.64,1,0,0
370,30,953.15,541.93,381.95,63.96,1,0,0
370,31,319.36,569.59,65.24,25.83,1,0,0
371,8,399.35,474.90,97.20,35.94,1,0,0
371,28,1066.93,444.89,376.51,64.42,1,0,0
372,33,1547.61,453.16,55.09,62.60,1,0,0
372,8,441.45,473.69,95.47,35.85,1,0,0
372,28,1109.57,447.96,374.85,66.42,1,0,0
373,33,1587.34,504.77,15.20,26.97,1,0,0
373,8,483.70,487.56,94.87,37.15,1,0,0
373,28,1153.09,464.37,372.08,65.62,1,0,0
374,8,529.07,508.02,97.30,36.72,1,0,0
374,28,1202.75,483.21,367.71,64.34,1,0,0
375,8,654.67,531.36,96.59,34.84,1,0,0
375,1,1329.41,504.82,272.55,61.73,1,0,0
375,31,319.59,539.96,99.64,54.70,1,1,0
376,8,654.67,531.36,96.59,34.84,1,0,0
376,1,1329.41,504.82,272.55,61.73,1,0,0
376,31,319.59,539.96,99.64,54.70,1,1,0
377,8,654.67,531.36,96.59,34.84,1,0,0
377,1,1329.41,504.82,272.55,61.73,1,0,0
377,31,319.59,539.96,99.64,54.70,1,1,0
378,31,429.90,509.33,46.23,16.48,1,1,0
378,3,473.30,496.54,152.71,52.82,1,1,0
378,33,1553.79,459.62,48.56,62.85,1,0,0
379,31,468.42,512.21,44.04,16.74,1,1,0
379,34,937.55,488.76,95.54,34.38,1,0,0
379,3,508.32,500.27,154.58,52.17,1,1,0
379,33,1589.63,502.90,12.64,23.50,1,0,0
380,31,518.70,549.03,41.58,16.46,1,1,0
380,34,995.51,525.37,95.83,36.30,1,0,0
380,3,551.63,536.63,153.34,52.64,1,1,0
381,31,527.49,510.65,42.27,16.82,1,1,0
381,34,1006.94,485.70,95.66,35.91,1,0,0
381,3,556.21,498.51,154.33,51.28,1,1,0
381,35,353.32,518.36,27.42,12.97,1,1,0
382,31,531.30,557.16,41.40,16.42,1,1,0
382,34,1014.51,533.93,96.60,34.88,1,0,0
382,3,554.55,545.32,152.02,51.57,1,1,0
382,35,358.08,562.13,29.69,13.59,1,1,0
383,31,531.30,557.16,41.40,16.42,1,1,0
383,34,1014.51,533.93,96.60,34.88,1,0,0
383,3,554.55,545.32,152.02,51.57,1,1,0
383,35,358.08,562.13,29.69,13.59,1,1,0
384,31,473.71,506.98,37.86,15.71,1,1,0
384,34,959.07,476.81,95.50,35.52,1,0,0
384,3,488.46,494.30,146.79,49.57,1,1,0
384,35,320.25,514.17,15.82,13.52,1,1,0
385,31,464.79,528.28,39.94,15.60,1,1,0
385,34,951.16,498.75,95.05,34.67,1,0,0
385,3,476.64,514.93,146.68,49.70,1,1,0
386,31,441.95,533.62,41.40,15.27,1,1,0
386,34,931.15,512.23,97.24,35.91,1,0,0
386,3,447.81,521.77,144.57,48.59,1,1,0
386,33,1584.41,526.74,18.76,27.55,1,0,0
387,31,430.22,523.99,37.72,16.11,1,1,0
387,34,920.39,496.28,95.62,34.81,1,0,0
387,3,434.40,511.68,142.03,47.93,1,1,0
387,36,554.16,529.29,34.46,15.90,1,1,0
387,33,1574.58,499.77,27.83,32.59,1,0,0
388,34,908.38,512.57,97.07,35.50,1,0,0
388,3,414.33,522.88,140.35,48.33,1,1,0
388,36,540.15,540.13,37.28,16.86,1,1,0
388,33,1565.96,491.24,36.39,61.57,1,0,0
389,34,905.83,520.15,95.29,35.48,1,0,0
389,3,407.32,531.00,140.22,47.75,1,1,0
389,36,538.93,547.75,33.46,17.13,1,1,0
389,33,1562.13,497.80,40.18,62.18,1,0,0
390,34,872.71,508.31,97.06,35.34,1,0,0
390,3,368.48,524.44,136.90,47.40,1,1,0
390,36,505.25,539.48,36.47,17.42,1,1,0
390,33,1532.46,480.47,69.87,61.61,1,0,0
391,34,872.71,508.31,97.06,35.34,1,0,0
391,3,368.48,524.44,136.90,47.40,1,1,0
391,36,505.25,539.48,36.47,17.42,1,1,0
391,33,1532.46,480.47,69.87,61.61,1,0,0
392,34,845.03,518.49,98.93,35.60,1,0,0
392,3,330.05,530.31,136.32,47.66,1,1,0
392,36,479.62,546.68,34.45,16.70,1,1,0
392,33,1508.79,495.86,93.65,63.27,1,0,0
393,34,830.25,516.97,96.75,34.96,1,0,0
393,3,319.70,533.84,128.04,46.62,1,1,0
393,36,464.51,548.77,34.25,16.70,1,1,0
393,33,1494.06,487.71,108.27,63.45,1,0,0
394,34,830.25,516.97,96.75,34.96,1,0,0
394,3,319.70,533.84,128.04,46.62,1,1,0
394,36,464.51,548.77,34.25,16.70,1,1,0
394,33,1494.06,487.71,108.27,63.45,1,0,0
395,34,806.99,514.32,97.33,35.07,1,0,0
395,3,320.15,526.60,95.45,46.82,1,1,0
395,36,441.44,541.71,33.94,16.92,1,1,0
395,33,1472.63,491.52,130.04,63.70,1,0,0
396,34,794.95,506.48,95.54,35.40,1,0,0
396,3,319.98,520.72,79.14,47.69,1,1,0
396,36,429.40,536.07,32.93,16.36,1,1,0
396,33,1459.68,480.86,142.77,64.32,1,0,0
397,34,756.50,514.84,96.23,35.85,1,0,0
397,3,320.65,550.09,34.71,27.40,1,1,0
397,36,393.41,544.65,33.11,16.42,1,1,0
397,33,1424.39,489.15,177.56,64.84,1,0,0
398,34,751.77,516.39,96.29,35.30,1,0,0
398,3,320.21,547.08,28.52,27.84,1,1,0
398,36,388.94,543.52,33.02,15.98,1,1,0
398,33,1420.30,493.92,181.85,65.95,1,0,0
399,34,751.77,516.39,96.29,35.30,1,0,0
399,3,320.21,547.08,28.52,27.84,1,1,0
399,36,388.94,543.52,33.02,15.98,1,1,0
399,33,1420.30,493.92,181.85,65.95,1,0,0
400,34,710.57,515.92,96.47,35.18,1,0,0
400,36,349.25,549.90,32.85,15.49,1,1,0
400,33,1380.07,482.96,223.00,64.00,1,0,0
401,34,696.85,494.22,95.87,35.37,1,0,0
401,36,336.78,526.86,32.30,15.48,1,1,0
401,33,1366.69,466.79,235.66,65.47,1,0,0
402,34,696.85,494.22,95.87,35.37,1,0,0
402,36,336.78,526.86,32.30,15.48,1,1,0
402,33,1366.69,466.79,235.66,65.47,1,0,0
403,34,658.61,532.22,94.56,35.04,1,0,0
403,36,320.14,562.28,12.99,16.00,1,1,0
403,33,1328.28,502.45,274.20,63.18,1,0,0
404,34,658.61,532.22,94.56,35.04,1,0,0
404,36,320.14,562.28,12.99,16.00,1,1,0
404,33,1328.28,502.45,274.20,63.18,1,0,0
405,34,593.47,494.98,94.37,35.22,1,0,0
405,33,1263.86,471.82,337.87,64.89,1,0,0
406,34,582.24,511.67,94.72,35.55,1,0,0
406,33,1251.71,483.75,350.49,63.96,1,0,0
407,34,572.63,524.74,94.54,34.97,1,0,0
407,33,1242.65,493.17,359.45,62.72,1,0,0
408,34,560.45,527.45,94.97,34.84,1,0,0
408,33,1231.69,496.11,365.48,63.13,1,0,0
409,34,552.22,521.90,95.92,35.39,1,0,0
409,33,1222.93,494.28,362.93,63.11,1,0,0
410,34,545.05,511.38,94.81,36.13,1,0,0
410,33,1213.50,489.26,365.03,63.82,1,0,0
411,34,535.52,498.59,94.46,35.68,1,0,0
411,33,1203.21,479.46,366.90,67.31,1,0,0
412,34,509.89,500.73,96.30,36.41,1,0,0
412,33,1177.92,474.93,368.19,63.88,1,0,0
413,34,467.27,518.95,94.72,35.13,1,0,0
413,33,1132.26,490.40,372.02,62.62,1,0,0
414,34,452.99,509.77,94.86,35.74,1,0,0
414,33,1116.48,484.64,373.33,63.66,1,0,0
414,37,1553.92,525.29,48.59,24.43,1,0,0
415,34,388.72,506.16,94.57,34.81,1,0,0
415,33,1048.75,478.09,375.77,63.50,1,0,0
415,37,1490.66,481.45,111.63,60.30,1,0,0
416,34,361.01,544.16,96.58,35.04,1,0,0
416,33,1018.52,513.24,377.34,62.35,1,0,0
416,37,1461.14,510.40,140.94,61.04,1,0,0
417,33,939.48,445.16,381.46,66.99,1,0,0
417,37,1389.21,452.59,212.86,64.52,1,0,0
417,31,319.66,463.93,61.65,38.12,1,0,0
418,33,915.86,474.73,382.95,62.52,1,0,0
418,37,1367.43,474.99,234.24,61.82,1,0,0
418,31,319.79,502.60,39.14,36.37,1,0,0
419,33,851.67,510.12,385.83,60.97,1,0,0
419,37,1307.16,510.36,293.52,61.37,1,0,0
420,33,814.02,460.28,383.80,66.85,1,0,0
420,37,1268.25,469.33,333.15,65.41,1,0,0
421,33,719.50,499.21,384.42,61.99,1,0,0
421,37,1174.86,495.25,427.49,61.19,1,0,0
422,33,696.06,502.36,384.28,62.22,1,0,0
422,37,1151.24,505.16,449.57,60.49,1,0,0
423,33,610.21,469.74,381.14,61.79,1,0,0
423,37,1062.65,464.16,484.92,62.18,1,0,0
424,33,580.39,494.30,380.19,61.64,1,0,0
424,37,1031.67,482.64,485.19,63.22,1,0,0
425,33,512.28,469.47,376.06,64.58,1,0,0
425,37,959.80,476.46,491.53,68.51,1,0,0
426,33,505.62,452.48,375.95,63.36,1,0,0
426,37,952.20,455.90,490.14,62.74,1,0,0
427,33,502.29,482.08,375.99,57.45,1,0,0
427,37,949.39,474.18,490.98,61.94,1,0,0
428,33,502.29,482.08,375.99,57.45,1,0,0
428,37,949.39,474.19,490.98,61.93,1,0,0
429,33,637.15,496.61,380.34,61.18,1,0,0
429,37,1088.41,494.46,478.50,61.02,1,0,0
430,33,798.68,479.51,382.82,61.82,1,0,0
431,33,798.68,479.51,382.82,61.82,1,0,0
431,38,1250.41,481.25,351.05,61.14,1,0,0
432,33,956.10,478.36,380.15,62.70,1,0,0
432,31,320.20,502.92,82.32,37.84,1,0,0
