1,1,832.48,549.45,127.08,27.42,1,0,0
1,2,1523.64,579.72,77.59,23.86,1,0,0
2,1,780.99,478.70,130.08,27.23,1,0,0
2,2,1489.20,457.76,112.14,27.37,1,0,0
3,1,712.40,519.61,129.88,28.45,1,0,0
3,2,1418.03,515.39,183.31,33.81,1,0,0
4,1,701.06,499.13,125.39,26.83,1,0,0
4,2,1407.31,462.99,193.83,37.69,1,0,0
5,1,701.06,499.13,125.39,26.83,1,0,0
5,2,1407.31,462.99,193.83,37.69,1,0,0
6,1,689.43,526.52,128.00,27.15,1,0,0
6,2,1392.86,510.72,205.59,38.30,1,0,0
7,1,681.05,550.54,128.20,27.30,1,0,0
7,2,1385.35,549.92,210.09,38.33,1,0,0
8,1,672.85,569.28,128.84,27.12,1,0,0
8,2,1378.17,569.05,210.04,36.94,1,0,0
9,1,677.15,565.49,127.10,26.12,1,0,0
9,2,1382.66,546.43,209.18,38.78,1,0,0
10,1,728.59,513.92,123.24,24.98,1,0,0
10,2,1447.98,500.74,153.50,30.83,1,0,0
11,1,810.08,555.16,128.54,24.97,1,0,0
11,2,1528.66,547.76,72.58,25.28,1,0,0
12,1,877.81,546.44,129.31,25.99,1,0,0
14,2,1497.95,564.20,103.24,25.81,1,0,0
22,6,996.62,530.85,230.94,47.29,1,0,0
22,7,508.18,575.27,84.85,18.42,1,1,0
23,6,1012.39,560.72,234.29,47.72,1,0,0
23,7,519.11,594.08,82.10,17.67,1,1,0
24,6,1012.39,560.72,234.29,47.72,1,0,0
24,7,519.11,594.08,82.10,17.67,1,1,0
25,6,1042.74,558.30,232.54,47.21,1,0,0
25,7,539.78,599.61,84.37,17.71,1,1,0
26,6,1038.08,552.03,232.75,48.50,1,0,0
26,7,533.59,594.00,84.06,17.67,1,1,0
27,6,1033.32,547.98,232.94,48.98,1,0,0
27,7,527.51,591.34,84.56,18.15,1,1,0
28,6,1028.26,562.20,232.61,47.66,1,0,0
28,7,519.32,603.70,85.92,18.07,1,1,0
29,6,1028.26,562.20,232.61,47.66,1,0,0
29,7,519.32,603.70,85.92,18.07,1,1,0
30,6,1005.42,556.99,235.63,49.10,1,0,0
30,7,496.83,596.52,85.28,18.08,1,1,0
31,6,1005.42,556.99,235.63,49.10,1,0,0
31,7,496.83,596.52,85.28,18.08,1,1,0
32,6,914.49,546.33,236.78,49.44,1,0,0
32,7,404.85,584.75,84.69,18.93,1,1,0
33,6,877.44,555.39,236.95,49.14,1,0,0
33,7,369.25,594.23,82.77,18.53,1,1,0
34,6,858.95,558.78,239.25,50.96,1,0,0
34,7,346.29,590.16,82.13,18.40,1,1,0
35,6,881.82,560.35,234.44,49.00,1,0,0
35,7,362.91,597.96,84.21,18.39,1,1,0
36,6,881.82,560.35,234.44,49.00,1,0,0
36,7,362.91,597.96,84.21,18.39,1,1,0
37,6,955.69,557.77,241.58,50.57,1,0,0
37,7,425.50,592.22,84.76,17.73,1,1,0
38,6,1104.59,558.27,239.70,50.60,1,0,0
38,7,553.59,591.16,87.29,18.37,1,1,0
39,6,1249.98,572.73,232.57,52.78,1,0,0
39,7,688.45,613.92,91.72,18.63,1,1,0
40,1,927.29,616.74,95.05,19.24,1,1,0
40,2,1483.77,569.11,117.96,52.67,1,0,0
41,1,966.24,598.61,94.17,19.58,1,1,0
41,2,1521.46,551.76,79.17,51.15,1,0,0
42,1,993.27,605.14,94.48,19.40,1,1,0
42,2,1547.41,559.73,52.60,49.70,1,0,0
43,1,1013.01,604.99,94.70,19.49,1,1,0
43,2,1565.47,571.94,35.77,36.21,1,0,0
43,9,467.13,617.26,16.54,6.98,1,2,0
44,1,1030.79,595.72,95.08,19.66,1,1,0
44,2,1582.18,570.48,18.80,28.24,1,0,0
44,9,485.22,609.71,12.93,6.86,1,2,0
45,1,1039.35,575.94,94.66,19.55,1,1,0
45,9,487.86,591.02,17.51,6.54,1,2,0
46,1,1041.29,581.88,95.06,19.24,1,1,0
46,9,488.32,596.68,17.58,7.14,1,2,0
47,1,1045.65,604.92,95.17,20.61,1,1,0
47,9,489.90,613.44,16.62,6.97,1,2,0
48,1,1048.00,623.98,96.47,20.46,1,1,0
48,9,490.58,627.13,16.46,6.36,1,2,0
49,1,1058.04,604.98,96.27,19.78,1,1,0
49,9,499.93,615.53,14.33,7.00,1,2,0
49,11,320.20,606.04,18.25,16.42,1,0,0
50,1,1063.29,567.31,97.63,20.19,1,1,0
50,9,501.50,590.30,17.02,6.61,1,2,0
50,11,319.75,585.63,21.58,15.99,1,0,0
51,1,1042.34,579.80,99.28,20.08,1,1,0
51,9,476.51,578.69,15.83,7.00,1,2,0
52,1,991.97,600.56,97.66,19.92,1,1,0
52,2,1567.40,573.30,34.11,35.34,1,0,0
53,1,970.92,587.57,99.23,20.30,1,1,0
53,2,1551.13,557.06,49.36,37.04,1,0,0
53,9,401.05,599.15,15.25,7.04,1,2,0
54,1,901.48,583.50,100.33,20.52,1,1,0
54,2,1493.74,537.73,107.24,55.40,1,0,0
55,1,882.74,601.40,99.68,20.42,1,1,0
55,2,1478.45,550.61,122.88,55.22,1,0,0
56,1,764.66,623.32,100.54,20.69,1,1,0
56,2,1373.74,579.23,227.85,56.11,1,0,0
57,1,677.83,600.07,101.49,20.45,1,1,0
57,2,1295.69,547.09,248.18,58.98,1,0,0
58,1,669.10,596.68,101.94,20.97,1,1,0
58,2,1290.05,548.59,249.40,58.55,1,0,0
59,1,718.13,605.76,101.36,20.48,1,1,0
59,2,1345.84,566.26,245.82,58.42,1,0,0
60,1,772.04,595.84,103.12,21.26,1,1,0
60,2,1399.06,547.54,202.77,57.70,1,0,0
61,7,959.96,593.13,104.86,21.59,1,1,0
61,9,353.52,590.97,19.54,6.72,1,2,0
62,12,1577.50,580.49,23.64,31.45,1,0,0
62,7,959.96,593.13,104.86,21.59,1,1,0
62,9,353.52,590.97,19.54,6.72,1,2,0
63,12,1468.67,578.64,5.68,4.50,1,4,0
63,7,1141.71,572.39,104.27,21.58,1,1,0
63,9,319.78,583.46,33.10,17.26,1,0,0
64,7,981.87,576.54,107.66,21.80,1,1,0
64,9,357.47,602.08,16.71,6.67,1,2,0
65,1,812.72,592.22,109.54,21.60,1,1,0
65,2,1462.58,540.06,138.92,60.13,1,0,0
66,1,865.68,590.98,6.52,4.55,1,4,0
67,15,603.74,588.91,7.18,4.53,1,4,0
67,9,319.55,577.16,77.07,21.26,1,1,0
68,16,921.64,530.01,282.95,60.05,1,0,0
68,9,319.74,577.49,50.84,19.81,1,1,0
69,16,914.40,525.28,283.90,60.86,1,0,0
69,9,319.68,567.56,34.47,17.70,1,1,0
70,16,948.11,539.76,285.21,61.10,1,0,0
70,9,319.79,580.58,61.03,20.37,1,1,0
70,15,584.93,594.43,8.64,4.98,1,4,0
71,16,1067.57,549.51,286.21,61.73,1,0,0
71,9,377.76,595.90,104.73,21.94,1,1,0
72,16,1290.29,531.92,274.23,62.36,1,0,0
72,15,577.31,582.55,113.59,22.96,1,1,0
73,16,1290.29,531.92,274.23,62.36,1,0,0
73,15,577.31,582.55,113.59,22.96,1,1,0
74,2,1467.37,539.83,134.05,63.03,1,0,0
74,1,751.85,596.88,119.38,22.50,1,1,0
75,1,893.69,614.57,118.53,23.50,1,1,0
76,1,933.58,569.43,119.82,23.97,1,1,0
77,1,988.34,592.50,120.92,23.66,1,1,0
78,1,988.34,592.50,120.92,23.66,1,1,0
78,17,1311.27,603.39,7.88,4.72,1,4,0
79,1,988.34,592.50,120.92,23.66,1,1,0
79,17,1311.27,603.39,7.88,4.72,1,4,0
80,1,1020.49,590.10,124.70,23.51,1,1,0
81,1,1036.32,599.86,120.47,23.75,1,1,0
81,9,336.07,602.64,19.05,7.52,1,2,0
82,1,1028.42,601.75,122.88,23.66,1,1,0
82,9,324.88,611.85,19.82,7.77,1,2,0
83,1,1027.99,583.14,124.06,24.32,1,1,0
84,1,1025.13,591.80,125.40,24.80,1,1,0
84,9,320.64,616.23,19.47,7.98,1,2,0
85,1,1019.87,590.16,124.54,24.22,1,1,0
85,9,320.47,599.38,10.64,6.73,1,2,0
85,17,1332.83,601.21,6.45,4.76,1,4,0
86,1,1030.58,596.19,124.83,25.67,1,1,0
87,1,1030.58,596.19,124.83,25.67,1,1,0
88,1,994.13,619.22,128.17,24.55,1,1,0
89,1,992.47,588.95,128.71,25.08,1,1,0
89,17,1297.53,600.82,6.17,5.17,1,4,0
90,1,971.68,600.40,131.02,25.04,1,1,0
91,1,955.25,598.81,131.60,25.04,1,1,0
92,1,922.07,583.07,133.48,24.96,1,1,0
93,1,940.55,623.94,134.45,25.98,1,1,0
93,17,1239.07,637.53,7.13,5.06,1,4,0
94,1,976.20,557.33,134.88,26.06,1,1,0
95,1,976.20,557.33,134.88,26.06,1,1,0
96,1,1055.98,581.36,134.01,25.98,1,1,0
96,17,1344.98,591.03,6.40,5.35,1,4,0
97,1,1069.82,601.78,135.77,25.67,1,1,0
98,1,1134.45,601.51,136.26,26.04,1,1,0
98,9,339.08,612.98,23.29,7.46,1,2,0
99,1,1134.45,601.51,136.26,26.04,1,1,0
99,9,339.08,612.98,23.29,7.46,1,2,0
100,1,1171.04,605.38,136.24,26.29,1,1,0
100,9,368.62,621.10,23.96,7.10,1,2,0
101,9,477.90,597.61,23.55,7.51,1,2,0
101,7,1299.23,584.24,134.96,27.25,1,1,0
102,9,522.60,588.65,23.63,7.71,1,2,0
102,7,1355.68,563.76,133.49,27.76,1,1,0
103,7,1341.54,614.07,134.92,27.10,1,1,0
104,7,1350.91,620.65,135.57,26.80,1,1,0
105,7,1424.81,589.60,134.15,27.36,1,1,0
105,9,560.97,626.44,26.87,7.26,1,2,0
106,7,1433.75,593.87,134.87,26.85,1,1,0
106,20,328.70,608.79,60.27,23.37,1,0,0
106,9,568.55,622.48,24.26,7.23,1,2,0
107,7,1436.38,585.88,135.27,27.61,1,1,0
107,20,320.11,594.42,58.99,24.62,1,0,0
107,9,555.83,609.83,26.91,7.51,1,2,0
108,7,1419.84,587.27,136.88,27.87,1,1,0
108,20,319.88,589.00,28.16,18.16,1,0,0
108,9,524.40,599.57,25.57,7.44,1,2,0
109,7,1412.55,592.58,139.43,27.07,1,1,0
109,20,320.19,592.30,18.25,19.09,1,0,0
109,9,513.74,603.61,27.20,7.75,1,2,0
110,7,1434.09,617.63,138.20,27.70,1,1,0
110,20,319.98,626.76,25.40,18.30,1,0,0
110,9,523.35,637.01,26.72,7.43,1,2,0
111,7,1448.18,575.90,139.86,28.91,1,1,0
111,20,320.10,591.91,20.53,18.99,1,0,0
111,9,517.88,600.10,26.93,7.46,1,2,0
112,7,1434.59,619.11,140.94,28.94,1,1,0
112,9,501.88,635.34,23.88,6.84,1,2,0
113,7,1434.59,619.11,140.94,28.94,1,1,0
113,9,501.88,635.34,23.88,6.84,1,2,0
114,7,1423.24,584.13,142.95,30.14,1,1,0
114,9,474.44,615.85,26.54,7.58,1,2,0
115,7,1425.50,594.88,143.69,29.66,1,1,0
115,9,472.30,623.67,26.40,7.43,1,2,0
116,7,1448.73,597.14,145.43,29.27,1,1,0
117,7,1504.16,594.20,96.96,26.52,1,1,0
117,20,319.87,595.18,22.37,18.90,1,0,0
118,7,1527.28,616.43,74.05,29.33,1,1,0
118,20,319.84,621.57,39.58,17.95,1,0,0
118,9,537.63,632.83,29.25,7.63,1,2,0
119,20,319.97,620.88,24.11,7.29,1,0,0
119,9,606.32,622.20,29.77,8.08,1,2,0
120,20,321.94,588.64,43.18,9.14,1,0,0
120,9,629.69,589.45,31.69,7.56,1,2,0
120,22,384.36,573.58,63.13,25.23,1,0,0
120,23,1156.33,589.54,6.79,4.74,1,4,0
121,20,320.12,594.34,101.15,31.81,1,0,0
121,9,744.61,613.41,30.89,8.05,1,2,0
121,22,426.20,612.61,45.04,9.38,1,0,0
122,20,360.42,595.12,115.45,32.66,1,0,0
122,9,805.06,609.30,30.85,7.23,1,2,0
122,22,483.39,612.99,43.68,8.61,1,0,0
122,24,547.41,595.39,66.80,25.97,1,0,0
123,20,336.53,580.41,114.69,32.19,1,0,0
123,9,781.32,592.98,31.97,8.18,1,2,0
123,22,458.31,597.98,44.27,8.33,1,0,0
123,24,522.97,579.91,66.30,26.29,1,0,0
124,20,319.79,592.68,47.12,22.49,1,0,0
124,22,373.41,602.29,43.89,8.86,1,0,0
124,24,436.83,587.22,65.09,25.08,1,0,0
125,20,319.91,599.33,28.80,22.91,1,0,0
125,22,357.95,608.75,42.92,9.19,1,0,0
125,24,419.31,593.57,65.38,25.85,1,0,0
125,23,1204.17,614.03,8.30,4.26,1,4,0
125,9,670.52,611.63,30.92,7.49,1,2,0
126,20,319.91,599.33,28.80,22.91,1,0,0
126,22,357.95,608.75,42.92,9.19,1,0,0
126,24,419.31,593.57,65.38,25.85,1,0,0
126,23,1204.17,614.03,8.30,4.26,1,4,0
126,9,670.52,611.63,30.92,7.49,1,2,0
127,22,329.07,596.80,43.74,9.75,1,0,0
127,24,393.27,581.41,63.35,25.45,1,0,0
127,9,641.80,593.23,31.26,7.93,1,2,0
128,24,380.66,589.18,62.85,25.58,1,0,0
128,9,629.10,603.11,30.63,7.05,1,2,0
128,23,1163.50,595.11,7.02,4.90,1,4,0
129,24,367.13,599.22,63.50,26.38,1,0,0
129,9,615.54,619.39,30.11,7.56,1,2,0
129,20,319.93,614.93,27.11,8.36,1,0,0
130,24,356.35,599.11,63.93,26.51,1,0,0
130,9,603.27,621.56,30.25,7.43,1,2,0
130,20,319.54,615.38,17.72,6.90,1,0,0
131,24,366.98,616.16,64.47,25.73,1,0,0
131,20,319.94,632.53,26.86,8.88,1,0,0
132,24,319.37,588.37,70.00,23.52,1,0,0
132,20,396.41,600.32,44.90,8.24,1,0,0
132,9,462.48,584.87,65.83,26.42,1,0,0
133,20,606.70,633.67,45.99,8.06,1,0,0
133,9,472.29,610.04,125.21,35.74,1,0,0
134,20,584.01,597.72,47.09,7.83,1,0,0
134,9,413.81,583.08,90.72,23.63,1,0,0
134,25,660.65,577.46,130.03,35.46,1,0,0
134,26,871.51,581.23,71.01,28.05,1,0,0
134,23,1137.68,600.01,33.12,7.78,1,2,0
134,24,320.05,585.97,42.14,31.10,1,0,0
135,20,630.72,621.80,44.29,7.60,1,0,0
135,9,459.97,607.54,88.84,24.32,1,0,0
135,25,707.41,601.22,131.61,34.77,1,0,0
135,26,919.22,603.66,71.33,26.99,1,0,0
135,27,846.99,622.37,49.35,7.47,1,0,0
135,23,1182.05,618.89,35.95,8.18,1,2,0
135,24,319.82,613.21,84.90,29.74,1,0,0
136,20,611.66,605.14,91.30,25.04,1,0,0
136,9,409.31,597.54,143.76,44.82,1,0,0
136,25,866.83,598.47,133.23,35.15,1,0,0
136,26,1008.75,619.70,47.60,7.37,1,0,0
136,27,788.87,619.77,49.08,7.83,1,0,0
136,23,1080.26,600.41,71.34,27.23,1,0,0
137,20,641.12,592.85,91.61,25.15,1,0,0
137,9,437.49,584.44,145.64,45.28,1,0,0
137,25,899.37,587.46,132.84,35.67,1,0,0
137,26,1039.72,609.61,47.32,7.19,1,0,0
137,27,819.36,608.55,47.90,7.86,1,0,0
137,23,1111.87,590.64,70.89,26.92,1,0,0
137,24,319.83,594.72,13.84,23.88,1,0,0
138,20,661.19,606.67,92.10,23.94,1,0,0
138,9,455.49,600.92,148.14,46.95,1,0,0
138,25,922.13,594.37,133.76,35.93,1,0,0
138,26,1061.72,613.60,47.53,7.57,1,0,0
138,27,838.55,617.46,50.01,7.99,1,0,0
138,23,1134.13,593.30,70.56,27.04,1,0,0
138,24,320.33,614.40,28.80,24.20,1,0,0
138,17,1392.43,603.66,32.11,7.51,1,2,0
139,20,577.01,609.94,91.30,24.46,1,0,0
139,9,374.75,599.43,148.52,46.31,1,0,0
139,25,838.57,605.35,134.55,36.30,1,0,0
139,26,976.19,627.69,47.53,7.64,1,0,0
139,27,752.61,625.98,48.92,7.56,1,0,0
139,23,1050.53,609.68,71.50,27.40,1,0,0
139,17,1312.42,626.50,33.05,7.77,1,2,0
140,20,577.01,609.94,91.30,24.46,1,0,0
140,9,374.75,599.43,148.52,46.31,1,0,0
140,25,838.57,605.35,134.55,36.30,1,0,0
140,26,976.19,627.69,47.53,7.64,1,0,0
140,27,752.61,625.98,48.92,7.56,1,0,0
140,23,1050.53,609.68,71.50,27.40,1,0,0
140,17,1312.42,626.50,33.05,7.77,1,2,0
141,20,625.71,607.31,91.62,24.58,1,0,0
141,9,418.88,599.55,154.12,48.83,1,0,0
141,25,893.94,595.83,134.15,36.95,1,0,0
141,26,1029.38,616.21,47.15,7.33,1,0,0
141,27,803.96,618.75,48.28,7.92,1,0,0
141,23,1105.01,595.59,70.80,27.86,1,0,0
142,20,668.19,584.03,89.84,24.63,1,0,0
142,9,456.44,577.48,157.26,48.26,1,0,0
142,25,939.41,572.70,134.90,36.02,1,0,0
142,26,1075.05,592.87,46.24,7.82,1,0,0
142,27,847.79,597.01,42.22,7.06,1,0,0
142,23,1150.00,573.19,70.75,27.35,1,0,0
142,24,320.37,590.61,27.00,25.44,1,0,0
142,17,1403.87,586.05,32.88,7.49,1,2,0
143,20,668.19,584.03,89.84,24.63,1,0,0
143,9,456.44,577.48,157.26,48.26,1,0,0
143,25,939.41,572.70,134.90,36.02,1,0,0
143,26,1075.05,592.87,46.24,7.82,1,0,0
143,27,847.79,597.01,42.22,7.06,1,0,0
143,23,1150.00,573.19,70.75,27.35,1,0,0
143,24,320.37,590.61,27.00,25.44,1,0,0
143,17,1403.87,586.05,32.88,7.49,1,2,0
144,20,631.17,583.12,91.96,25.94,1,0,0
144,9,422.73,573.45,159.35,49.24,1,0,0
144,25,907.34,577.71,135.08,37.20,1,0,0
144,26,1042.52,600.61,42.63,7.62,1,0,0
144,27,809.53,599.61,49.35,7.42,1,0,0
144,23,1116.24,582.09,71.62,28.20,1,0,0
144,17,1370.49,600.02,34.92,7.72,1,2,0
145,20,604.26,582.64,91.00,24.50,1,0,0
145,9,397.13,575.46,159.17,49.90,1,0,0
145,25,880.41,571.71,135.07,36.25,1,0,0
145,26,1015.20,592.68,42.46,7.15,1,0,0
145,27,781.01,594.89,51.53,7.94,1,0,0
145,23,1088.80,572.16,71.94,27.28,1,0,0
145,17,1344.54,585.41,34.81,7.85,1,2,0
146,20,593.40,581.40,91.14,24.90,1,0,0
146,9,386.62,576.26,159.46,49.92,1,0,0
146,25,869.97,568.13,135.46,36.98,1,0,0
146,26,1004.58,588.18,41.67,7.35,1,0,0
146,27,770.59,592.49,51.73,8.04,1,0,0
146,23,1078.43,567.23,71.82,27.39,1,0,0
146,17,1333.55,578.84,36.94,7.70,1,2,0
147,20,592.55,590.67,90.39,24.78,1,0,0
147,9,384.96,582.52,159.41,49.77,1,0,0
147,25,870.10,580.41,135.96,36.92,1,0,0
147,26,1004.88,602.58,40.76,6.94,1,0,0
147,27,769.48,603.58,49.81,8.39,1,0,0
147,23,1077.68,582.59,72.26,27.54,1,0,0
147,17,1333.06,596.76,36.35,7.51,1,2,0
148,20,601.87,588.65,91.62,25.65,1,0,0
148,9,393.55,580.20,160.94,49.98,1,0,0
148,25,881.13,582.22,136.49,36.66,1,0,0
148,27,779.74,603.54,51.18,8.63,1,0,0
148,23,1089.34,584.61,71.95,27.66,1,0,0
148,17,1343.12,599.87,36.04,8.06,1,2,0
149,20,615.55,603.27,91.98,24.61,1,0,0
149,9,405.96,592.44,162.69,50.56,1,0,0
149,25,895.84,594.19,135.39,37.20,1,0,0
149,27,792.96,617.02,52.47,8.25,1,0,0
149,23,1103.59,597.13,71.52,27.52,1,0,0
149,17,1357.26,612.62,35.89,7.30,1,2,0
149,26,1030.60,617.15,41.02,7.04,1,0,0
150,20,639.18,607.17,91.73,24.92,1,0,0
150,9,427.60,595.98,164.95,51.13,1,0,0
150,25,920.80,598.89,135.32,37.29,1,0,0
150,27,817.17,621.71,49.96,7.88,1,0,0
150,23,1128.18,601.60,71.62,28.34,1,0,0
150,17,1379.86,617.49,36.64,7.75,1,2,0
150,26,1054.56,622.27,40.09,7.09,1,0,0
151,20,680.54,608.05,91.69,25.80,1,0,0
151,9,465.59,596.25,167.30,51.80,1,0,0
151,25,964.50,601.95,135.77,37.46,1,0,0
151,27,859.16,624.05,49.49,7.67,1,0,0
151,23,1170.84,606.04,70.68,27.87,1,0,0
151,17,1421.33,623.49,34.33,7.43,1,2,0
151,26,1099.05,626.48,37.44,6.36,1,0,0
151,24,320.31,607.75,30.87,25.68,1,0,0
152,20,710.91,573.10,92.22,25.10,1,0,0
152,9,494.54,561.48,169.11,53.28,1,0,0
152,25,996.53,563.29,135.41,37.88,1,0,0
152,27,890.01,586.60,48.31,8.00,1,0,0
152,23,1203.81,565.94,69.15,28.85,1,0,0
152,26,1130.67,586.78,37.47,6.93,1,0,0
152,24,319.79,576.29,58.57,25.62,1,0,0
153,20,811.63,585.63,92.09,24.98,1,0,0
153,9,589.96,571.67,176.17,53.24,1,0,0
153,25,1101.99,579.24,135.36,38.64,1,0,0
153,27,990.48,601.26,50.29,7.92,1,0,0
153,23,1304.36,584.61,69.08,28.91,1,0,0
153,24,319.96,568.63,148.08,39.79,1,0,0
153,17,1543.45,603.36,36.17,7.66,1,2,0
154,20,833.46,621.98,93.29,25.15,1,0,0
154,9,612.62,610.24,176.45,55.48,1,0,0
154,25,1126.03,610.25,134.85,39.04,1,0,0
154,27,1012.99,634.63,50.46,8.14,1,0,0
154,23,1327.07,611.30,68.48,29.18,1,0,0
154,24,319.94,611.29,169.41,40.57,1,0,0
154,17,1564.65,624.29,34.51,7.49,1,2,0
155,20,846.79,617.15,93.47,25.12,1,0,0
155,9,626.25,608.07,177.88,54.94,1,0,0
155,25,1140.25,601.35,134.26,39.89,1,0,0
155,27,1028.09,627.55,52.59,8.42,1,0,0
155,23,1340.70,601.16,67.37,28.51,1,0,0
155,24,320.22,612.11,181.80,40.50,1,0,0
155,17,1577.25,612.53,24.41,7.34,1,2,0
155,26,1272.65,623.46,32.72,6.99,1,0,0
156,20,851.77,567.58,93.71,24.86,1,0,0
156,9,629.44,559.60,179.18,55.94,1,0,0
156,25,1145.56,549.47,132.41,40.11,1,0,0
156,27,1032.28,576.25,51.33,8.60,1,0,0
156,23,1345.06,549.08,68.18,29.25,1,0,0
156,24,320.95,568.50,183.87,40.57,1,0,0
156,17,1582.42,562.29,18.91,6.27,1,2,0
156,26,1277.53,571.18,31.69,7.30,1,0,0
157,20,847.67,570.78,94.15,24.70,1,0,0
157,9,627.60,562.43,179.17,57.33,1,0,0
157,25,1144.36,552.37,132.44,39.46,1,0,0
157,27,1028.17,579.22,51.20,8.16,1,0,0
157,23,1342.97,550.68,67.43,28.77,1,0,0
157,24,319.31,573.27,181.22,40.94,1,0,0
157,17,1578.87,561.96,22.40,6.91,1,2,0
157,26,1276.35,573.23,30.94,6.77,1,0,0
158,20,842.89,622.85,92.54,24.89,1,0,0
158,9,623.24,609.80,180.27,56.34,1,0,0
158,25,1140.17,610.22,133.13,39.44,1,0,0
158,27,1025.19,635.18,50.28,7.80,1,0,0
158,23,1338.38,611.91,68.14,29.18,1,0,0
158,24,319.74,610.17,176.85,41.31,1,0,0
158,17,1576.02,625.35,25.46,7.57,1,2,0
158,26,1272.59,634.30,29.61,6.23,1,0,0
159,20,745.02,593.56,93.29,25.27,1,0,0
159,9,530.89,586.87,179.71,56.64,1,0,0
159,25,1047.30,574.06,135.62,40.04,1,0,0
159,27,924.76,602.29,53.88,8.32,1,0,0
159,23,1245.95,572.17,70.25,28.82,1,0,0
159,24,319.82,606.27,83.39,28.51,1,0,0
159,26,1182.22,595.80,28.39,6.16,1,0,0
160,20,719.10,590.47,51.94,8.32,1,0,0
160,9,545.51,576.94,89.70,25.14,1,0,0
160,25,1045.88,569.99,70.44,29.13,1,0,0
160,27,846.56,566.01,136.65,39.96,1,0,0
160,23,1303.86,587.44,30.41,7.21,1,2,0
160,24,342.58,564.62,175.91,57.29,1,0,0
161,20,664.48,578.50,47.56,8.33,1,0,0
161,9,492.00,568.29,87.69,25.31,1,0,0
161,25,990.96,549.82,70.60,28.92,1,0,0
161,27,791.97,549.73,135.27,40.76,1,0,0
161,24,319.57,560.99,146.48,57.41,1,0,0
161,26,1242.77,561.46,37.72,7.84,1,2,0
162,20,723.02,554.18,20.67,5.43,1,0,0
162,9,465.85,544.18,50.45,8.66,1,0,0
162,27,785.79,533.57,71.42,29.50,1,0,0
162,24,319.47,526.98,67.65,24.76,1,0,0
163,9,573.23,511.73,69.60,29.81,1,0,0
163,24,388.65,503.94,127.08,41.05,1,0,0
164,9,548.53,519.84,69.41,29.86,1,0,0
164,24,365.39,511.43,126.41,40.85,1,0,0
164,27,794.79,544.53,39.42,8.21,1,2,0
165,9,548.53,519.84,69.41,29.86,1,0,0
165,24,365.39,511.43,126.41,40.85,1,0,0
165,30,490.07,541.04,17.45,5.16,1,0,0
165,27,794.79,544.53,39.42,8.21,1,2,0
166,9,548.14,524.81,67.88,29.27,1,0,0
166,24,364.00,519.85,126.99,40.99,1,0,0
166,30,489.79,547.42,16.28,5.29,1,0,0
166,27,790.82,543.26,41.69,7.91,1,2,0
167,9,559.00,516.31,69.54,29.45,1,0,0
167,24,375.74,515.54,126.02,41.09,1,0,0
167,30,501.95,541.04,14.50,4.70,1,0,0
167,27,800.91,529.46,43.98,8.48,1,2,0
168,9,583.20,519.98,69.67,29.81,1,0,0
168,24,397.68,519.49,127.47,41.84,1,0,0
168,30,319.45,547.37,13.04,6.92,1,0,0
169,9,617.20,537.91,70.17,30.71,1,0,0
169,24,429.57,531.95,128.70,41.63,1,0,0
170,9,650.36,549.41,70.89,30.09,1,0,0
170,24,461.52,538.46,130.37,42.11,1,0,0
170,27,897.20,576.11,42.74,8.18,1,2,0
171,9,771.73,496.63,71.15,29.78,1,0,0
171,24,576.89,491.56,133.71,42.54,1,0,0
171,25,1013.45,514.28,48.67,8.42,1,2,0
171,30,319.90,510.79,48.10,20.29,1,0,0
172,9,855.49,493.03,139.10,42.31,1,0,0
172,24,543.78,494.87,90.35,27.20,1,0,0
172,25,1056.08,503.82,72.36,29.99,1,0,0
172,26,1303.43,530.33,40.24,7.80,1,2,0
172,20,721.67,514.08,52.72,8.65,1,0,0
172,27,995.15,524.90,16.07,4.32,1,0,0
173,9,909.76,501.72,138.45,41.85,1,0,0
173,24,595.35,508.13,91.26,26.50,1,0,0
173,25,1108.26,510.13,72.94,30.14,1,0,0
173,32,369.15,492.02,193.19,62.46,1,0,0
173,20,773.15,524.86,52.75,8.45,1,0,0
174,9,1065.62,518.64,136.68,41.12,1,0,0
174,25,1201.34,545.67,17.97,4.95,1,0,0
174,32,510.42,519.43,201.28,63.08,1,0,0
174,20,747.97,531.74,92.06,26.33,1,0,0
174,23,1499.67,540.14,37.68,7.02,1,2,0
174,30,319.84,539.39,69.12,28.81,1,0,0
174,26,1262.22,522.34,70.85,29.82,1,0,0
174,27,929.21,544.27,52.49,8.72,1,0,0
175,9,1156.36,512.22,134.88,42.09,1,0,0
175,25,1291.35,541.99,16.49,4.75,1,0,0
175,32,596.46,506.80,204.22,62.42,1,0,0
175,20,837.22,520.28,92.17,27.49,1,0,0
175,23,1579.97,541.36,21.37,6.53,1,2,0
175,30,319.68,512.28,151.59,39.58,1,0,0
175,26,1350.27,519.34,68.07,29.77,1,0,0
175,27,1019.00,536.54,53.88,8.40,1,0,0
176,9,1156.36,512.22,134.88,42.09,1,0,0
176,25,1291.35,541.99,16.49,4.75,1,0,0
176,32,596.46,506.80,204.22,62.42,1,0,0
176,20,837.22,520.28,92.17,27.49,1,0,0
176,23,1579.97,541.36,21.37,6.53,1,2,0
176,30,319.68,512.28,151.59,39.58,1,0,0
176,26,1350.27,519.34,68.07,29.77,1,0,0
176,27,1019.00,536.54,53.88,8.40,1,0,0
177,9,1172.28,483.17,133.42,39.99,1,0,0
177,32,610.95,485.38,205.73,61.29,1,0,0
177,20,853.24,495.52,92.21,25.21,1,0,0
177,23,1589.84,505.53,11.90,6.24,1,2,0
177,30,319.51,497.27,166.52,38.33,1,0,0
177,26,1365.20,487.03,67.22,27.71,1,0,0
177,27,1034.81,506.86,53.40,8.58,1,0,0
178,9,1181.48,463.48,133.41,42.65,1,0,0
178,32,619.97,470.08,206.63,64.77,1,0,0
178,20,863.28,479.84,91.10,26.64,1,0,0
178,30,319.58,485.91,174.52,41.27,1,0,0
178,26,1374.29,467.08,67.47,29.82,1,0,0
178,27,1044.86,491.16,51.49,8.17,1,0,0
179,9,1211.86,533.84,132.60,41.77,1,0,0
179,32,650.38,529.11,207.17,64.00,1,0,0
179,20,893.00,543.54,92.69,26.88,1,0,0
179,30,321.14,532.47,202.86,43.05,1,0,0
179,26,1403.58,540.19,67.42,29.49,1,0,0
180,9,1208.34,538.88,133.13,41.80,1,0,0
180,32,646.57,527.59,206.42,64.52,1,0,0
180,20,891.18,544.98,90.05,26.97,1,0,0
180,30,318.58,528.62,201.16,43.36,1,0,0
180,26,1399.58,546.28,68.62,29.57,1,0,0
180,27,1071.47,561.73,54.15,8.77,1,0,0
181,9,1140.45,471.83,134.82,41.38,1,0,0
181,32,579.09,476.32,205.56,65.09,1,0,0
181,30,319.47,496.09,134.41,35.21,1,0,0
181,26,1333.61,474.71,69.47,29.75,1,0,0
181,27,1001.53,498.33,56.93,8.44,1,0,0
181,24,819.33,486.51,91.68,27.13,1,0,0
181,25,1274.62,498.34,16.05,5.13,1,0,0
181,23,1565.08,491.86,35.47,8.36,1,2,0
182,9,1204.10,524.44,70.91,29.79,1,0,0
182,32,454.04,503.90,201.62,63.98,1,0,0
182,30,319.93,520.83,14.80,29.20,1,0,0
182,27,1009.11,515.63,135.21,42.37,1,0,0
182,24,688.29,521.42,89.52,27.06,1,0,0
182,23,1441.30,547.61,38.79,7.58,1,2,0
182,20,867.08,538.35,52.30,9.17,1,0,0
183,9,1142.28,457.14,71.34,30.16,1,0,0
183,32,396.08,455.24,199.31,63.69,1,0,0
183,27,946.09,452.15,134.97,42.46,1,0,0
183,24,626.08,466.89,88.95,25.47,1,0,0
183,20,805.34,478.34,51.83,9.11,1,0,0
183,26,1382.90,477.52,40.15,7.86,1,2,0
183,25,1081.01,481.33,15.87,4.79,1,0,0
184,24,566.68,578.64,52.70,9.07,1,0,0
184,20,839.18,588.31,14.48,4.46,1,0,0
184,25,1145.25,588.61,43.61,8.38,1,2,0
184,30,320.22,563.78,48.42,42.74,1,0,0
185,20,768.61,540.21,13.93,4.76,1,0,0
185,25,1077.80,539.94,40.07,7.91,1,2,0
185,33,637.34,510.13,131.24,42.68,1,0,0
185,34,829.92,517.47,72.62,30.77,1,0,0
185,30,333.22,521.61,82.55,22.13,1,0,0
186,33,628.55,536.74,71.68,30.35,1,0,0
186,30,320.12,554.38,39.78,8.80,1,0,0
186,32,444.45,530.75,126.35,41.39,1,0,0
187,33,510.97,484.09,68.79,29.93,1,0,0
187,32,332.39,482.99,121.08,40.28,1,0,0
187,20,748.75,500.56,41.26,7.92,1,2,0
187,25,1112.65,503.00,23.97,6.34,1,4,0
188,33,468.85,481.47,68.09,29.43,1,0,0
188,32,319.37,475.47,94.40,42.29,1,0,0
188,20,703.94,500.91,42.08,8.21,1,2,0
188,30,412.93,504.95,10.98,4.67,1,0,0
189,33,437.81,532.90,66.73,30.13,1,0,0
189,32,320.03,536.60,62.75,32.95,1,0,0
189,20,668.55,549.73,42.95,8.89,1,2,0
190,33,437.81,532.90,66.73,30.13,1,0,0
190,32,320.03,536.60,62.75,32.95,1,0,0
190,20,668.55,549.73,42.95,8.89,1,2,0
191,33,437.81,532.90,66.73,30.13,1,0,0
191,32,320.03,536.60,62.75,32.95,1,0,0
191,20,668.55,549.73,42.95,8.89,1,2,0
192,33,477.71,529.22,67.85,30.53,1,0,0
192,32,319.64,525.75,101.98,41.61,1,0,0
192,20,709.01,547.53,44.12,8.23,1,2,0
192,30,421.17,553.90,12.00,4.76,1,0,0
193,33,512.78,537.28,68.80,29.76,1,0,0
193,32,335.14,534.36,120.89,41.55,1,0,0
193,20,746.91,553.46,42.63,8.45,1,2,0
194,33,469.56,509.53,125.32,42.01,1,0,0
194,20,654.24,515.74,70.00,30.22,1,0,0
194,34,893.63,536.53,42.89,8.46,1,2,0
195,33,403.44,508.11,80.19,24.74,1,0,0
195,20,715.48,495.44,129.18,42.02,1,0,0
195,34,844.46,524.26,13.47,4.98,1,0,0
195,27,1146.37,520.50,44.74,8.43,1,2,0
195,24,571.86,520.79,50.25,8.80,1,0,0
195,25,906.53,501.36,73.46,29.67,1,0,0
195,32,319.84,511.99,56.92,43.00,1,0,0
196,33,472.86,536.63,83.96,25.16,1,0,0
196,20,790.01,524.18,130.62,42.84,1,0,0
196,34,920.81,553.93,14.18,4.83,1,0,0
196,27,1222.76,549.26,42.87,8.43,1,2,0
196,24,645.93,549.79,50.90,8.78,1,0,0
196,25,982.84,530.08,72.62,30.68,1,0,0
196,32,319.64,542.60,127.98,42.45,1,0,0
197,20,858.98,499.06,54.33,8.96,1,0,0
197,34,1135.28,503.98,14.47,4.77,1,0,0
197,27,1196.95,480.93,71.17,30.28,1,0,0
197,24,680.67,485.32,84.86,26.09,1,0,0
197,25,1005.47,475.48,129.45,41.51,1,0,0
197,23,1427.55,502.49,41.89,7.70,1,2,0
198,20,915.12,506.28,51.01,8.55,1,0,0
198,34,1252.66,484.27,70.71,29.90,1,0,0
198,24,737.15,494.26,84.90,25.92,1,0,0
198,25,1062.02,479.96,130.18,42.76,1,0,0
198,36,503.99,481.40,204.76,65.48,1,0,0
198,23,1481.95,502.89,39.05,7.55,1,2,0
198,32,319.81,505.27,55.85,28.31,1,0,0
199,34,1282.50,510.68,69.39,30.66,1,0,0
199,24,767.30,523.55,85.34,25.86,1,0,0
199,25,1092.15,507.50,128.78,43.35,1,0,0
199,36,531.58,511.76,206.31,64.71,1,0,0
199,23,1508.51,527.67,40.03,7.48,1,2,0
199,32,319.65,533.84,83.42,29.33,1,0,0
200,34,1282.50,510.68,69.39,30.66,1,0,0
200,24,767.30,523.55,85.34,25.86,1,0,0
200,25,1092.15,507.50,128.78,43.35,1,0,0
200,36,531.58,511.76,206.31,64.71,1,0,0
200,23,1508.51,527.67,40.03,7.48,1,2,0
200,32,319.65,533.84,83.42,29.33,1,0,0
201,34,1312.96,541.72,68.26,29.77,1,0,0
201,24,798.18,549.65,85.31,26.12,1,0,0
201,25,1123.36,536.57,128.31,43.33,1,0,0
201,36,562.29,536.04,206.28,63.74,1,0,0
201,32,319.80,554.79,112.20,28.57,1,0,0
201,20,976.27,563.20,50.87,8.33,1,0,0
202,34,1312.96,541.72,68.26,29.77,1,0,0
202,24,798.18,549.65,85.31,26.12,1,0,0
202,25,1123.36,536.57,128.31,43.33,1,0,0
202,36,562.29,536.04,206.28,63.74,1,0,0
202,32,319.80,554.79,112.20,28.57,1,0,0
202,37,1251.10,565.92,14.79,4.47,1,0,0
202,20,976.27,563.20,50.87,8.33,1,0,0
203,34,1312.96,541.72,68.26,29.77,1,0,0
203,24,798.18,549.65,85.31,26.12,1,0,0
203,25,1123.36,536.57,128.31,43.33,1,0,0
203,36,562.29,536.04,206.28,63.74,1,0,0
203,32,319.80,554.79,112.20,28.57,1,0,0
203,37,1251.10,565.92,14.79,4.47,1,0,0
203,20,976.27,563.20,50.87,8.33,1,0,0
204,34,1442.78,525.49,66.45,29.83,1,0,0
204,25,1258.59,518.65,125.01,42.17,1,0,0
204,36,697.17,510.53,209.24,65.01,1,0,0
204,37,1112.85,542.25,51.66,8.49,1,0,0
204,20,935.12,527.35,85.88,25.71,1,0,0
204,33,350.55,510.76,212.12,45.29,1,0,0
205,25,1286.46,501.65,123.82,42.86,1,0,0
205,36,724.92,501.09,210.80,66.09,1,0,0
205,37,1141.08,527.78,50.38,8.25,1,0,0
205,20,963.43,514.82,84.77,26.11,1,0,0
205,33,375.97,507.92,213.86,44.69,1,0,0
205,26,1409.69,530.82,13.27,5.24,1,0,0
205,23,1468.41,507.43,66.30,29.72,1,0,0
206,25,1298.04,483.85,122.61,41.84,1,0,0
206,36,736.94,482.80,211.18,64.82,1,0,0
206,20,976.50,496.57,83.12,25.00,1,0,0
206,33,387.23,489.69,213.72,44.06,1,0,0
206,23,1479.36,490.49,65.68,28.22,1,0,0
207,25,1269.39,531.44,124.36,42.40,1,0,0
207,36,710.11,531.37,209.36,66.63,1,0,0
207,20,947.35,546.28,82.61,25.37,1,0,0
207,33,361.27,538.97,212.54,44.62,1,0,0
207,23,1452.09,535.40,66.32,29.55,1,0,0
208,25,1268.75,529.12,123.94,42.59,1,0,0
208,36,709.55,521.81,209.66,64.57,1,0,0
208,20,945.92,538.64,83.16,25.37,1,0,0
208,33,360.73,521.89,211.83,44.40,1,0,0
208,23,1450.72,536.29,66.42,29.64,1,0,0
208,37,1122.04,553.14,53.09,8.27,1,0,0
209,25,1242.18,468.11,123.56,43.03,1,0,0
209,36,683.50,470.38,207.79,66.15,1,0,0
209,20,919.75,482.60,82.40,26.11,1,0,0
209,33,335.71,483.26,211.51,44.12,1,0,0
209,23,1424.98,473.59,67.85,29.34,1,0,0
209,37,1095.92,494.93,51.91,8.70,1,0,0
210,25,1156.51,488.89,124.69,43.10,1,0,0
210,36,600.93,478.02,207.89,65.82,1,0,0
210,23,1342.01,497.45,68.91,30.48,1,0,0
210,37,1009.01,511.93,52.11,8.85,1,0,0
210,24,831.51,496.33,81.96,25.74,1,0,0
210,32,319.88,494.66,145.15,29.66,1,0,0
210,26,1281.40,519.26,13.34,5.55,1,0,0
211,25,1122.75,459.98,125.39,42.13,1,0,0
211,36,567.96,461.21,206.16,65.34,1,0,0
211,23,1308.76,465.24,69.18,29.63,1,0,0
211,24,796.22,474.02,81.44,25.11,1,0,0
211,32,319.46,482.79,114.06,31.41,1,0,0
212,25,1004.01,548.67,125.78,42.23,1,0,0
212,36,457.61,535.14,200.39,63.33,1,0,0
212,23,1191.73,557.31,71.40,29.93,1,0,0
212,24,678.34,553.50,79.89,25.60,1,0,0
212,32,319.29,551.35,9.05,23.87,1,0,0
212,37,852.26,570.26,52.47,9.10,1,0,0
212,26,1129.40,579.41,14.09,4.74,1,0,0
213,25,970.25,514.24,126.65,43.53,1,0,0
213,36,427.06,508.68,199.18,65.26,1,0,0
213,23,1158.95,520.96,71.69,30.46,1,0,0
213,24,645.83,525.38,80.10,25.17,1,0,0
213,39,1385.82,541.81,40.58,8.04,1,2,0
213,37,819.58,538.93,54.27,9.21,1,0,0
214,25,824.84,503.98,126.26,43.77,1,0,0
214,24,506.17,519.00,76.37,23.88,1,0,0
214,39,1248.87,529.19,42.72,7.54,1,2,0
214,37,675.18,530.42,53.27,8.92,1,0,0
214,20,1013.58,510.03,72.35,30.34,1,0,0
214,33,319.62,503.33,169.79,65.11,1,0,0
215,25,687.53,511.64,123.11,42.20,1,0,0
215,24,376.36,521.50,74.47,24.94,1,0,0
215,39,1106.94,540.42,40.13,7.92,1,2,0
215,37,538.10,535.32,53.43,9.40,1,0,0
215,20,873.04,518.06,72.59,30.96,1,0,0
215,32,319.74,525.56,40.08,41.95,1,0,0
216,25,639.70,483.29,122.61,42.97,1,0,0
216,24,333.04,499.24,71.88,24.16,1,0,0
216,20,824.25,489.25,71.82,29.51,1,0,0
217,25,667.19,521.70,70.75,29.80,1,0,0
217,36,489.25,515.55,118.02,41.03,1,0,0
217,39,896.25,543.09,42.02,7.79,1,2,0
217,32,347.07,538.56,47.85,9.08,1,0,0
218,25,678.14,548.25,43.48,8.13,1,2,0
218,36,462.51,531.45,66.21,29.60,1,0,0
218,32,319.65,527.28,86.09,42.23,1,0,0
218,37,405.49,555.27,9.82,4.52,1,0,0
219,36,509.65,531.41,43.57,8.71,1,2,0
219,32,319.33,515.41,49.44,29.12,1,0,0
219,23,1120.80,531.12,8.90,4.74,1,4,0
222,20,808.04,543.19,6.45,4.79,1,4,0
223,26,951.37,553.22,6.91,4.77,1,4,0
227,42,1365.10,548.44,145.90,30.22,1,1,0
228,42,1205.98,516.97,145.72,30.68,1,1,0
228,20,721.25,539.47,8.01,5.38,1,4,0
229,42,1013.98,518.67,150.67,32.24,1,1,0
229,36,531.02,540.17,7.46,5.46,1,4,0
230,42,958.68,528.32,150.32,31.65,1,1,0
231,42,862.47,529.26,150.41,31.09,1,1,0
231,25,387.93,539.63,6.18,6.06,1,4,0
232,42,862.47,529.26,150.41,31.09,1,1,0
232,25,387.93,539.63,6.18,6.06,1,4,0
233,42,831.91,528.98,149.89,32.07,1,1,0
234,42,850.92,498.49,149.81,32.31,1,1,0
235,42,985.53,541.02,149.33,32.63,1,1,0
236,42,1028.92,531.78,148.80,32.66,1,1,0
239,44,1480.09,534.10,121.36,28.90,1,1,0
243,20,414.72,595.93,33.70,7.04,1,2,0
244,32,319.45,548.29,43.46,27.69,1,0,0
244,36,479.33,565.08,32.07,6.58,1,2,0
245,32,348.46,512.38,107.17,39.91,1,0,0
245,36,502.62,515.21,65.59,29.84,1,0,0
246,32,348.46,512.38,107.17,39.91,1,0,0
246,36,502.62,515.21,65.59,29.84,1,0,0
247,36,499.85,480.75,111.81,39.98,1,0,0
247,23,852.37,504.46,30.09,6.38,1,2,0
247,42,659.96,484.03,68.72,30.08,1,0,0
247,20,335.34,505.69,46.85,9.47,1,0,0
248,36,499.85,480.75,111.81,39.98,1,0,0
248,23,852.37,504.46,30.09,6.38,1,2,0
248,42,659.96,484.03,68.72,30.08,1,0,0
248,20,335.34,505.69,46.85,9.47,1,0,0
249,36,547.70,534.26,114.27,40.60,1,0,0
249,23,804.57,564.10,11.36,4.61,1,2,0
249,42,709.78,539.37,68.17,29.28,1,0,0
250,36,547.06,522.43,113.97,41.04,1,0,0
250,23,800.16,553.49,14.48,4.74,1,2,0
250,42,708.68,529.43,68.24,29.51,1,0,0
250,44,1516.31,555.68,6.38,5.05,1,4,0
250,20,381.82,545.77,46.38,8.68,1,0,0
251,36,552.80,498.94,113.77,41.28,1,0,0
251,23,904.41,521.60,29.91,6.22,1,2,0
251,42,713.94,502.43,68.58,29.59,1,0,0
251,20,386.54,526.19,44.94,8.38,1,0,0
252,36,549.64,490.45,114.07,40.95,1,0,0
252,42,710.98,492.79,67.97,28.85,1,0,0
252,20,385.33,518.94,44.15,8.69,1,0,0
253,36,485.77,532.45,112.40,40.71,1,0,0
253,42,644.13,537.51,68.90,29.56,1,0,0
253,20,322.36,555.65,45.17,9.73,1,0,0
254,36,468.49,511.20,111.27,40.03,1,0,0
254,42,626.45,513.40,67.45,29.17,1,0,0
254,20,320.13,538.39,32.38,8.58,1,0,0
254,23,816.32,531.53,23.57,5.84,1,2,0
255,42,539.25,509.53,65.83,28.95,1,0,0
255,23,725.29,531.55,22.55,5.37,1,2,0
255,32,385.08,503.95,109.46,40.07,1,0,0
256,42,539.25,509.53,65.83,28.95,1,0,0
256,23,725.29,531.55,22.55,5.37,1,2,0
256,32,385.08,503.95,109.46,40.07,1,0,0
257,42,508.83,509.83,65.14,29.59,1,0,0
257,23,690.37,531.10,25.29,4.92,1,2,0
257,32,356.22,507.20,108.01,39.93,1,0,0
258,42,526.83,552.89,14.46,4.60,1,2,0
258,23,591.87,550.29,22.08,6.20,1,2,0
258,32,414.79,529.09,63.05,29.70,1,0,0
258,26,319.31,534.05,52.63,30.08,1,0,0
259,23,568.51,530.25,19.86,5.81,1,2,0
259,32,390.94,509.41,61.85,29.47,1,0,0
259,26,319.53,516.82,27.58,26.68,1,0,0
260,26,320.10,517.87,60.44,28.70,1,0,0
260,42,438.77,539.69,14.96,5.10,1,2,0
261,26,319.46,539.47,15.39,21.77,1,0,0
261,42,398.96,554.91,10.15,5.23,1,2,0
261,23,440.50,553.07,20.21,5.98,1,2,0
262,26,319.73,524.54,10.30,22.18,1,0,0
266,47,1085.78,529.07,7.40,4.87,1,4,0
266,32,461.09,527.23,17.19,6.52,1,2,0
266,23,319.81,511.79,38.23,23.76,1,0,0
267,32,506.25,541.50,18.82,6.64,1,2,0
267,23,344.24,518.53,60.84,28.64,1,0,0
268,32,528.49,524.32,17.91,6.34,1,2,0
268,23,364.44,501.60,60.42,28.77,1,0,0
269,32,592.78,552.77,19.04,6.34,1,2,0
269,23,319.72,529.42,67.78,35.46,1,0,0
269,36,427.96,530.81,61.18,29.46,1,0,0
270,32,616.32,563.20,17.67,5.90,1,2,0
270,23,319.59,532.92,90.51,39.69,1,0,0
270,36,450.70,540.28,61.67,28.75,1,0,0
271,32,616.32,563.20,17.67,5.90,1,2,0
271,23,319.59,532.92,90.51,39.69,1,0,0
271,36,450.70,540.28,61.67,28.75,1,0,0
272,32,629.03,563.61,16.70,6.48,1,2,0
272,23,319.31,536.43,103.39,38.46,1,0,0
272,36,462.99,542.23,62.26,28.58,1,0,0
272,47,1264.69,566.66,6.33,4.56,1,4,0
273,32,648.38,540.04,16.69,5.62,1,2,0
273,23,332.69,517.11,107.53,38.72,1,0,0
273,36,480.65,519.31,62.34,28.91,1,0,0
274,32,648.38,540.04,16.69,5.62,1,2,0
274,23,332.69,517.11,107.53,38.72,1,0,0
274,36,480.65,519.31,62.34,28.91,1,0,0
275,32,648.38,540.04,16.69,5.62,1,2,0
275,23,332.69,517.11,107.53,38.72,1,0,0
275,36,480.65,519.31,62.34,28.91,1,0,0
276,23,398.87,530.16,109.98,38.88,1,0,0
276,36,548.99,535.26,64.19,28.55,1,0,0
277,23,413.31,542.71,110.46,38.93,1,0,0
277,36,564.46,546.67,63.93,28.48,1,0,0
277,32,734.77,566.70,18.91,5.92,1,2,0
278,23,461.14,493.17,111.66,39.25,1,0,0
278,36,613.82,498.93,64.81,29.07,1,0,0
278,32,786.97,523.31,21.22,5.79,1,2,0
279,23,499.71,522.63,113.13,39.29,1,0,0
279,36,653.66,525.19,64.63,28.18,1,0,0
279,32,829.29,542.72,23.94,6.09,1,2,0
279,48,328.16,549.36,47.13,8.97,1,0,0
279,44,1452.87,531.44,6.63,5.45,1,4,0
280,23,499.71,522.63,113.13,39.29,1,0,0
280,36,653.66,525.19,64.63,28.18,1,0,0
280,32,829.29,542.72,23.94,6.09,1,2,0
280,48,328.16,549.36,47.13,8.97,1,0,0
280,44,1452.87,531.44,6.63,5.45,1,4,0
281,23,499.71,522.63,113.13,39.29,1,0,0
281,36,653.66,525.19,64.63,28.18,1,0,0
281,32,829.29,542.72,23.94,6.09,1,2,0
281,48,328.16,549.36,47.13,8.97,1,0,0
281,44,1452.87,531.44,6.63,5.45,1,4,0
282,23,560.46,499.25,115.55,39.36,1,0,0
282,36,717.00,500.62,64.99,28.64,1,0,0
282,32,888.79,518.36,23.67,5.71,1,2,0
282,48,388.97,526.69,47.17,8.94,1,0,0
283,23,570.73,513.68,115.02,39.34,1,0,0
283,36,726.54,517.61,66.05,28.79,1,0,0
283,32,924.54,540.16,12.16,4.87,1,2,0
283,48,398.58,537.87,47.06,9.05,1,0,0
284,23,611.94,492.92,115.96,39.53,1,0,0
284,36,769.70,495.70,64.22,28.44,1,0,0
284,32,969.83,516.98,11.98,4.92,1,2,0
284,48,439.19,518.97,46.87,8.56,1,0,0
284,50,319.96,513.55,56.33,37.26,1,0,0
285,23,611.94,492.92,115.96,39.53,1,0,0
285,36,769.70,495.70,64.22,28.44,1,0,0
285,32,969.83,516.98,11.98,4.92,1,2,0
285,48,439.19,518.97,46.87,8.56,1,0,0
285,50,319.96,513.55,56.33,37.26,1,0,0
286,23,611.94,492.92,115.96,39.53,1,0,0
286,36,769.70,495.70,64.22,28.44,1,0,0
286,32,969.83,516.98,11.98,4.92,1,2,0
286,48,439.19,518.97,46.87,8.56,1,0,0
286,50,319.96,513.55,56.33,37.26,1,0,0
287,23,640.78,521.82,116.44,39.33,1,0,0
287,36,798.23,526.95,65.70,28.50,1,0,0
287,32,1000.44,552.13,13.32,4.56,1,2,0
287,48,464.81,544.84,48.02,8.51,1,0,0
287,50,320.04,532.21,83.86,41.74,1,0,0
288,23,640.78,521.82,116.44,39.33,1,0,0
288,36,798.23,526.95,65.70,28.50,1,0,0
288,32,1000.44,552.13,13.32,4.56,1,2,0
288,48,464.81,544.84,48.02,8.51,1,0,0
288,50,320.04,532.21,83.86,41.74,1,0,0
288,51,968.52,548.79,21.62,5.29,1,2,0
289,23,695.10,515.75,117.89,39.96,1,0,0
289,36,853.98,523.68,65.22,28.13,1,0,0
289,32,1061.67,549.14,16.03,5.24,1,2,0
289,48,518.62,536.49,48.05,8.78,1,0,0
289,50,319.52,508.07,138.05,56.93,1,0,0
289,51,1025.90,547.29,21.99,5.46,1,2,0
290,23,720.53,532.19,117.17,39.76,1,0,0
290,36,878.84,539.10,64.87,28.90,1,0,0
290,32,1086.62,564.50,18.89,5.39,1,2,0
290,48,541.68,553.26,47.19,8.89,1,0,0
290,50,324.29,526.60,158.57,55.40,1,0,0
290,52,404.21,536.52,77.05,24.61,1,0,0
291,23,726.43,544.06,118.06,38.93,1,0,0
291,36,885.44,549.22,64.57,28.18,1,0,0
291,48,548.64,566.94,47.26,8.80,1,0,0
291,50,328.85,540.55,159.95,56.42,1,0,0
291,51,1053.07,570.29,27.53,5.37,1,2,0
292,23,738.56,485.70,118.92,39.21,1,0,0
292,36,897.50,491.78,65.32,27.85,1,0,0
292,50,342.12,483.74,159.51,56.01,1,0,0
292,32,1109.30,516.26,19.46,5.56,1,2,0
293,23,736.55,519.09,118.37,39.80,1,0,0
293,36,895.13,523.78,64.34,28.32,1,0,0
293,50,341.33,518.23,159.81,56.86,1,0,0
293,32,1111.91,546.33,18.75,5.36,1,2,0
293,48,557.58,543.02,47.58,8.91,1,0,0
294,23,740.79,497.52,118.09,39.67,1,0,0
294,36,899.80,503.97,64.21,28.57,1,0,0
294,50,345.61,494.45,159.23,55.21,1,0,0
294,32,1118.97,528.77,16.27,5.65,1,2,0
294,48,560.97,519.53,47.51,8.85,1,0,0
294,51,1065.68,526.99,31.28,5.41,1,2,0
295,23,719.50,508.41,118.55,39.86,1,0,0
295,36,878.14,513.68,64.42,28.55,1,0,0
295,50,328.60,507.67,158.26,56.01,1,0,0
296,23,712.84,522.05,118.96,39.05,1,0,0
296,36,870.94,526.90,63.96,27.96,1,0,0
296,50,324.81,521.59,156.77,55.05,1,0,0
296,48,534.93,545.48,46.94,8.49,1,0,0
296,51,1037.14,547.03,33.15,5.67,1,2,0
297,23,712.84,522.05,118.96,39.05,1,0,0
297,36,870.94,526.90,63.96,27.96,1,0,0
297,50,324.81,521.59,156.77,55.05,1,0,0
297,48,534.93,545.48,46.94,8.49,1,0,0
297,51,1037.14,547.03,33.15,5.67,1,2,0
298,23,687.10,507.04,118.80,39.53,1,0,0
298,36,844.27,510.94,63.53,28.15,1,0,0
298,50,319.42,510.97,138.03,55.85,1,0,0
298,51,1011.29,529.39,35.52,5.85,1,2,0
299,23,665.80,527.76,117.90,38.37,1,0,0
299,36,822.46,534.25,63.11,27.98,1,0,0
299,50,319.21,521.22,118.59,55.71,1,0,0
299,52,365.14,533.54,68.20,22.84,1,0,0
299,48,488.76,548.39,47.11,8.87,1,0,0
300,23,638.34,502.85,117.28,38.77,1,0,0
300,36,794.58,505.09,62.71,27.98,1,0,0
300,50,319.63,516.99,94.07,46.00,1,0,0
300,48,463.98,529.77,45.85,8.21,1,0,0
300,51,1033.98,524.17,18.91,6.41,1,2,0
301,23,600.85,533.11,116.24,38.72,1,0,0
301,36,754.66,538.71,63.17,27.72,1,0,0
301,48,426.13,555.39,44.83,9.10,1,0,0
301,51,997.56,562.86,17.94,5.76,1,2,0
301,52,319.72,547.79,58.39,36.07,1,0,0
302,23,594.29,526.31,116.01,39.13,1,0,0
302,36,748.32,528.59,62.10,27.95,1,0,0
302,48,420.07,553.79,45.99,8.53,1,0,0
302,51,995.47,546.20,18.33,6.26,1,2,0
302,52,319.69,548.27,52.84,35.70,1,0,0
303,23,553.82,483.93,115.42,39.25,1,0,0
303,36,706.32,488.89,62.72,28.04,1,0,0
303,48,380.73,507.61,45.96,9.16,1,0,0
303,52,319.63,499.76,16.95,35.23,1,0,0
304,23,525.87,545.79,114.94,38.77,1,0,0
304,36,677.08,553.64,61.65,28.11,1,0,0
304,48,354.94,563.72,43.44,9.47,1,0,0
304,51,841.01,576.90,41.05,5.92,1,2,0
305,23,525.87,545.79,114.94,38.77,1,0,0
305,36,677.08,553.64,61.65,28.11,1,0,0
305,48,354.94,563.72,43.44,9.47,1,0,0
305,51,841.01,576.90,41.05,5.92,1,2,0
306,23,469.54,511.38,113.30,38.79,1,0,0
306,36,617.78,516.73,61.45,28.26,1,0,0
306,51,781.02,538.39,40.76,6.16,1,2,0
306,44,1408.68,543.07,6.50,4.86,1,4,0
307,23,453.57,536.13,112.01,38.28,1,0,0
307,36,601.55,543.07,59.44,27.94,1,0,0
307,51,763.56,566.30,40.02,5.93,1,2,0
307,55,863.40,571.20,23.15,6.44,1,2,0
308,23,428.74,510.04,112.15,38.92,1,0,0
308,36,575.38,511.98,60.21,27.49,1,0,0
308,51,738.95,528.57,39.26,6.18,1,2,0
308,55,846.41,529.85,17.11,6.45,1,2,0
309,23,428.21,527.81,111.52,37.94,1,0,0
309,36,574.22,528.55,60.27,27.92,1,0,0
309,51,738.75,545.21,40.27,6.12,1,2,0
309,55,848.00,547.05,23.50,5.83,1,2,0
310,23,428.21,527.81,111.52,37.94,1,0,0
310,36,574.22,528.55,60.27,27.92,1,0,0
310,51,738.75,545.21,40.27,6.12,1,2,0
310,55,848.00,547.05,23.50,5.83,1,2,0
311,23,414.34,531.10,111.11,37.92,1,0,0
311,36,559.51,534.79,58.80,27.84,1,0,0
311,51,723.59,553.75,41.92,6.37,1,2,0
311,44,1349.15,553.15,5.98,5.04,1,4,0
312,23,405.02,486.68,110.92,38.51,1,0,0
312,36,548.96,493.39,59.39,28.10,1,0,0
312,51,713.15,516.21,43.19,6.49,1,2,0
312,55,837.51,523.88,22.88,6.49,1,2,0
313,23,412.04,486.46,111.16,38.24,1,0,0
313,36,555.92,491.27,60.05,28.46,1,0,0
313,55,848.16,518.06,18.98,6.57,1,2,0
314,23,406.30,515.61,110.88,38.71,1,0,0
314,36,550.19,521.43,59.24,28.34,1,0,0
314,55,847.29,548.77,22.64,6.23,1,2,0
314,51,715.58,542.41,43.69,7.07,1,2,0
315,23,417.26,526.81,111.95,38.17,1,0,0
315,36,561.08,530.56,60.18,27.80,1,0,0
315,55,870.24,554.13,21.75,5.85,1,2,0
315,51,728.51,548.19,43.95,7.31,1,2,0
316,23,420.31,535.69,111.38,38.02,1,0,0
316,36,563.80,538.16,59.88,28.02,1,0,0
316,51,732.65,554.09,44.58,7.52,1,2,0
316,44,1352.32,547.67,6.97,4.69,1,4,0
317,23,429.52,478.55,112.16,38.05,1,0,0
317,36,573.98,482.54,60.41,28.34,1,0,0
317,51,741.97,501.59,46.34,7.12,1,2,0
317,44,1361.61,506.67,6.32,4.68,1,4,0
318,23,429.69,503.59,111.76,37.85,1,0,0
318,36,574.18,506.35,58.98,28.12,1,0,0
318,51,743.45,523.28,44.67,7.12,1,2,0
318,44,1361.83,519.26,6.15,4.69,1,4,0
318,55,895.81,528.18,22.36,6.17,1,2,0
319,23,432.34,528.43,111.91,37.50,1,0,0
319,36,576.06,531.03,60.00,28.24,1,0,0
319,51,746.78,548.36,43.28,6.80,1,2,0
319,55,896.35,553.36,27.86,6.60,1,2,0
320,23,447.12,538.77,112.75,37.79,1,0,0
320,36,592.17,543.03,59.52,28.03,1,0,0
320,51,761.94,562.15,44.85,7.37,1,2,0
320,55,918.69,569.07,25.76,6.70,1,2,0
321,23,461.20,495.97,112.90,37.58,1,0,0
321,36,606.62,500.92,59.76,27.84,1,0,0
321,51,780.09,520.50,45.78,7.60,1,2,0
321,55,949.16,529.68,22.51,6.04,1,2,0
321,48,319.27,519.06,13.25,7.99,1,0,0
321,44,1393.31,528.33,6.16,4.68,1,4,0
322,23,470.25,533.07,113.10,37.26,1,0,0
322,36,615.83,536.06,59.11,27.91,1,0,0
322,51,789.43,553.16,44.89,7.30,1,2,0
322,48,319.39,555.42,20.91,10.13,1,0,0
323,23,512.50,489.12,114.39,37.61,1,0,0
323,36,658.76,495.82,59.73,27.92,1,0,0
323,51,835.40,516.54,46.53,8.39,1,2,0
323,48,335.78,507.59,43.98,9.41,1,0,0
323,55,1011.51,528.24,31.90,7.19,1,2,0
324,36,643.14,541.54,117.52,37.43,1,0,0
324,51,793.37,543.75,61.06,28.22,1,0,0
324,48,462.58,565.64,44.46,8.41,1,0,0
324,55,1156.40,564.49,34.36,7.38,1,2,0
324,50,319.21,542.91,117.00,54.50,1,0,0
325,36,708.73,549.81,117.87,36.76,1,0,0
325,51,860.63,554.73,60.40,27.88,1,0,0
325,48,523.90,569.03,46.44,8.61,1,0,0
325,55,1039.39,573.63,46.64,8.19,1,2,0
325,50,348.34,544.58,150.89,52.72,1,0,0
326,36,753.21,499.80,47.44,8.55,1,0,0
326,51,940.60,476.28,120.48,37.43,1,0,0
326,55,1094.14,478.78,61.10,27.95,1,0,0
326,44,1467.29,502.65,22.19,8.29,1,2,0
326,23,565.94,479.45,159.55,52.91,1,0,0
327,51,1026.35,510.44,119.73,36.52,1,0,0
327,55,1179.86,510.55,59.34,27.32,1,0,0
327,56,1356.55,525.55,44.30,7.28,1,2,0
327,44,1541.22,528.47,26.69,8.34,1,2,0
327,23,647.59,515.67,161.09,54.14,1,0,0
327,50,319.04,536.55,72.91,27.83,1,0,0
328,51,925.82,497.78,163.02,53.52,1,0,0
328,55,1117.42,524.53,40.56,8.13,1,0,0
328,56,1303.34,506.12,113.26,38.60,1,0,0
328,44,1448.05,513.97,56.46,27.66,1,0,0
328,23,466.26,489.27,191.31,41.96,1,0,0
328,50,351.77,515.29,33.78,17.34,1,1,0
329,51,1009.24,472.31,161.99,53.96,1,0,0
329,55,1200.01,491.55,45.93,7.92,1,0,0
329,56,1382.45,465.92,112.15,37.86,1,0,0
329,44,1524.89,468.89,55.06,26.22,1,0,0
329,23,544.77,485.03,194.39,41.30,1,0,0
329,50,397.36,552.37,8.03,5.72,1,4,0
329,48,430.59,517.65,30.68,16.60,1,1,0
330,55,1397.90,588.74,45.28,8.56,1,0,0
330,56,1212.69,561.87,157.48,52.57,1,0,0
330,44,1569.36,571.51,32.07,37.88,1,0,0
330,23,744.73,546.53,199.36,43.84,1,0,0
330,48,587.81,601.62,10.09,6.22,1,4,0
330,36,621.88,571.48,33.64,16.28,1,1,0
331,44,1578.20,489.02,23.21,8.71,1,0,0
331,51,942.20,482.51,199.12,40.77,1,0,0
332,44,1578.20,489.02,23.21,8.71,1,0,0
332,57,1402.14,469.74,148.24,52.82,1,0,0
332,58,817.85,514.61,33.52,17.13,1,1,0
332,51,942.20,482.51,199.12,40.77,1,0,0
333,57,1434.21,519.44,146.53,52.15,1,0,0
333,58,851.83,546.57,31.47,16.75,1,1,0
333,51,975.92,518.06,199.47,40.75,1,0,0
333,50,388.60,552.31,5.85,5.60,1,4,0
334,57,1477.00,505.83,124.59,53.33,1,0,0
334,58,896.40,534.72,32.11,16.63,1,1,0
334,51,1022.39,505.39,196.83,41.03,1,0,0
334,59,862.97,566.67,10.18,6.72,1,4,0
335,57,1454.55,482.75,144.45,52.14,1,0,0
335,58,872.08,514.29,32.28,17.59,1,1,0
335,51,998.45,484.91,197.05,41.00,1,0,0
335,59,844.33,546.99,8.84,6.93,1,4,0
336,57,1437.03,501.34,146.47,52.10,1,0,0
336,58,853.63,523.85,31.13,16.64,1,1,0
336,51,979.41,496.16,197.52,41.11,1,0,0
336,59,825.64,555.53,9.75,6.48,1,4,0
337,57,1437.03,501.34,146.47,52.10,1,0,0
337,58,853.63,523.85,31.13,16.64,1,1,0
337,51,979.41,496.16,197.52,41.11,1,0,0
337,59,825.64,555.53,9.75,6.48,1,4,0
338,57,1420.39,528.93,146.75,51.64,1,0,0
338,58,835.58,548.43,30.86,17.46,1,1,0
338,51,961.69,522.57,198.54,40.75,1,0,0
339,57,1419.40,499.17,146.77,53.23,1,0,0
339,58,834.82,537.14,30.86,18.05,1,1,0
339,51,961.32,506.72,197.01,41.70,1,0,0
339,50,377.14,551.59,6.47,5.17,1,4,0
340,57,1417.62,500.67,147.25,52.79,1,0,0
340,58,832.51,528.01,30.68,17.67,1,1,0
340,51,959.61,499.66,197.40,41.15,1,0,0
341,57,1414.19,511.06,146.01,53.19,1,0,0
341,58,828.21,528.55,31.30,17.18,1,1,0
341,51,955.52,502.65,196.92,41.51,1,0,0
341,50,372.78,527.43,6.29,5.06,1,4,0
342,57,1408.16,513.39,146.89,53.34,1,0,0
342,58,821.11,530.91,30.82,17.14,1,1,0
342,51,948.52,505.38,197.66,41.23,1,0,0
342,44,1581.53,539.78,19.81,9.03,1,0,0
342,59,797.57,562.21,9.22,6.33,1,4,0
343,57,1397.48,501.46,147.65,53.14,1,0,0
343,58,810.43,537.80,30.94,18.39,1,1,0
343,51,937.81,507.95,197.81,40.97,1,0,0
343,44,1573.58,524.06,27.46,7.91,1,0,0
344,57,1397.48,501.46,147.65,53.14,1,0,0
344,58,810.43,537.80,30.94,18.39,1,1,0
344,51,937.81,507.95,197.81,40.97,1,0,0
344,44,1573.58,524.06,27.46,7.91,1,0,0
345,57,1403.90,493.81,145.61,52.93,1,0,0
345,58,815.91,511.73,30.15,17.58,1,1,0
345,51,945.23,486.33,196.70,41.29,1,0,0
345,44,1578.04,520.69,23.01,9.73,1,0,0
345,59,798.56,543.74,9.00,7.08,1,4,0
346,57,1444.31,547.28,145.55,50.85,1,0,0
346,58,859.39,576.71,29.86,18.21,1,1,0
346,51,988.55,548.60,196.37,41.07,1,0,0
347,57,1444.31,547.28,145.55,50.85,1,0,0
347,58,859.39,576.71,29.86,18.21,1,1,0
347,51,988.55,548.60,196.37,41.07,1,0,0
348,57,1469.60,481.56,131.79,51.55,1,0,0
348,58,887.47,514.41,28.82,21.33,1,1,0
348,51,1015.53,485.64,195.65,42.89,1,0,0
348,59,876.42,550.78,9.61,5.99,1,4,0
349,57,1540.67,484.39,60.91,51.01,1,0,0
349,58,964.02,512.59,27.72,18.88,1,1,0
349,51,1093.96,484.07,193.29,41.29,1,0,0
350,57,1547.09,446.99,54.38,51.35,1,0,0
350,58,971.40,482.19,27.59,17.60,1,1,0
350,51,1100.87,451.49,193.22,40.98,1,0,0
350,50,510.85,501.06,6.30,4.52,1,4,0
350,59,963.56,514.59,9.79,6.93,1,4,0
351,58,1018.81,608.37,27.38,18.18,1,1,0
351,59,1011.39,639.35,9.45,6.82,1,4,0
351,23,1149.51,585.24,192.17,40.74,1,0,0
351,44,1588.53,620.00,12.52,20.29,1,0,0
352,58,1109.34,496.40,26.84,18.62,1,1,0
352,59,1106.11,528.98,9.66,7.01,1,4,0
352,60,319.18,470.17,134.16,54.76,1,0,0
352,51,1238.40,470.95,189.36,40.42,1,0,0
353,58,1109.34,496.40,26.84,18.62,1,1,0
353,59,1106.11,528.98,9.66,7.01,1,4,0
353,60,319.18,470.17,134.16,54.76,1,0,0
353,51,1238.40,470.95,189.36,40.42,1,0,0
354,58,1237.04,582.55,26.39,19.72,1,1,0
354,51,1364.62,556.20,182.90,41.32,1,0,0
355,58,1237.04,582.55,26.39,19.72,1,1,0
355,51,1364.62,556.20,182.90,41.32,1,0,0
355,61,319.55,547.69,258.57,54.67,1,0,0
356,58,1266.10,490.61,26.37,19.83,1,1,0
356,51,1393.09,465.73,181.43,40.85,1,0,0
356,61,318.77,460.98,287.51,57.31,1,0,0
357,58,1294.35,587.68,28.27,21.39,1,1,0
357,51,1421.78,559.52,180.19,40.42,1,0,0
357,61,320.05,568.26,319.16,57.04,1,0,0
357,59,1299.31,621.31,9.54,7.27,1,4,0
358,58,1343.41,671.16,27.71,19.82,1,1,0
358,51,1469.63,652.23,131.91,40.56,1,0,0
358,61,319.66,580.98,372.48,83.18,1,0,0
359,61,356.78,398.47,414.22,89.88,1,0,0
359,57,1541.35,350.12,60.21,40.61,1,0,0
360,61,376.19,472.95,419.31,76.15,1,0,0
360,62,1441.68,473.67,27.24,19.22,1,1,0
360,57,1564.20,443.18,37.51,41.22,1,0,0
360,59,1450.91,506.83,8.63,6.97,1,4,0
361,61,479.66,511.15,430.03,62.54,1,0,0
361,59,1545.27,559.14,25.50,19.80,1,1,0
362,61,624.62,557.35,434.50,74.70,1,0,0
362,60,319.90,529.09,130.47,143.98,1,0,0
363,61,730.08,453.02,434.06,73.15,1,0,0
363,60,320.60,462.03,239.75,152.16,1,0,0
364,61,755.34,509.18,433.70,64.14,1,0,0
364,60,319.92,496.72,265.16,154.13,1,0,0
365,61,777.24,486.81,431.91,67.34,1,0,0
365,60,321.24,489.03,292.48,148.12,1,0,0
366,61,721.83,501.03,435.71,70.90,1,0,0
366,60,320.19,506.81,248.77,141.50,1,0,0
367,61,661.45,515.10,435.42,65.67,1,0,0
367,60,320.19,508.74,195.22,143.20,1,0,0
368,61,587.77,514.90,433.45,64.19,1,0,0
368,60,320.08,500.80,125.86,143.19,1,0,0
369,61,504.16,503.93,429.70,63.52,1,0,0
369,60,320.57,494.74,49.11,139.72,1,0,0
369,57,1557.95,542.75,28.02,20.11,1,1,0
370,61,412.44,500.51,423.27,65.67,1,0,0
370,62,1467.31,525.15,28.78,19.29,1,1,0
371,61,318.42,523.22,384.27,68.44,1,0,0
371,62,1340.29,532.65,31.57,20.53,1,1,0
371,57,1471.97,504.90,129.80,39.15,1,0,0
372,57,1409.04,547.31,141.15,49.71,1,0,0
372,56,934.58,546.24,200.06,40.07,1,0,0
372,48,797.25,571.47,29.00,19.00,1,1,0
373,57,1449.34,519.30,111.17,36.64,1,0,0
373,64,1582.05,518.95,19.78,28.19,1,0,0
373,56,1111.64,528.01,149.94,51.20,1,0,0
373,62,1266.71,546.27,43.91,8.33,1,0,0
374,57,1449.34,519.30,111.17,36.64,1,0,0
374,64,1582.05,518.95,19.78,28.19,1,0,0
374,56,1111.64,528.01,149.94,51.20,1,0,0
374,65,628.63,540.95,196.60,40.88,1,0,0
374,66,493.37,569.91,34.53,19.82,1,1,0
374,62,1266.71,546.27,43.91,8.33,1,0,0
375,65,560.20,575.44,143.71,53.70,1,0,0
375,62,1255.28,632.93,45.91,9.33,1,2,0
376,65,560.20,575.44,143.71,53.70,1,0,0
376,62,1255.28,632.93,45.91,9.33,1,2,0
376,67,898.05,595.51,117.70,38.96,1,0,0
376,68,1042.80,606.59,61.84,28.36,1,0,0
377,65,562.80,532.61,144.92,52.94,1,0,0
377,62,1260.08,547.05,44.75,8.41,1,2,0
377,67,901.21,530.79,117.95,37.02,1,0,0
377,68,1044.48,532.52,62.50,27.99,1,0,0
377,48,706.52,554.46,43.17,8.95,1,0,0
378,65,622.13,559.53,148.99,53.00,1,0,0
378,62,1320.48,593.94,44.28,8.59,1,2,0
378,67,964.85,568.31,117.92,36.93,1,0,0
378,68,1107.26,573.79,62.08,28.00,1,0,0
378,48,770.48,585.62,37.55,8.71,1,0,0
378,66,320.06,566.22,20.93,25.76,1,0,0
379,65,477.24,569.88,193.38,42.61,1,0,0
379,62,1315.57,545.58,112.82,37.53,1,0,0
379,67,973.50,553.04,150.68,56.21,1,0,0
379,68,1121.81,573.87,39.91,8.30,1,0,0
379,66,339.16,598.89,30.95,21.25,1,1,0
379,57,1449.71,545.16,57.69,27.16,1,0,0
380,65,484.68,602.69,197.70,43.68,1,0,0
380,62,1331.55,575.42,113.11,38.74,1,0,0
380,67,998.05,584.91,149.13,57.50,1,0,0
380,68,981.98,598.66,30.18,25.26,1,0,0
380,66,342.50,632.14,31.86,21.77,1,1,0
380,57,1462.32,575.18,56.64,26.81,1,0,0
381,65,484.68,602.69,197.70,43.68,1,0,0
381,62,1331.55,575.42,113.11,38.74,1,0,0
381,67,998.05,584.91,149.13,57.50,1,0,0
381,68,981.98,598.66,30.18,25.26,1,0,0
381,66,342.50,632.14,31.86,21.77,1,1,0
381,57,1462.32,575.18,56.64,26.81,1,0,0
382,65,567.19,596.61,150.91,55.90,1,0,0
382,67,1031.94,587.69,62.50,28.68,1,0,0
382,68,896.60,588.38,119.90,38.69,1,0,0
382,56,1250.54,595.81,45.85,9.39,1,2,0
383,65,431.62,605.97,147.84,54.62,1,0,0
383,67,1106.81,626.20,46.88,8.47,1,2,0
383,68,885.87,611.40,64.01,27.99,1,0,0
383,48,752.76,607.79,118.61,38.16,1,0,0
383,66,406.67,617.00,24.96,25.35,1,0,0
384,65,584.17,587.17,116.23,38.27,1,0,0
384,68,934.30,609.23,44.30,9.09,1,2,0
384,48,713.98,591.31,61.63,29.09,1,0,0
384,66,319.44,580.01,98.21,58.53,1,0,0
385,65,431.45,587.16,154.26,57.63,1,0,0
385,68,894.26,592.12,62.92,28.88,1,0,0
385,48,760.99,588.34,120.07,39.34,1,0,0
385,66,405.26,601.09,26.98,24.23,1,0,0
386,65,431.45,587.16,154.26,57.63,1,0,0
386,68,894.26,592.12,62.92,28.88,1,0,0
386,48,760.99,588.34,120.07,39.34,1,0,0
386,66,405.26,601.09,26.98,24.23,1,0,0
387,65,360.47,576.18,155.51,58.81,1,0,0
387,68,818.50,582.56,62.84,29.36,1,0,0
387,48,687.33,578.43,120.36,39.89,1,0,0
387,66,334.52,590.22,25.39,24.90,1,0,0
387,67,1044.86,598.01,45.56,9.10,1,2,0
388,65,319.90,604.34,135.27,61.16,1,0,0
388,68,754.31,610.63,63.00,29.77,1,0,0
388,48,624.72,607.35,119.53,40.40,1,0,0
388,67,979.03,624.25,47.64,9.25,1,2,0
389,68,657.18,639.93,61.71,29.18,1,0,0
389,48,529.66,632.99,117.85,40.45,1,0,0
389,67,881.84,659.07,47.68,9.07,1,2,0
389,66,320.52,643.84,41.60,38.86,1,0,0
390,68,668.67,634.60,62.29,28.95,1,0,0
390,48,540.59,628.27,118.61,40.26,1,0,0
390,66,320.69,640.15,52.21,38.58,1,0,0
391,68,650.88,640.47,120.89,41.29,1,0,0
391,65,320.03,631.99,153.93,63.85,1,0,0
391,67,780.97,646.76,63.68,30.41,1,0,0
392,68,686.77,632.84,123.12,40.76,1,0,0
392,70,1047.78,659.82,48.00,9.16,1,2,0
392,65,345.66,620.35,163.66,63.74,1,0,0
392,67,818.02,639.75,63.38,29.99,1,0,0
392,66,321.01,634.95,25.31,23.88,1,0,0
393,68,716.09,606.31,123.24,40.15,1,0,0
393,70,1078.31,631.11,48.34,9.23,1,2,0
393,65,371.80,595.35,165.52,64.15,1,0,0
393,67,848.51,612.26,63.73,29.46,1,0,0
393,66,351.58,608.86,21.18,25.21,1,0,0
394,68,776.11,638.96,123.91,41.57,1,0,0
394,70,1140.20,658.12,47.76,9.04,1,2,0
394,65,424.66,633.60,170.31,65.65,1,0,0
394,67,908.80,643.63,63.55,29.69,1,0,0
394,66,404.57,651.07,19.99,25.21,1,0,0
395,68,856.94,615.87,125.42,42.09,1,0,0
395,70,1220.54,639.07,44.79,8.16,1,2,0
395,65,496.82,608.17,177.23,66.64,1,0,0
395,67,990.62,621.93,63.54,29.54,1,0,0
395,66,477.86,625.07,19.36,25.80,1,0,0
396,68,885.84,630.71,124.87,40.56,1,0,0
396,70,1248.17,651.18,45.62,8.95,1,2,0
396,65,524.15,621.79,177.08,67.75,1,0,0
396,67,1018.21,635.28,63.72,29.81,1,0,0
396,66,503.38,639.28,20.40,26.03,1,0,0
397,68,911.05,628.53,125.89,42.47,1,0,0
397,70,1273.30,646.30,47.58,9.39,1,2,0
397,65,547.93,625.14,178.34,66.55,1,0,0
397,67,1044.35,633.23,62.94,29.64,1,0,0
397,66,527.41,642.26,20.87,25.66,1,0,0
398,68,945.74,619.19,126.17,42.97,1,0,0
398,70,1308.08,635.83,46.08,8.88,1,2,0
398,65,580.45,617.85,180.18,67.63,1,0,0
398,67,1078.17,623.38,63.24,29.55,1,0,0
398,66,558.86,635.02,22.48,25.92,1,0,0
399,68,955.29,606.75,126.75,43.02,1,0,0
399,70,1315.34,622.46,47.46,9.33,1,2,0
399,65,588.91,604.20,184.61,70.65,1,0,0
399,67,1086.64,610.01,62.60,30.63,1,0,0
399,66,563.11,624.16,25.56,26.06,1,0,0
400,68,940.04,628.22,125.63,43.38,1,0,0
400,70,1299.82,646.25,47.78,9.39,1,2,0
400,65,572.25,623.17,184.27,69.83,1,0,0
400,67,1069.42,633.12,64.14,30.51,1,0,0
400,66,545.84,641.50,27.16,26.70,1,0,0
401,68,896.14,635.50,126.39,43.57,1,0,0
401,65,529.61,629.58,188.12,71.37,1,0,0
401,67,1024.03,639.83,63.39,30.45,1,0,0
401,66,498.98,648.38,31.61,26.97,1,0,0
402,68,888.95,622.09,126.43,44.33,1,0,0
402,65,523.11,612.79,187.76,73.15,1,0,0
402,67,1016.32,628.05,64.02,31.30,1,0,0
402,66,490.33,632.61,33.23,26.36,1,0,0
402,70,1249.94,644.26,47.84,9.28,1,2,0
403,68,883.26,589.87,126.30,45.75,1,0,0
403,65,515.39,587.96,189.91,76.26,1,0,0
403,67,1008.84,594.12,63.41,30.72,1,0,0
403,66,479.42,610.74,36.33,27.74,1,0,0
403,71,871.30,620.13,12.98,7.02,1,0,0
404,68,883.26,589.87,126.30,45.75,1,0,0
404,65,515.39,587.96,189.91,76.26,1,0,0
404,67,1008.84,594.12,63.41,30.72,1,0,0
404,66,479.42,610.74,36.33,27.74,1,0,0
404,71,871.30,620.13,12.98,7.02,1,0,0
405,68,873.87,617.69,126.94,44.22,1,0,0
405,65,503.94,608.99,196.87,77.52,1,0,0
405,67,998.69,622.44,63.18,31.18,1,0,0
405,66,465.00,631.75,38.76,26.63,1,0,0
405,71,858.73,647.11,15.76,6.39,1,0,0
405,70,1234.13,636.51,49.95,9.60,1,2,0
406,68,865.12,600.02,127.54,45.48,1,0,0
406,65,495.30,595.53,196.98,79.40,1,0,0
406,67,989.60,603.87,63.15,31.10,1,0,0
406,66,455.75,619.94,38.82,26.88,1,0,0
406,70,1225.24,615.51,49.80,9.94,1,2,0
407,68,851.52,629.68,128.39,44.86,1,0,0
407,65,480.07,616.78,201.34,81.23,1,0,0
407,67,976.42,635.61,61.76,31.39,1,0,0
407,66,437.23,640.28,42.58,27.61,1,0,0
407,70,1211.39,651.09,49.92,10.19,1,2,0
407,71,831.65,658.27,21.21,7.69,1,0,0
408,68,849.80,599.92,128.86,47.30,1,0,0
408,65,474.60,588.11,206.58,84.80,1,0,0
408,67,975.08,605.61,58.43,31.56,1,0,0
408,66,430.18,616.23,44.09,26.75,1,0,0
408,70,1209.78,620.39,51.23,9.87,1,2,0
409,68,849.80,599.92,128.86,47.30,1,0,0
409,65,474.60,588.11,206.58,84.80,1,0,0
409,67,975.08,605.61,58.43,31.56,1,0,0
409,66,430.18,616.23,44.09,26.75,1,0,0
409,70,1209.78,620.39,51.23,9.87,1,2,0
410,68,808.42,535.85,129.13,47.72,1,0,0
410,65,432.67,526.04,210.82,88.39,1,0,0
410,67,933.52,542.18,56.91,32.63,1,0,0
410,66,385.12,555.96,47.58,26.12,1,0,0
410,70,1168.72,558.47,49.22,10.08,1,2,0
410,71,781.36,565.86,27.31,9.00,1,0,0
411,68,799.22,533.81,128.29,47.23,1,0,0
411,65,422.76,519.29,210.42,89.54,1,0,0
411,67,924.25,540.30,55.03,32.34,1,0,0
411,66,374.72,548.57,47.85,26.66,1,0,0
411,70,1158.14,559.10,50.10,9.80,1,2,0
411,71,771.48,562.75,27.54,8.86,1,0,0
412,68,739.99,499.27,128.31,47.44,1,0,0
412,65,365.48,479.87,212.63,92.56,1,0,0
412,67,865.49,507.73,53.32,32.22,1,0,0
412,66,319.77,508.43,45.72,27.58,1,0,0
412,70,1098.77,530.28,50.48,9.95,1,2,0
412,71,710.73,527.19,29.29,9.53,1,0,0
413,68,739.99,499.27,128.31,47.44,1,0,0
413,65,365.48,479.87,212.63,92.56,1,0,0
413,67,865.49,507.73,53.32,32.22,1,0,0
413,66,319.77,508.43,45.72,27.58,1,0,0
413,70,1098.77,530.28,50.48,9.95,1,2,0
413,71,710.73,527.19,29.29,9.53,1,0,0
414,68,714.93,471.79,127.69,48.94,1,0,0
414,65,340.92,454.37,213.27,92.84,1,0,0
414,67,839.32,481.33,53.51,33.15,1,0,0
414,66,319.64,486.52,24.44,22.87,1,0,0
414,70,1073.40,505.51,51.06,9.68,1,2,0
414,71,683.81,501.26,31.32,9.31,1,0,0
415,68,698.68,494.42,128.38,48.83,1,0,0
415,65,326.99,479.02,212.50,92.77,1,0,0
415,67,823.91,502.82,52.79,33.33,1,0,0
415,70,1057.39,524.31,51.96,10.16,1,2,0
415,71,667.74,523.99,31.51,9.43,1,0,0
416,68,694.88,475.54,127.43,48.34,1,0,0
416,65,320.41,462.48,215.85,94.33,1,0,0
416,67,818.59,482.35,53.12,32.92,1,0,0
416,70,1052.73,502.73,50.55,9.73,1,2,0
416,71,661.81,504.54,32.85,9.76,1,0,0
417,68,687.44,512.94,128.33,48.95,1,0,0
417,65,319.98,498.63,209.39,94.40,1,0,0
417,67,812.31,520.10,51.35,33.96,1,0,0
417,70,1045.70,541.12,50.34,9.98,1,2,0
417,71,654.45,543.00,32.33,9.79,1,0,0
418,68,687.44,512.94,128.33,48.95,1,0,0
418,65,319.98,498.63,209.39,94.40,1,0,0
418,67,812.31,520.10,51.35,33.96,1,0,0
418,70,1045.70,541.12,50.34,9.98,1,2,0
418,71,654.45,543.00,32.33,9.79,1,0,0
419,68,689.17,558.06,129.36,48.52,1,0,0
419,65,319.86,540.57,211.10,95.08,1,0,0
419,67,814.47,565.18,51.52,33.61,1,0,0
419,70,1049.22,585.84,49.90,10.16,1,2,0
419,71,655.81,585.84,33.53,10.87,1,0,0
420,68,692.45,551.14,128.40,49.52,1,0,0
420,65,320.31,530.89,213.64,96.09,1,0,0
420,67,817.53,560.55,51.61,33.15,1,0,0
420,70,1052.34,582.27,49.38,10.35,1,2,0
421,68,682.90,548.51,128.91,48.80,1,0,0
421,65,319.51,529.31,206.33,97.38,1,0,0
421,67,808.94,556.01,49.61,34.08,1,0,0
421,70,1041.77,577.40,49.82,10.34,1,2,0
421,71,648.28,576.70,34.49,11.26,1,0,0
422,68,681.94,462.81,129.50,49.10,1,0,0
422,65,319.60,446.91,205.44,96.39,1,0,0
422,67,808.91,471.01,48.11,33.85,1,0,0
422,70,1041.80,493.98,52.77,10.81,1,2,0
422,71,647.10,491.35,34.57,10.74,1,0,0
423,68,673.28,505.16,129.27,49.29,1,0,0
423,65,320.73,480.89,196.76,97.12,1,0,0
423,67,799.13,515.04,48.47,33.91,1,0,0
423,70,1032.89,541.34,50.12,10.66,1,2,0
