1,1,1664.97,516.20,254.35,139.99,1,5,0
1,2,1757.11,604.75,162.18,53.13,1,5,0
2,1,1634.11,506.50,285.89,144.18,1,5,0
2,2,1724.98,593.51,194.83,58.19,1,5,0
3,1,1610.82,503.90,309.18,143.00,1,5,0
4,1,1590.85,508.55,329.00,143.06,1,5,0
5,1,1571.54,510.92,348.08,142.10,1,5,0
6,1,1549.76,512.44,370.16,143.33,1,5,0
6,2,1660.66,593.94,259.34,63.89,1,5,0
7,1,1524.60,506.70,395.40,144.54,1,5,0
8,1,1498.50,500.24,421.11,144.44,1,5,0
8,2,1622.64,580.88,273.89,62.32,1,5,0
9,1,1483.32,505.97,436.68,144.19,1,5,0
9,2,1595.13,585.63,280.15,63.99,1,5,0
10,1,1460.22,511.90,459.78,143.54,1,5,0
10,2,1586.99,592.71,275.78,63.36,1,5,0
11,1,1439.68,512.52,480.24,144.92,1,5,0
11,2,1564.91,593.59,273.11,63.81,1,5,0
12,1,1416.33,513.55,503.67,145.80,1,5,0
12,2,1522.09,593.20,286.12,65.77,1,5,0
13,1,1388.48,508.34,531.38,145.15,1,5,0
13,2,1499.57,588.91,278.98,64.23,1,5,0
14,1,1369.50,504.06,536.55,146.70,1,5,0
14,2,1474.20,585.46,280.60,64.97,1,5,0
15,1,1349.07,503.09,532.82,146.40,1,5,0
15,2,1449.49,582.70,290.50,66.32,1,5,0
16,1,1333.93,506.09,533.08,146.11,1,5,0
16,2,1436.81,585.14,280.53,66.83,1,5,0
17,1,1321.05,507.70,534.68,151.08,1,5,0
17,2,1416.83,590.92,293.86,66.72,1,5,0
18,1,1308.91,507.50,541.99,153.14,1,5,0
18,2,1419.02,593.13,278.40,66.97,1,5,0
19,1,1305.48,503.79,543.75,153.18,1,5,0
19,2,1413.47,587.49,282.17,68.01,1,5,0
20,1,1303.01,501.59,551.36,153.05,1,5,0
20,2,1413.70,585.20,284.61,68.62,1,5,0
21,1,1298.94,496.55,561.15,155.16,1,5,0
21,2,1412.79,582.62,286.44,68.42,1,5,0
22,1,1293.33,490.19,564.94,158.26,1,5,0
22,2,1397.56,576.33,292.88,70.95,1,5,0
23,1,1284.28,491.04,571.43,164.47,1,5,0
23,2,1415.99,582.58,277.42,70.31,1,5,0
24,1,1282.54,496.36,575.41,163.69,1,5,0
24,2,1411.50,587.59,280.04,71.08,1,5,0
25,1,1276.34,493.09,583.98,164.36,1,5,0
25,2,1413.78,585.12,281.09,71.15,1,5,0
26,1,1273.03,490.60,588.30,167.94,1,5,0
26,2,1411.09,585.78,287.61,72.31,1,5,0
27,1,1263.67,494.89,596.93,165.67,1,5,0
27,2,1413.05,587.52,281.75,72.80,1,5,0
28,1,1250.87,498.49,604.79,168.52,1,5,0
28,2,1400.31,589.64,286.59,75.56,1,5,0
29,1,1243.63,500.19,611.46,171.90,1,5,0
29,2,1402.23,596.22,281.87,74.98,1,5,0
30,1,1238.74,499.81,618.43,173.68,1,5,0
30,2,1356.86,594.14,316.89,78.01,1,5,0
31,1,1242.30,496.76,631.25,176.72,1,5,0
31,2,1366.24,592.78,320.79,79.13,1,5,0
32,1,1251.24,495.94,661.69,181.80,1,5,0
32,2,1385.94,594.57,326.42,80.79,1,5,0
33,1,1270.17,489.51,649.09,182.11,1,5,0
33,2,1412.22,588.96,324.23,81.58,1,5,0
34,1,1283.64,484.41,636.06,184.44,1,5,0
34,2,1432.28,584.51,329.04,83.60,1,5,0
35,1,1297.00,476.31,622.53,186.64,1,5,0
35,2,1443.01,577.22,332.48,84.70,1,5,0
36,1,1298.63,469.77,620.96,188.42,1,5,0
36,2,1444.64,571.92,330.83,86.14,1,5,0
37,1,1294.84,464.11,624.79,193.59,1,5,0
37,2,1453.57,568.67,332.48,88.93,1,5,0
38,1,1279.68,465.36,639.78,198.40,1,5,0
38,2,1460.75,570.52,315.86,91.25,1,5,0
39,1,1264.63,461.80,654.97,201.55,1,5,0
39,2,1441.14,570.10,333.40,90.90,1,5,0
40,1,1250.79,459.61,668.46,207.76,1,5,0
40,2,1433.98,570.39,320.71,92.87,1,5,0
41,1,1248.81,470.48,670.43,228.62,1,5,0
41,2,1440.89,583.34,333.49,108.10,1,5,0
42,1,1265.43,487.16,653.58,240.64,1,5,0
42,2,1467.33,601.81,329.69,116.09,1,5,0
43,1,1314.28,485.83,604.04,211.85,1,5,0
43,2,1540.15,604.02,327.51,120.57,1,5,0
44,1,1369.36,463.17,550.64,219.98,1,5,0
44,2,1628.55,593.09,291.45,108.94,1,5,0
45,1,1416.65,434.26,503.24,228.63,1,5,0
45,2,1614.09,562.55,305.91,106.34,1,5,0
46,1,1451.49,414.93,468.11,236.15,1,5,0
46,2,1644.35,562.69,275.65,87.48,1,5,0
47,1,1469.01,411.90,450.59,241.81,1,5,0
47,2,1656.89,546.36,263.11,107.66,1,5,0
48,1,1467.22,418.55,452.34,250.30,1,5,0
48,2,1653.47,550.85,266.53,123.88,1,5,0
49,1,1450.85,430.94,468.76,247.62,1,5,0
49,2,1650.58,562.11,269.42,126.21,1,5,0
50,1,1436.60,434.89,482.82,247.29,1,5,0
50,2,1661.35,619.19,258.04,73.93,1,5,0
51,1,1423.26,429.97,495.99,253.06,1,5,0
51,2,1665.30,603.61,254.22,87.64,1,5,0
52,1,1425.52,443.58,494.48,254.91,1,5,0
52,2,1623.32,575.38,286.26,132.40,1,5,0
53,1,1458.98,456.32,460.07,254.46,1,5,0
53,2,1680.42,605.08,239.58,131.32,1,5,0
54,1,1501.65,435.84,418.35,268.03,1,5,0
54,2,1733.58,614.32,185.39,108.96,1,5,0
55,2,1822.68,596.04,96.78,102.55,1,5,0
56,3,1635.38,532.26,284.62,150.93,1,5,0
57,3,1715.14,566.30,204.71,129.68,1,5,0
58,2,1794.01,604.65,125.76,94.30,1,5,0
59,2,1860.69,589.76,59.19,71.90,1,5,0
60,2,1884.84,575.98,34.85,43.34,1,5,0
61,2,1869.82,531.79,50.18,76.00,1,5,0
62,2,1824.44,543.49,95.33,99.00,1,5,0
63,2,1784.37,586.39,135.33,103.15,1,5,0
64,2,1767.48,585.16,152.52,114.04,1,5,0
65,2,1768.56,572.73,151.32,112.76,1,5,0
66,2,1788.21,566.94,131.79,112.04,1,5,0
67,2,1811.72,565.53,108.03,111.26,1,5,0
68,2,1838.01,560.71,81.46,110.95,1,5,0
69,2,1855.67,556.58,63.66,109.66,1,5,0
70,2,1859.78,545.71,60.10,117.33,1,5,0
71,2,1860.64,541.90,58.95,121.82,1,5,0
72,2,1852.65,543.97,67.25,129.14,1,5,0
73,2,1830.50,544.75,89.21,134.28,1,5,0
74,2,1807.68,543.81,111.92,136.95,1,5,0
75,2,1807.06,549.55,112.37,135.36,1,5,0
75,4,1520.16,645.83,41.98,17.13,1,1,0
76,2,1817.93,566.53,101.99,140.42,1,5,0
76,4,1511.77,659.76,51.80,18.21,1,1,0
76,5,1477.75,667.49,26.28,12.49,1,2,0
77,2,1833.42,583.93,86.40,138.56,1,5,0
77,4,1503.89,668.70,60.81,19.01,1,1,0
77,5,1470.09,676.09,27.71,11.03,1,2,0
78,2,1874.21,580.12,45.52,131.39,1,5,0
78,4,1496.89,663.85,61.83,18.94,1,1,0
78,5,1469.86,672.43,23.74,12.08,1,2,0
79,4,1486.85,648.20,65.19,19.70,1,1,0
79,5,1460.41,659.15,25.80,12.24,1,2,0
80,4,1470.12,635.80,64.70,18.79,1,1,0
80,5,1446.06,646.55,22.78,11.09,1,2,0
81,4,1446.71,638.28,65.59,17.66,1,1,0
81,5,1412.60,647.65,31.30,12.20,1,2,0
82,4,1411.24,646.89,63.98,17.33,1,1,0
82,5,1385.30,656.43,24.61,11.49,1,2,0
83,4,1362.72,653.69,62.69,17.41,1,1,0
83,5,1337.49,662.54,23.92,10.59,1,2,0
83,2,1885.23,616.34,34.40,69.00,1,5,0
84,4,1330.12,656.89,58.53,17.16,1,1,0
84,5,1304.12,664.75,26.44,10.99,1,2,0
84,2,1869.50,619.99,50.24,77.18,1,5,0
85,4,1306.26,663.50,61.75,17.48,1,1,0
85,5,1279.41,671.80,26.70,10.73,1,2,0
85,2,1874.99,640.85,44.87,75.84,1,5,0
86,4,1291.53,665.63,64.95,17.19,1,1,0
86,5,1266.11,673.54,27.12,10.38,1,2,0
87,4,1284.84,665.76,65.04,17.65,1,1,0
87,5,1260.65,673.91,26.87,10.15,1,2,0
88,4,1283.11,660.91,64.27,18.58,1,1,0
88,5,1258.32,670.54,26.97,10.13,1,2,0
89,4,1281.85,658.24,64.10,18.53,1,1,0
89,5,1256.82,668.29,26.51,10.40,1,2,0
90,4,1274.71,658.62,64.50,18.36,1,1,0
90,5,1250.40,668.38,26.86,10.37,1,2,0
91,4,1264.55,659.14,64.41,17.90,1,1,0
91,5,1239.09,668.16,28.75,10.83,1,2,0
92,4,1255.75,661.46,68.40,17.53,1,1,0
92,5,1229.66,670.10,27.85,10.64,1,2,0
93,4,1241.66,662.99,67.92,17.62,1,1,0
93,5,1215.79,671.67,28.45,10.44,1,2,0
94,4,1230.29,661.33,66.67,17.69,1,1,0
94,5,1204.22,669.83,29.01,10.83,1,2,0
95,4,1218.91,655.81,67.44,18.81,1,1,0
95,5,1193.48,665.05,28.16,10.85,1,2,0
96,4,1209.74,656.99,67.84,18.84,1,1,0
96,5,1183.91,666.36,29.48,11.22,1,2,0
97,4,1200.09,658.91,66.05,18.33,1,1,0
97,5,1176.52,667.81,28.15,11.24,1,2,0
98,4,1190.81,662.41,67.01,18.64,1,1,0
98,5,1166.74,670.91,27.51,11.32,1,2,0
99,4,1181.87,662.30,66.47,18.76,1,1,0
99,5,1157.23,670.48,28.22,11.47,1,2,0
100,4,1175.40,661.96,66.90,18.64,1,1,0
100,5,1151.02,670.33,28.06,11.37,1,2,0
101,4,1170.58,661.77,65.81,18.50,1,1,0
101,5,1145.96,669.82,27.68,11.26,1,2,0
102,4,1163.13,658.04,65.78,19.17,1,1,0
102,5,1137.97,667.16,28.32,11.52,1,2,0
103,4,1144.85,652.24,66.69,19.19,1,1,0
103,5,1119.88,662.60,27.26,10.75,1,2,0
104,4,1127.84,653.46,65.49,17.88,1,1,0
104,5,1099.40,661.93,29.85,11.35,1,2,0
105,4,1104.45,654.41,66.62,18.10,1,1,0
105,5,1077.66,662.41,27.63,10.68,1,2,0
106,4,1086.36,659.51,64.38,18.11,1,1,0
106,5,1058.98,667.45,29.02,11.52,1,2,0
107,4,1075.14,663.36,65.40,17.58,1,1,0
107,5,1047.32,669.85,28.74,11.28,1,2,0
108,4,1068.56,663.77,65.14,18.89,1,1,0
108,5,1043.44,671.00,27.11,11.37,1,2,0
109,4,1067.46,663.00,67.22,18.71,1,1,0
109,5,1044.25,670.68,26.39,11.29,1,2,0
110,4,1071.76,662.60,66.98,18.63,1,1,0
110,5,1046.42,670.95,28.28,11.42,1,2,0
111,4,1072.43,661.85,69.12,19.00,1,1,0
111,5,1048.59,670.73,27.77,11.54,1,2,0
112,4,1072.89,662.16,67.11,18.90,1,1,0
112,5,1048.39,670.77,27.33,11.24,1,2,0
113,4,1065.37,661.91,66.74,19.23,1,1,0
113,5,1040.95,670.09,26.99,11.15,1,2,0
114,4,1056.21,661.31,67.59,18.94,1,1,0
114,5,1031.92,668.90,27.05,11.15,1,2,0
115,4,1049.12,660.35,68.46,19.08,1,1,0
115,5,1023.38,668.91,28.25,10.95,1,2,0
116,4,1043.39,660.38,68.21,18.81,1,1,0
116,5,1017.45,668.46,28.29,10.93,1,2,0
117,4,1036.53,660.56,70.18,19.11,1,1,0
117,5,1012.55,668.44,27.31,11.00,1,2,0
118,4,1031.84,660.73,70.00,18.92,1,1,0
118,5,1008.96,668.42,25.89,10.91,1,2,0
119,4,1031.72,659.19,68.88,19.17,1,1,0
119,5,1008.08,667.96,25.79,10.72,1,2,0
