1,1,1824.44,718.62,94.52,32.10,1,1,0
1,2,974.68,652.83,51.07,21.21,1,2,0
2,1,1822.70,715.75,96.70,34.39,1,1,0
2,2,967.59,651.89,51.06,21.39,1,2,0
3,1,1819.49,717.35,99.82,33.43,1,1,0
3,2,957.50,651.23,52.63,21.95,1,2,0
4,1,1819.23,720.15,99.64,30.85,1,1,0
4,2,948.29,649.76,58.51,22.82,1,2,0
5,1,1815.40,719.57,103.20,31.36,1,1,0
5,2,940.01,647.34,58.75,22.19,1,2,0
6,1,1813.56,719.42,105.23,31.30,1,1,0
6,2,935.66,645.59,53.02,21.60,1,2,0
7,1,1812.87,718.15,105.81,32.08,1,1,0
7,2,928.14,641.86,56.79,22.83,1,2,0
8,1,1809.38,715.24,109.74,33.75,1,1,0
8,2,923.15,637.30,50.42,21.20,1,2,0
9,1,1812.58,714.49,106.54,33.78,1,1,0
9,2,919.35,631.56,52.63,22.21,1,2,0
10,1,1814.39,713.80,104.99,34.48,1,1,0
10,2,916.36,628.76,52.91,22.34,1,2,0
11,1,1814.16,715.31,105.00,33.19,1,1,0
11,2,912.43,627.38,52.76,21.75,1,2,0
12,1,1818.84,715.29,100.23,34.03,1,1,0
12,2,911.34,627.42,53.02,21.75,1,2,0
13,1,1825.45,716.04,93.59,33.66,1,1,0
13,2,911.95,629.05,55.22,21.95,1,2,0
14,1,1844.65,734.89,62.90,20.01,1,1,0
15,1,1690.44,732.90,71.69,20.78,1,1,0
15,3,1453.91,722.74,64.14,20.53,1,1,0
15,4,1150.82,705.47,95.94,31.78,1,1,0
15,5,1516.06,724.63,45.45,18.61,1,1,0
15,7,1570.70,732.45,61.25,15.18,1,1,0
15,2,836.94,696.32,76.68,28.75,1,1,0
16,1,1632.46,732.55,71.03,20.47,1,1,0
16,3,1400.57,724.52,64.23,20.15,1,1,0
16,4,1102.18,708.17,91.90,30.80,1,1,0
16,5,1464.55,724.39,54.66,21.43,1,1,0
16,7,1519.67,732.56,56.85,15.20,1,1,0
16,9,1012.72,706.20,106.20,32.33,1,1,0
16,10,1331.03,728.11,27.36,18.87,1,1,0
16,2,783.10,699.92,76.86,28.58,1,1,0
17,1,1644.57,732.44,71.92,21.07,1,1,0
17,3,1418.06,724.79,61.14,20.90,1,1,0
17,4,1108.71,707.16,96.20,31.75,1,1,0
17,5,1475.35,725.36,54.43,21.30,1,1,0
17,7,1530.31,732.89,60.90,15.94,1,1,0
17,9,1022.03,704.11,109.76,34.73,1,1,0
17,10,1344.26,726.61,31.36,19.84,1,1,0
17,2,791.95,699.48,77.63,29.47,1,1,0
18,1,1659.24,734.38,76.33,21.70,1,1,0
18,3,1433.89,725.89,60.30,21.60,1,1,0
18,4,1122.91,708.02,96.55,32.20,1,1,0
18,5,1490.90,727.04,54.86,21.66,1,1,0
18,7,1545.51,734.92,62.57,16.06,1,1,0
18,9,1034.41,705.07,112.36,34.65,1,1,0
18,10,1358.24,727.11,33.64,20.86,1,1,0
18,2,802.81,699.73,76.87,28.88,1,1,0
18,11,986.34,711.76,31.84,19.02,1,1,0
19,1,1670.14,734.34,76.40,21.91,1,1,0
19,3,1443.59,725.87,60.67,21.14,1,1,0
19,4,1130.00,708.16,98.92,31.58,1,1,0
19,5,1500.48,726.92,53.83,21.25,1,1,0
19,7,1557.07,734.71,61.24,16.08,1,1,0
19,9,1042.43,704.68,112.83,35.05,1,1,0
19,10,1368.21,726.77,31.55,21.13,1,1,0
19,2,809.37,699.16,74.78,28.50,1,1,0
19,11,988.78,710.81,38.95,20.00,1,1,0
20,1,1678.72,734.01,78.94,22.37,1,1,0
20,3,1450.23,725.35,60.50,21.40,1,1,0
20,4,1138.82,706.10,97.45,33.16,1,1,0
20,5,1508.42,728.18,53.53,20.35,1,1,0
20,7,1564.02,734.50,61.91,16.34,1,1,0
20,9,1049.10,703.65,113.19,35.23,1,1,0
20,10,1375.14,727.79,31.59,20.32,1,1,0
20,2,816.11,700.17,69.64,27.39,1,1,0
20,11,991.05,709.65,45.56,20.79,1,1,0
21,1,1686.08,733.69,79.23,22.58,1,1,0
21,3,1455.78,725.55,62.10,21.49,1,1,0
21,4,1142.88,706.76,98.80,33.19,1,1,0
21,5,1514.83,727.78,53.96,20.89,1,1,0
21,7,1570.01,734.75,63.18,16.14,1,1,0
21,9,1053.32,704.04,113.56,36.07,1,1,0
21,10,1381.76,727.75,31.97,20.58,1,1,0
21,2,819.66,701.69,65.93,26.72,1,1,0
21,11,989.98,709.96,51.51,21.37,1,1,0
22,1,1694.53,735.03,78.28,22.36,1,1,0
22,3,1461.92,726.12,62.88,22.30,1,1,0
22,4,1150.30,708.34,99.68,32.68,1,1,0
22,5,1521.31,728.82,56.01,20.95,1,1,0
22,7,1577.94,735.51,60.81,16.59,1,1,0
22,9,1059.97,705.34,114.87,35.95,1,1,0
22,10,1388.09,727.92,33.87,21.84,1,1,0
22,2,822.58,703.03,63.39,26.00,1,1,0
22,11,992.32,709.75,51.70,22.27,1,1,0
23,1,1706.48,737.59,76.61,22.10,1,1,0
23,3,1469.59,728.68,65.02,21.72,1,1,0
23,4,1155.41,709.61,102.28,32.99,1,1,0
23,5,1531.25,730.42,51.12,21.54,1,1,0
23,7,1587.51,737.22,63.42,16.69,1,1,0
23,9,1068.46,705.97,115.62,36.31,1,1,0
23,10,1397.02,730.47,33.90,21.05,1,1,0
23,2,828.15,705.08,58.26,24.52,1,1,0
23,11,993.96,710.56,57.96,22.93,1,1,0
24,1,1713.80,737.97,76.52,22.30,1,1,0
24,3,1476.00,728.67,67.81,21.87,1,1,0
24,4,1163.84,708.50,100.33,33.87,1,1,0
24,5,1538.93,731.12,48.46,20.96,1,1,0
24,7,1593.13,737.83,66.29,16.67,1,1,0
24,9,1074.98,705.22,115.40,36.69,1,1,0
24,10,1403.50,730.36,33.77,21.05,1,1,0
24,2,832.52,706.34,53.28,22.24,1,1,0
24,11,994.61,710.27,61.45,22.16,1,1,0
25,1,1721.48,738.94,76.64,22.44,1,1,0
25,3,1483.25,728.94,65.61,22.19,1,1,0
25,4,1168.15,708.71,101.84,33.65,1,1,0
25,5,1544.31,731.13,50.53,21.51,1,1,0
25,7,1600.15,738.44,64.40,16.63,1,1,0
25,9,1078.83,704.73,117.87,36.95,1,1,0
25,10,1409.74,730.45,33.76,21.41,1,1,0
25,2,836.43,706.82,49.23,20.71,1,1,0
25,11,994.68,710.55,65.74,21.28,1,1,0
26,1,1730.75,740.77,78.43,22.33,1,1,0
26,3,1490.60,730.58,65.45,21.42,1,1,0
26,4,1174.75,708.62,103.34,34.20,1,1,0
26,5,1552.06,731.96,52.29,21.88,1,1,0
26,7,1607.24,739.70,66.67,16.93,1,1,0
26,9,1088.14,705.58,115.13,36.57,1,1,0
26,10,1417.34,732.12,34.17,20.77,1,1,0
26,2,841.29,706.53,45.38,20.81,1,1,0
26,11,994.03,710.47,71.82,21.09,1,1,0
27,1,1742.51,742.35,77.64,22.89,1,1,0
27,3,1500.60,731.76,67.43,22.11,1,1,0
27,4,1182.93,712.01,104.76,32.67,1,1,0
27,5,1565.36,734.21,53.18,21.36,1,1,0
27,7,1619.95,742.39,65.73,16.34,1,1,0
27,9,1097.31,706.53,115.49,37.40,1,1,0
27,10,1426.30,733.25,34.47,21.68,1,1,0
27,2,849.68,707.86,36.88,20.01,1,1,0
27,11,993.77,711.37,80.18,21.56,1,1,0
28,1,1758.67,742.06,79.27,22.52,1,1,0
28,3,1514.50,731.67,67.04,22.11,1,1,0
28,4,1193.97,711.11,106.27,33.69,1,1,0
28,5,1578.30,733.44,52.00,21.75,1,1,0
28,7,1632.53,741.65,68.04,16.77,1,1,0
28,9,1109.73,706.94,115.71,37.29,1,1,0
28,10,1439.75,732.42,35.55,22.49,1,1,0
28,2,860.86,706.62,31.91,21.78,1,1,0
28,11,992.54,710.36,91.52,23.13,1,1,0
29,1,1771.59,741.65,79.89,23.30,1,1,0
29,3,1524.21,731.87,69.57,22.07,1,1,0
29,4,1211.56,710.66,100.69,34.02,1,1,0
29,5,1589.25,733.18,50.02,21.91,1,1,0
29,7,1641.00,741.51,68.94,17.54,1,1,0
29,9,1116.54,707.64,118.37,36.25,1,1,0
29,10,1450.00,733.91,35.60,21.06,1,1,0
29,11,992.19,709.80,98.94,23.23,1,1,0
30,1,1784.66,740.87,78.85,22.85,1,1,0
30,3,1536.37,730.95,69.56,22.57,1,1,0
30,4,1224.12,709.02,99.01,35.10,1,1,0
30,5,1601.58,732.22,51.68,22.52,1,1,0
30,7,1654.94,739.60,68.46,18.61,1,1,0
30,9,1127.51,706.65,118.59,37.15,1,1,0
30,10,1461.93,731.93,35.91,22.98,1,1,0
30,11,993.30,708.41,109.94,24.20,1,1,0
30,2,728.86,718.90,4.78,3.98,1,4,0
31,1,1795.85,740.18,80.27,22.36,1,1,0
31,3,1546.82,729.74,71.12,22.92,1,1,0
31,4,1226.90,710.99,106.73,32.89,1,1,0
31,5,1612.58,732.22,48.04,21.11,1,1,0
31,7,1662.87,739.17,70.89,17.74,1,1,0
31,9,1137.33,706.18,117.95,37.40,1,1,0
31,10,1471.73,731.60,35.60,22.58,1,1,0
31,11,996.16,708.40,114.07,24.33,1,1,0
32,1,1810.81,741.50,79.89,22.11,1,1,0
32,3,1558.64,730.70,72.34,23.12,1,1,0
32,4,1239.35,710.87,105.55,34.05,1,1,0
32,5,1626.21,732.61,54.26,22.10,1,1,0
32,7,1679.17,739.46,67.89,18.62,1,1,0
32,9,1147.45,707.19,120.40,37.30,1,1,0
32,10,1483.74,732.61,37.12,22.91,1,1,0
32,11,1010.65,708.83,113.23,24.85,1,1,0
33,9,1101.18,713.23,67.68,19.20,1,1,0
33,11,985.40,716.72,56.80,15.80,1,1,0
33,2,806.86,719.98,31.10,20.41,1,1,0
34,17,521.43,724.21,26.35,22.44,1,1,0
34,18,279.22,717.44,97.46,32.35,1,1,0
34,19,708.22,719.45,54.99,15.49,1,1,0
34,21,591.93,716.21,70.09,22.78,1,1,0
34,22,1.00,725.34,123.77,28.76,1,1,0
34,2,829.76,712.18,60.56,20.13,1,1,0
35,17,451.35,728.60,26.85,21.57,1,1,0
35,18,201.32,718.31,102.40,35.47,1,1,0
35,19,642.22,721.03,56.43,15.69,1,1,0
35,21,590.57,714.83,56.63,23.49,1,1,0
35,22,69.11,723.76,147.67,36.14,1,1,0
35,2,758.87,712.79,62.67,20.78,1,1,0
35,24,527.25,717.87,70.77,23.68,1,1,0
36,17,462.92,725.30,27.76,24.03,1,1,0
36,18,213.08,715.86,103.61,36.54,1,1,0
36,19,653.58,719.50,54.53,16.41,1,1,0
36,21,602.17,715.97,54.52,21.41,1,1,0
36,22,80.38,724.49,149.89,34.51,1,1,0
36,2,772.82,711.72,59.06,20.77,1,1,0
36,24,535.37,717.46,72.23,22.89,1,1,0
36,25,0.24,730.25,54.83,26.86,1,1,0
37,17,518.30,737.30,28.16,22.19,1,1,0
37,18,273.44,725.99,102.65,36.27,1,1,0
37,19,706.04,728.59,59.13,17.26,1,1,0
37,21,656.35,726.43,49.95,21.15,1,1,0
37,22,145.97,733.51,144.55,35.65,1,1,0
37,2,829.22,721.33,62.10,21.30,1,1,0
37,24,595.22,726.69,67.87,24.32,1,1,0
37,25,0.29,738.37,110.32,29.21,1,1,0
38,17,515.56,736.02,29.72,23.30,1,1,0
38,18,272.38,728.51,101.66,33.92,1,1,0
38,19,702.47,728.32,58.80,17.71,1,1,0
38,21,654.08,726.10,49.65,21.46,1,1,0
38,22,141.52,733.65,147.53,35.67,1,1,0
38,2,826.30,721.26,62.88,21.43,1,1,0
38,24,592.82,726.68,67.57,24.36,1,1,0
38,25,0.52,738.32,106.63,29.14,1,1,0
38,26,48.85,771.91,5.97,4.55,1,4,0
39,17,513.16,734.47,28.68,22.80,1,1,0
39,18,264.03,726.66,106.14,33.90,1,1,0
39,19,700.89,727.06,54.93,16.77,1,1,0
39,21,648.38,724.29,50.61,21.13,1,1,0
39,22,137.51,732.18,147.53,34.90,1,1,0
39,2,822.66,719.30,66.68,21.57,1,1,0
39,24,589.80,724.80,67.12,23.52,1,1,0
39,25,0.31,736.53,100.19,29.50,1,1,0
40,17,517.22,731.26,28.66,23.39,1,1,0
40,18,271.81,725.75,102.77,31.22,1,1,0
40,19,703.21,724.24,55.77,16.36,1,1,0
40,21,652.67,720.50,50.63,21.87,1,1,0
40,22,140.14,728.06,150.54,35.08,1,1,0
40,2,829.02,715.69,64.92,21.73,1,1,0
40,24,594.10,721.13,66.80,24.00,1,1,0
40,25,0.17,732.12,102.94,29.77,1,1,0
40,26,103.71,764.66,5.51,4.02,1,4,0
41,17,514.33,724.15,29.76,23.77,1,1,0
41,18,266.89,717.58,104.80,32.66,1,1,0
41,19,700.43,717.47,55.86,16.73,1,1,0
41,21,649.19,714.03,49.94,21.33,1,1,0
41,22,139.60,720.80,146.74,35.90,1,1,0
41,2,824.33,709.58,68.28,21.77,1,1,0
41,24,591.04,714.90,66.90,23.92,1,1,0
41,25,0.37,725.45,98.55,29.37,1,1,0
41,26,73.42,759.57,5.54,4.02,1,4,0
42,17,518.64,718.24,39.82,23.48,1,1,0
42,18,269.93,710.34,106.94,33.74,1,1,0
42,19,704.09,710.57,55.71,17.17,1,1,0
42,21,655.34,707.46,49.64,21.65,1,1,0
42,22,142.80,714.20,149.89,36.01,1,1,0
42,2,829.54,703.18,64.66,21.70,1,1,0
42,24,596.18,708.44,67.53,23.76,1,1,0
42,25,0.40,720.04,101.64,29.08,1,1,0
43,17,529.45,705.04,39.52,24.05,1,1,0
43,18,283.58,700.73,104.12,31.63,1,1,0
43,19,714.95,698.58,54.60,16.21,1,1,0
43,21,663.85,694.64,49.94,21.58,1,1,0
43,22,155.57,701.67,148.96,37.26,1,1,0
43,2,838.11,689.60,66.02,21.83,1,1,0
43,24,606.46,696.05,66.77,23.23,1,1,0
43,25,0.39,707.80,112.45,30.34,1,1,0
44,17,537.90,694.76,46.46,24.29,1,1,0
44,18,300.03,694.06,97.38,28.04,1,1,0
44,19,721.17,688.07,57.73,16.28,1,1,0
44,21,672.56,684.07,48.80,21.65,1,1,0
44,22,167.07,691.72,146.37,37.37,1,1,0
44,2,847.41,678.82,65.43,21.79,1,1,0
44,24,612.48,686.52,68.38,22.59,1,1,0
44,25,0.17,698.44,121.59,30.49,1,1,0
45,25,89.62,640.74,62.31,33.81,1,2,0
45,3,1569.96,691.61,139.23,39.44,1,1,0
45,4,1282.06,685.67,83.29,32.50,1,1,0
45,5,1698.30,697.19,96.69,33.69,1,1,0
46,2,873.34,630.53,49.68,29.99,1,2,0
47,11,1015.56,625.59,46.88,27.63,1,2,0
48,11,1030.63,619.92,46.65,27.41,1,2,0
48,7,1855.84,694.95,5.46,5.08,1,4,0
49,11,1033.54,601.63,46.00,27.19,1,2,0
50,11,1031.98,578.47,45.59,27.88,1,2,0
51,11,1037.35,559.86,46.20,28.47,1,2,0
52,11,1036.83,519.53,46.15,28.11,1,2,0
53,11,1043.18,504.75,46.19,28.96,1,2,0
54,11,1059.86,518.53,45.36,28.04,1,2,0
55,11,1089.59,514.04,44.94,29.41,1,2,0
56,11,1110.01,515.19,43.47,27.59,1,2,0
57,11,1127.81,525.61,45.13,29.36,1,2,0
58,11,1142.98,539.52,47.24,30.77,1,2,0
59,11,1179.54,578.54,5.34,4.38,1,4,0
59,3,1616.48,544.75,100.77,30.42,1,1,0
59,4,1309.85,545.80,87.27,27.21,1,1,0
59,7,1867.10,547.64,39.98,31.40,1,1,0
60,11,1048.89,579.22,5.11,4.22,1,4,0
60,29,1153.20,538.34,129.13,37.79,1,1,0
60,30,1564.79,543.03,57.96,20.57,1,1,0
60,3,1620.61,538.16,53.00,23.67,1,1,0
60,4,1274.18,542.88,84.75,29.43,1,1,0
60,7,1901.43,542.85,18.31,11.20,1,1,0
60,17,666.29,585.78,7.02,5.08,1,4,0
60,21,813.15,583.95,6.26,4.71,1,4,0
60,24,862.16,542.94,84.38,38.61,1,1,0
60,5,1822.11,539.19,71.36,20.59,1,1,0
60,2,965.68,546.93,119.50,28.05,1,1,0
61,11,1095.44,579.03,5.40,4.14,1,4,0
61,29,1101.09,539.27,130.76,39.12,1,1,0
61,30,1564.18,537.89,49.75,22.55,1,1,0
61,3,1613.65,542.00,64.96,17.56,1,1,0
61,4,1216.35,541.46,87.98,31.35,1,1,0
61,31,1436.49,547.83,50.11,25.28,1,1,0
61,32,1510.29,542.11,59.18,19.75,1,1,0
61,17,580.47,592.56,5.69,4.43,1,4,0
61,21,859.91,586.55,5.48,5.36,1,3,0
61,24,807.04,546.81,87.39,39.38,1,1,0
61,5,1759.60,534.36,81.27,21.80,1,1,0
61,2,915.17,548.46,118.53,30.13,1,1,0
61,18,414.66,595.72,6.23,4.75,1,4,0
61,19,721.30,589.81,6.24,4.91,1,4,0
62,11,1094.56,579.56,5.47,4.02,1,4,0
62,29,1099.70,540.19,130.43,38.27,1,1,0
62,30,1561.76,536.05,46.61,20.94,1,1,0
62,3,1607.75,539.78,65.87,17.41,1,1,0
62,4,1210.79,541.29,91.06,31.18,1,1,0
62,31,1433.56,545.02,53.19,27.01,1,1,0
62,32,1504.88,539.70,60.56,21.04,1,1,0
62,17,537.99,597.40,6.60,4.48,1,4,0
62,21,1071.83,580.68,5.57,4.06,1,4,0
62,24,798.11,546.87,91.47,41.71,1,1,0
62,5,1756.51,530.86,78.86,21.88,1,1,0
62,2,909.66,550.18,121.77,30.25,1,1,0
62,18,442.04,599.13,5.50,5.05,1,4,0
62,26,375.45,602.73,5.60,4.16,1,4,0
63,29,1103.33,544.45,131.84,37.69,1,1,0
63,30,1567.96,539.45,45.96,21.29,1,1,0
63,3,1612.38,542.99,65.44,17.70,1,1,0
63,4,1218.63,545.36,88.55,31.01,1,1,0
63,31,1439.73,547.36,53.27,28.56,1,1,0
63,32,1507.24,542.84,65.97,20.91,1,1,0
63,17,609.98,599.08,5.91,4.70,1,4,0
63,24,801.65,550.71,92.45,41.44,1,1,0
63,5,1759.58,533.74,82.01,23.39,1,1,0
63,2,912.96,553.00,122.73,30.71,1,1,0
63,26,409.31,603.93,6.36,4.54,1,4,0
64,29,1095.92,550.40,132.85,40.74,1,1,0
64,30,1558.32,549.62,45.14,21.72,1,1,0
64,3,1601.30,553.99,65.59,17.12,1,1,0
64,4,1210.08,551.82,88.48,33.20,1,1,0
64,31,1432.07,554.52,52.94,30.84,1,1,0
64,32,1498.15,552.55,65.49,21.30,1,1,0
64,17,673.39,603.95,5.54,4.15,1,3,0
64,24,793.20,558.50,91.87,40.13,1,1,0
64,5,1752.24,544.93,81.57,23.16,1,1,0
64,2,902.46,560.93,121.39,29.93,1,1,0
64,26,566.66,605.09,6.30,4.32,1,4,0
64,19,712.23,602.39,5.95,4.47,1,3,0
64,11,1094.49,591.72,5.17,3.97,1,4,0
64,18,530.60,605.64,5.80,4.23,1,4,0
65,29,1084.03,576.80,133.77,39.23,1,1,0
65,30,1545.87,579.35,44.50,21.51,1,1,0
65,3,1585.23,583.37,65.84,17.88,1,1,0
65,4,1204.27,583.27,82.63,28.75,1,1,0
65,31,1419.85,586.17,55.22,28.23,1,1,0
65,32,1485.84,583.17,68.26,19.22,1,1,0
65,24,780.49,584.36,91.75,37.39,1,1,0
65,5,1737.60,576.01,84.41,23.85,1,1,0
65,2,891.86,586.27,125.29,28.77,1,1,0
65,26,412.82,626.00,6.88,5.69,1,4,0
65,34,1060.16,617.19,5.05,3.91,1,4,0
65,19,921.00,620.53,6.15,4.89,1,4,0
65,11,1082.48,616.38,5.98,4.59,1,4,0
65,18,446.88,626.50,6.83,4.84,1,4,0
65,9,1142.01,614.87,5.67,4.57,1,4,0
66,29,1070.77,597.73,133.17,39.39,1,1,0
66,30,1530.83,605.98,41.64,20.66,1,1,0
66,3,1569.69,609.77,67.25,18.58,1,1,0
66,4,1191.07,605.32,82.15,28.91,1,1,0
66,31,1406.84,610.87,54.90,28.00,1,1,0
66,32,1472.65,608.68,64.63,19.65,1,1,0
66,24,763.30,600.22,91.88,38.23,1,1,0
66,5,1722.11,604.63,82.52,23.92,1,1,0
66,2,876.83,603.93,124.60,28.62,1,1,0
66,26,497.18,638.79,5.78,4.51,1,4,0
66,19,997.56,638.32,5.44,4.21,1,4,0
66,18,460.20,638.25,7.22,4.85,1,4,0
66,22,326.03,638.54,6.48,4.29,1,4,0
66,17,722.30,639.47,5.76,4.59,1,4,0
67,29,1060.95,602.13,135.39,39.83,1,1,0
67,30,1520.70,614.14,42.56,22.07,1,1,0
67,3,1559.46,619.79,65.10,18.12,1,1,0
67,4,1183.82,610.98,81.04,28.84,1,1,0
67,31,1398.71,618.62,56.24,29.12,1,1,0
67,32,1462.28,618.07,65.54,19.07,1,1,0
67,24,753.88,600.22,91.72,39.54,1,1,0
67,5,1711.51,616.22,82.17,23.40,1,1,0
67,2,865.08,606.93,126.99,28.62,1,1,0
67,19,1061.44,640.36,5.85,4.57,1,4,0
67,22,381.06,634.57,7.32,5.31,1,4,0
67,17,711.73,640.29,6.22,4.89,1,4,0
67,34,960.98,640.98,6.07,4.52,1,4,0
67,11,1082.65,640.56,5.84,4.63,1,4,0
67,9,1155.40,639.96,5.43,4.80,1,4,0
68,29,1058.32,606.98,132.85,41.01,1,1,0
68,30,1514.14,623.68,41.32,20.72,1,1,0
68,3,1551.30,629.05,67.75,17.13,1,1,0
68,4,1180.24,617.92,78.64,28.01,1,1,0
68,31,1393.76,625.60,56.41,29.33,1,1,0
68,32,1451.33,624.13,72.34,21.78,1,1,0
68,24,745.62,603.41,94.81,39.75,1,1,0
68,5,1706.14,624.96,80.90,24.24,1,1,0
68,2,861.97,609.08,123.81,30.39,1,1,0
68,17,778.63,644.27,6.24,5.23,1,4,0
69,29,1053.83,607.97,133.89,40.85,1,1,0
69,30,1509.03,624.21,40.31,21.38,1,1,0
69,3,1545.01,630.12,67.98,17.26,1,1,0
69,4,1176.03,619.34,78.79,27.80,1,1,0
69,31,1390.11,626.73,56.25,29.45,1,1,0
69,32,1448.68,625.45,69.80,21.01,1,1,0
69,24,740.10,603.84,94.11,40.40,1,1,0
69,5,1699.68,626.54,81.16,24.03,1,1,0
69,2,855.62,610.49,123.67,29.49,1,1,0
69,26,507.54,639.65,6.26,4.65,1,4,0
69,18,468.89,638.70,5.98,4.69,1,4,0
70,29,1053.43,603.19,134.57,40.63,1,1,0
70,30,1506.80,617.10,40.74,20.51,1,1,0
70,3,1544.46,623.33,66.90,16.58,1,1,0
70,4,1176.15,613.97,77.77,27.71,1,1,0
70,31,1390.92,621.44,57.54,28.35,1,1,0
70,32,1449.77,618.68,65.14,20.68,1,1,0
70,24,736.87,600.70,95.32,40.56,1,1,0
70,5,1697.55,617.82,82.42,24.26,1,1,0
70,2,853.70,607.69,124.28,29.20,1,1,0
70,11,1095.44,641.01,5.59,4.98,1,4,0
70,17,698.50,641.07,6.15,4.59,1,4,0
71,29,1056.44,599.86,135.07,40.62,1,1,0
71,30,1508.55,611.86,39.59,21.40,1,1,0
71,3,1542.81,617.41,68.50,16.83,1,1,0
71,4,1179.40,610.05,76.42,27.77,1,1,0
71,31,1394.66,616.84,56.22,28.51,1,1,0
71,32,1449.91,613.66,67.35,20.81,1,1,0
71,24,738.51,599.77,94.39,39.82,1,1,0
71,5,1699.87,610.98,82.35,24.67,1,1,0
71,2,855.08,605.31,124.55,29.12,1,1,0
71,11,1119.03,638.88,5.34,4.79,1,4,0
71,19,1167.09,638.09,5.12,4.66,1,4,0
71,34,927.98,641.07,5.54,4.55,1,4,0
71,9,1153.45,638.25,5.52,4.66,1,4,0
72,29,1062.56,594.99,136.94,41.42,1,1,0
72,30,1512.72,605.15,41.44,21.05,1,1,0
72,3,1547.77,609.84,64.79,18.26,1,1,0
72,4,1186.42,605.23,75.13,27.66,1,1,0
72,31,1401.57,610.94,58.72,28.28,1,1,0
72,32,1460.11,607.06,64.00,20.97,1,1,0
72,24,744.50,595.43,94.37,40.99,1,1,0
72,5,1707.44,603.93,82.63,24.10,1,1,0
72,2,854.57,601.63,128.09,28.72,1,1,0
72,36,817.77,638.81,5.74,4.41,1,4,0
72,34,866.06,638.10,5.87,4.57,1,4,0
72,22,430.54,635.38,6.79,5.25,1,4,0
72,17,781.89,638.34,6.50,4.64,1,4,0
73,29,1012.43,592.24,135.55,40.11,1,1,0
73,30,1459.78,601.55,38.49,20.12,1,1,0
73,3,1492.49,606.02,62.34,16.79,1,1,0
73,4,1132.60,600.53,76.95,28.30,1,1,0
73,31,1349.50,605.91,56.77,29.25,1,1,0
73,32,1403.46,602.52,65.34,20.94,1,1,0
73,24,688.91,593.68,97.74,40.37,1,1,0
73,5,1647.47,598.41,81.96,24.59,1,1,0
73,2,800.54,598.66,130.02,29.34,1,1,0
73,26,523.83,635.23,6.72,4.85,1,4,0
74,29,964.98,590.03,135.42,40.95,1,1,0
74,30,1406.86,600.63,39.02,19.81,1,1,0
74,3,1440.54,605.04,63.95,16.77,1,1,0
74,4,1085.82,599.28,76.51,28.34,1,1,0
74,31,1300.92,604.43,57.71,29.38,1,1,0
74,32,1356.31,601.98,60.35,19.88,1,1,0
74,24,638.75,591.56,97.21,41.03,1,1,0
74,5,1594.02,597.57,80.64,24.59,1,1,0
74,2,750.01,597.00,131.31,29.23,1,1,0
74,11,1046.60,629.10,4.99,4.44,1,4,0
74,36,765.90,632.93,6.29,5.84,1,3,0
74,22,430.93,633.14,6.94,4.83,1,4,0
75,29,962.20,589.56,134.96,39.54,1,1,0
75,30,1402.18,598.87,38.93,20.81,1,1,0
75,3,1433.29,603.14,67.88,18.24,1,1,0
75,4,1082.66,597.16,76.53,29.61,1,1,0
75,31,1300.01,603.32,56.62,29.44,1,1,0
75,32,1354.87,601.08,59.42,21.53,1,1,0
75,24,633.20,590.28,98.96,41.08,1,1,0
75,5,1591.49,597.20,77.40,24.54,1,1,0
75,2,747.77,596.23,130.11,29.21,1,1,0
75,11,987.81,628.77,5.38,4.13,1,4,0
75,36,763.08,632.04,6.61,5.48,1,3,0
75,9,1061.07,628.01,4.57,4.04,1,4,0
76,29,972.16,587.18,133.62,39.41,1,1,0
76,30,1409.90,595.41,38.35,20.60,1,1,0
76,3,1440.56,601.38,68.62,16.97,1,1,0
76,4,1088.64,593.00,79.09,31.25,1,1,0
76,31,1310.34,599.58,55.99,30.69,1,1,0
76,32,1366.04,598.22,57.59,21.16,1,1,0
76,24,641.88,587.88,97.75,40.18,1,1,0
76,5,1599.44,594.62,78.92,24.62,1,1,0
76,2,753.17,594.12,128.39,28.24,1,1,0
76,11,974.95,627.13,5.90,4.56,1,4,0
76,36,771.16,629.27,7.17,5.26,1,4,0
76,9,996.96,626.50,5.80,4.34,1,4,0
76,18,312.37,628.62,7.04,4.91,1,4,0
76,19,1297.04,605.98,16.57,15.28,1,1,0
76,34,807.53,628.78,7.02,5.52,1,4,0
76,17,843.08,628.66,6.14,5.08,1,4,0
76,26,603.61,629.71,7.06,5.11,1,4,0
76,22,353.12,629.21,6.55,4.55,1,4,0
77,29,965.16,580.86,136.78,40.39,1,1,0
77,30,1403.07,588.34,38.19,20.70,1,1,0
77,3,1435.03,593.46,66.73,17.28,1,1,0
77,4,1084.78,585.61,77.97,32.18,1,1,0
77,31,1305.91,591.86,58.41,31.40,1,1,0
77,32,1362.00,590.37,56.29,21.17,1,1,0
77,24,634.15,582.55,99.23,41.47,1,1,0
77,5,1593.34,586.43,80.49,24.06,1,1,0
77,2,747.54,588.60,128.10,28.78,1,1,0
77,9,993.05,620.65,5.90,4.59,1,4,0
77,43,267.61,625.70,7.04,5.05,1,4,0
77,18,304.12,625.58,7.10,5.10,1,4,0
77,19,1291.20,598.91,17.34,13.91,1,1,0
77,17,898.79,622.55,5.17,4.44,1,4,0
77,22,387.61,625.89,7.39,4.99,1,4,0
78,29,953.87,575.03,137.85,41.65,1,1,0
78,30,1390.91,581.08,37.52,20.22,1,1,0
78,3,1423.32,585.04,64.45,18.13,1,1,0
78,4,1080.50,582.65,70.98,30.41,1,1,0
78,31,1296.21,586.21,56.60,30.14,1,1,0
78,32,1346.76,583.87,60.18,20.50,1,1,0
78,24,621.28,580.64,100.41,41.69,1,1,0
78,5,1579.15,577.05,81.06,24.75,1,1,0
78,2,734.19,585.50,129.63,29.44,1,1,0
78,9,1023.01,616.09,5.33,4.73,1,4,0
78,43,251.57,627.61,7.07,4.88,1,4,0
78,18,288.01,627.83,6.88,4.81,1,4,0
78,17,929.01,600.12,18.77,10.11,1,2,0
78,22,373.00,627.34,6.51,4.69,1,4,0
78,44,173.05,629.30,6.51,4.14,1,4,0
78,11,939.42,617.07,5.37,4.12,1,4,0
79,29,948.57,563.77,138.27,41.63,1,1,0
79,30,1382.13,566.53,34.86,19.86,1,1,0
79,3,1410.54,570.50,69.02,18.26,1,1,0
79,4,1073.42,571.38,71.44,29.83,1,1,0
79,31,1290.99,572.24,57.69,30.86,1,1,0
79,32,1339.96,570.56,58.06,18.84,1,1,0
79,24,611.67,571.42,101.76,42.75,1,1,0
79,5,1571.63,562.06,79.93,24.03,1,1,0
79,2,722.04,575.75,130.73,29.75,1,1,0
79,9,1034.73,603.15,5.31,5.07,1,4,0
79,43,275.57,622.30,7.27,5.18,1,4,0
79,18,317.62,621.91,7.22,4.98,1,4,0
79,17,922.17,589.26,20.39,11.20,1,2,0
79,22,439.68,619.94,7.25,5.21,1,4,0
79,44,199.84,623.09,7.16,4.84,1,4,0
79,46,486.28,619.14,7.06,5.49,1,4,0
79,11,998.39,604.83,5.81,4.86,1,4,0
79,36,699.21,615.72,6.80,5.12,1,4,0
79,26,660.88,615.85,6.44,5.33,1,4,0
80,29,945.38,558.51,138.14,41.71,1,1,0
80,30,1378.74,560.59,34.30,20.40,1,1,0
80,3,1408.79,564.47,66.23,17.76,1,1,0
80,4,1068.99,564.48,72.25,30.58,1,1,0
80,31,1289.83,566.76,58.82,30.40,1,1,0
80,32,1341.27,565.28,49.08,17.87,1,1,0
80,24,608.11,566.06,99.96,42.50,1,1,0
80,5,1565.72,554.91,79.21,24.82,1,1,0
80,2,715.85,570.21,132.31,30.04,1,1,0
80,9,1015.76,598.50,5.61,4.67,1,4,0
80,43,231.00,617.56,7.28,4.96,1,4,0
80,18,268.35,617.22,7.22,4.97,1,4,0
80,17,927.30,582.63,17.10,12.17,1,2,0
80,22,434.29,615.07,7.02,4.70,1,4,0
80,44,150.39,620.02,6.78,4.83,1,4,0
80,46,480.29,613.64,7.65,5.57,1,4,0
80,11,994.85,599.11,5.77,4.73,1,4,0
80,34,881.14,604.39,5.35,4.03,1,4,0
81,29,941.18,556.71,137.58,42.50,1,1,0
81,30,1373.51,561.36,32.48,19.17,1,1,0
81,3,1399.47,565.27,70.21,17.48,1,1,0
81,4,1073.54,564.61,62.78,29.09,1,1,0
81,31,1287.56,564.48,56.97,33.20,1,1,0
81,32,1338.75,562.71,44.50,19.49,1,1,0
81,24,601.13,564.10,100.14,42.76,1,1,0
81,5,1558.98,555.17,79.65,24.84,1,1,0
81,2,710.57,568.43,130.72,29.28,1,1,0
81,9,991.47,598.09,5.92,4.39,1,4,0
81,43,219.12,614.77,7.43,4.93,1,4,0
81,18,257.11,614.68,7.30,4.78,1,4,0
81,17,904.17,602.07,5.46,4.26,1,4,0
81,22,300.63,613.92,7.34,5.07,1,4,0
81,44,178.86,615.99,8.00,4.77,1,4,0
81,11,969.85,599.14,6.05,4.51,1,4,0
81,34,845.51,603.80,5.85,4.27,1,4,0
82,29,932.59,559.84,136.82,41.85,1,1,0
82,30,1362.72,566.00,29.39,19.60,1,1,0
82,3,1387.88,570.46,67.51,17.26,1,1,0
82,4,1059.65,568.16,65.66,29.16,1,1,0
82,31,1279.74,568.89,57.23,33.38,1,1,0
82,32,1328.02,567.80,42.95,20.75,1,1,0
82,24,587.68,565.43,101.38,43.02,1,1,0
82,5,1546.95,560.95,79.32,24.55,1,1,0
82,2,696.29,570.53,133.53,29.56,1,1,0
82,43,203.29,614.77,7.29,4.87,1,4,0
82,18,241.93,614.66,7.16,4.83,1,4,0
82,17,941.13,602.61,6.18,4.66,1,4,0
82,44,121.41,616.47,6.57,4.56,1,4,0
82,11,961.83,602.36,5.77,4.37,1,4,0
82,34,867.37,605.15,5.89,4.43,1,4,0
83,29,916.58,562.93,139.56,41.73,1,1,0
83,30,1340.80,568.37,28.85,20.80,1,1,0
83,3,1372.52,574.04,66.49,16.81,1,1,0
83,4,1046.50,570.59,63.11,30.21,1,1,0
83,31,1266.84,571.48,57.49,34.46,1,1,0
83,32,1314.87,570.83,35.02,19.89,1,1,0
83,24,570.02,568.94,102.46,43.13,1,1,0
83,5,1529.72,564.26,78.19,24.86,1,1,0
83,2,680.42,573.52,130.83,29.73,1,1,0
83,18,264.66,617.58,7.14,5.05,1,4,0
83,17,1022.05,602.44,5.15,5.15,1,4,0
83,44,56.58,619.75,7.69,5.73,1,4,0
83,11,988.93,603.90,5.19,4.92,1,4,0
83,34,948.81,605.21,5.98,4.46,1,4,0
83,48,1224.40,576.01,45.19,17.01,1,1,0
83,36,578.51,614.58,7.21,5.69,1,3,0
83,26,664.48,613.75,7.46,5.14,1,4,0
83,9,1035.98,602.01,5.03,4.91,1,4,0
83,22,349.95,617.55,7.07,4.49,1,4,0
84,29,894.21,565.34,139.73,42.84,1,1,0
84,3,1345.37,576.11,66.48,17.14,1,1,0
84,4,1020.40,575.24,67.94,27.88,1,1,0
84,31,1247.76,574.38,57.91,34.24,1,1,0
84,32,1316.16,571.10,30.80,19.95,1,1,0
84,24,545.72,570.09,102.64,44.13,1,1,0
84,5,1503.91,567.14,79.49,24.27,1,1,0
84,2,655.34,575.41,134.34,30.10,1,1,0
84,44,107.15,620.72,7.21,5.28,1,4,0
84,34,871.36,589.10,19.60,11.58,1,2,0
84,36,641.44,616.03,7.23,5.52,1,4,0
84,26,695.43,615.32,7.13,5.33,1,4,0
84,22,321.17,620.49,6.53,4.31,1,4,0
84,46,554.32,616.02,7.50,6.02,1,4,0
84,43,149.38,621.02,7.29,5.04,1,4,0
85,29,873.08,565.77,139.51,42.51,1,1,0
85,3,1322.69,577.64,65.63,17.25,1,1,0
85,4,1002.33,576.38,63.02,27.55,1,1,0
85,31,1228.40,575.88,58.96,34.64,1,1,0
85,32,1288.25,572.64,34.92,20.00,1,1,0
85,24,521.59,569.61,102.65,44.30,1,1,0
85,5,1479.68,569.77,80.13,23.57,1,1,0
85,2,629.93,575.40,135.28,30.06,1,1,0
85,44,30.36,619.07,7.56,6.26,1,4,0
85,34,847.56,589.20,21.58,11.99,1,2,0
85,36,673.36,615.39,7.16,5.47,1,4,0
85,26,712.24,613.96,7.56,4.99,1,3,0
85,22,387.37,617.49,7.57,5.04,1,4,0
85,46,576.79,616.37,7.46,5.45,1,4,0
86,29,849.72,567.37,140.30,42.28,1,1,0
86,3,1297.72,579.57,60.90,17.09,1,1,0
86,4,981.94,577.33,59.88,27.95,1,1,0
86,31,1208.01,576.71,60.05,35.76,1,1,0
86,32,1265.91,575.71,28.51,18.25,1,1,0
86,24,494.28,570.84,103.66,43.65,1,1,0
86,5,1455.49,571.99,79.06,23.30,1,1,0
86,2,603.10,575.69,134.66,30.71,1,1,0
86,44,124.79,619.46,8.31,5.86,1,4,0
86,34,821.60,590.16,22.18,12.70,1,2,0
86,36,650.31,616.62,7.25,5.72,1,4,0
86,26,758.38,614.47,6.22,4.16,1,3,0
86,22,503.69,617.19,7.92,6.05,1,4,0
86,46,593.56,616.58,7.53,5.67,1,4,0
86,49,551.63,617.21,7.21,5.46,1,4,0
86,18,220.57,618.64,8.27,5.94,1,4,0
86,43,172.48,619.45,8.00,5.49,1,4,0
87,29,829.99,569.73,139.88,41.95,1,1,0
87,3,1276.77,582.51,61.18,16.42,1,1,0
87,4,963.06,578.81,58.51,27.99,1,1,0
87,31,1191.21,578.45,59.02,36.26,1,1,0
87,32,1245.73,577.60,33.27,21.06,1,1,0
87,24,471.53,572.00,103.06,43.87,1,1,0
87,5,1431.93,574.56,80.48,23.57,1,1,0
87,2,579.78,576.89,134.66,31.35,1,1,0
87,44,8.71,618.64,9.61,7.67,1,4,0
87,34,800.09,591.63,22.75,12.84,1,2,0
87,26,797.15,614.08,5.71,4.46,1,4,0
87,43,54.02,620.67,7.35,5.40,1,4,0
87,17,1129.30,581.33,62.33,19.43,1,1,0
88,29,808.05,572.95,139.96,42.32,1,1,0
88,3,1251.32,585.10,61.75,17.49,1,1,0
88,4,938.67,581.74,59.89,28.95,1,1,0
88,31,1170.87,581.82,59.65,36.52,1,1,0
88,32,1229.23,582.82,23.01,18.26,1,1,0
88,24,447.12,574.58,100.98,45.04,1,1,0
88,5,1407.03,578.14,80.28,23.82,1,1,0
88,2,553.29,581.32,134.66,30.90,1,1,0
88,34,774.74,595.53,23.59,12.40,1,2,0
88,26,844.19,615.06,5.87,4.71,1,4,0
88,11,865.35,615.08,5.67,4.13,1,4,0
88,36,746.46,617.76,6.44,4.68,1,4,0
88,46,682.91,619.64,6.63,5.49,1,3,0
89,29,787.18,573.63,141.84,43.65,1,1,0
89,3,1230.98,587.17,60.97,18.03,1,1,0
89,4,922.61,583.67,57.24,28.87,1,1,0
89,31,1155.14,582.64,58.43,38.34,1,1,0
89,32,1211.02,583.62,20.93,20.52,1,1,0
89,24,423.54,575.28,102.02,45.85,1,1,0
89,5,1386.81,580.66,80.05,23.25,1,1,0
89,2,531.69,583.69,133.48,30.34,1,1,0
89,34,754.50,596.65,25.13,12.90,1,2,0
89,26,865.84,616.11,5.62,4.93,1,4,0
89,22,385.21,624.73,8.12,5.66,1,4,0
89,49,584.24,622.79,7.30,5.99,1,3,0
89,18,279.87,625.41,7.76,4.99,1,4,0
89,43,132.53,625.23,8.48,5.36,1,4,0
90,29,763.43,574.94,144.02,43.05,1,1,0
90,3,1206.34,588.35,59.56,18.72,1,1,0
90,4,899.28,584.12,57.89,29.79,1,1,0
90,31,1135.92,583.78,62.85,39.62,1,1,0
90,24,396.89,577.24,103.20,44.85,1,1,0
90,5,1363.24,582.52,79.48,22.99,1,1,0
90,2,503.69,584.34,137.30,30.68,1,1,0
90,34,729.66,597.56,26.27,13.41,1,2,0
90,26,877.33,615.62,5.66,5.37,1,4,0
90,22,358.41,625.84,8.16,5.75,1,4,0
90,49,560.00,623.20,7.97,6.52,1,3,0
90,18,251.14,626.62,7.62,4.74,1,4,0
90,43,145.60,626.61,7.89,4.94,1,4,0
90,44,48.40,626.55,8.45,5.28,1,4,0
90,17,1058.24,587.31,67.12,19.99,1,1,0
91,29,745.39,576.62,144.70,42.79,1,1,0
91,3,1187.75,594.26,53.46,16.48,1,1,0
91,4,879.49,584.92,59.49,31.84,1,1,0
91,31,1122.74,587.16,64.64,39.28,1,1,0
91,24,374.69,578.76,103.68,45.28,1,1,0
91,5,1342.91,585.69,78.55,23.68,1,1,0
91,2,483.14,586.03,129.64,30.21,1,1,0
91,34,710.46,599.37,26.03,13.60,1,2,0
91,26,877.74,616.01,7.84,6.94,1,4,0
91,22,335.44,627.57,9.17,5.87,1,4,0
91,49,540.07,626.35,8.75,6.26,1,3,0
91,18,225.26,627.37,9.21,5.68,1,4,0
91,43,118.57,627.41,8.38,5.18,1,4,0
91,51,280.52,628.04,7.47,5.10,1,4,0
91,52,383.12,627.86,7.76,5.44,1,4,0
91,53,169.41,627.69,7.75,5.10,1,4,0
91,54,434.92,627.51,7.61,5.82,1,4,0
91,44,73.59,627.31,8.27,5.52,1,4,0
91,11,842.59,617.12,6.58,6.48,1,4,0
92,29,711.51,580.97,147.14,42.81,1,1,0
92,3,1156.73,597.46,59.16,17.23,1,1,0
92,4,846.40,588.13,59.81,32.25,1,1,0
92,31,1094.70,591.34,63.99,39.58,1,1,0
92,24,338.03,581.27,103.74,46.07,1,1,0
92,5,1308.26,590.87,78.03,22.84,1,1,0
92,2,445.05,589.80,137.57,28.92,1,1,0
92,34,672.28,603.15,27.19,13.69,1,2,0
92,26,846.36,621.22,7.53,6.12,1,4,0
92,53,182.89,629.63,9.42,5.72,1,4,0
92,44,26.76,628.83,9.59,6.25,1,4,0
92,11,827.49,621.71,7.18,6.27,1,4,0
92,36,708.88,625.59,6.98,5.15,1,4,0
92,46,732.20,625.49,6.81,4.87,1,4,0
92,17,1068.76,597.94,25.95,17.28,1,1,0
93,29,644.80,580.80,147.36,45.06,1,1,0
93,3,1092.74,599.39,45.39,16.42,1,1,0
93,4,779.65,590.07,61.00,32.02,1,1,0
93,31,1032.95,593.69,63.17,38.70,1,1,0
93,24,259.86,582.74,107.70,46.47,1,1,0
93,5,1239.48,591.84,78.23,23.24,1,1,0
93,2,369.31,590.46,143.05,30.42,1,1,0
93,34,603.29,604.22,32.05,14.04,1,2,0
93,26,664.99,626.65,7.14,5.60,1,4,0
93,44,43.49,633.35,8.73,5.57,1,4,0
93,11,746.82,625.08,7.14,5.66,1,4,0
93,36,688.86,626.18,6.65,5.33,1,4,0
93,46,709.92,625.63,6.65,5.22,1,4,0
93,17,1003.13,600.20,30.19,16.86,1,1,0
93,9,935.12,596.70,80.70,19.72,1,1,0
93,49,586.66,628.33,8.70,5.99,1,4,0
93,54,478.42,630.71,8.53,6.53,1,4,0
94,29,618.64,582.67,147.34,44.75,1,1,0
94,3,1075.09,599.10,41.21,17.30,1,1,0
94,4,760.77,592.91,52.14,30.31,1,1,0
94,31,1010.35,593.54,67.60,40.54,1,1,0
94,24,223.27,586.73,111.04,45.22,1,1,0
94,5,1215.63,592.21,75.25,22.70,1,1,0
94,2,338.72,594.53,143.13,28.87,1,1,0
94,34,575.44,605.79,25.69,13.84,1,2,0
94,26,639.88,628.84,6.35,4.81,1,4,0
94,11,737.33,626.15,5.46,4.79,1,4,0
94,36,662.79,628.13,5.91,4.67,1,4,0
94,46,721.30,626.29,5.66,4.96,1,4,0
94,17,973.58,599.96,38.95,18.11,1,1,0
94,49,614.92,628.87,7.03,5.15,1,4,0
94,54,526.65,632.43,7.13,5.13,1,4,0
94,18,235.63,635.42,7.44,5.11,1,4,0
94,43,123.31,636.65,8.93,5.57,1,4,0
95,29,610.93,582.38,147.57,44.16,1,1,0
95,3,1074.14,598.83,35.71,14.81,1,1,0
95,4,754.10,591.19,50.70,30.64,1,1,0
95,31,1007.83,592.66,71.21,39.94,1,1,0
95,24,211.22,586.74,112.67,44.88,1,1,0
95,5,1207.51,589.73,75.02,23.03,1,1,0
95,2,325.30,593.34,145.50,29.48,1,1,0
95,34,565.43,604.66,25.90,14.38,1,2,0
95,11,696.78,625.88,6.04,4.87,1,4,0
95,36,676.39,626.75,6.13,4.83,1,4,0
95,17,966.30,597.89,43.27,18.44,1,1,0
95,54,551.70,629.51,7.53,5.48,1,4,0
95,43,110.87,636.70,9.23,5.66,1,4,0
95,22,331.59,634.89,8.79,6.34,1,4,0
95,51,281.37,635.29,8.09,6.42,1,4,0
95,44,49.91,636.68,9.46,5.74,1,4,0
96,29,573.99,582.11,150.07,44.98,1,1,0
96,3,1042.45,596.88,32.17,15.14,1,1,0
96,4,720.23,591.00,48.83,30.80,1,1,0
96,31,978.03,590.48,71.24,41.39,1,1,0
96,24,169.29,589.60,112.38,44.39,1,1,0
96,5,1171.92,588.53,74.46,22.41,1,1,0
96,2,284.75,595.26,147.77,29.93,1,1,0
96,34,526.49,606.24,24.68,13.71,1,2,0
96,36,662.61,626.46,5.93,4.91,1,4,0
96,43,64.53,639.68,9.15,5.80,1,4,0
96,51,291.41,638.11,8.38,5.91,1,4,0
96,44,1.82,639.89,9.40,6.09,1,4,0
96,53,181.29,639.31,7.50,5.42,1,4,0
96,9,931.04,595.77,48.35,19.54,1,1,0
96,26,641.53,627.52,6.04,4.89,1,4,0
96,18,239.31,639.37,8.49,5.31,1,4,0
97,29,535.76,581.66,154.76,46.42,1,1,0
97,4,682.72,590.63,50.76,31.17,1,1,0
97,31,946.42,590.34,76.21,39.83,1,1,0
97,24,123.59,589.19,114.97,47.11,1,1,0
97,5,1133.95,584.52,77.97,23.78,1,1,0
97,2,238.75,596.70,153.64,29.06,1,1,0
97,34,485.21,606.93,27.42,13.78,1,2,0
97,51,316.35,638.73,8.12,5.67,1,4,0
97,53,195.00,641.33,8.28,5.56,1,4,0
97,9,894.37,592.30,55.25,21.43,1,1,0
97,52,477.85,631.91,8.56,5.68,1,4,0
97,49,626.24,627.28,5.78,4.63,1,4,0
97,54,605.31,628.04,5.70,4.73,1,4,0
97,22,363.10,636.40,7.91,6.11,1,4,0
98,29,518.73,581.69,153.18,45.47,1,1,0
98,4,667.62,590.24,48.89,30.84,1,1,0
98,31,934.92,588.93,77.15,40.42,1,1,0
98,24,100.39,589.81,116.55,46.81,1,1,0
98,5,1116.60,583.09,76.73,23.39,1,1,0
98,2,218.56,596.26,153.71,29.83,1,1,0
98,34,465.38,606.83,27.90,13.67,1,2,0
98,51,298.06,639.09,8.54,5.80,1,4,0
98,53,173.56,642.89,8.45,5.84,1,4,0
98,9,875.42,591.74,60.35,20.09,1,1,0
98,52,545.11,629.37,6.33,4.64,1,4,0
98,49,628.35,626.09,5.32,4.52,1,4,0
98,54,568.43,628.37,5.73,4.65,1,4,0
98,22,424.72,633.82,8.26,5.85,1,4,0
98,43,56.10,643.81,9.78,5.88,1,4,0
98,26,589.48,627.66,6.13,4.48,1,4,0
98,18,227.81,640.47,9.80,6.61,1,4,0
99,29,501.03,581.18,154.92,45.66,1,1,0
99,4,650.20,588.69,49.04,31.35,1,1,0
99,31,922.21,585.74,82.29,43.80,1,1,0
99,24,76.03,590.72,118.79,45.88,1,1,0
99,5,1098.53,581.40,78.03,24.04,1,1,0
99,2,194.44,595.86,156.28,30.36,1,1,0
99,34,445.51,606.45,26.91,13.22,1,2,0
99,51,276.38,638.61,9.78,6.70,1,4,0
99,53,150.61,642.84,8.57,5.87,1,4,0
99,9,859.12,588.91,66.57,22.58,1,1,0
99,52,473.98,630.62,8.47,5.79,1,4,0
99,22,324.22,636.49,8.75,6.51,1,4,0
99,43,29.72,642.86,9.56,6.86,1,4,0
99,26,593.24,626.31,6.24,4.56,1,4,0
99,18,206.71,640.83,9.00,5.83,1,4,0
100,29,483.38,580.84,155.32,46.16,1,1,0
100,4,632.46,588.59,50.95,31.65,1,1,0
100,31,917.73,586.65,76.57,43.18,1,1,0
100,24,52.70,592.27,122.46,43.91,1,1,0
100,5,1083.43,581.52,78.16,24.77,1,1,0
100,2,175.78,597.37,156.42,29.34,1,1,0
100,34,428.62,605.21,26.93,14.44,1,2,0
100,51,257.54,638.76,10.22,6.47,1,4,0
100,53,129.02,643.34,8.52,5.93,1,4,0
100,9,842.23,589.15,68.95,22.20,1,1,0
100,52,425.04,631.32,9.09,6.53,1,4,0
100,43,6.50,643.39,9.67,6.09,1,4,0
100,26,579.19,626.30,5.61,4.58,1,4,0
100,46,770.11,591.41,74.62,20.08,1,1,0
101,29,473.87,579.40,154.19,47.00,1,1,0
101,4,623.73,587.77,48.38,31.92,1,1,0
101,31,912.22,586.63,77.23,43.60,1,1,0
101,24,37.22,590.82,123.82,43.39,1,1,0
101,5,1072.26,581.60,78.69,24.77,1,1,0
101,2,161.10,596.25,157.39,29.63,1,1,0
101,34,416.02,604.25,26.88,14.86,1,2,0
101,51,245.04,638.50,8.96,5.47,1,4,0
101,9,831.04,587.72,74.99,23.78,1,1,0
101,52,377.57,633.23,8.93,6.05,1,4,0
101,46,757.66,590.16,76.21,21.20,1,1,0
101,18,172.98,640.08,8.61,5.69,1,4,0
102,29,457.01,578.66,154.89,47.24,1,1,0
102,4,606.15,586.72,49.66,32.64,1,1,0
102,31,903.21,586.73,79.53,43.56,1,1,0
102,24,15.52,589.73,124.89,43.85,1,1,0
102,5,1056.54,581.13,79.73,24.87,1,1,0
102,2,137.92,593.85,159.70,30.65,1,1,0
102,34,396.55,604.01,26.99,14.33,1,2,0
102,51,225.74,637.64,9.51,5.96,1,4,0
102,9,813.40,587.19,73.97,24.09,1,1,0
102,52,458.74,628.27,7.72,5.43,1,4,0
102,46,741.25,590.61,76.53,20.01,1,1,0
102,11,509.17,626.89,6.31,5.22,1,4,0
102,36,485.53,628.00,6.38,4.90,1,4,0
102,44,26.80,640.32,9.07,6.44,1,4,0
102,53,93.41,641.28,9.22,5.70,1,4,0
102,43,51.98,640.94,6.62,4.13,1,4,0
102,26,531.30,626.03,5.92,4.73,1,4,0
103,29,441.97,577.20,156.99,48.23,1,1,0
103,4,593.06,586.34,47.66,32.45,1,1,0
103,31,893.80,585.57,82.74,45.07,1,1,0
103,24,0.94,586.56,120.09,45.60,1,1,0
103,5,1043.30,581.43,78.40,24.58,1,1,0
103,2,117.19,592.37,164.26,30.71,1,1,0
103,34,380.01,603.28,26.88,14.12,1,2,0
103,51,208.65,636.95,9.32,5.78,1,4,0
103,9,800.59,586.93,82.84,23.94,1,1,0
103,52,444.30,627.95,7.66,5.25,1,4,0
103,46,727.06,590.32,76.17,19.88,1,1,0
103,11,495.57,626.43,6.43,4.91,1,4,0
103,36,471.53,627.37,6.75,4.66,1,4,0
103,53,74.22,640.54,9.24,5.76,1,4,0
103,43,36.66,640.32,6.44,4.04,1,4,0
103,26,517.28,625.80,6.04,4.69,1,4,0
103,54,558.65,623.10,6.13,5.21,1,4,0
103,18,133.12,637.82,9.80,6.66,1,4,0
104,29,422.10,577.83,163.18,47.88,1,1,0
104,4,579.81,586.17,44.86,32.59,1,1,0
104,31,890.56,585.42,82.52,46.28,1,1,0
104,24,0.12,582.91,96.74,49.13,1,1,0
104,5,1027.95,582.03,77.14,24.84,1,1,0
104,2,94.82,589.81,163.22,32.71,1,1,0
104,34,359.95,602.91,29.18,14.68,1,2,0
104,51,239.06,634.64,9.72,6.35,1,4,0
104,9,782.66,587.48,83.51,23.78,1,1,0
104,52,327.03,631.84,9.65,5.94,1,4,0
104,36,399.99,629.18,7.35,4.83,1,3,0
104,53,111.22,638.07,9.16,6.28,1,4,0
104,43,50.59,639.80,9.49,6.32,1,4,0
104,54,558.31,621.97,6.54,5.78,1,4,0
104,18,186.91,635.37,10.76,7.71,1,4,0
104,3,864.21,591.30,32.29,16.72,1,1,0
104,22,287.44,633.05,9.58,6.60,1,4,0
105,29,412.85,578.30,162.48,48.33,1,1,0
105,4,569.98,586.85,45.22,33.01,1,1,0
105,31,889.25,586.82,85.21,46.47,1,1,0
105,24,0.28,580.43,82.32,51.76,1,1,0
105,5,1018.28,583.48,77.26,24.84,1,1,0
105,2,81.95,590.86,165.19,31.61,1,1,0
105,34,347.61,603.34,28.91,14.47,1,2,0
105,9,777.17,588.50,80.94,24.34,1,1,0
105,36,418.40,628.52,8.39,5.33,1,3,0
105,53,96.65,638.49,10.00,6.32,1,4,0
105,43,35.33,639.51,10.32,6.75,1,4,0
105,54,470.60,626.78,6.57,5.08,1,4,0
105,18,175.47,636.85,10.94,6.92,1,4,0
105,3,857.82,592.02,36.24,17.41,1,1,0
105,46,698.85,592.09,81.89,20.08,1,1,0
105,11,445.94,627.82,6.89,5.27,1,4,0
105,26,493.05,625.99,6.03,4.98,1,4,0
106,29,406.69,578.20,163.62,47.93,1,1,0
106,4,563.37,585.82,45.49,33.99,1,1,0
106,31,888.80,586.96,89.42,46.79,1,1,0
106,24,0.61,578.64,71.34,52.84,1,1,0
106,5,1011.35,583.42,77.25,25.10,1,1,0
106,2,70.66,589.72,165.72,32.40,1,1,0
106,34,339.74,602.91,27.95,14.39,1,2,0
106,9,767.75,588.30,83.09,24.74,1,1,0
106,36,383.37,629.49,7.47,5.46,1,3,0
106,53,87.07,638.19,9.69,6.73,1,4,0
106,43,25.31,639.66,9.11,6.13,1,4,0
106,18,166.28,636.52,10.05,7.41,1,4,0
106,3,851.87,591.35,39.40,18.21,1,1,0
106,46,690.04,591.95,80.67,20.19,1,1,0
106,11,412.63,628.59,7.79,5.58,1,3,0
107,29,400.71,578.31,163.61,47.73,1,1,0
107,4,559.06,588.93,44.15,31.07,1,1,0
107,31,892.32,586.75,91.86,48.13,1,1,0
107,24,0.51,578.54,63.66,53.10,1,1,0
107,5,1006.49,583.95,77.32,25.38,1,1,0
107,2,59.52,588.31,170.83,33.73,1,1,0
107,34,334.06,602.54,25.71,14.97,1,2,0
107,9,763.64,588.21,81.01,24.85,1,1,0
107,36,377.92,630.39,8.62,6.14,1,4,0
107,53,77.66,638.31,11.06,7.47,1,4,0
107,43,15.24,638.95,9.78,7.10,1,4,0
107,18,158.62,637.11,10.41,7.34,1,4,0
107,3,844.62,592.14,47.57,18.86,1,1,0
107,11,434.56,627.81,7.29,5.38,1,4,0
107,49,505.10,625.63,5.90,4.85,1,4,0
107,54,459.84,627.35,6.42,5.01,1,4,0
107,26,483.12,626.49,6.11,4.67,1,4,0
108,29,399.03,579.67,164.09,47.47,1,1,0
108,4,558.04,588.97,43.18,31.86,1,1,0
108,31,896.86,585.73,96.04,50.53,1,1,0
108,24,0.48,580.54,58.32,53.21,1,1,0
108,5,1003.28,584.15,78.30,25.60,1,1,0
108,2,54.27,590.42,174.04,33.65,1,1,0
108,34,330.17,603.64,25.49,15.25,1,2,0
108,9,759.51,588.70,82.89,24.42,1,1,0
108,36,375.43,631.34,9.22,6.04,1,4,0
108,53,72.77,640.20,10.83,7.92,1,4,0
108,43,7.47,640.17,11.28,7.48,1,4,0
108,18,154.79,638.73,10.50,7.26,1,4,0
108,3,842.50,592.49,50.83,18.89,1,1,0
108,11,432.92,628.94,7.10,5.44,1,4,0
108,54,458.55,628.35,6.35,4.73,1,4,0
108,26,481.45,627.64,5.85,4.89,1,4,0
108,51,208.91,636.54,10.27,7.19,1,4,0
108,46,681.93,591.77,79.65,21.22,1,1,0
109,29,394.88,579.24,162.98,47.67,1,1,0
109,4,553.33,588.09,43.30,31.76,1,1,0
109,31,902.65,578.50,101.10,56.62,1,1,0
109,24,0.45,583.47,49.12,51.77,1,1,0
109,5,1004.80,581.40,72.55,25.00,1,1,0
109,2,47.27,592.20,174.86,32.62,1,1,0
109,34,322.90,603.53,25.84,15.20,1,2,0
109,9,756.09,585.33,79.03,26.15,1,1,0
109,36,335.33,632.10,10.08,7.15,1,4,0
109,53,64.55,641.56,10.54,6.85,1,4,0
109,18,146.36,639.72,10.89,7.89,1,4,0
109,3,840.64,589.95,59.04,19.04,1,1,0
109,51,202.93,637.81,9.74,6.79,1,4,0
109,46,677.37,590.28,78.84,20.81,1,1,0
109,22,254.11,635.47,10.24,7.12,1,4,0
109,49,518.69,625.66,5.86,4.81,1,4,0
110,29,390.55,578.08,163.66,47.60,1,1,0
110,4,548.85,587.50,42.96,30.55,1,1,0
110,31,908.89,574.92,104.06,58.34,1,1,0
110,24,0.31,581.44,38.00,53.48,1,1,0
110,5,1010.50,578.25,62.57,24.84,1,1,0
110,2,37.55,592.81,174.96,31.48,1,1,0
110,34,315.43,603.04,27.31,14.43,1,2,0
110,9,748.82,584.16,80.73,24.50,1,1,0
110,36,329.98,631.10,9.97,6.87,1,4,0
110,53,54.86,641.12,11.17,8.47,1,4,0
110,18,139.67,639.73,10.94,7.56,1,4,0
110,3,832.23,587.93,58.75,18.28,1,1,0
110,51,195.43,637.46,10.00,6.70,1,4,0
110,11,396.25,628.49,8.70,5.97,1,3,0
110,54,424.18,627.65,7.34,5.45,1,4,0
110,26,449.58,626.66,6.89,5.24,1,4,0
111,29,383.98,577.49,166.93,47.25,1,1,0
111,4,543.71,585.52,42.56,31.20,1,1,0
111,31,911.92,574.23,107.28,58.40,1,1,0
111,24,0.62,585.69,28.58,48.50,1,1,0
111,5,1008.44,576.89,58.90,24.60,1,1,0
111,2,28.70,592.20,176.27,31.15,1,1,0
111,34,308.51,601.84,26.91,14.46,1,2,0
111,9,741.60,582.38,85.29,24.79,1,1,0
111,53,46.59,640.79,11.14,8.21,1,4,0
111,18,130.63,639.18,10.89,7.64,1,4,0
111,3,828.48,587.36,58.52,17.85,1,1,0
111,51,189.31,636.67,9.83,7.25,1,4,0
111,11,361.53,629.24,8.40,5.91,1,3,0
111,54,418.94,626.51,7.83,5.73,1,4,0
111,26,445.14,625.62,7.17,5.25,1,4,0
111,52,284.37,632.66,9.96,6.58,1,4,0
111,49,510.40,622.65,6.50,4.84,1,4,0
112,29,377.97,576.56,167.66,48.32,1,1,0
112,4,538.06,584.96,42.57,31.63,1,1,0
112,31,914.09,571.63,110.94,60.70,1,1,0
112,24,0.33,591.07,20.73,43.08,1,1,0
112,5,1009.90,576.61,51.15,24.07,1,1,0
112,2,18.60,590.71,178.41,32.81,1,1,0
112,34,301.83,602.29,26.71,14.15,1,2,0
112,9,735.76,582.18,85.05,24.42,1,1,0
112,53,37.65,640.58,11.54,8.53,1,4,0
112,18,122.84,638.85,11.99,7.99,1,4,0
112,3,822.62,586.06,56.98,18.23,1,1,0
112,51,181.01,636.47,11.11,7.85,1,4,0
112,54,385.82,627.80,8.31,5.81,1,3,0
112,22,233.90,634.41,10.63,7.20,1,4,0
113,29,367.76,573.59,167.46,50.04,1,1,0
113,4,529.73,582.54,41.73,33.04,1,1,0
113,31,912.97,565.41,117.11,66.03,1,1,0
113,2,6.28,587.63,172.66,34.73,1,1,0
113,34,286.54,599.75,30.36,15.30,1,2,0
113,9,729.05,581.19,84.15,24.53,1,1,0
113,53,20.99,640.61,12.45,9.57,1,4,0
113,18,109.18,638.84,11.33,7.55,1,4,0
113,3,811.50,584.91,48.85,17.74,1,1,0
113,51,167.67,636.28,10.14,6.94,1,4,0
113,54,374.52,626.19,9.15,6.41,1,3,0
113,46,644.03,585.71,80.17,21.08,1,1,0
114,29,352.05,573.20,167.81,49.45,1,1,0
114,4,515.09,583.03,40.80,32.44,1,1,0
114,31,909.80,565.37,122.97,66.64,1,1,0
114,2,0.55,585.20,162.89,35.84,1,1,0
114,34,269.20,599.90,28.34,14.44,1,2,0
114,9,713.37,580.89,84.14,24.28,1,1,0
114,53,0.84,639.25,11.92,10.02,1,4,0
114,18,89.98,638.16,12.71,8.08,1,4,0
114,3,795.89,585.62,50.38,16.77,1,1,0
114,51,149.27,636.01,10.75,6.70,1,4,0
114,54,359.64,625.51,9.47,6.68,1,3,0
114,46,627.84,585.78,81.61,20.23,1,1,0
114,11,290.90,628.74,10.08,7.37,1,3,0
114,26,388.97,625.14,8.00,6.11,1,4,0
115,29,333.47,573.19,171.46,51.54,1,1,0
115,4,498.96,585.41,40.73,30.90,1,1,0
115,31,908.32,565.54,124.53,68.82,1,1,0
115,2,0.00,584.93,141.81,36.14,1,1,0
115,34,249.32,600.81,28.30,14.86,1,2,0
115,9,695.41,581.44,86.24,25.10,1,1,0
115,18,67.22,639.39,11.48,8.53,1,4,0
115,3,780.16,587.10,54.72,17.19,1,1,0
115,51,127.89,636.61,11.80,7.96,1,4,0
115,46,608.72,586.01,83.87,20.75,1,1,0
115,26,370.99,626.24,7.96,6.28,1,4,0
115,49,463.53,620.49,7.12,6.52,1,3,0
115,22,184.03,634.20,11.13,8.29,1,4,0
116,29,313.97,572.80,175.08,52.70,1,1,0
116,4,482.12,585.69,39.66,31.19,1,1,0
116,31,905.35,565.16,127.55,71.79,1,1,0
116,2,0.32,585.96,120.57,34.66,1,1,0
116,34,230.05,601.43,27.49,14.69,1,2,0
116,9,678.39,581.89,88.25,25.71,1,1,0
116,18,44.67,639.56,12.53,9.00,1,4,0
116,3,763.00,586.87,51.49,18.64,1,1,0
116,51,106.52,636.75,11.84,8.49,1,4,0
116,46,592.47,586.06,82.38,21.88,1,1,0
116,26,353.54,627.21,8.02,6.42,1,4,0
116,22,163.78,634.94,11.21,8.13,1,4,0
116,54,324.35,627.78,9.43,6.56,1,3,0
117,29,161.61,563.53,163.42,80.31,1,1,0
117,18,0.28,593.71,51.20,16.45,1,1,0
118,29,185.80,582.05,107.89,52.24,1,1,0
118,30,1075.56,603.92,56.28,19.91,1,1,0
118,48,1238.30,599.50,67.33,24.55,1,1,0
118,32,803.45,598.39,38.70,31.24,1,1,0
118,36,144.32,640.69,12.77,10.02,1,3,0
118,5,986.51,597.83,93.15,27.43,1,1,0
118,53,72.10,640.69,13.70,8.75,1,3,0
118,11,223.40,640.92,12.00,9.89,1,3,0
118,49,496.33,639.53,12.31,8.48,1,4,0
118,4,541.66,639.48,10.24,6.98,1,3,0
118,9,648.29,583.79,163.42,50.89,1,1,0
118,3,650.91,635.59,9.47,7.01,1,3,0
118,51,72.58,640.46,13.18,8.96,1,4,0
118,46,558.01,606.19,35.65,16.49,1,2,0
118,26,441.50,640.33,12.52,8.82,1,4,0
118,22,144.47,640.34,12.79,10.27,1,4,0
118,54,292.40,642.48,11.94,9.36,1,3,0
