1,1,1683.05,553.94,236.95,92.11,1,1,0
1,2,233.61,557.01,182.27,65.04,1,1,0
1,3,547.42,586.90,88.52,26.41,1,2,0
1,4,1280.25,597.64,107.41,25.46,1,1,0
1,5,1529.15,592.74,69.94,35.23,1,1,0
1,6,645.71,589.43,122.17,28.63,1,2,0
1,7,1571.55,575.92,168.14,57.99,1,1,0
1,8,418.93,580.93,85.15,31.47,1,2,0
1,9,1247.17,601.29,49.77,20.21,1,1,0
1,10,1092.31,605.09,27.25,15.75,1,2,0
2,1,1661.18,555.01,258.82,92.67,1,1,0
2,2,189.25,559.54,188.68,59.72,1,1,0
2,3,515.01,582.98,91.76,27.88,1,2,0
2,4,1255.80,598.73,104.77,25.06,1,1,0
2,5,1512.92,595.25,60.22,34.46,1,1,0
2,6,614.95,585.23,126.41,31.89,1,2,0
2,7,1549.11,579.93,163.38,55.58,1,1,0
2,8,381.87,576.07,87.12,34.68,1,2,0
2,9,1221.57,601.86,55.31,20.03,1,1,0
2,10,1067.87,605.07,27.96,15.97,1,2,0
3,1,1652.33,568.86,267.67,98.33,1,1,0
3,2,171.31,545.14,178.44,57.55,1,1,0
3,3,496.44,572.50,91.18,29.90,1,2,0
3,4,1243.22,601.88,106.12,27.05,1,1,0
3,5,1498.76,606.41,65.09,32.47,1,1,0
3,6,599.15,574.22,126.58,36.26,1,2,0
3,7,1538.30,591.53,165.65,56.41,1,1,0
3,8,355.67,562.51,91.16,35.96,1,2,0
3,9,1210.69,606.12,50.49,18.85,1,1,0
3,10,1054.93,604.49,31.18,17.24,1,2,0
4,1,1657.41,590.69,262.59,101.65,1,1,0
4,2,158.37,523.01,180.42,59.91,1,1,0
4,3,493.34,558.58,94.50,30.58,1,2,0
4,4,1250.36,607.81,104.42,30.57,1,1,0
4,5,1502.09,622.61,70.23,32.01,1,1,0
4,6,597.40,564.03,127.52,37.20,1,2,0
4,7,1546.73,609.55,169.74,57.63,1,1,0
4,8,348.80,541.25,87.03,40.58,1,2,0
4,9,1211.13,610.99,60.43,20.33,1,1,0
4,10,1051.22,604.46,34.13,18.07,1,2,0
5,1,1700.02,608.58,219.98,99.54,1,1,0
5,2,167.33,512.09,186.07,60.76,1,1,0
5,3,506.89,553.31,103.38,32.72,1,2,0
5,4,1270.57,614.93,107.74,31.22,1,1,0
5,5,1525.73,634.89,73.68,30.52,1,1,0
5,6,616.43,558.89,128.80,38.89,1,2,0
5,7,1571.59,621.52,183.58,60.72,1,1,0
5,8,359.92,535.32,103.99,39.49,1,2,0
5,9,1233.85,616.94,53.22,20.95,1,1,0
5,10,1080.13,608.82,28.80,17.07,1,2,0
6,1,1787.33,626.30,132.67,70.16,1,1,0
6,2,208.71,522.92,176.03,61.21,1,1,0
6,3,540.71,560.62,100.63,31.13,1,2,0
6,4,1324.04,614.87,104.10,29.98,1,1,0
6,5,1590.36,626.87,75.44,35.76,1,1,0
6,6,653.16,564.73,130.81,38.74,1,2,0
6,7,1636.18,614.84,195.71,63.59,1,1,0
6,8,392.81,540.91,96.78,42.76,1,2,0
6,9,1280.79,615.50,65.82,23.25,1,1,0
6,10,1117.97,609.71,34.10,18.23,1,2,0
7,1,1875.99,637.87,44.01,36.74,1,1,0
7,2,251.03,542.21,170.44,60.04,1,1,0
7,3,576.99,571.19,106.00,32.66,1,2,0
7,4,1371.13,605.13,112.12,31.76,1,1,0
7,5,1648.96,613.17,77.58,37.30,1,1,0
7,6,692.39,571.79,133.10,38.74,1,2,0
7,7,1706.09,597.45,208.44,67.40,1,1,0
7,8,430.00,555.04,84.22,43.39,1,2,0
7,9,1323.97,610.91,59.43,21.79,1,1,0
7,10,1166.28,608.82,27.90,17.29,1,2,0
8,2,294.27,554.57,172.79,59.71,1,1,0
8,3,622.49,581.31,107.25,31.07,1,2,0
8,4,1426.67,600.91,106.91,32.96,1,1,0
8,5,1721.31,607.14,85.27,39.82,1,1,0
8,6,742.88,582.44,130.07,35.18,1,2,0
8,7,1787.80,587.53,132.20,67.97,1,1,0
8,8,473.98,564.60,82.84,44.37,1,2,0
8,9,1379.76,609.02,59.42,21.97,1,1,0
8,10,1220.49,610.80,27.35,16.77,1,2,0
9,2,333.90,556.07,173.67,60.86,1,1,0
9,3,662.91,585.17,106.60,29.14,1,2,0
9,4,1485.25,608.94,121.95,32.13,1,1,0
9,5,1795.84,613.66,81.41,40.75,1,1,0
9,6,781.21,587.41,135.88,34.23,1,2,0
9,8,513.63,570.06,78.91,41.17,1,2,0
9,9,1432.44,612.98,67.00,23.79,1,1,0
9,10,1271.48,615.72,26.31,16.82,1,2,0
9,1,1865.07,611.98,54.93,47.85,1,1,0
10,2,372.26,567.36,165.43,61.41,1,1,0
10,3,698.35,590.79,109.91,31.61,1,2,0
10,4,1536.73,599.91,127.27,32.91,1,1,0
10,6,815.85,589.79,138.64,35.14,1,2,0
10,8,543.64,583.66,98.01,37.16,1,2,0
10,9,1492.26,608.42,54.25,23.11,1,1,0
10,10,1316.85,612.53,28.98,16.71,1,2,0
10,1,1887.44,609.40,32.56,29.79,1,1,0
11,2,367.51,594.77,163.70,66.10,1,1,0
11,3,706.29,602.81,109.13,32.02,1,2,0
11,4,1562.19,563.33,115.84,34.03,1,1,0
11,6,823.22,595.05,138.08,36.04,1,2,0
11,8,542.02,606.46,105.11,36.77,1,2,0
11,9,1508.13,576.44,57.97,23.15,1,1,0
11,10,1330.04,591.84,26.82,16.79,1,2,0
12,2,309.40,622.35,173.31,80.91,1,1,0
12,3,670.34,614.88,102.86,35.46,1,2,0
12,4,1505.13,519.93,129.03,35.90,1,1,0
12,6,781.66,600.90,145.04,38.40,1,2,0
12,8,493.93,631.54,116.55,41.68,1,2,0
12,9,1470.65,538.56,56.38,22.43,1,1,0
12,10,1298.81,564.14,26.89,17.36,1,2,0
12,5,1835.60,473.74,84.40,47.81,1,1,0
13,2,199.96,636.70,193.23,87.90,1,1,0
13,3,583.26,621.62,129.02,41.14,1,2,0
13,4,1459.36,506.16,110.26,36.93,1,1,0
13,6,720.68,608.07,142.28,35.29,1,2,0
13,8,401.66,637.10,149.29,52.19,1,2,0
13,9,1394.22,524.69,71.04,27.20,1,1,0
13,10,1239.61,560.84,25.60,15.72,1,2,0
13,5,1828.45,443.04,91.55,60.28,1,1,0
14,2,239.80,644.78,123.30,38.84,1,2,0
14,3,612.19,607.90,137.34,35.45,1,2,0
14,4,1615.34,511.45,85.05,43.77,1,1,0
14,8,473.66,613.93,117.32,41.42,1,2,0
14,9,1337.24,547.83,103.73,29.38,1,1,0
14,10,1281.36,559.63,60.61,23.30,1,1,0
14,11,1690.32,475.98,229.68,78.36,1,1,0
15,2,334.71,596.66,133.48,39.22,1,2,0
15,4,1491.35,570.42,68.32,37.36,1,1,0
15,8,476.30,595.77,149.18,40.09,1,2,0
15,9,1217.00,585.69,95.90,26.64,1,1,0
15,10,1165.52,594.43,56.88,18.26,1,1,0
15,11,1558.10,546.70,230.45,64.21,1,1,0
15,12,34.89,613.82,151.59,35.11,1,2,0
15,13,1011.10,602.71,27.51,14.66,1,2,0
15,7,1784.46,533.83,135.54,81.65,1,1,0
16,2,230.12,575.25,128.03,41.08,1,2,0
16,4,1396.22,598.35,67.95,32.61,1,1,0
16,8,372.85,583.35,153.78,40.67,1,2,0
16,9,1124.02,597.10,105.56,28.42,1,1,0
16,10,1081.74,606.01,50.41,18.19,1,1,0
16,11,1463.32,578.86,218.58,59.94,1,1,0
16,12,0.74,582.61,110.42,37.81,1,2,0
16,13,928.72,605.90,33.31,17.52,1,2,0
16,7,1677.70,543.29,242.30,109.42,1,1,0
17,2,131.64,557.25,155.30,44.21,1,2,0
17,4,1326.97,597.44,90.63,35.89,1,1,0
17,8,294.15,563.86,158.14,46.40,1,2,0
17,9,1075.27,595.77,96.49,27.82,1,1,0
17,10,1025.26,600.69,57.13,20.31,1,1,0
17,11,1409.32,582.30,211.25,60.12,1,1,0
17,13,872.12,600.52,28.83,17.42,1,2,0
17,7,1620.45,552.02,299.55,110.66,1,1,0
18,2,41.19,557.06,168.10,42.73,1,2,0
18,4,1275.91,590.24,92.64,35.93,1,1,0
18,8,217.47,561.51,173.82,45.20,1,2,0
18,9,1024.89,587.87,102.48,30.13,1,1,0
18,10,977.28,594.70,58.50,20.80,1,1,0
18,11,1364.71,574.49,202.49,59.55,1,1,0
18,13,826.60,597.06,27.03,15.60,1,2,0
18,7,1576.01,542.68,343.99,111.53,1,1,0
19,2,1.34,565.56,141.53,36.41,1,2,0
19,4,1240.64,588.68,94.62,34.03,1,1,0
19,8,150.84,565.97,181.92,44.91,1,2,0
19,9,992.28,587.96,104.69,28.91,1,1,0
19,10,944.43,594.71,58.67,19.81,1,1,0
19,11,1332.01,571.32,197.33,58.44,1,1,0
19,13,786.76,597.15,28.29,15.60,1,2,0
19,7,1545.14,535.65,374.86,112.09,1,1,0
20,2,0.24,570.05,60.90,34.15,1,2,0
20,4,1201.02,586.03,96.45,33.86,1,1,0
20,8,67.83,567.39,201.89,46.49,1,2,0
20,9,949.82,585.66,104.81,29.87,1,1,0
20,10,906.01,593.56,54.45,20.06,1,1,0
20,11,1294.43,566.86,187.45,58.63,1,1,0
20,13,747.81,595.49,32.37,17.22,1,2,0
20,7,1512.57,529.33,407.43,111.81,1,1,0
21,4,1168.63,582.62,98.61,33.51,1,1,0
21,8,1.12,568.64,205.59,47.47,1,2,0
21,9,916.59,583.05,103.28,29.86,1,1,0
21,10,871.84,591.34,55.58,20.30,1,1,0
21,11,1263.14,561.48,178.97,59.35,1,1,0
21,13,710.33,595.63,31.05,16.49,1,2,0
21,7,1483.21,522.12,412.16,112.18,1,1,0
21,1,1874.25,584.17,45.75,39.88,1,1,0
22,4,1137.92,580.71,92.70,33.84,1,1,0
22,8,0.45,571.01,135.40,46.38,1,2,0
22,9,880.59,583.07,107.57,29.02,1,1,0
22,10,835.68,590.64,54.09,20.90,1,1,0
22,11,1229.11,559.53,182.77,59.78,1,1,0
22,13,671.15,594.71,31.38,17.31,1,2,0
22,7,1453.56,518.94,398.93,112.97,1,1,0
22,1,1837.55,576.26,82.45,45.09,1,1,0
23,4,1099.70,581.90,95.19,34.16,1,1,0
23,9,837.30,584.06,116.99,29.16,1,1,0
23,10,796.88,593.67,50.81,19.17,1,1,0
23,11,1192.41,562.34,186.89,58.69,1,1,0
23,13,630.53,594.95,30.61,18.01,1,2,0
23,7,1417.80,521.10,395.38,112.52,1,1,0
23,1,1797.93,576.10,122.07,48.04,1,1,0
23,2,0.66,586.53,49.19,28.04,1,2,0
24,4,1068.96,583.77,96.06,34.77,1,1,0
24,9,802.38,584.04,119.51,30.54,1,1,0
24,10,760.23,594.10,54.51,19.79,1,1,0
24,11,1161.31,564.91,183.42,58.76,1,1,0
24,13,592.02,595.55,32.31,18.27,1,2,0
24,7,1391.07,523.80,394.43,114.28,1,1,0
24,1,1765.10,579.40,154.90,50.02,1,1,0
25,4,1027.65,584.07,101.67,35.23,1,1,0
25,9,760.00,584.28,120.84,31.83,1,1,0
25,10,717.97,595.87,54.35,19.26,1,1,0
25,11,1125.33,564.23,180.39,59.79,1,1,0
25,13,545.69,596.37,32.16,18.82,1,2,0
25,7,1358.94,523.40,394.00,115.19,1,1,0
25,1,1729.40,579.30,190.60,51.01,1,1,0
26,4,1001.62,582.79,102.44,35.79,1,1,0
26,9,734.83,585.74,117.50,30.41,1,1,0
26,10,690.26,595.69,55.59,19.65,1,1,0
26,11,1099.33,563.17,182.29,59.94,1,1,0
26,13,513.44,597.08,32.61,19.04,1,2,0
26,7,1338.95,520.86,394.51,116.22,1,1,0
26,1,1704.06,577.36,201.84,49.34,1,1,0
27,4,984.18,585.36,100.20,35.23,1,1,0
27,9,713.68,585.35,115.76,29.08,1,1,0
27,10,668.89,590.86,54.73,21.62,1,1,0
27,11,1083.39,566.40,180.15,62.01,1,1,0
27,13,490.21,591.14,33.55,19.20,1,2,0
27,7,1324.66,527.78,399.65,122.84,1,1,0
27,1,1689.16,591.76,194.71,51.72,1,1,0
28,4,980.62,587.56,98.62,34.12,1,1,0
28,9,705.24,575.96,118.27,33.32,1,1,0
28,10,664.51,580.61,54.02,22.51,1,1,0
28,11,1076.73,571.51,190.49,64.19,1,1,0
28,13,482.60,575.75,31.27,19.70,1,2,0
28,7,1327.92,541.84,409.25,130.05,1,1,0
28,1,1695.60,611.90,193.77,56.59,1,1,0
29,4,988.90,587.01,100.62,35.62,1,1,0
29,9,715.46,570.71,115.91,34.61,1,1,0
29,10,673.55,574.68,53.67,22.67,1,1,0
29,11,1087.40,575.20,190.04,64.61,1,1,0
29,13,489.06,566.88,32.63,19.63,1,2,0
29,7,1344.99,550.26,428.92,135.39,1,1,0
29,1,1726.90,624.92,193.10,58.17,1,1,0
30,4,1016.78,587.56,105.12,36.54,1,1,0
30,9,744.76,568.79,118.75,36.54,1,1,0
30,10,701.27,575.76,54.54,21.30,1,1,0
30,11,1120.11,575.76,193.94,67.69,1,1,0
30,13,515.27,566.33,37.31,19.90,1,2,0
30,7,1396.88,550.92,447.69,140.61,1,1,0
30,1,1773.92,627.79,146.08,59.53,1,1,0
31,4,1072.55,591.54,106.59,36.28,1,1,0
31,9,798.23,572.98,113.49,36.12,1,1,0
31,10,754.56,580.10,56.23,22.23,1,1,0
31,11,1177.26,577.51,197.69,69.86,1,1,0
31,13,569.65,573.41,32.85,18.41,1,2,0
31,7,1465.75,547.95,454.25,146.45,1,1,0
32,4,1126.59,595.64,108.98,37.15,1,1,0
32,9,848.03,577.48,122.72,38.06,1,1,0
32,10,808.77,588.53,53.02,20.30,1,1,0
32,11,1232.91,579.93,209.56,71.79,1,1,0
32,13,620.90,583.28,38.56,17.78,1,2,0
32,7,1543.95,544.03,376.05,149.33,1,1,0
33,4,1191.25,598.47,116.71,36.65,1,1,0
33,9,910.87,583.03,118.78,37.79,1,1,0
33,10,869.54,594.80,53.59,20.16,1,1,0
33,11,1305.01,581.20,214.36,73.03,1,1,0
33,13,682.36,587.44,35.30,20.04,1,2,0
33,7,1638.45,544.42,281.55,143.52,1,1,0
34,4,1246.75,599.35,128.82,37.24,1,1,0
34,9,967.44,585.22,118.81,37.77,1,1,0
34,10,927.78,597.01,51.60,21.93,1,1,0
34,11,1372.50,579.21,222.95,76.27,1,1,0
34,13,738.45,592.20,35.10,19.49,1,2,0
34,1,1746.71,572.44,173.29,112.81,1,1,0
35,4,1325.44,598.17,130.58,37.45,1,1,0
35,9,1038.17,584.66,118.82,38.54,1,1,0
35,10,992.96,598.17,56.29,21.58,1,1,0
35,11,1453.85,575.69,245.17,78.57,1,1,0
35,13,807.06,593.71,32.92,18.84,1,2,0
35,18,1.65,563.54,173.95,33.51,1,2,0
36,4,1382.24,598.30,135.07,38.81,1,1,0
36,9,1084.85,583.27,121.99,41.73,1,1,0
36,10,1043.53,601.53,52.11,19.68,1,1,0
36,11,1514.60,573.89,267.99,80.39,1,1,0
36,13,852.59,596.59,34.35,19.86,1,2,0
36,18,37.68,568.26,181.82,34.19,1,2,0
37,4,1441.22,591.10,138.67,41.80,1,1,0
37,9,1128.02,587.36,124.13,36.94,1,1,0
37,10,1088.84,602.27,50.24,19.62,1,1,0
37,11,1573.49,562.52,287.60,84.23,1,1,0
37,13,892.52,596.42,42.30,22.95,1,2,0
37,18,70.90,568.85,169.28,43.34,1,2,0
38,4,1471.87,575.88,145.73,42.85,1,1,0
38,9,1152.51,583.23,126.69,34.28,1,1,0
38,10,1109.12,597.28,54.09,19.49,1,1,0
38,11,1614.98,542.28,305.02,81.53,1,1,0
38,13,919.25,596.57,42.79,21.88,1,2,0
38,18,71.20,583.99,194.80,43.41,1,2,0
38,20,0.95,586.41,96.65,37.72,1,2,0
39,4,1482.93,564.85,155.92,41.89,1,1,0
39,9,1166.49,578.47,130.34,32.48,1,1,0
39,10,1122.53,592.03,54.46,20.08,1,1,0
39,11,1639.24,524.99,280.76,84.47,1,1,0
39,13,929.39,594.77,43.82,21.40,1,2,0
39,18,65.70,594.63,215.99,44.72,1,2,0
39,20,0.93,599.75,89.26,37.58,1,2,0
39,21,1382.09,591.57,49.29,13.82,1,1,0
40,4,1479.27,557.58,164.96,42.00,1,1,0
40,9,1162.74,571.27,133.93,36.41,1,1,0
40,10,1119.45,589.23,55.41,19.48,1,1,0
40,11,1640.95,512.06,279.05,88.62,1,1,0
40,13,926.61,594.35,44.23,21.59,1,2,0
40,18,23.39,603.82,230.68,47.33,1,2,0
40,21,1371.97,585.50,52.35,13.94,1,1,0
41,4,1460.52,561.31,170.07,41.10,1,1,0
41,9,1141.83,574.21,137.20,34.50,1,1,0
41,10,1100.03,590.31,53.42,18.98,1,1,0
41,11,1629.53,518.65,290.47,86.14,1,1,0
41,13,908.25,594.77,41.24,21.54,1,2,0
41,18,0.51,597.19,237.97,48.91,1,2,0
41,21,1348.46,586.24,58.95,15.77,1,1,0
42,4,1441.00,580.45,166.89,43.50,1,1,0
42,9,1122.31,583.81,128.32,33.81,1,1,0
42,10,1076.90,597.17,54.59,18.64,1,1,0
42,11,1610.55,548.21,309.45,86.95,1,1,0
42,13,883.75,595.63,42.19,20.99,1,2,0
42,18,0.85,577.69,182.00,43.29,1,2,0
42,21,1331.46,604.73,51.70,12.72,1,1,0
43,4,1428.00,600.68,166.79,46.10,1,1,0
43,9,1109.03,589.72,130.18,39.29,1,1,0
43,10,1062.92,604.60,55.23,18.28,1,1,0
43,11,1601.26,578.33,318.74,91.80,1,1,0
43,13,868.57,594.67,43.00,22.38,1,2,0
43,21,1317.45,619.39,53.30,14.00,1,1,0
44,4,1424.14,609.26,175.01,46.31,1,1,0
44,9,1102.86,594.58,132.13,38.63,1,1,0
44,10,1057.59,606.56,53.49,19.09,1,1,0
44,11,1602.50,589.08,317.50,93.91,1,1,0
44,13,861.80,594.62,42.10,22.27,1,2,0
44,21,1312.81,625.12,50.52,14.08,1,1,0
45,4,1432.58,603.08,179.90,44.89,1,1,0
45,9,1107.01,590.25,134.34,39.48,1,1,0
45,10,1061.51,603.81,54.64,19.59,1,1,0
45,11,1622.82,579.69,297.18,92.98,1,1,0
45,13,863.55,593.00,42.29,22.41,1,2,0
45,21,1319.56,620.23,52.17,13.85,1,1,0
46,4,1451.19,596.01,186.78,44.16,1,1,0
46,9,1123.62,593.11,132.76,33.46,1,1,0
46,10,1077.38,602.66,54.70,19.18,1,1,0
46,11,1657.12,567.91,262.88,92.25,1,1,0
46,13,877.62,594.72,44.25,22.27,1,2,0
46,21,1337.48,615.56,49.76,13.64,1,1,0
47,4,1477.87,595.40,190.97,44.04,1,1,0
47,9,1141.49,595.74,139.74,31.77,1,1,0
47,10,1097.38,604.20,56.50,19.01,1,1,0
47,11,1693.16,562.64,226.84,93.49,1,1,0
47,13,896.81,597.07,44.00,22.81,1,2,0
47,21,1362.97,616.07,47.60,13.42,1,1,0
48,4,1516.91,600.39,194.17,45.67,1,1,0
48,9,1178.21,598.49,136.81,32.92,1,1,0
48,10,1125.23,605.41,62.95,20.20,1,1,0
48,13,924.12,597.91,42.10,22.56,1,2,0
48,21,1401.68,620.98,48.78,13.11,1,1,0
48,1,1747.39,592.68,172.61,72.10,1,1,0
49,4,1550.47,600.55,201.32,46.59,1,1,0
49,9,1202.06,598.77,138.89,33.76,1,1,0
49,10,1150.04,607.23,61.56,20.11,1,1,0
49,13,946.77,598.52,41.58,23.28,1,2,0
49,21,1429.96,622.12,49.60,13.31,1,1,0
49,1,1798.20,598.70,121.80,64.56,1,1,0
50,4,1582.93,567.98,202.03,44.83,1,1,0
50,9,1220.39,583.47,141.09,34.01,1,1,0
50,10,1166.85,598.53,61.23,20.15,1,1,0
50,13,960.17,600.33,42.83,22.47,1,2,0
50,21,1452.62,598.96,47.89,12.81,1,1,0
50,1,1834.47,555.38,85.53,61.37,1,1,0
51,4,1578.65,542.33,213.49,47.07,1,1,0
51,9,1220.25,573.94,139.38,33.76,1,1,0
51,10,1163.84,588.85,63.98,22.03,1,1,0
51,13,960.10,601.03,46.19,23.08,1,2,0
51,21,1447.55,579.39,47.71,13.63,1,1,0
51,1,1848.10,522.69,71.90,60.09,1,1,0
52,4,1563.46,546.64,211.56,46.55,1,1,0
52,9,1204.73,576.06,145.28,31.46,1,1,0
52,10,1149.95,589.64,62.11,19.89,1,1,0
52,13,945.38,599.93,42.66,22.92,1,2,0
52,21,1439.28,582.70,48.53,13.20,1,1,0
52,1,1841.45,524.72,78.55,64.56,1,1,0
53,4,1537.43,571.13,207.65,45.50,1,1,0
53,9,1179.32,580.34,144.54,36.78,1,1,0
53,10,1125.55,596.98,61.70,19.15,1,1,0
53,13,921.89,598.45,41.99,21.45,1,2,0
53,21,1408.55,599.28,48.53,14.65,1,1,0
53,1,1819.72,552.79,100.28,70.53,1,1,0
54,4,1502.41,587.28,208.16,47.58,1,1,0
54,9,1144.40,591.09,148.17,33.40,1,1,0
54,10,1090.65,602.68,60.62,18.69,1,1,0
54,13,889.36,597.78,39.15,21.30,1,2,0
54,21,1375.45,610.10,45.78,15.74,1,1,0
54,1,1781.67,570.64,138.33,76.75,1,1,0
55,4,1466.98,583.59,201.47,46.54,1,1,0
55,9,1111.34,590.92,143.59,32.79,1,1,0
55,10,1056.24,601.86,61.82,19.81,1,1,0
55,13,843.75,597.55,45.95,22.97,1,2,0
55,21,1337.65,609.50,43.68,13.95,1,1,0
55,1,1744.16,559.76,175.84,81.04,1,1,0
56,4,1426.43,575.21,200.38,45.57,1,1,0
56,9,1072.28,588.66,145.01,33.36,1,1,0
56,10,1018.00,601.68,62.40,19.75,1,1,0
56,13,804.01,601.21,45.47,23.81,1,2,0
56,21,1300.45,603.45,45.91,14.12,1,1,0
56,1,1709.62,531.25,210.38,95.83,1,1,0
57,4,1393.80,578.12,200.45,44.30,1,1,0
57,9,1043.05,588.00,145.47,34.31,1,1,0
57,10,988.99,602.09,60.31,19.43,1,1,0
57,13,774.99,600.62,44.72,23.02,1,2,0
57,21,1260.80,602.94,51.60,15.65,1,1,0
57,1,1683.73,527.10,236.27,103.70,1,1,0
58,4,1361.44,585.77,199.65,46.20,1,1,0
58,9,1014.40,592.00,147.65,31.86,1,1,0
58,10,961.20,602.03,61.02,20.01,1,1,0
58,13,747.03,597.79,44.34,22.68,1,2,0
58,21,1237.00,608.69,52.88,14.42,1,1,0
58,1,1655.58,539.92,264.42,106.62,1,1,0
59,4,1342.87,590.83,196.88,46.43,1,1,0
59,9,994.07,591.85,147.41,32.68,1,1,0
59,10,938.60,600.31,63.23,20.63,1,1,0
59,13,720.34,594.22,44.98,22.01,1,2,0
59,21,1215.15,610.93,51.37,15.15,1,1,0
59,1,1638.04,551.06,281.96,107.06,1,1,0
60,4,1333.08,590.66,197.16,47.07,1,1,0
60,9,977.53,590.91,148.60,33.33,1,1,0
60,10,923.03,599.21,63.29,20.13,1,1,0
60,13,700.60,591.49,50.00,24.03,1,2,0
60,21,1205.75,611.98,46.56,14.08,1,1,0
60,1,1635.74,550.60,284.26,108.67,1,1,0
61,4,1331.44,585.57,195.96,46.24,1,1,0
61,9,971.92,588.94,147.62,33.90,1,1,0
61,10,918.40,599.75,60.99,19.41,1,1,0
61,13,691.44,594.29,47.50,23.71,1,2,0
61,21,1197.85,608.82,46.08,13.64,1,1,0
61,1,1639.55,539.40,280.45,107.80,1,1,0
62,4,1332.82,580.94,198.99,45.85,1,1,0
62,9,969.26,586.68,150.51,35.63,1,1,0
62,10,913.00,600.54,62.21,19.38,1,1,0
62,13,686.23,596.51,47.67,24.35,1,2,0
62,21,1195.58,606.21,46.68,14.05,1,1,0
62,1,1647.60,529.63,272.40,109.72,1,1,0
63,4,1332.19,578.19,200.05,47.70,1,1,0
63,9,967.14,586.31,150.20,35.85,1,1,0
63,10,912.11,601.41,58.64,19.25,1,1,0
63,13,681.32,597.38,48.65,24.35,1,2,0
63,21,1195.67,606.14,47.85,13.97,1,1,0
63,1,1661.79,527.27,258.21,111.16,1,1,0
64,4,1331.59,580.84,201.42,47.54,1,1,0
64,9,962.31,585.95,154.10,36.72,1,1,0
64,10,908.91,602.15,57.78,18.73,1,1,0
64,13,674.48,596.30,49.01,24.72,1,2,0
64,21,1191.45,606.50,49.82,14.46,1,1,0
64,1,1669.75,531.57,250.25,110.97,1,1,0
65,4,1328.21,579.67,205.39,46.93,1,1,0
65,9,956.50,585.24,155.15,36.98,1,1,0
65,10,901.02,600.97,60.25,19.15,1,1,0
65,13,665.56,596.23,48.16,24.06,1,2,0
65,21,1188.02,605.81,48.27,14.62,1,1,0
65,1,1678.21,531.40,241.79,109.46,1,1,0
66,4,1325.02,576.43,205.83,46.34,1,1,0
66,9,949.88,584.28,155.97,36.79,1,1,0
66,10,893.28,600.28,61.10,19.35,1,1,0
66,13,657.34,596.83,47.90,24.52,1,2,0
66,21,1182.38,602.70,48.14,15.20,1,1,0
66,1,1686.08,556.53,233.92,77.52,1,1,0
67,4,1320.06,573.97,209.82,47.04,1,1,0
67,9,942.73,583.49,157.87,37.17,1,1,0
67,10,886.57,600.28,61.67,19.33,1,1,0
67,13,647.78,598.15,48.05,24.52,1,2,0
67,21,1176.44,601.61,49.12,15.45,1,1,0
67,1,1691.89,553.60,228.11,77.80,1,1,0
68,4,1318.68,574.93,210.67,47.17,1,1,0
68,9,937.77,583.96,158.51,37.47,1,1,0
68,10,882.00,600.86,61.31,19.39,1,1,0
68,13,640.56,598.81,48.37,24.77,1,2,0
68,21,1173.33,602.58,48.64,15.30,1,1,0
68,1,1700.55,556.07,219.45,77.64,1,1,0
69,4,1318.58,575.65,210.49,47.94,1,1,0
69,9,935.60,585.66,157.14,36.55,1,1,0
69,10,875.58,600.45,64.94,19.95,1,1,0
69,13,633.98,597.53,49.75,25.31,1,2,0
69,21,1169.74,603.38,50.99,15.22,1,1,0
69,1,1713.39,558.34,206.61,78.56,1,1,0
70,4,1318.41,576.26,214.64,48.15,1,1,0
70,9,931.91,583.59,160.15,38.33,1,1,0
70,10,872.37,599.90,64.53,20.03,1,1,0
70,13,627.98,596.46,49.76,25.43,1,2,0
70,21,1167.99,603.79,50.95,15.16,1,1,0
70,1,1727.53,561.55,192.47,76.79,1,1,0
71,4,1318.03,575.64,219.06,48.34,1,1,0
71,9,930.29,584.59,160.70,37.72,1,1,0
71,10,869.83,600.83,65.54,19.92,1,1,0
71,13,622.13,598.13,50.66,25.83,1,2,0
71,21,1166.73,603.57,52.43,15.41,1,1,0
71,1,1740.44,560.61,179.56,75.42,1,1,0
72,4,1314.93,571.75,224.42,48.20,1,1,0
72,9,924.84,583.59,161.75,38.37,1,1,0
72,10,863.84,601.29,65.08,20.06,1,1,0
72,13,612.33,600.89,51.00,25.68,1,2,0
72,21,1164.36,601.29,51.15,16.01,1,1,0
72,1,1759.60,552.45,160.40,75.77,1,1,0
73,4,1312.32,570.31,222.56,48.73,1,1,0
73,9,914.36,583.55,164.31,39.07,1,1,0
73,10,852.87,602.21,64.73,19.77,1,1,0
73,13,597.99,602.59,51.22,25.71,1,2,0
73,21,1156.64,600.89,51.24,15.89,1,1,0
73,1,1766.38,550.41,153.62,75.64,1,1,0
74,4,1296.04,573.79,225.44,48.60,1,1,0
74,9,896.21,586.02,164.74,38.06,1,1,0
74,10,836.92,602.73,64.57,20.34,1,1,0
74,13,576.31,602.95,49.11,25.56,1,2,0
74,21,1139.78,601.91,53.28,16.91,1,1,0
74,1,1768.14,554.76,151.86,76.79,1,1,0
75,4,1279.98,574.77,223.69,48.96,1,1,0
75,9,875.72,586.29,162.36,37.79,1,1,0
75,10,815.51,601.45,64.47,21.11,1,1,0
75,13,548.04,600.72,51.18,25.83,1,2,0
75,21,1122.53,602.64,52.95,16.77,1,1,0
75,1,1760.33,555.23,159.67,80.70,1,1,0
76,4,1261.52,577.28,222.39,49.00,1,1,0
76,9,851.94,586.55,165.48,37.71,1,1,0
76,10,791.14,600.46,65.48,21.39,1,1,0
76,13,518.34,597.19,51.96,26.83,1,2,0
76,21,1102.23,603.37,54.48,16.98,1,1,0
76,1,1752.06,559.14,167.94,82.63,1,1,0
77,4,1245.91,579.48,222.64,49.77,1,1,0
77,9,833.22,585.30,167.11,38.53,1,1,0
77,10,772.57,599.53,66.16,21.02,1,1,0
77,13,494.51,593.98,53.12,26.89,1,2,0
77,21,1085.09,603.64,54.97,17.28,1,1,0
77,1,1747.78,563.69,172.22,84.83,1,1,0
78,4,1244.22,588.25,224.18,53.93,1,1,0
78,9,828.25,581.94,166.81,40.98,1,1,0
78,10,766.01,592.76,64.89,22.49,1,1,0
78,13,483.63,579.39,52.92,27.76,1,2,0
78,21,1073.77,605.51,57.23,18.10,1,1,0
78,1,1764.59,587.72,155.41,88.16,1,1,0
79,4,1254.92,597.00,229.34,56.02,1,1,0
79,9,834.42,578.56,164.00,43.84,1,1,0
79,10,773.36,588.88,63.49,22.07,1,1,0
79,13,489.07,569.69,51.10,28.14,1,2,0
79,21,1081.73,608.59,55.92,18.59,1,1,0
79,1,1800.03,607.02,119.97,88.07,1,1,0
80,4,1286.97,594.73,228.91,57.26,1,1,0
80,9,860.62,580.66,163.66,43.34,1,1,0
80,10,795.72,590.05,67.95,23.30,1,1,0
80,13,507.98,572.16,55.61,29.48,1,2,0
80,21,1109.22,611.36,55.98,16.90,1,1,0
80,1,1874.12,599.79,45.88,89.65,1,1,0
81,4,1325.14,587.01,242.00,55.68,1,1,0
81,9,890.96,583.44,168.77,41.74,1,1,0
81,10,833.27,595.36,64.49,22.40,1,1,0
81,13,539.41,583.60,55.11,28.53,1,2,0
81,21,1149.83,608.66,55.40,17.27,1,1,0
82,4,1365.83,581.24,251.81,54.75,1,1,0
82,9,927.60,584.96,169.24,41.51,1,1,0
82,10,867.43,599.57,64.75,21.87,1,1,0
82,13,570.59,592.29,56.97,28.99,1,2,0
82,21,1183.48,607.72,55.61,16.54,1,1,0
83,4,1405.97,580.34,266.07,55.85,1,1,0
83,9,959.59,587.16,172.40,40.62,1,1,0
83,10,898.53,601.29,64.58,22.30,1,1,0
83,13,599.07,594.99,58.05,28.59,1,2,0
83,21,1215.89,607.64,56.97,17.42,1,1,0
84,4,1443.62,583.26,275.85,57.56,1,1,0
84,9,988.51,589.83,174.61,39.45,1,1,0
84,10,924.70,602.30,66.15,22.25,1,1,0
84,13,626.57,594.14,56.57,28.72,1,2,0
84,21,1245.80,609.98,56.47,17.98,1,1,0
85,4,1480.64,582.18,289.13,60.39,1,1,0
85,9,1015.84,589.47,175.63,40.31,1,1,0
85,10,953.21,601.92,68.68,22.79,1,1,0
85,13,649.76,593.73,58.83,29.17,1,2,0
85,21,1280.06,610.64,55.63,17.70,1,1,0
86,4,1509.99,572.10,297.15,60.65,1,1,0
86,9,1030.92,583.67,184.04,42.69,1,1,0
86,10,968.98,600.54,68.00,23.42,1,1,0
86,13,664.35,595.82,58.51,29.17,1,2,0
86,21,1302.08,605.50,57.08,17.91,1,1,0
87,4,1525.50,557.66,304.65,59.60,1,1,0
87,9,1037.70,580.07,186.49,42.69,1,1,0
87,10,975.77,600.02,65.20,22.37,1,1,0
87,13,668.41,600.23,58.24,30.01,1,2,0
87,21,1311.85,597.28,59.53,18.22,1,1,0
88,4,1523.75,551.28,311.04,60.61,1,1,0
88,9,1037.53,577.24,184.70,43.56,1,1,0
88,10,974.09,598.70,63.87,21.93,1,1,0
88,13,663.28,602.46,56.92,29.25,1,2,0
88,21,1309.86,593.53,56.65,17.71,1,1,0
89,4,1512.78,554.09,313.15,61.40,1,1,0
89,9,1021.74,578.85,187.01,40.93,1,1,0
89,10,957.73,595.91,69.52,23.50,1,1,0
89,13,637.42,596.81,65.63,29.06,1,2,0
89,21,1296.90,592.33,59.80,19.59,1,1,0
90,4,1487.61,567.10,310.35,62.84,1,1,0
90,9,995.63,577.32,189.52,44.72,1,1,0
90,10,933.41,594.97,66.71,24.28,1,1,0
90,13,609.15,591.81,63.55,28.33,1,2,0
90,21,1269.53,600.20,57.75,19.02,1,1,0
91,4,1472.47,576.61,304.97,64.46,1,1,0
91,9,973.64,579.83,193.22,46.01,1,1,0
91,10,910.96,596.65,65.37,23.63,1,1,0
91,13,579.24,589.70,66.61,28.31,1,2,0
91,21,1252.26,606.22,56.34,18.64,1,1,0
92,4,1455.10,578.66,309.63,65.24,1,1,0
92,9,956.70,580.66,193.05,46.83,1,1,0
92,10,894.05,597.06,66.58,23.79,1,1,0
92,13,555.24,586.95,68.08,30.49,1,2,0
92,21,1236.74,607.91,57.06,18.32,1,1,0
93,4,1453.19,577.12,307.59,65.27,1,1,0
93,9,948.87,577.45,193.74,48.94,1,1,0
93,10,882.99,595.86,68.42,23.78,1,1,0
93,13,539.70,583.67,68.67,32.90,1,2,0
93,21,1226.87,605.35,59.89,20.06,1,1,0
94,4,1455.37,575.69,310.25,66.64,1,1,0
94,9,945.34,575.35,194.64,50.39,1,1,0
94,10,879.92,595.39,68.01,23.74,1,1,0
94,13,530.30,581.83,69.78,34.28,1,2,0
94,21,1224.72,606.18,57.81,17.81,1,1,0
95,4,1463.11,578.66,326.90,67.92,1,1,0
95,9,946.63,582.27,199.18,45.67,1,1,0
95,10,880.43,596.38,66.26,23.44,1,1,0
95,13,526.87,580.42,71.36,36.31,1,2,0
95,21,1224.46,606.90,65.64,19.53,1,1,0
96,4,1475.82,579.86,337.96,68.79,1,1,0
96,9,952.29,581.66,202.27,47.71,1,1,0
96,10,887.13,596.52,66.74,24.34,1,1,0
96,13,529.08,580.76,70.77,36.72,1,2,0
96,21,1233.80,607.62,66.72,20.74,1,1,0
97,4,1500.28,573.89,343.97,70.06,1,1,0
97,9,963.59,582.47,203.98,46.24,1,1,0
97,10,896.62,597.78,66.16,23.83,1,1,0
97,13,536.17,583.79,68.92,36.38,1,2,0
97,21,1248.24,605.26,70.30,21.21,1,1,0
98,4,1527.85,566.34,353.57,70.31,1,1,0
98,9,977.54,579.88,210.17,46.90,1,1,0
98,10,909.26,597.96,66.04,24.08,1,1,0
98,13,543.72,587.10,69.75,37.06,1,2,0
98,21,1264.64,602.94,63.56,20.82,1,1,0
99,4,1554.33,563.99,365.67,72.54,1,1,0
99,9,990.58,575.73,211.81,52.00,1,1,0
99,10,922.44,600.08,68.21,23.92,1,1,0
99,13,551.05,589.18,70.28,38.61,1,2,0
99,21,1285.49,603.55,61.78,19.94,1,1,0
100,4,1579.03,567.77,340.97,73.21,1,1,0
100,9,1002.87,579.74,216.98,49.90,1,1,0
100,10,933.93,600.36,68.78,23.86,1,1,0
100,13,557.15,586.54,71.03,39.49,1,2,0
100,21,1298.83,604.99,63.68,20.85,1,1,0
101,4,1591.52,565.87,328.48,75.24,1,1,0
101,9,1010.11,579.00,217.22,50.88,1,1,0
101,10,939.12,600.79,69.05,23.88,1,1,0
101,13,558.38,586.47,70.48,39.90,1,2,0
101,21,1306.49,605.31,65.69,20.93,1,1,0
102,4,1603.34,560.52,316.66,76.15,1,1,0
102,9,1012.82,577.44,220.85,50.92,1,1,0
102,10,941.31,600.11,69.05,24.33,1,1,0
102,13,554.98,587.32,72.52,40.10,1,2,0
102,21,1313.19,603.96,65.03,19.65,1,1,0
103,4,1612.70,558.99,307.30,76.94,1,1,0
103,9,1016.00,576.06,223.82,52.07,1,1,0
103,10,943.50,599.91,71.35,24.23,1,1,0
103,13,552.64,587.65,73.45,39.89,1,2,0
103,21,1317.42,603.61,65.74,19.58,1,1,0
104,4,1616.51,555.60,303.49,78.17,1,1,0
104,9,1016.15,579.69,223.76,46.48,1,1,0
104,10,943.01,599.40,71.63,23.70,1,1,0
104,13,544.41,587.94,75.96,39.44,1,2,0
104,21,1320.52,602.99,64.26,18.93,1,1,0
105,4,1620.52,553.31,299.48,79.43,1,1,0
105,9,1011.51,577.44,227.48,48.55,1,1,0
105,10,937.05,598.06,74.37,25.55,1,1,0
105,13,530.54,588.97,74.56,39.83,1,2,0
105,21,1318.92,602.31,63.59,18.63,1,1,0
106,4,1629.65,554.16,290.35,80.41,1,1,0
106,9,1004.50,577.31,229.38,49.26,1,1,0
106,10,927.97,597.37,73.90,25.95,1,1,0
106,13,510.52,586.83,79.39,40.68,1,2,0
106,21,1312.76,602.25,66.11,19.89,1,1,0
107,4,1628.77,556.96,291.23,81.31,1,1,0
107,9,994.95,578.45,232.03,49.68,1,1,0
107,10,918.28,596.87,74.79,26.48,1,1,0
107,13,493.39,584.04,81.11,42.30,1,2,0
107,21,1305.65,603.64,65.63,20.07,1,1,0
108,4,1623.87,559.51,296.13,82.34,1,1,0
108,9,983.36,579.00,234.53,49.79,1,1,0
108,10,906.61,596.61,75.76,26.66,1,1,0
108,13,471.77,581.77,84.50,43.60,1,2,0
108,21,1295.35,605.45,67.97,19.45,1,1,0
109,4,1616.77,559.68,303.23,84.17,1,1,0
109,9,969.72,575.20,235.76,51.37,1,1,0
109,10,891.49,590.33,80.30,29.65,1,1,0
109,13,448.51,575.24,87.31,43.90,1,2,0
109,21,1284.99,603.96,64.34,19.15,1,1,0
110,4,1612.53,551.75,307.47,87.07,1,1,0
110,9,958.42,559.17,237.51,51.58,1,1,0
110,10,880.49,570.96,78.89,28.15,1,1,0
110,13,427.11,548.30,92.65,46.39,1,2,0
110,21,1272.17,590.51,68.82,18.48,1,1,0
111,4,1622.22,541.70,297.78,88.20,1,1,0
111,9,958.28,545.90,241.11,51.56,1,1,0
111,10,879.01,556.48,77.23,28.63,1,1,0
111,13,419.06,531.96,94.50,45.72,1,2,0
111,21,1271.02,577.95,69.11,18.68,1,1,0
112,4,1644.12,529.72,275.88,88.16,1,1,0
112,9,967.11,538.44,245.21,52.40,1,1,0
112,10,885.86,552.24,78.06,27.52,1,1,0
112,13,419.40,529.47,96.17,44.17,1,2,0
112,21,1288.35,570.14,66.79,18.93,1,1,0
113,4,1672.25,510.80,247.75,89.02,1,1,0
113,9,978.66,528.18,246.94,52.40,1,1,0
113,10,896.70,544.48,78.31,28.28,1,1,0
113,13,424.86,527.72,87.87,44.72,1,2,0
113,21,1302.74,558.59,68.39,18.74,1,1,0
114,4,1692.70,499.88,227.30,89.57,1,1,0
114,9,988.44,521.20,252.02,54.13,1,1,0
114,10,909.37,542.71,76.86,25.11,1,1,0
114,13,432.26,523.32,90.19,46.12,1,2,0
114,21,1313.69,551.95,73.80,19.42,1,1,0
115,4,1716.81,499.02,203.19,90.52,1,1,0
115,9,999.55,518.78,255.60,56.21,1,1,0
115,10,919.01,541.34,79.68,26.09,1,1,0
115,13,432.41,521.86,91.83,46.90,1,2,0
115,21,1328.47,550.91,70.90,19.67,1,1,0
116,4,1733.18,502.70,186.82,89.22,1,1,0
116,9,1002.28,519.67,258.25,58.53,1,1,0
116,10,919.33,543.00,80.50,28.51,1,1,0
116,13,424.55,525.50,93.58,47.70,1,2,0
116,21,1332.23,553.30,74.78,20.52,1,1,0
117,4,1733.57,505.30,186.43,89.36,1,1,0
117,9,994.10,526.55,261.67,56.43,1,1,0
117,10,910.34,547.22,81.83,29.16,1,1,0
117,13,405.39,532.24,94.83,47.38,1,2,0
117,21,1327.93,558.52,71.18,19.42,1,1,0
118,4,1728.33,508.09,191.67,92.26,1,1,0
118,9,981.08,526.94,266.48,60.66,1,1,0
118,10,896.17,551.45,84.19,29.29,1,1,0
118,13,383.90,535.32,94.73,48.42,1,2,0
118,21,1316.61,562.71,70.08,19.94,1,1,0
119,4,1714.50,518.71,205.50,91.30,1,1,0
119,9,959.22,540.83,266.69,53.89,1,1,0
119,10,873.89,558.62,83.11,28.12,1,1,0
119,13,344.39,538.05,100.95,49.25,1,2,0
119,21,1295.82,570.36,69.06,19.98,1,1,0
120,4,1692.16,526.28,227.84,92.72,1,1,0
120,9,936.16,546.33,269.62,53.35,1,1,0
120,10,850.45,562.20,81.78,27.61,1,1,0
120,13,304.56,537.81,104.06,50.29,1,2,0
120,21,1272.44,576.22,70.54,19.91,1,1,0
121,4,1676.95,529.34,243.05,93.83,1,1,0
121,9,918.90,545.96,273.74,55.94,1,1,0
121,10,831.49,562.32,85.29,28.42,1,1,0
121,13,272.56,536.11,106.49,50.52,1,2,0
121,21,1255.44,578.76,70.03,19.61,1,1,0
122,4,1669.32,529.82,250.68,95.59,1,1,0
122,9,907.87,545.73,272.38,56.47,1,1,0
122,10,819.92,561.89,86.70,28.66,1,1,0
122,13,248.92,534.29,108.86,51.62,1,2,0
122,21,1244.42,578.72,70.93,19.77,1,1,0
123,4,1663.60,526.46,256.40,96.37,1,1,0
123,9,898.22,544.10,276.27,56.23,1,1,0
123,10,810.38,561.16,84.72,28.22,1,1,0
123,13,226.42,533.79,112.80,51.84,1,2,0
123,21,1237.91,577.03,70.05,19.41,1,1,0
124,4,1662.47,518.89,257.53,98.64,1,1,0
124,9,893.60,542.12,277.55,54.82,1,1,0
124,10,807.00,557.18,84.99,29.75,1,1,0
124,13,214.77,532.72,115.14,53.26,1,2,0
124,21,1236.59,572.31,68.65,19.90,1,1,0
125,4,1679.83,516.36,240.17,99.04,1,1,0
125,9,900.30,537.78,279.16,56.43,1,1,0
125,10,811.13,553.50,86.13,30.23,1,1,0
125,13,210.52,528.13,116.63,54.19,1,2,0
125,21,1245.64,570.12,68.44,19.57,1,1,0
126,4,1706.74,515.47,213.26,99.36,1,1,0
126,9,908.92,537.56,285.73,56.80,1,1,0
126,10,820.52,553.83,86.53,29.88,1,1,0
126,13,213.38,528.17,117.37,54.84,1,2,0
126,21,1258.68,570.11,66.80,19.34,1,1,0
127,4,1734.28,521.54,185.72,86.43,1,1,0
127,9,920.52,536.72,287.03,57.11,1,1,0
127,10,831.63,554.97,85.45,29.66,1,1,0
127,13,218.02,532.91,116.32,56.24,1,2,0
127,21,1271.13,567.82,68.56,19.60,1,1,0
128,4,1753.82,529.16,166.18,72.92,1,1,0
128,9,927.99,537.00,291.19,55.92,1,1,0
128,10,839.56,557.26,85.85,28.46,1,1,0
128,13,217.90,537.89,118.93,56.15,1,2,0
128,21,1281.45,566.05,69.18,19.73,1,1,0
129,4,1771.56,536.32,148.44,69.34,1,1,0
129,9,933.56,537.18,295.56,58.07,1,1,0
129,10,845.03,558.16,85.59,29.66,1,1,0
129,13,217.84,539.77,118.82,55.77,1,2,0
129,21,1289.04,568.76,70.04,19.03,1,1,0
130,4,1783.51,547.21,136.49,66.81,1,1,0
130,9,937.05,541.17,296.36,57.99,1,1,0
130,10,846.36,560.55,86.74,30.13,1,1,0
130,13,206.52,538.55,121.96,56.45,1,2,0
130,21,1292.63,572.85,71.63,20.61,1,1,0
131,4,1790.24,549.29,129.76,65.70,1,1,0
131,9,933.33,542.71,300.47,58.02,1,1,0
131,10,843.01,562.68,87.25,29.85,1,1,0
131,13,186.12,539.23,123.68,57.69,1,2,0
131,21,1292.02,574.66,72.42,19.61,1,1,0
132,4,1793.62,543.30,126.38,67.27,1,1,0
132,9,923.79,541.31,303.91,58.54,1,1,0
132,10,832.78,562.75,88.37,29.54,1,1,0
132,13,160.66,541.23,128.24,58.12,1,2,0
132,21,1282.91,572.66,74.26,20.11,1,1,0
133,4,1785.99,537.87,134.01,71.55,1,1,0
133,9,909.44,540.02,308.92,58.86,1,1,0
133,10,818.31,560.39,90.40,30.81,1,1,0
133,13,126.58,539.49,134.00,58.92,1,2,0
133,21,1270.44,571.43,75.10,20.02,1,1,0
134,4,1773.79,541.12,146.21,72.75,1,1,0
134,9,893.35,538.95,311.09,59.30,1,1,0
134,10,802.10,557.46,91.89,31.09,1,1,0
134,13,86.71,529.72,141.85,61.53,1,2,0
134,21,1254.89,571.14,75.55,20.34,1,1,0
135,4,1761.75,543.78,158.25,73.56,1,1,0
135,9,875.38,535.99,312.94,61.53,1,1,0
135,10,782.58,554.96,93.94,30.68,1,1,0
135,13,38.10,520.64,150.94,64.23,1,2,0
135,21,1240.09,571.66,73.71,20.15,1,1,0
136,4,1750.36,540.44,169.64,75.91,1,1,0
136,9,858.09,533.02,316.93,63.05,1,1,0
136,10,766.29,554.15,93.91,30.24,1,1,0
136,13,0.33,516.72,155.00,67.35,1,2,0
136,21,1224.87,570.06,74.26,20.12,1,1,0
137,4,1741.77,536.29,178.23,77.41,1,1,0
137,9,844.64,531.90,321.36,63.04,1,1,0
137,10,752.55,553.90,93.94,30.17,1,1,0
137,13,0.88,516.76,124.99,68.77,1,2,0
137,21,1214.26,568.51,74.85,19.73,1,1,0
138,4,1737.66,536.69,182.34,77.76,1,1,0
138,9,834.05,531.82,323.95,63.74,1,1,0
138,10,741.59,553.86,95.32,30.75,1,1,0
138,13,0.30,516.63,94.71,70.50,1,2,0
138,21,1203.84,568.46,76.40,20.30,1,1,0
139,4,1734.69,539.41,185.31,78.75,1,1,0
139,9,826.99,532.75,327.35,64.60,1,1,0
139,10,735.12,554.54,94.11,30.79,1,1,0
139,13,0.40,516.19,68.85,71.34,1,2,0
139,21,1199.52,570.04,77.21,20.48,1,1,0
140,4,1736.12,541.71,183.88,79.12,1,1,0
140,9,820.74,534.89,331.26,65.08,1,1,0
140,10,727.27,556.76,92.22,31.15,1,1,0
140,21,1196.11,572.62,78.52,20.88,1,1,0
141,4,1738.09,541.08,181.91,79.76,1,1,0
141,9,816.04,535.97,334.48,65.10,1,1,0
141,10,722.35,558.23,92.08,31.08,1,1,0
141,21,1195.05,573.63,77.20,20.57,1,1,0
142,4,1757.87,542.87,162.13,78.44,1,1,0
142,9,812.50,536.80,338.13,64.71,1,1,0
142,10,719.34,557.45,92.70,32.66,1,1,0
142,21,1195.15,574.09,75.75,20.39,1,1,0
143,4,1775.83,543.70,144.17,77.21,1,1,0
143,9,808.34,536.15,342.09,65.38,1,1,0
143,10,716.21,556.95,94.92,33.33,1,1,0
143,21,1194.25,573.25,77.11,20.89,1,1,0
144,4,1773.85,543.56,146.15,75.35,1,1,0
144,9,804.75,534.50,345.61,66.06,1,1,0
144,10,712.55,555.44,94.90,33.62,1,1,0
144,21,1193.79,572.47,78.46,20.67,1,1,0
145,4,1786.05,542.05,133.95,74.23,1,1,0
145,9,798.35,531.12,350.48,67.46,1,1,0
145,10,706.89,553.90,95.63,33.31,1,1,0
145,21,1192.56,570.24,77.48,20.42,1,1,0
146,4,1787.78,546.87,132.22,69.34,1,1,0
146,9,794.10,528.51,353.81,69.14,1,1,0
146,10,702.70,551.58,96.18,34.42,1,1,0
146,21,1191.24,569.51,77.87,20.44,1,1,0
147,4,1796.99,553.49,123.01,65.15,1,1,0
147,9,787.44,526.44,358.98,70.78,1,1,0
147,10,696.52,549.18,97.22,35.18,1,1,0
147,21,1187.69,568.67,78.95,20.94,1,1,0
148,4,1803.85,566.29,116.15,52.97,1,1,0
148,9,780.37,526.35,364.20,71.89,1,1,0
148,10,689.84,552.72,98.35,32.56,1,1,0
148,21,1184.36,570.02,78.79,20.21,1,1,0
149,4,1813.70,565.58,106.30,53.60,1,1,0
149,9,774.52,527.13,369.12,72.33,1,1,0
149,10,683.41,552.36,101.45,34.91,1,1,0
149,21,1182.51,571.33,78.77,20.20,1,1,0
150,4,1819.51,562.96,100.49,53.38,1,1,0
150,9,764.45,527.73,374.80,72.48,1,1,0
150,10,672.41,553.40,100.52,35.67,1,1,0
150,21,1179.26,571.34,77.46,20.24,1,1,0
151,4,1823.56,564.48,96.44,56.05,1,1,0
151,9,756.79,528.22,379.04,74.24,1,1,0
151,10,665.17,554.83,101.60,35.16,1,1,0
151,21,1174.20,573.35,79.00,20.67,1,1,0
152,4,1826.42,568.60,93.58,54.76,1,1,0
152,9,747.17,527.21,384.44,76.26,1,1,0
152,10,656.46,554.56,101.66,35.34,1,1,0
152,21,1169.86,573.95,77.77,21.15,1,1,0
153,4,1829.19,566.35,90.81,56.13,1,1,0
153,9,737.69,526.00,388.41,76.81,1,1,0
153,10,647.23,554.35,103.87,34.82,1,1,0
153,21,1161.81,572.93,81.13,21.21,1,1,0
154,4,1834.73,565.13,85.27,55.18,1,1,0
154,9,727.36,524.86,394.12,77.03,1,1,0
154,10,637.09,553.30,102.83,34.54,1,1,0
154,21,1157.12,571.19,76.93,20.80,1,1,0
155,4,1836.99,565.75,83.01,54.81,1,1,0
155,9,715.90,522.70,400.42,77.85,1,1,0
155,10,626.18,549.88,104.39,36.12,1,1,0
155,21,1150.65,570.35,77.82,20.63,1,1,0
156,4,1837.24,566.06,82.76,57.05,1,1,0
156,9,703.04,521.24,407.08,79.49,1,1,0
156,10,614.76,548.77,105.19,36.69,1,1,0
156,21,1143.31,570.91,78.13,20.67,1,1,0
157,4,1833.68,565.90,86.32,57.22,1,1,0
157,9,690.55,519.83,412.36,80.63,1,1,0
157,10,601.99,548.49,104.15,35.99,1,1,0
157,21,1135.07,569.31,77.77,21.51,1,1,0
158,4,1833.48,563.89,86.52,58.99,1,1,0
158,9,678.17,519.17,417.77,80.95,1,1,0
158,10,590.79,549.43,105.45,35.70,1,1,0
158,21,1127.39,568.44,80.12,21.72,1,1,0
159,4,1832.53,563.10,87.47,59.09,1,1,0
159,9,667.36,519.73,421.60,80.90,1,1,0
159,10,578.85,550.11,106.30,35.95,1,1,0
159,21,1120.28,568.06,78.94,22.12,1,1,0
160,4,1835.40,565.74,84.60,56.15,1,1,0
160,9,655.17,519.75,428.47,82.83,1,1,0
160,10,569.26,550.67,104.43,36.01,1,1,0
160,21,1114.34,570.45,80.10,21.67,1,1,0
161,4,1844.83,570.39,75.17,58.74,1,1,0
161,9,645.87,518.09,432.90,86.26,1,1,0
161,10,559.72,549.51,103.79,36.67,1,1,0
161,21,1109.02,572.39,79.74,21.88,1,1,0
162,4,1847.03,573.49,72.97,47.45,1,1,0
162,9,636.94,516.10,440.00,89.96,1,1,0
162,10,551.24,547.77,104.54,37.19,1,1,0
162,21,1105.18,573.35,81.37,22.42,1,1,0
163,4,1847.73,569.23,72.27,44.50,1,1,0
163,9,628.66,515.57,444.29,91.05,1,1,0
163,10,540.85,548.82,102.32,38.01,1,1,0
163,21,1103.12,573.76,81.05,21.91,1,1,0
164,4,1872.84,552.16,47.16,39.81,1,1,0
164,9,614.77,517.92,451.44,86.90,1,1,0
164,10,527.72,554.86,101.22,37.30,1,1,0
164,21,1095.80,568.65,80.10,22.62,1,1,0
165,4,1858.63,543.42,61.37,40.24,1,1,0
165,9,588.89,517.41,464.15,86.26,1,1,0
165,10,505.43,556.28,100.22,37.63,1,1,0
165,21,1082.37,565.17,81.58,22.60,1,1,0
166,4,1845.03,538.41,74.97,48.61,1,1,0
166,9,554.24,515.52,478.43,88.35,1,1,0
166,10,476.19,555.80,101.05,38.79,1,1,0
166,21,1062.50,564.52,78.22,22.77,1,1,0
167,4,1804.40,537.04,115.60,68.46,1,1,0
167,9,508.33,512.98,486.26,90.23,1,1,0
167,10,427.96,555.44,100.85,37.36,1,1,0
167,21,1026.56,563.57,77.27,22.85,1,1,0
168,4,1747.11,511.05,172.89,93.91,1,1,0
168,9,448.42,510.85,500.59,92.75,1,1,0
168,10,367.73,554.34,101.89,38.10,1,1,0
168,21,975.37,562.84,80.72,23.13,1,1,0
169,4,1674.14,467.27,245.86,131.64,1,1,0
169,9,364.19,516.53,514.03,92.17,1,1,0
169,10,276.18,561.89,107.08,38.96,1,1,0
169,21,911.04,564.25,82.82,23.62,1,1,0
170,4,1579.70,444.11,340.30,151.97,1,1,0
170,9,248.24,518.01,552.72,98.71,1,1,0
170,10,160.24,571.28,113.22,38.81,1,1,0
170,21,832.57,569.25,85.01,22.81,1,1,0
171,4,1490.57,454.01,429.43,146.98,1,1,0
171,9,108.40,515.12,596.97,105.10,1,1,0
171,10,1.67,572.60,132.38,39.49,1,1,0
171,21,743.62,571.42,87.42,23.14,1,1,0
172,4,1397.74,471.35,522.26,141.25,1,1,0
172,9,1.45,508.98,605.97,110.36,1,1,0
172,21,651.87,572.15,87.19,23.89,1,1,0
173,4,1317.37,487.92,602.63,141.12,1,1,0
173,9,1.19,484.03,507.04,124.85,1,1,0
173,21,558.63,567.50,86.74,24.76,1,1,0
174,4,1227.70,497.76,637.96,147.63,1,1,0
174,9,0.57,464.78,409.69,132.59,1,1,0
174,21,468.86,556.92,92.12,27.16,1,1,0
175,4,1159.73,503.16,611.52,147.18,1,1,0
175,9,0.81,464.37,306.06,120.29,1,1,0
175,21,382.89,545.11,95.30,28.05,1,1,0
176,4,1110.34,502.40,596.99,149.83,1,1,0
176,9,0.40,454.79,231.50,118.91,1,1,0
176,21,318.82,534.89,101.09,29.92,1,1,0
177,4,1079.37,499.91,592.53,150.98,1,1,0
177,9,0.00,448.00,172.47,119.87,1,1,0
177,21,267.87,531.26,108.37,29.40,1,1,0
178,4,1061.84,498.82,594.33,153.62,1,1,0
178,9,0.56,423.24,132.31,138.68,1,1,0
178,21,236.02,524.31,112.70,30.26,1,1,0
179,4,1053.49,493.73,600.32,155.04,1,1,0
179,9,0.43,462.22,104.11,94.79,1,1,0
179,21,218.90,520.56,117.16,29.70,1,1,0
180,4,1055.37,488.74,614.11,154.85,1,1,0
180,9,0.41,470.49,85.30,91.04,1,1,0
180,21,218.79,523.87,116.27,30.34,1,1,0
181,4,1073.37,486.73,625.77,153.81,1,1,0
181,9,0.32,484.69,86.79,88.02,1,1,0
181,21,229.60,533.13,114.37,29.86,1,1,0
182,4,1097.28,481.48,648.23,157.16,1,1,0
182,9,0.34,488.13,95.74,96.47,1,1,0
182,21,254.09,540.40,112.78,29.87,1,1,0
183,4,1125.67,476.92,666.40,159.24,1,1,0
183,9,0.09,485.00,114.85,102.85,1,1,0
183,21,279.44,543.15,112.34,29.25,1,1,0
184,4,1149.35,469.82,694.33,160.06,1,1,0
184,9,0.36,432.01,132.53,154.74,1,1,0
184,21,310.06,540.77,106.71,28.70,1,1,0
185,4,1179.45,466.34,720.53,166.18,1,1,0
185,9,0.59,424.42,150.31,158.19,1,1,0
185,21,336.98,538.00,106.62,27.94,1,1,0
186,4,1203.93,466.28,716.07,171.21,1,1,0
186,9,0.64,417.56,164.78,162.05,1,1,0
186,21,357.31,536.67,107.14,28.47,1,1,0
187,4,1225.74,465.34,694.26,173.40,1,1,0
187,9,0.59,417.93,175.02,164.12,1,1,0
187,21,374.42,537.99,108.63,28.84,1,1,0
188,4,1247.08,463.75,672.92,175.29,1,1,0
188,9,0.35,427.10,183.85,161.57,1,1,0
188,21,391.40,542.02,107.92,29.57,1,1,0
189,4,1265.62,461.72,654.38,177.37,1,1,0
189,9,0.26,426.65,192.84,166.40,1,1,0
189,21,406.18,547.13,108.09,28.60,1,1,0
190,4,1284.88,460.55,635.12,179.29,1,1,0
190,9,0.00,432.95,201.91,165.04,1,1,0
190,21,423.67,549.81,106.04,29.21,1,1,0
191,4,1305.88,459.09,614.12,183.26,1,1,0
191,9,0.00,430.89,206.50,168.44,1,1,0
191,21,436.14,550.60,107.32,28.79,1,1,0
192,4,1321.69,454.94,598.31,186.38,1,1,0
192,9,0.55,426.65,208.87,167.11,1,1,0
192,21,451.18,547.18,105.58,28.14,1,1,0
193,4,1333.76,451.58,586.24,189.29,1,1,0
193,9,0.10,419.82,209.11,169.30,1,1,0
193,21,460.38,543.26,104.95,28.35,1,1,0
194,4,1345.65,447.57,574.35,195.86,1,1,0
194,9,0.19,415.58,211.12,170.04,1,1,0
194,21,464.93,541.06,106.27,28.61,1,1,0
195,4,1357.63,447.60,562.37,198.58,1,1,0
195,9,0.16,413.94,206.17,173.39,1,1,0
195,21,470.26,541.36,106.70,29.50,1,1,0
196,4,1368.38,446.97,551.62,201.80,1,1,0
196,9,0.00,418.09,199.85,175.81,1,1,0
196,21,476.41,545.69,105.52,30.18,1,1,0
197,4,1382.66,443.83,537.34,204.80,1,1,0
197,9,0.00,419.90,188.91,181.26,1,1,0
197,21,481.11,551.01,105.11,29.19,1,1,0
198,4,1394.22,440.41,525.78,206.47,1,1,0
198,9,0.00,425.12,184.70,177.32,1,1,0
198,21,483.46,551.07,106.77,30.05,1,1,0
199,4,1402.90,436.94,517.10,209.84,1,1,0
199,9,0.26,421.40,180.08,177.55,1,1,0
199,21,488.70,549.46,105.72,28.54,1,1,0
200,4,1411.34,435.33,508.66,213.66,1,1,0
200,9,0.19,427.02,160.79,163.16,1,1,0
200,21,491.79,543.98,106.12,28.41,1,1,0
201,4,1416.48,434.11,503.52,218.13,1,1,0
201,9,0.26,430.56,149.59,154.70,1,1,0
201,21,491.31,541.03,106.06,29.01,1,1,0
202,4,1422.46,433.09,497.54,219.23,1,1,0
202,9,0.28,425.27,129.93,160.74,1,1,0
202,21,488.69,541.14,108.80,29.47,1,1,0
203,4,1428.76,431.81,491.24,222.50,1,1,0
203,9,0.35,468.62,112.83,122.16,1,1,0
203,21,486.99,545.43,107.52,28.96,1,1,0
204,4,1435.16,434.01,484.84,222.35,1,1,0
204,9,0.14,478.61,100.42,117.14,1,1,0
204,21,487.14,549.87,105.69,29.52,1,1,0
205,4,1439.25,431.47,480.75,224.48,1,1,0
205,9,0.21,481.32,92.40,114.17,1,1,0
205,21,487.45,552.98,108.26,29.04,1,1,0
206,4,1444.79,422.09,475.21,229.39,1,1,0
206,9,0.20,477.69,68.88,100.89,1,1,0
206,21,488.08,549.34,106.88,28.83,1,1,0
207,4,1451.78,419.27,468.22,231.30,1,1,0
207,21,486.54,544.60,107.48,28.92,1,1,0
208,4,1455.72,421.60,464.28,234.69,1,1,0
208,21,484.22,541.03,106.94,29.90,1,1,0
209,4,1460.69,424.73,459.31,236.31,1,1,0
209,21,481.24,540.76,108.76,30.72,1,1,0
210,4,1467.18,424.52,452.82,239.68,1,1,0
210,21,480.19,547.25,107.58,29.65,1,1,0
211,4,1474.05,426.09,445.95,237.46,1,1,0
211,21,481.38,551.77,108.70,30.16,1,1,0
212,4,1482.88,423.17,437.12,236.68,1,1,0
212,21,483.37,552.89,110.33,29.80,1,1,0
213,4,1492.01,419.08,427.99,237.82,1,1,0
213,21,486.79,546.37,109.42,29.91,1,1,0
214,4,1499.09,423.60,420.91,233.01,1,1,0
214,21,487.04,540.21,109.06,30.47,1,1,0
215,4,1505.91,455.23,414.09,207.44,1,1,0
215,21,482.42,539.94,111.16,30.59,1,1,0
216,4,1510.35,470.35,409.65,197.92,1,1,0
216,21,482.54,547.02,108.96,30.63,1,1,0
217,4,1519.38,476.87,400.62,191.85,1,1,0
217,21,484.04,554.38,108.93,30.83,1,1,0
218,4,1529.21,471.55,390.79,192.56,1,1,0
218,21,485.75,555.80,110.79,30.58,1,1,0
219,4,1540.34,468.04,379.66,192.58,1,1,0
219,21,489.81,548.45,110.07,30.44,1,1,0
220,4,1544.79,469.40,375.21,191.89,1,1,0
220,21,489.62,538.42,109.21,30.63,1,1,0
221,4,1554.34,477.06,365.66,193.08,1,1,0
221,21,485.20,536.44,111.61,30.81,1,1,0
222,4,1560.58,482.61,359.42,194.47,1,1,0
222,21,484.53,544.49,110.31,31.26,1,1,0
223,4,1566.70,480.15,353.30,197.62,1,1,0
223,21,486.44,555.15,110.36,30.92,1,1,0
224,4,1579.14,478.71,340.86,193.46,1,1,0
224,21,488.15,557.85,112.64,30.99,1,1,0
225,4,1595.75,478.31,324.25,189.73,1,1,0
225,21,497.69,545.52,110.36,31.27,1,1,0
226,4,1608.02,484.55,311.98,188.91,1,1,0
226,21,498.97,532.23,111.03,32.25,1,1,0
227,4,1619.79,489.81,300.21,191.92,1,1,0
227,21,500.26,530.35,112.65,31.99,1,1,0
228,4,1628.52,489.48,291.48,192.88,1,1,0
228,21,502.82,545.37,110.86,31.93,1,1,0
229,4,1640.92,487.06,279.08,191.90,1,1,0
229,21,508.62,559.72,112.42,31.61,1,1,0
230,4,1656.11,477.96,263.89,192.73,1,1,0
230,21,518.21,560.98,112.26,31.48,1,1,0
231,4,1669.74,473.58,250.26,188.65,1,1,0
231,21,528.01,545.32,110.71,31.38,1,1,0
232,4,1692.55,479.49,227.45,189.47,1,1,0
232,21,533.15,531.74,111.68,32.00,1,1,0
233,4,1708.78,487.76,211.22,188.78,1,1,0
233,21,539.13,534.81,109.83,32.65,1,1,0
234,4,1731.41,492.22,188.59,187.22,1,1,0
234,21,548.99,553.86,111.52,32.00,1,1,0
235,4,1763.10,475.55,156.90,167.74,1,1,0
235,21,564.25,565.19,110.64,31.44,1,1,0
236,4,1797.56,460.63,122.44,147.72,1,1,0
236,21,583.41,558.94,110.68,30.42,1,1,0
237,4,1825.84,468.36,94.16,147.60,1,1,0
237,21,596.26,541.71,112.56,31.24,1,1,0
238,21,607.82,534.99,112.63,31.76,1,1,0
239,21,626.63,549.17,110.08,31.96,1,1,0
240,21,645.31,566.38,110.73,32.18,1,1,0
241,21,664.42,570.57,109.61,31.33,1,1,0
242,21,683.85,555.95,109.39,30.46,1,1,0
243,21,695.92,539.26,109.11,31.25,1,1,0
244,21,704.57,539.84,110.19,32.67,1,1,0
245,21,715.19,566.56,110.02,30.99,1,1,0
246,21,723.33,577.66,109.38,30.66,1,1,0
247,21,741.00,560.84,105.55,31.12,1,1,0
248,21,762.48,533.37,104.64,30.83,1,1,0
249,21,783.36,525.99,112.87,35.17,1,1,0
250,21,821.72,559.30,105.18,33.37,1,1,0
251,21,850.82,578.94,113.25,32.35,1,1,0
252,21,895.31,572.19,104.14,30.79,1,1,0
253,21,938.04,547.97,106.43,30.52,1,1,0
254,21,971.61,544.20,110.06,32.13,1,1,0
254,22,1.69,382.87,135.38,197.19,1,1,0
255,21,1019.26,569.73,108.45,32.15,1,1,0
255,22,0.19,318.42,206.53,288.90,1,1,0
256,21,1056.78,579.62,114.22,33.34,1,1,0
256,22,0.31,372.62,270.39,266.05,1,1,0
257,21,1110.47,569.63,110.11,30.23,1,1,0
257,22,0.18,375.76,339.17,259.09,1,1,0
258,21,1160.84,556.77,107.38,30.71,1,1,0
258,22,0.62,361.53,405.63,255.08,1,1,0
259,21,1208.86,562.23,111.51,35.02,1,1,0
259,22,3.20,360.22,466.92,249.96,1,1,0
260,21,1258.56,581.70,116.32,34.65,1,1,0
260,22,90.10,382.94,451.41,236.15,1,1,0
261,21,1319.76,585.19,112.89,32.34,1,1,0
261,22,179.71,388.50,423.49,240.82,1,1,0
262,21,1385.43,569.71,115.86,32.19,1,1,0
262,22,272.14,392.04,403.48,234.77,1,1,0
263,21,1444.57,561.77,120.32,34.45,1,1,0
263,22,355.36,390.25,386.96,236.56,1,1,0
264,21,1492.46,574.55,131.65,34.90,1,1,0
264,22,417.29,424.02,375.57,210.23,1,1,0
265,21,1548.69,579.63,138.69,34.15,1,1,0
265,22,482.61,407.95,368.15,225.12,1,1,0
266,21,1598.02,572.93,137.51,34.41,1,1,0
266,22,530.71,423.46,359.53,204.54,1,1,0
267,21,1631.73,574.83,144.65,36.79,1,1,0
267,22,571.84,437.33,352.91,194.60,1,1,0
268,21,1655.72,589.88,145.69,36.64,1,1,0
268,22,597.11,451.10,349.49,191.96,1,1,0
269,21,1682.89,588.66,142.04,35.92,1,1,0
269,22,624.03,447.95,345.11,189.96,1,1,0
270,21,1707.95,573.89,144.54,35.48,1,1,0
270,22,650.82,440.22,338.10,184.87,1,1,0
271,21,1722.07,578.08,146.30,37.11,1,1,0
271,22,669.53,446.22,334.79,180.92,1,1,0
272,21,1731.74,601.46,147.16,36.22,1,1,0
272,22,679.66,461.87,333.74,176.61,1,1,0
273,21,1747.85,618.44,152.13,37.48,1,1,0
273,22,698.98,467.06,331.56,175.13,1,1,0
274,21,1784.63,621.22,135.37,35.79,1,1,0
274,22,728.13,456.13,331.04,174.47,1,1,0
275,21,1845.83,621.77,74.17,33.15,1,1,0
275,22,773.89,454.73,328.91,174.53,1,1,0
276,22,819.29,467.61,331.62,171.92,1,1,0
277,22,880.19,473.41,330.40,169.42,1,1,0
278,22,953.30,463.30,333.94,173.68,1,1,0
279,22,1025.04,462.42,338.91,174.94,1,1,0
280,22,1117.40,478.27,352.36,178.30,1,1,0
281,22,1196.34,489.75,371.42,181.96,1,1,0
281,23,52.68,506.97,107.90,61.22,1,2,0
282,22,1291.36,494.58,393.34,171.43,1,1,0
282,23,185.49,515.79,92.00,51.36,1,2,0
283,22,1397.60,464.73,430.75,184.44,1,1,0
283,23,303.91,528.69,95.02,52.03,1,2,0
284,22,1504.63,446.47,415.37,208.94,1,1,0
284,23,418.50,543.98,82.36,53.32,1,2,0
285,22,1645.92,495.88,274.08,187.22,1,1,0
285,23,535.81,544.74,78.25,55.90,1,2,0
286,23,627.97,535.87,77.90,55.77,1,2,0
