1,1,1366.11,651.19,93.31,27.66,1,0,0
1,2,585.47,655.88,71.38,17.46,1,5,0
1,3,1479.78,670.86,13.12,8.27,1,5,0
2,1,1373.82,654.38,93.39,27.49,1,0,0
2,2,593.09,650.46,73.59,17.60,1,5,0
2,3,1489.26,674.04,10.20,8.40,1,5,0
3,1,1378.40,658.81,93.99,27.49,1,0,0
3,2,595.97,645.22,72.27,18.60,1,5,0
4,1,1382.29,662.60,94.11,27.36,1,0,0
4,2,598.10,651.84,75.24,18.59,1,5,0
4,3,1499.22,682.71,13.56,8.51,1,5,0
5,1,1389.00,660.75,94.80,27.55,1,0,0
5,2,603.25,655.86,74.17,18.34,1,5,0
5,3,1505.60,680.59,13.64,9.27,1,5,0
6,1,1397.06,650.65,93.85,27.42,1,0,0
6,2,613.84,649.03,71.82,17.59,1,5,0
6,3,1513.67,670.95,13.48,8.59,1,5,0
7,1,1404.12,648.94,94.58,28.31,1,0,0
7,2,618.31,647.35,73.36,18.79,1,5,0
7,3,1522.66,668.71,13.47,9.03,1,5,0
8,1,1411.85,666.29,95.92,27.64,1,0,0
8,2,625.32,660.44,71.29,18.57,1,5,0
8,3,1531.31,684.95,13.33,10.00,1,5,0
9,1,1419.03,658.02,94.65,27.79,1,0,0
9,2,633.42,649.32,69.82,18.59,1,5,0
10,1,1426.13,651.42,96.53,28.14,1,0,0
10,2,637.50,642.97,72.56,19.76,1,5,0
10,3,1546.81,672.16,12.61,8.74,1,5,0
11,1,1435.87,655.66,96.43,28.06,1,0,0
11,2,645.43,648.99,69.98,18.28,1,5,0
12,1,1447.17,659.40,97.65,28.63,1,0,0
12,2,655.82,654.33,72.25,17.34,1,5,0
12,3,1571.06,681.43,12.68,8.27,1,5,0
13,1,1461.51,655.97,96.59,28.11,1,0,0
13,2,665.26,655.50,72.72,17.72,1,5,0
13,3,1583.85,676.14,11.91,8.96,1,5,0
14,1,1468.46,644.33,98.36,28.29,1,0,0
14,2,673.21,649.88,74.24,17.94,1,5,0
14,3,1592.76,663.02,13.22,10.51,1,5,0
15,1,1477.59,648.15,101.13,29.26,1,0,0
15,2,683.08,654.32,70.32,17.35,1,5,0
15,3,1605.10,667.99,15.36,9.63,1,5,0
16,1,1480.55,657.71,100.85,28.69,1,0,0
16,2,684.69,656.20,71.33,19.67,1,5,0
17,1,1478.70,658.32,100.59,28.32,1,0,0
17,2,682.10,658.92,71.14,19.71,1,5,0
18,1,1472.28,648.79,99.80,28.53,1,0,0
18,2,674.50,655.82,72.84,20.01,1,5,0
18,3,1597.94,668.54,12.46,9.28,1,5,0
19,1,1465.92,647.19,100.99,28.96,1,0,0
19,2,669.24,652.31,71.46,19.50,1,5,0
19,3,1591.82,667.77,13.60,9.15,1,5,0
20,1,1459.17,654.39,99.14,28.56,1,0,0
20,2,661.62,653.95,72.67,19.63,1,5,0
20,3,1583.57,674.08,13.92,9.43,1,5,0
21,1,1454.90,660.57,100.04,28.67,1,0,0
21,2,656.82,660.40,72.27,20.09,1,5,0
21,3,1580.20,680.22,13.82,9.72,1,5,0
22,1,1452.67,647.80,98.11,28.18,1,0,0
22,2,654.63,650.48,71.74,21.45,1,5,0
22,3,1577.55,667.52,11.55,9.12,1,5,0
23,1,1452.31,642.29,100.41,28.75,1,0,0
23,2,653.21,649.14,73.86,20.69,1,5,0
23,3,1576.92,660.85,14.69,9.96,1,5,0
24,1,1451.20,657.22,99.65,28.79,1,0,0
24,2,652.02,657.38,70.97,20.49,1,5,0
24,3,1576.30,675.85,13.75,11.15,1,5,0
25,1,1450.29,662.36,100.98,28.56,1,0,0
25,2,651.09,657.17,71.91,21.02,1,5,0
25,3,1576.43,681.77,13.24,10.16,1,5,0
26,1,1453.59,650.63,98.40,28.92,1,0,0
26,2,650.91,646.70,74.14,22.52,1,5,0
26,3,1578.76,671.01,13.22,9.64,1,5,0
27,1,1455.07,648.23,100.83,28.86,1,0,0
27,2,653.24,651.62,71.46,19.94,1,5,0
27,3,1581.46,668.35,13.20,9.43,1,5,0
28,1,1457.74,651.08,100.30,29.56,1,0,0
28,2,654.84,655.99,71.43,20.23,1,5,0
28,3,1583.66,671.16,14.08,9.68,1,5,0
29,1,1456.34,652.06,101.40,29.34,1,0,0
29,2,651.46,654.13,71.86,19.50,1,5,0
29,3,1583.20,672.19,13.69,9.63,1,5,0
30,1,1451.88,645.92,99.70,28.61,1,0,0
30,2,649.47,645.96,70.36,20.21,1,5,0
31,1,1445.70,646.44,101.52,30.06,1,0,0
31,2,641.66,652.55,74.88,20.85,1,5,0
31,3,1570.74,666.53,14.00,10.54,1,5,0
32,1,1442.34,651.67,101.21,30.08,1,0,0
32,2,638.18,658.16,74.48,19.67,1,5,0
32,5,539.04,667.29,5.57,9.43,1,3,0
32,3,1567.51,671.96,14.25,9.80,1,5,0
33,1,1441.20,649.93,101.73,29.74,1,0,0
33,2,637.03,653.25,72.32,20.45,1,5,0
33,5,535.78,663.98,5.47,9.25,1,3,0
33,3,1566.46,670.49,14.30,9.77,1,5,0
34,1,1439.27,648.93,101.78,29.28,1,0,0
34,2,635.15,649.31,72.67,19.99,1,5,0
34,3,1565.39,669.04,13.34,9.86,1,5,0
35,1,1437.45,641.42,101.18,29.23,1,0,0
35,2,633.25,644.64,72.39,20.41,1,5,0
35,3,1563.58,661.28,13.50,9.84,1,5,0
36,1,1443.78,653.96,102.25,30.19,1,0,0
36,2,638.18,659.35,73.02,21.62,1,5,0
36,3,1572.64,673.70,13.09,9.88,1,5,0
37,1,1448.55,648.83,101.46,29.22,1,0,0
37,2,643.26,649.20,71.40,21.20,1,5,0
37,3,1576.64,669.48,11.23,9.27,1,5,0
37,5,538.77,661.89,5.31,8.70,1,3,0
38,1,1450.18,644.16,101.63,29.92,1,0,0
38,2,642.48,653.23,71.59,22.17,1,5,0
38,3,1577.68,662.24,13.58,11.37,1,5,0
39,1,1449.61,650.84,102.71,30.33,1,0,0
39,2,641.86,662.67,71.60,22.17,1,5,0
39,3,1578.13,670.13,13.55,10.37,1,5,0
40,1,1446.56,642.50,102.69,29.07,1,0,0
40,2,638.23,648.14,72.90,21.54,1,5,0
40,3,1574.19,662.58,13.53,9.45,1,5,0
41,1,1443.32,646.92,102.54,30.95,1,0,0
41,2,634.59,647.62,74.29,21.16,1,5,0
41,3,1570.79,667.84,14.62,10.42,1,5,0
42,1,1437.15,652.65,102.30,29.85,1,0,0
42,2,626.31,649.88,75.96,19.65,1,5,0
42,3,1563.79,673.89,13.22,9.52,1,5,0
43,1,1429.42,644.51,101.80,29.02,1,0,0
43,2,615.42,648.39,77.24,20.00,1,5,0
44,1,1423.99,647.60,100.80,30.31,1,0,0
44,2,612.37,657.16,75.56,22.01,1,5,0
44,3,1550.99,666.57,12.54,10.27,1,5,0
45,1,1419.72,655.22,102.07,29.55,1,0,0
45,2,609.11,658.40,76.06,21.06,1,5,0
45,3,1546.80,674.82,13.19,10.12,1,5,0
46,1,1419.09,652.63,102.09,29.76,1,0,0
46,2,606.65,648.40,76.82,21.78,1,5,0
46,3,1545.59,673.81,13.25,9.79,1,5,0
47,1,1419.43,649.32,102.41,30.98,1,0,0
47,2,607.44,646.53,74.59,21.29,1,5,0
47,3,1545.65,671.80,14.75,9.72,1,5,0
48,1,1421.89,648.75,102.17,30.96,1,0,0
48,2,607.71,647.34,75.30,21.39,1,5,0
48,3,1548.26,671.15,14.43,9.42,1,5,0
48,5,495.87,658.05,5.36,8.44,1,3,0
49,1,1423.37,649.20,102.36,30.93,1,0,0
49,2,609.49,648.57,74.72,20.78,1,5,0
49,3,1550.26,670.92,14.76,9.96,1,5,0
49,5,496.27,659.67,5.17,7.55,1,3,0
50,1,1425.36,654.17,102.99,30.20,1,0,0
50,2,610.06,652.70,75.52,22.90,1,5,0
50,3,1553.07,674.43,14.19,10.36,1,5,0
51,1,1431.97,652.81,102.94,30.88,1,0,0
51,2,612.93,653.94,77.10,21.48,1,5,0
51,3,1559.65,674.38,14.12,9.80,1,5,0
52,1,1436.20,650.15,105.56,31.27,1,0,0
52,2,617.47,651.13,76.56,21.14,1,5,0
52,3,1565.85,672.04,15.73,10.00,1,5,0
53,1,1441.55,652.46,105.85,31.01,1,0,0
53,2,622.42,652.55,75.94,20.89,1,5,0
53,3,1572.14,674.73,14.91,9.87,1,5,0
54,1,1443.42,654.78,107.44,29.42,1,0,0
54,2,623.29,655.54,77.33,21.16,1,5,0
54,3,1574.24,675.42,14.70,10.00,1,5,0
55,1,1448.10,647.22,104.83,30.05,1,0,0
55,2,624.90,653.20,77.19,21.33,1,5,0
55,3,1578.94,667.15,13.21,10.22,1,5,0
56,1,1448.98,647.55,105.92,30.83,1,0,0
56,2,625.02,653.74,76.46,21.86,1,5,0
56,3,1580.31,668.32,14.28,10.34,1,5,0
57,1,1444.21,640.90,107.07,30.95,1,0,0
57,2,623.67,647.54,77.77,20.23,1,5,0
57,3,1575.33,662.14,14.02,9.62,1,5,0
58,1,1438.20,642.36,106.07,32.66,1,0,0
58,2,613.69,657.21,78.10,21.67,1,5,0
58,3,1568.14,664.11,15.24,10.79,1,5,0
58,5,494.96,670.98,5.52,8.37,1,3,0
59,1,1432.47,645.65,106.46,31.07,1,0,0
59,2,607.94,657.58,78.03,20.94,1,5,0
59,3,1562.38,666.54,14.96,10.32,1,5,0
60,1,1426.47,639.24,106.04,30.48,1,0,0
60,2,600.93,642.82,77.97,22.09,1,5,0
60,3,1555.03,660.51,14.98,9.56,1,5,0
61,1,1419.01,647.49,103.97,31.18,1,0,0
61,2,593.99,644.96,77.72,22.39,1,5,0
61,3,1547.81,668.49,14.40,10.71,1,5,0
62,1,1417.90,660.77,105.47,31.49,1,0,0
62,2,592.88,654.93,76.66,24.26,1,5,0
62,3,1547.14,682.09,13.93,10.73,1,5,0
63,1,1415.35,648.55,103.86,29.62,1,0,0
63,2,588.92,643.53,77.77,23.46,1,5,0
63,3,1544.77,669.58,13.01,9.50,1,5,0
64,1,1414.25,643.66,104.94,30.30,1,0,0
64,2,587.85,646.75,78.55,23.40,1,5,0
64,3,1543.61,664.49,14.23,10.12,1,5,0
65,1,1415.35,648.80,105.92,30.86,1,0,0
65,2,587.53,654.01,77.18,22.74,1,5,0
65,3,1544.61,669.25,15.05,10.62,1,5,0
66,1,1410.17,644.27,105.01,30.36,1,0,0
66,2,580.37,646.04,80.05,22.37,1,5,0
66,3,1539.41,665.66,13.42,9.65,1,5,0
67,1,1412.64,651.77,104.24,31.63,1,0,0
67,2,582.79,654.05,77.60,21.86,1,5,0
67,3,1540.77,672.23,14.76,11.45,1,5,0
68,1,1414.16,661.07,106.87,32.67,1,0,0
68,2,585.77,655.08,75.75,21.26,1,5,0
68,3,1544.31,684.02,15.50,10.51,1,5,0
69,1,1414.02,645.17,105.58,30.58,1,0,0
69,2,584.22,642.50,77.27,21.97,1,5,0
69,3,1545.18,666.37,12.16,10.36,1,5,0
70,1,1414.18,639.38,106.79,30.94,1,0,0
70,2,582.69,647.56,79.08,23.69,1,5,0
70,3,1545.19,660.25,14.43,9.72,1,5,0
70,5,448.46,659.54,6.10,9.44,1,3,0
71,1,1419.06,646.46,108.00,31.81,1,0,0
71,2,585.93,655.79,77.83,23.15,1,5,0
71,3,1551.96,667.63,15.43,10.53,1,5,0
72,1,1425.48,649.57,109.23,31.84,1,0,0
72,2,591.17,651.97,78.37,21.91,1,5,0
72,3,1558.76,671.91,13.99,9.79,1,5,0
73,1,1434.83,664.27,109.86,32.67,1,0,0
73,2,598.53,659.27,78.38,22.86,1,5,0
73,3,1567.91,686.29,15.49,11.49,1,5,0
73,5,460.44,670.80,6.09,8.42,1,3,0
74,1,1439.43,652.10,109.60,33.19,1,0,0
74,2,605.14,651.44,76.53,21.28,1,5,0
74,3,1573.76,676.51,14.21,10.10,1,5,0
75,1,1443.06,634.16,112.22,33.70,1,0,0
75,2,606.84,641.98,78.58,20.65,1,5,0
75,3,1578.23,657.81,16.50,10.05,1,5,0
76,1,1454.14,645.58,110.29,32.84,1,0,0
76,2,613.26,657.35,79.29,21.26,1,5,0
76,3,1588.34,667.14,16.26,11.09,1,5,0
77,1,1454.55,644.91,111.04,33.53,1,0,0
77,2,613.27,654.29,79.55,21.02,1,5,0
77,3,1589.01,667.99,16.67,10.70,1,5,0
78,1,1454.99,650.37,111.15,34.63,1,0,0
78,2,615.00,652.34,75.96,21.97,1,5,0
78,3,1592.22,674.20,14.47,11.31,1,5,0
79,1,1453.59,652.90,111.79,33.00,1,0,0
79,2,613.64,644.79,75.90,23.65,1,5,0
79,3,1589.51,675.54,15.36,11.48,1,5,0
80,1,1449.80,646.80,112.19,33.89,1,0,0
80,2,608.25,647.40,77.92,23.61,1,5,0
80,3,1585.29,670.77,16.18,10.63,1,5,0
81,1,1445.04,633.98,111.77,34.41,1,0,0
81,2,603.07,648.76,80.06,21.64,1,5,0
81,3,1581.37,657.76,14.11,9.83,1,5,0
81,5,460.39,662.47,5.18,7.38,1,3,0
82,1,1443.76,644.70,110.60,35.53,1,0,0
82,2,600.39,654.90,77.06,24.55,1,5,0
82,3,1577.33,667.77,16.17,11.77,1,5,0
83,1,1439.01,652.45,112.14,34.06,1,0,0
83,2,593.43,648.95,81.14,23.25,1,5,0
83,3,1572.82,676.44,17.67,11.19,1,5,0
83,5,448.02,660.44,5.62,7.81,1,3,0
84,1,1438.38,642.69,110.69,34.74,1,0,0
84,2,594.07,638.56,79.44,25.14,1,5,0
84,3,1574.33,668.21,13.19,10.01,1,5,0
85,1,1436.69,636.77,112.05,33.13,1,0,0
85,2,591.72,637.43,79.40,24.53,1,5,0
85,3,1571.40,659.66,15.36,10.26,1,5,0
86,1,1439.74,654.01,111.87,36.53,1,0,0
86,2,592.95,660.06,80.33,25.93,1,5,0
86,3,1576.29,677.79,15.55,12.79,1,5,0
87,1,1441.54,649.85,111.01,35.25,1,0,0
87,2,593.25,651.24,78.79,23.19,1,5,0
87,3,1577.49,675.06,14.55,10.75,1,5,0
88,1,1445.50,640.45,112.81,35.34,1,0,0
88,2,595.72,640.40,79.34,22.69,1,5,0
88,3,1580.21,665.76,16.57,10.80,1,5,0
89,1,1445.26,644.42,113.79,35.61,1,0,0
89,2,596.08,643.32,80.61,26.08,1,5,0
89,3,1581.26,668.16,16.70,12.05,1,5,0
90,1,1446.63,649.22,113.92,36.14,1,0,0
90,2,596.08,654.69,80.05,24.49,1,5,0
90,3,1583.65,674.61,16.74,11.35,1,5,0
91,1,1446.95,646.48,114.48,34.59,1,0,0
91,2,595.84,643.54,79.87,25.88,1,5,0
91,3,1585.15,671.02,14.50,10.70,1,5,0
92,1,1446.51,645.25,114.38,35.54,1,0,0
92,2,594.41,637.61,80.45,26.25,1,5,0
92,3,1585.04,669.65,15.42,11.42,1,5,0
93,1,1447.90,653.98,114.80,37.96,1,0,0
93,2,594.69,648.40,81.26,25.25,1,5,0
93,3,1587.33,681.57,15.43,11.05,1,5,0
93,5,437.53,660.86,6.30,9.00,1,3,0
94,1,1453.82,644.38,113.93,36.39,1,0,0
94,2,598.98,645.38,80.84,24.06,1,5,0
94,3,1594.10,671.34,13.64,9.46,1,5,0
95,1,1461.96,634.74,116.57,36.95,1,0,0
95,2,606.31,644.33,80.71,23.48,1,5,0
95,3,1603.24,661.84,15.27,9.48,1,5,0
96,1,1475.27,652.85,116.86,39.00,1,0,0
96,2,615.48,658.29,78.68,22.31,1,5,0
96,3,1618.61,681.83,14.13,10.29,1,5,0
97,1,1482.01,647.95,117.41,37.23,1,0,0
97,2,623.37,639.58,78.84,22.46,1,5,0
97,3,1624.83,675.80,14.97,10.38,1,5,0
97,5,461.50,648.49,5.50,8.49,1,3,0
98,1,1497.86,646.24,118.68,37.87,1,0,0
98,2,635.23,643.85,81.77,23.23,1,5,0
98,3,1642.70,674.76,14.84,10.06,1,5,0
99,1,1510.40,657.59,124.61,40.83,1,0,0
99,2,646.57,657.29,78.51,20.57,1,5,0
99,3,1660.21,688.85,15.50,10.79,1,5,0
100,1,1524.03,649.62,122.99,38.52,1,0,0
100,2,656.01,645.01,82.18,22.65,1,5,0
100,3,1673.13,678.37,16.35,10.56,1,5,0
101,1,1535.33,650.37,128.53,38.34,1,0,0
101,2,670.62,652.76,78.55,20.21,1,5,0
101,3,1690.87,679.40,15.68,10.19,1,5,0
101,5,508.95,660.93,6.54,8.86,1,3,0
102,1,1549.13,654.61,127.10,40.82,1,0,0
102,2,678.55,654.76,79.40,20.92,1,5,0
102,3,1702.17,685.55,16.98,10.32,1,5,0
103,1,1551.04,638.20,126.78,41.62,1,0,0
103,2,679.48,637.53,79.06,22.50,1,5,0
103,3,1705.17,669.50,15.84,10.22,1,5,0
103,5,516.65,646.98,6.85,8.72,1,3,0
104,1,1556.89,648.36,127.09,43.51,1,0,0
104,2,683.35,652.04,79.24,22.15,1,5,0
104,3,1712.37,680.76,16.49,11.57,1,5,0
104,5,519.08,659.82,6.34,9.02,1,3,0
105,1,1564.64,665.13,129.71,43.36,1,0,0
105,2,688.74,658.81,78.19,22.10,1,5,0
105,3,1721.05,698.22,16.85,10.76,1,5,0
106,1,1575.09,648.69,128.82,40.19,1,0,0
106,2,696.92,641.35,77.49,21.75,1,5,0
106,3,1733.05,680.05,15.53,10.26,1,5,0
106,5,529.87,649.71,6.43,9.87,1,3,0
107,1,1584.44,637.21,133.39,40.83,1,0,0
107,2,704.71,638.04,81.12,20.43,1,5,0
107,3,1745.18,668.36,17.12,10.63,1,5,0
107,5,542.08,646.08,6.25,8.72,1,3,0
108,1,1603.98,655.13,134.84,44.25,1,0,0
108,2,719.16,660.15,77.93,22.44,1,5,0
108,3,1767.73,687.18,17.73,12.65,1,5,0
108,5,554.09,669.55,6.21,8.98,1,3,0
109,1,1614.13,645.45,134.96,42.05,1,0,0
109,2,726.61,652.28,78.04,20.83,1,5,0
110,1,1622.12,634.10,139.37,42.13,1,0,0
110,2,733.76,648.42,76.98,20.70,1,5,0
110,3,1788.29,665.11,18.54,11.32,1,5,0
110,5,567.45,658.89,6.04,8.96,1,3,0
111,1,1633.38,646.52,139.68,45.88,1,0,0
111,2,738.99,660.33,79.14,22.64,1,5,0
111,3,1801.73,680.07,19.29,12.20,1,5,0
112,1,1632.89,632.59,137.80,42.76,1,0,0
112,2,740.52,641.16,79.21,24.42,1,5,0
112,3,1800.86,663.83,17.16,11.83,1,5,0
113,1,1628.98,616.60,139.33,43.31,1,0,0
113,2,734.84,639.43,75.21,22.09,1,5,0
113,3,1795.94,647.20,18.99,11.47,1,5,0
113,5,567.22,651.12,7.15,9.98,1,3,0
114,1,1629.24,640.98,138.34,44.39,1,0,0
114,2,734.60,659.53,77.50,23.15,1,5,0
114,3,1798.31,672.72,17.28,12.17,1,5,0
115,1,1625.06,653.38,140.91,45.20,1,0,0
115,2,728.90,657.89,80.22,23.02,1,5,0
115,3,1793.13,687.03,18.82,12.53,1,5,0
116,1,1617.61,641.44,137.98,42.02,1,0,0
116,2,721.25,641.94,82.63,23.76,1,5,0
116,3,1783.57,673.61,16.90,10.56,1,5,0
117,1,1614.41,634.35,139.25,44.38,1,0,0
117,2,718.94,647.72,81.12,22.59,1,5,0
117,3,1779.82,666.89,19.02,11.45,1,5,0
117,5,544.72,658.98,6.29,8.98,1,3,0
118,1,1611.83,637.21,140.74,44.27,1,0,0
118,2,717.38,650.27,79.66,21.93,1,5,0
118,3,1778.47,669.15,18.50,11.82,1,5,0
118,5,540.98,660.04,6.69,9.24,1,3,0
119,1,1612.49,638.30,140.91,44.03,1,0,0
119,2,717.41,651.59,79.41,22.94,1,5,0
119,3,1780.49,670.97,18.17,11.32,1,5,0
119,5,540.40,661.44,7.44,10.56,1,3,0
120,1,1617.02,642.39,141.89,45.26,1,0,0
120,2,717.94,659.44,79.74,22.66,1,5,0
120,3,1784.99,675.40,19.37,12.10,1,5,0
120,5,540.15,668.93,6.85,10.40,1,3,0
121,1,1617.57,638.17,140.73,44.27,1,0,0
121,2,717.99,653.19,78.79,22.45,1,5,0
121,3,1785.69,671.10,17.46,11.13,1,5,0
121,5,538.48,663.65,6.13,10.12,1,3,0
122,1,1614.98,633.70,140.83,43.81,1,0,0
122,2,715.43,651.48,80.24,20.70,1,5,0
122,3,1781.77,665.70,18.24,11.93,1,5,0
122,5,535.73,661.00,6.61,10.09,1,3,0
123,1,1605.16,636.98,140.04,43.81,1,0,0
123,2,705.12,652.91,81.05,21.35,1,5,0
123,3,1771.26,669.75,17.66,11.21,1,5,0
124,1,1595.88,635.06,138.64,42.98,1,0,0
124,2,696.22,651.05,83.26,21.19,1,5,0
124,3,1759.33,667.18,18.30,10.91,1,5,0
125,1,1587.93,640.03,138.26,45.14,1,0,0
125,2,689.17,655.15,83.41,22.22,1,5,0
125,3,1752.15,674.11,17.45,10.99,1,5,0
126,1,1583.61,645.85,137.63,45.28,1,0,0
126,2,685.43,658.72,84.54,21.64,1,5,0
126,3,1746.08,680.00,18.19,11.46,1,5,0
126,5,497.00,668.94,6.32,8.75,1,3,0
127,1,1580.24,639.34,137.14,44.39,1,0,0
127,2,679.96,646.37,83.30,23.17,1,5,0
127,3,1743.24,672.56,16.75,10.97,1,5,0
127,5,492.46,655.49,6.98,9.65,1,3,0
128,1,1577.45,634.72,138.17,43.90,1,0,0
128,2,677.02,648.81,83.22,23.14,1,5,0
128,3,1740.13,666.92,17.95,11.45,1,5,0
129,1,1571.51,637.43,136.78,43.22,1,0,0
129,2,670.81,654.24,81.52,23.20,1,5,0
129,3,1732.84,668.53,17.84,11.77,1,5,0
130,1,1560.98,635.46,136.06,43.17,1,0,0
130,2,661.29,652.89,83.23,21.95,1,5,0
130,3,1722.09,666.94,17.24,11.02,1,5,0
131,1,1549.18,634.08,134.90,42.44,1,0,0
131,2,648.07,654.15,85.93,21.87,1,5,0
131,3,1708.36,665.39,16.79,11.07,1,5,0
132,1,1540.17,630.28,133.91,42.67,1,0,0
132,2,641.78,647.51,82.73,22.29,1,5,0
132,3,1698.16,661.22,17.36,11.20,1,5,0
133,1,1534.64,640.09,132.23,45.54,1,0,0
133,2,634.20,654.31,83.53,24.20,1,5,0
133,3,1691.07,673.21,18.12,12.24,1,5,0
133,5,431.73,664.63,7.58,12.04,1,3,0
134,1,1532.37,645.47,132.86,45.84,1,0,0
134,2,631.02,657.50,84.66,23.42,1,5,0
134,3,1688.69,679.62,18.42,12.01,1,5,0
135,1,1528.77,630.02,132.16,42.89,1,0,0
135,2,626.99,641.43,84.87,24.11,1,5,0
135,3,1685.52,661.70,16.64,10.82,1,5,0
135,5,421.79,650.96,8.46,12.86,1,3,0
136,1,1530.83,629.68,132.97,44.22,1,0,0
136,2,628.07,646.32,84.70,26.09,1,5,0
136,3,1688.19,661.72,17.75,11.45,1,5,0
136,5,422.78,660.21,8.25,11.36,1,3,0
137,1,1532.23,636.16,133.26,45.16,1,0,0
137,2,627.64,652.58,84.43,23.65,1,5,0
137,3,1690.18,669.05,17.51,12.02,1,5,0
137,5,420.39,663.28,7.68,10.92,1,3,0
138,1,1532.68,632.92,134.53,44.59,1,0,0
138,2,627.37,647.26,84.56,22.93,1,5,0
138,3,1690.42,665.68,17.41,11.71,1,5,0
138,5,419.89,657.18,7.72,11.61,1,3,0
139,1,1533.43,634.09,135.23,45.08,1,0,0
139,2,627.75,648.64,82.86,23.06,1,5,0
139,3,1691.51,666.87,17.64,11.72,1,5,0
139,5,416.04,658.07,8.48,12.54,1,3,0
140,1,1532.65,629.93,134.30,44.35,1,0,0
140,2,625.56,648.32,84.02,22.97,1,5,0
140,3,1689.78,661.85,17.92,11.67,1,5,0
140,5,411.87,660.49,7.86,10.27,1,3,0
141,1,1528.81,631.23,135.12,44.86,1,0,0
141,2,621.00,654.37,84.81,24.31,1,5,0
141,3,1686.58,663.70,17.57,11.73,1,5,0
142,1,1521.59,634.33,133.79,44.11,1,0,0
142,2,612.39,654.78,87.07,23.02,1,5,0
142,3,1677.90,666.34,17.89,11.53,1,5,0
142,5,393.39,665.73,8.42,12.01,1,3,0
143,1,1504.55,628.59,132.07,43.57,1,0,0
143,2,597.00,640.67,86.55,22.76,1,5,0
143,3,1659.01,660.55,18.00,11.04,1,5,0
143,5,375.96,649.17,8.39,11.75,1,3,0
144,1,1491.92,631.82,131.21,44.80,1,0,0
144,2,582.91,641.70,86.26,23.96,1,5,0
144,3,1645.01,665.51,16.04,11.23,1,5,0
145,1,1488.13,648.64,131.61,46.82,1,0,0
145,2,579.64,653.14,86.11,26.07,1,5,0
145,3,1642.02,682.43,17.92,13.00,1,5,0
145,5,350.77,662.39,8.22,11.15,1,3,0
146,1,1493.21,650.61,131.67,43.99,1,0,0
146,2,581.34,653.23,86.83,25.28,1,5,0
146,3,1646.71,683.49,17.57,11.26,1,5,0
146,5,349.49,662.64,8.55,10.58,1,3,0
147,1,1504.12,631.77,130.48,43.14,1,0,0
147,2,590.23,643.87,85.05,24.63,1,5,0
147,3,1658.06,662.85,17.55,11.93,1,5,0
148,1,1515.33,627.11,132.77,44.34,1,0,0
148,2,599.86,652.01,85.65,24.85,1,5,0
148,3,1671.33,659.12,17.69,10.85,1,5,0
148,5,369.33,665.80,7.23,12.01,1,3,0
149,1,1520.68,635.53,135.23,44.95,1,0,0
149,2,601.39,661.94,88.85,24.92,1,5,0
149,3,1678.65,666.91,18.17,11.88,1,5,0
149,5,372.12,675.21,8.22,12.83,1,3,0
150,1,1521.42,629.97,135.07,45.01,1,0,0
150,2,604.18,651.84,84.67,24.06,1,5,0
150,3,1679.63,662.68,16.62,11.06,1,5,0
150,5,369.67,662.99,7.75,12.66,1,3,0
151,1,1524.06,636.01,135.51,45.76,1,0,0
151,2,604.96,651.10,85.67,25.76,1,5,0
151,3,1683.24,669.00,18.17,12.35,1,5,0
151,5,368.48,661.95,8.86,12.66,1,3,0
152,1,1527.78,643.73,136.11,46.72,1,0,0
152,2,606.60,656.11,85.46,24.68,1,5,0
152,3,1686.77,678.60,18.57,11.84,1,5,0
152,5,369.56,663.83,8.50,13.32,1,3,0
153,1,1531.16,622.98,135.02,44.65,1,0,0
153,2,608.37,642.45,82.99,25.01,1,5,0
153,3,1690.33,654.93,17.09,11.27,1,5,0
154,1,1536.86,629.49,137.51,46.86,1,0,0
154,2,613.53,654.29,86.15,26.67,1,5,0
154,3,1698.53,661.96,18.46,12.88,1,5,0
154,5,372.60,669.75,8.65,11.93,1,3,0
155,1,1535.78,636.04,138.90,45.85,1,0,0
155,2,610.84,655.68,85.32,25.62,1,5,0
155,3,1697.05,668.51,18.18,12.55,1,5,0
155,5,367.21,668.58,9.33,12.89,1,3,0
156,1,1533.69,634.63,138.10,44.96,1,0,0
156,2,605.10,651.76,85.42,23.14,1,5,0
156,3,1693.58,666.73,19.05,12.37,1,5,0
156,5,362.15,662.28,7.66,11.05,1,3,0
157,1,1527.52,632.85,136.93,44.99,1,0,0
157,2,600.06,646.60,85.48,23.73,1,5,0
157,3,1686.37,665.53,18.22,12.09,1,5,0
157,5,351.92,657.76,7.30,10.90,1,3,0
158,1,1522.64,633.23,137.61,45.01,1,0,0
158,2,593.76,650.10,86.07,24.57,1,5,0
158,3,1682.02,665.94,18.34,11.77,1,5,0
158,5,342.58,662.89,7.51,11.42,1,3,0
159,1,1515.02,630.86,136.45,45.31,1,0,0
159,2,587.06,654.50,85.69,25.10,1,5,0
159,3,1673.61,662.54,18.09,11.68,1,5,0
160,1,1506.78,629.14,136.63,45.88,1,0,0
160,2,578.21,659.58,88.44,25.07,1,5,0
160,3,1664.96,660.91,17.51,11.41,1,5,0
161,1,1499.00,629.32,135.31,45.31,1,0,0
161,2,568.50,649.15,87.33,23.88,1,5,0
161,3,1654.92,662.58,17.19,11.11,1,5,0
162,1,1482.24,638.12,135.21,44.44,1,0,0
162,2,553.83,638.20,87.26,23.90,1,5,0
162,3,1638.77,672.79,16.05,10.53,1,5,0
163,1,1475.07,637.28,132.38,45.11,1,0,0
163,2,542.10,645.50,90.08,23.85,1,5,0
163,3,1628.56,670.87,17.26,11.70,1,5,0
164,1,1475.53,633.97,133.99,44.37,1,0,0
164,2,544.26,653.42,86.80,26.07,1,5,0
164,3,1629.38,665.95,18.75,11.68,1,5,0
164,5,268.85,663.65,9.45,15.58,1,3,0
165,1,1479.06,635.05,134.10,44.08,1,0,0
165,2,545.60,653.70,84.53,25.16,1,5,0
165,3,1633.36,666.52,18.50,12.14,1,5,0
165,5,269.20,662.60,9.35,15.68,1,3,0
166,1,1480.04,620.02,133.98,44.99,1,0,0
166,2,545.11,635.03,85.06,25.45,1,5,0
166,3,1634.99,653.30,16.84,11.19,1,5,0
166,5,268.88,645.37,8.29,13.80,1,3,0
167,1,1483.90,634.77,134.32,47.05,1,0,0
167,2,549.85,649.67,85.72,26.48,1,5,0
167,3,1639.95,667.52,18.83,13.71,1,5,0
167,5,266.48,659.21,9.76,14.50,1,3,0
168,1,1479.41,636.59,134.34,45.21,1,0,0
168,2,540.92,649.69,85.49,26.57,1,5,0
168,3,1635.21,670.19,16.53,11.02,1,5,0
168,5,255.80,659.51,9.56,15.18,1,3,0
169,1,1471.33,625.77,134.25,45.12,1,0,0
169,2,531.93,644.94,85.21,26.46,1,5,0
169,3,1625.92,658.04,17.54,11.41,1,5,0
169,5,244.66,656.68,9.52,15.59,1,3,0
170,1,1463.21,631.40,134.24,44.91,1,0,0
170,2,522.89,645.87,89.16,26.08,1,5,0
170,3,1616.86,664.18,17.75,12.12,1,5,0
170,5,224.54,654.28,11.73,15.93,1,3,0
171,1,1452.52,637.16,133.91,45.54,1,0,0
171,2,513.56,640.12,88.40,27.39,1,5,0
171,3,1606.33,671.49,17.42,11.36,1,5,0
172,1,1447.81,642.20,133.78,45.96,1,0,0
172,2,505.82,643.70,89.80,26.04,1,5,0
172,3,1600.57,676.94,18.17,11.89,1,5,0
172,5,200.03,646.69,11.61,15.95,1,3,0
173,1,1447.50,634.65,132.78,45.24,1,0,0
173,2,503.07,642.34,90.55,25.68,1,5,0
173,3,1600.19,667.22,17.67,11.78,1,5,0
173,5,193.88,646.48,13.94,16.42,1,3,0
174,1,1450.25,634.57,134.28,46.10,1,0,0
174,2,504.70,650.53,89.43,28.07,1,5,0
174,3,1604.71,667.43,17.44,12.28,1,5,0
174,5,195.00,660.33,10.77,16.37,1,3,0
175,1,1451.64,635.41,134.03,45.35,1,0,0
175,2,503.69,652.66,90.18,25.52,1,5,0
175,3,1605.83,668.08,17.71,11.68,1,5,0
175,5,191.92,662.79,11.61,14.08,1,3,0
176,1,1451.99,629.20,133.37,45.26,1,0,0
176,2,502.65,643.18,89.92,28.43,1,5,0
176,3,1605.30,661.81,17.67,11.52,1,5,0
176,5,188.17,655.90,10.69,14.62,1,3,0
177,1,1446.71,633.92,134.40,46.58,1,0,0
177,2,496.40,646.98,92.21,26.14,1,5,0
177,3,1601.25,668.44,16.05,11.73,1,5,0
178,1,1440.96,638.41,134.12,45.59,1,0,0
178,2,488.99,650.97,92.13,25.54,1,5,0
178,3,1594.92,672.02,16.29,11.45,1,5,0
178,5,165.74,656.72,11.54,16.39,1,3,0
179,1,1440.54,634.60,133.99,45.51,1,0,0
179,2,488.16,646.39,91.71,24.86,1,5,0
179,3,1594.37,668.05,16.47,11.51,1,5,0
179,5,159.95,652.24,12.04,16.75,1,3,0
180,1,1438.77,638.34,134.06,46.23,1,0,0
180,2,483.15,650.79,93.40,25.14,1,5,0
180,3,1592.17,672.39,16.46,11.63,1,5,0
180,5,152.09,654.99,10.79,17.45,1,3,0
181,1,1435.50,627.25,133.36,45.50,1,0,0
181,2,479.59,644.75,92.48,26.14,1,5,0
181,3,1589.07,660.53,16.34,10.81,1,5,0
181,5,144.11,653.96,10.50,16.06,1,3,0
182,1,1432.80,631.11,133.41,48.16,1,0,0
182,2,475.91,651.54,89.34,26.99,1,5,0
182,3,1586.66,665.13,16.52,12.55,1,5,0
182,5,134.17,661.77,9.34,16.33,1,3,0
183,1,1430.10,644.31,133.74,46.74,1,0,0
183,2,471.36,643.41,89.16,26.93,1,5,0
183,3,1582.92,678.72,17.74,12.52,1,5,0
184,1,1423.90,636.04,133.43,46.14,1,0,0
184,2,465.64,624.44,90.31,26.97,1,5,0
184,3,1576.87,671.35,16.48,11.17,1,5,0
185,1,1421.78,634.55,134.52,45.96,1,0,0
185,2,460.36,632.85,91.18,27.56,1,5,0
185,3,1575.19,668.74,17.44,12.10,1,5,0
185,5,103.38,637.44,10.09,16.06,1,3,0
186,1,1427.03,636.02,135.11,45.68,1,0,0
186,2,464.78,645.66,90.42,28.05,1,5,0
186,3,1581.06,669.64,17.36,11.57,1,5,0
186,5,104.47,655.12,9.91,16.18,1,3,0
187,1,1432.53,633.54,135.44,45.82,1,0,0
187,2,466.33,648.83,94.08,27.47,1,5,0
187,3,1586.95,666.53,18.29,11.94,1,5,0
187,5,105.53,661.07,9.25,15.27,1,3,0
188,1,1437.06,634.81,136.38,45.90,1,0,0
188,2,467.67,649.80,94.54,27.30,1,5,0
188,3,1591.43,668.27,17.99,11.50,1,5,0
188,5,105.45,661.66,11.25,15.04,1,3,0
189,1,1440.19,635.19,136.65,45.70,1,0,0
189,2,473.05,640.69,92.60,27.55,1,5,0
189,3,1595.23,667.76,18.66,12.53,1,5,0
190,1,1440.12,633.13,137.24,46.37,1,0,0
190,2,471.42,637.44,92.99,27.44,1,5,0
190,3,1595.64,666.80,18.67,12.55,1,5,0
190,5,100.57,645.75,10.78,14.17,1,3,0
191,1,1443.39,634.36,137.93,46.86,1,0,0
191,2,473.41,643.36,93.27,28.31,1,5,0
191,3,1599.83,668.82,18.46,11.99,1,5,0
191,5,99.20,655.61,10.03,13.53,1,3,0
192,1,1445.62,627.91,138.28,46.47,1,0,0
192,2,473.90,644.49,92.68,28.68,1,5,0
192,3,1603.18,661.42,16.63,11.45,1,5,0
192,5,96.33,659.79,10.02,14.00,1,3,0
193,1,1448.56,627.66,139.12,48.58,1,0,0
193,2,473.81,649.14,93.20,27.01,1,5,0
193,3,1606.13,661.54,19.07,13.08,1,5,0
193,5,94.80,663.45,9.81,13.99,1,3,0
194,1,1448.24,625.81,139.05,47.60,1,0,0
194,2,472.60,640.00,94.47,27.77,1,5,0
194,3,1606.27,660.36,17.76,12.30,1,5,0
195,1,1446.73,631.80,138.89,48.20,1,0,0
195,2,469.12,643.27,94.90,28.25,1,5,0
195,3,1604.12,666.42,17.95,13.05,1,5,0
195,5,80.45,655.34,12.74,13.16,1,3,0
196,1,1446.40,634.58,139.54,47.18,1,0,0
196,2,468.46,646.19,93.48,28.10,1,5,0
196,3,1604.62,668.17,17.97,12.87,1,5,0
196,5,73.86,657.71,11.80,13.97,1,3,0
197,1,1448.74,629.92,139.81,47.57,1,0,0
197,2,467.62,648.65,95.12,27.78,1,5,0
197,3,1607.84,664.06,17.33,12.07,1,5,0
197,5,73.11,660.92,11.00,14.07,1,3,0
198,1,1448.00,626.58,139.97,47.77,1,0,0
198,2,465.80,647.48,96.21,27.30,1,5,0
198,3,1607.06,659.85,17.83,12.93,1,5,0
198,5,62.93,661.14,11.51,14.43,1,3,0
199,1,1443.41,625.13,140.92,47.60,1,0,0
199,2,459.24,641.93,95.36,26.86,1,5,0
199,3,1601.90,658.60,18.28,12.64,1,5,0
199,5,49.03,655.21,10.32,13.77,1,3,0
200,1,1436.12,630.63,140.29,48.02,1,0,0
200,2,452.36,641.23,94.48,26.81,1,5,0
200,3,1594.77,665.80,16.82,12.57,1,5,0
200,5,37.01,648.60,10.60,15.23,1,3,0
201,1,1429.58,636.10,139.77,47.79,1,0,0
201,2,442.21,644.37,96.09,28.01,1,5,0
201,3,1587.68,671.17,18.22,12.13,1,5,0
202,1,1423.85,634.30,139.42,47.26,1,0,0
202,2,433.32,641.13,98.34,28.09,1,5,0
202,3,1581.37,668.89,17.98,12.38,1,5,0
203,1,1417.22,637.66,139.57,47.74,1,0,0
203,2,426.53,640.99,97.12,28.93,1,5,0
203,3,1574.92,672.87,17.89,12.39,1,5,0
204,1,1410.28,635.77,138.97,47.44,1,0,0
204,2,418.11,642.54,95.08,26.76,1,5,0
204,3,1567.10,670.35,17.10,12.20,1,5,0
205,1,1404.93,634.57,139.66,47.83,1,0,0
205,2,408.94,647.10,100.80,26.58,1,5,0
205,3,1561.45,669.67,17.06,12.07,1,5,0
206,1,1400.46,637.89,139.58,47.40,1,0,0
206,2,403.14,649.46,99.67,29.27,1,5,0
206,3,1557.05,672.56,17.35,12.29,1,5,0
207,1,1391.67,632.74,138.17,47.79,1,0,0
207,2,391.51,641.34,98.00,28.67,1,5,0
207,3,1546.13,666.83,17.84,12.34,1,5,0
208,1,1377.83,632.97,138.57,46.95,1,0,0
208,2,376.27,643.13,95.80,29.24,1,5,0
208,3,1533.22,667.27,18.11,12.22,1,5,0
209,1,1367.65,637.14,137.43,47.81,1,0,0
209,2,363.11,648.87,99.04,29.20,1,5,0
209,3,1522.49,672.66,16.34,11.61,1,5,0
210,1,1360.34,640.02,136.74,47.71,1,0,0
210,2,349.52,640.76,101.46,28.76,1,5,0
211,1,1355.36,639.33,136.66,48.21,1,0,0
211,2,344.63,627.72,101.48,30.15,1,5,0
211,3,1508.73,675.17,16.41,12.79,1,5,0
212,1,1356.40,642.26,136.62,48.90,1,0,0
212,2,342.61,628.09,103.39,31.50,1,5,0
212,3,1510.21,679.29,17.06,12.46,1,5,0
213,1,1366.85,640.62,137.56,48.85,1,0,0
213,2,351.05,632.44,102.73,30.19,1,5,0
213,3,1520.94,676.37,18.07,13.10,1,5,0
214,1,1382.50,637.74,139.35,48.52,1,0,0
214,2,370.50,628.96,97.38,29.58,1,5,0
214,3,1538.82,674.55,17.62,11.83,1,5,0
215,1,1406.73,644.11,141.75,49.41,1,0,0
215,2,387.43,628.07,101.71,28.07,1,5,0
215,3,1565.69,682.65,17.57,11.45,1,5,0
216,1,1435.00,653.75,144.88,49.90,1,0,0
216,2,416.28,633.27,99.33,27.55,1,5,0
216,3,1596.41,692.38,18.69,12.09,1,5,0
217,1,1465.12,640.03,148.62,51.47,1,0,0
217,2,445.56,629.83,98.69,27.28,1,5,0
217,3,1631.08,678.83,18.63,12.69,1,5,0
218,1,1490.94,629.30,151.10,51.40,1,0,0
218,2,472.41,632.16,96.55,26.84,1,5,0
218,3,1661.04,668.40,18.76,12.03,1,5,0
219,1,1515.06,646.42,155.36,54.33,1,0,0
219,2,493.38,645.68,94.44,26.46,1,5,0
219,3,1689.17,688.02,20.75,13.56,1,5,0
220,1,1533.22,653.94,157.88,54.18,1,0,0
220,2,510.30,636.90,94.29,28.56,1,5,0
220,3,1710.20,694.21,19.74,13.94,1,5,0
220,5,26.50,631.68,10.02,15.13,1,3,0
221,1,1550.40,635.13,160.59,53.92,1,0,0
221,2,521.80,630.61,95.08,26.69,1,5,0
221,3,1730.71,676.00,20.69,13.28,1,5,0
221,5,42.89,626.56,8.96,15.50,1,3,0
222,1,1570.40,636.03,163.99,54.05,1,0,0
222,2,540.25,642.79,95.16,26.81,1,5,0
222,3,1754.69,677.31,20.93,12.81,1,5,0
222,5,61.04,646.46,9.46,14.12,1,3,0
223,1,1588.88,639.68,168.51,54.90,1,0,0
223,2,553.85,639.97,95.17,26.62,1,5,0
223,3,1776.93,681.50,21.86,13.12,1,5,0
223,5,76.23,635.52,11.73,17.27,1,3,0
224,1,1605.41,642.41,171.34,55.32,1,0,0
224,2,565.73,637.12,93.79,26.01,1,5,0
224,3,1797.09,685.97,21.42,13.06,1,5,0
224,5,91.23,629.21,9.81,17.03,1,3,0
225,1,1626.50,648.13,175.85,57.83,1,0,0
225,2,581.38,639.67,93.86,27.07,1,5,0
225,3,1821.44,691.41,24.17,14.99,1,5,0
225,5,108.27,632.74,9.06,15.38,1,3,0
226,1,1648.62,642.93,179.97,58.92,1,0,0
226,2,599.45,641.30,90.73,25.25,1,5,0
226,3,1847.97,687.35,25.38,14.65,1,5,0
226,5,129.44,633.95,9.70,16.89,1,3,0
227,1,1668.33,638.41,184.11,57.91,1,0,0
227,2,612.40,642.48,94.98,25.91,1,5,0
227,3,1873.67,682.33,24.77,14.40,1,5,0
227,5,141.92,637.42,12.79,17.36,1,3,0
228,1,1692.17,638.50,189.56,57.51,1,0,0
228,2,628.26,643.63,95.80,25.81,1,5,0
228,3,1904.15,681.75,15.85,15.12,1,5,0
229,1,1706.67,646.89,193.66,60.08,1,0,0
229,2,637.59,643.67,95.91,26.53,1,5,0
229,5,171.61,640.45,10.07,14.02,1,3,0
230,1,1719.04,644.11,200.80,61.10,1,0,0
230,2,646.93,643.93,91.88,25.85,1,5,0
230,5,178.74,637.13,10.30,15.94,1,3,0
231,1,1734.34,643.82,185.66,61.42,1,0,0
231,2,658.19,647.90,92.67,25.49,1,5,0
231,5,189.72,642.45,9.89,15.62,1,3,0
232,1,1744.53,641.82,175.47,61.34,1,0,0
232,2,663.04,645.74,92.88,26.20,1,5,0
232,5,192.53,641.97,9.47,16.11,1,3,0
233,1,1755.80,646.27,164.20,60.75,1,0,0
233,2,669.55,646.16,92.90,26.01,1,5,0
233,5,195.78,641.63,8.77,14.06,1,3,0
234,1,1769.40,650.66,150.60,58.82,1,0,0
234,2,675.31,643.99,93.87,26.70,1,5,0
234,5,200.64,637.26,9.66,15.61,1,3,0
235,1,1790.75,653.02,129.25,55.49,1,0,0
235,2,690.41,637.13,95.81,28.26,1,5,0
235,5,216.20,629.42,7.58,13.81,1,3,0
236,1,1838.09,692.35,81.91,48.30,1,0,0
236,2,718.77,627.46,90.97,27.79,1,5,0
236,5,253.89,599.79,6.47,13.36,1,3,0
237,2,773.45,632.64,84.31,36.86,1,5,0
237,5,322.74,587.47,6.21,13.63,1,3,0
238,2,839.71,647.27,85.33,35.61,1,5,0
239,2,903.73,654.27,83.55,27.41,1,5,0
239,5,468.78,645.37,7.51,12.77,1,3,0
240,2,934.85,653.21,88.39,26.36,1,5,0
240,5,504.24,690.03,7.29,12.85,1,3,0
241,2,947.36,655.86,90.60,25.13,1,5,0
241,5,508.49,695.87,8.30,15.07,1,3,0
242,2,939.50,657.17,90.42,28.16,1,5,0
242,5,495.51,676.59,7.52,12.22,1,3,0
243,2,918.03,658.58,95.98,29.20,1,5,0
243,5,470.50,644.36,7.53,12.92,1,3,0
244,2,906.91,646.83,91.38,28.96,1,5,0
244,5,456.06,632.37,7.66,14.05,1,3,0
245,2,912.00,662.12,89.97,29.24,1,5,0
246,2,915.27,664.40,92.73,26.92,1,5,0
246,5,459.44,661.21,7.72,13.93,1,3,0
247,2,933.79,656.50,91.97,27.98,1,5,0
248,2,969.99,659.40,80.46,28.21,1,5,0
248,5,509.17,631.66,7.75,12.82,1,3,0
249,2,999.43,656.03,93.68,29.58,1,5,0
249,7,0.34,581.71,103.03,33.56,1,0,0
249,5,543.67,637.84,7.96,12.22,1,3,0
250,2,1038.85,656.37,88.43,26.24,1,5,0
250,7,0.97,606.20,161.04,34.39,1,0,0
250,5,587.07,650.69,7.81,12.61,1,3,0
251,2,1072.19,665.60,93.23,25.84,1,5,0
251,7,18.20,630.39,182.27,38.72,1,0,0
251,5,615.60,669.84,8.58,12.98,1,3,0
252,2,1094.10,660.79,96.78,26.40,1,5,0
252,7,53.84,647.40,179.58,36.56,1,0,0
252,5,638.51,677.23,8.59,11.99,1,3,0
253,2,1106.71,653.42,95.89,27.98,1,5,0
253,7,64.76,640.02,178.44,35.80,1,0,0
253,5,649.08,667.45,8.54,14.02,1,3,0
254,2,1104.32,658.44,96.80,28.98,1,5,0
254,7,55.71,626.19,180.16,36.68,1,0,0
254,5,641.54,665.01,9.09,13.96,1,3,0
255,2,1100.04,658.98,96.75,29.96,1,5,0
255,7,45.91,619.38,185.30,37.12,1,0,0
255,5,636.13,660.01,9.29,14.90,1,3,0
256,2,1108.30,664.98,97.58,32.47,1,5,0
256,7,54.85,610.80,184.51,37.92,1,0,0
256,5,640.49,659.27,9.48,14.98,1,3,0
257,2,1120.80,674.81,98.71,29.61,1,5,0
257,7,77.28,610.32,178.38,37.53,1,0,0
257,5,654.34,662.32,9.22,14.79,1,3,0
258,2,1147.17,674.77,99.01,28.45,1,5,0
258,7,116.87,605.91,173.39,36.81,1,0,0
258,5,680.01,659.76,8.27,13.30,1,3,0
259,2,1176.15,677.67,99.96,27.94,1,5,0
259,7,151.02,608.57,169.44,36.70,1,0,0
259,5,706.40,660.99,7.96,15.24,1,3,0
260,2,1207.56,680.21,100.13,28.21,1,5,0
260,7,194.48,623.59,158.54,36.87,1,0,0
260,5,732.35,671.13,11.20,14.01,1,3,0
261,2,1236.85,666.56,102.16,26.58,1,5,0
261,7,229.12,639.24,156.18,35.91,1,0,0
261,5,759.71,671.14,10.83,14.91,1,3,0
262,2,1265.65,669.41,98.23,27.76,1,5,0
262,7,253.78,652.03,156.96,36.30,1,0,0
263,2,1269.52,671.30,107.16,29.57,1,5,0
263,7,261.51,646.86,155.76,37.30,1,0,0
264,2,1270.47,660.80,103.96,28.05,1,5,0
264,7,256.08,639.52,159.27,38.06,1,0,0
265,2,1264.48,664.47,103.66,28.74,1,5,0
265,7,244.74,652.33,160.02,38.10,1,0,0
265,5,778.37,678.06,10.24,18.18,1,3,0
266,2,1255.26,661.33,103.91,28.44,1,5,0
266,7,226.56,644.49,166.60,38.27,1,0,0
266,5,768.75,673.67,9.29,16.69,1,3,0
267,2,1247.36,664.84,103.70,28.70,1,5,0
267,7,216.13,640.72,164.56,37.73,1,0,0
267,5,758.69,670.69,9.61,18.67,1,3,0
268,2,1239.92,669.96,104.77,30.52,1,5,0
268,7,196.88,640.55,168.81,37.61,1,0,0
268,5,747.41,673.96,9.93,18.42,1,3,0
269,2,1229.46,668.07,104.99,29.36,1,5,0
269,7,182.43,638.33,170.63,37.69,1,0,0
269,5,737.21,672.05,11.37,18.08,1,3,0
270,2,1227.34,667.63,104.94,29.30,1,5,0
270,7,173.46,646.07,171.94,38.40,1,0,0
270,5,731.04,674.31,11.03,19.64,1,3,0
271,2,1227.98,665.37,106.40,28.06,1,5,0
271,7,174.49,659.47,170.82,37.98,1,0,0
271,5,730.37,678.30,11.79,21.32,1,3,0
272,2,1233.57,660.37,107.19,27.66,1,5,0
272,7,174.30,666.22,174.19,39.19,1,0,0
272,5,734.55,682.42,10.26,19.32,1,3,0
273,2,1221.00,654.76,106.53,27.80,1,5,0
273,7,153.76,659.30,175.27,38.33,1,0,0
273,5,717.85,678.16,9.85,16.23,1,3,0
274,2,1200.37,657.25,107.53,27.72,1,5,0
274,7,119.30,650.07,180.48,37.94,1,0,0
274,5,694.91,672.81,10.66,18.00,1,3,0
275,2,1173.03,664.15,106.51,26.66,1,5,0
275,7,72.95,649.78,190.66,37.29,1,0,0
275,5,665.90,676.84,10.40,16.72,1,3,0
276,2,1148.63,659.83,106.71,28.52,1,5,0
276,7,18.31,651.52,208.86,38.28,1,0,0
276,5,636.44,678.37,10.00,15.12,1,3,0
277,2,1130.92,661.53,104.88,27.91,1,5,0
277,7,0.91,644.95,198.31,38.62,1,0,0
277,5,616.09,675.07,9.87,15.42,1,3,0
