1,1,815.46,509.96,180.05,28.12,1,0,0
1,2,1025.71,513.68,119.03,25.02,1,0,0
1,3,1287.69,527.19,62.79,17.86,1,0,0
1,4,613.26,522.63,50.04,9.05,1,0,0
1,5,1422.48,524.48,87.53,19.90,1,0,0
1,6,1746.39,525.87,132.82,25.59,1,0,0
2,1,828.85,502.83,177.78,32.37,1,0,0
2,2,1040.84,507.72,111.03,27.72,1,0,0
2,3,1298.27,524.09,62.87,16.11,1,0,0
2,4,625.15,515.21,52.42,10.16,1,0,0
2,5,1440.72,518.57,81.94,24.86,1,0,0
2,6,1792.10,530.20,126.38,25.18,1,0,0
3,1,832.19,495.18,180.65,27.94,1,0,0
3,2,1042.88,501.62,116.37,22.44,1,0,0
3,3,1302.49,517.00,63.23,16.98,1,0,0
3,4,629.95,504.58,53.05,11.40,1,0,0
3,5,1440.12,508.51,90.96,24.59,1,0,0
3,6,1802.13,526.18,116.18,20.83,1,0,0
4,1,818.52,501.89,179.65,28.67,1,0,0
4,2,1033.26,507.50,120.45,25.10,1,0,0
4,3,1291.63,522.77,66.44,20.47,1,0,0
4,4,617.48,513.68,52.71,10.35,1,0,0
4,5,1435.47,516.46,79.72,25.24,1,0,0
4,6,1796.35,534.13,102.44,20.27,1,0,0
5,1,801.39,484.28,183.04,29.40,1,0,0
5,2,1017.20,491.69,125.22,22.43,1,0,0
5,3,1278.06,509.80,63.45,16.67,1,0,0
5,4,602.38,493.58,49.60,10.22,1,0,0
5,5,1418.22,500.73,84.89,26.27,1,0,0
5,6,1773.47,521.60,109.11,21.69,1,0,0
6,1,783.21,491.42,183.49,28.09,1,0,0
6,2,999.27,498.21,131.90,23.71,1,0,0
6,3,1258.93,516.72,63.66,18.45,1,0,0
6,4,583.79,500.38,52.17,10.43,1,0,0
6,5,1404.08,510.60,81.05,24.67,1,0,0
6,6,1755.06,529.47,103.11,17.55,1,0,0
7,1,775.08,493.62,184.28,27.56,1,0,0
7,2,991.31,501.02,125.10,22.71,1,0,0
7,3,1256.77,520.59,64.42,16.37,1,0,0
7,4,579.32,502.32,52.08,10.55,1,0,0
7,5,1393.42,512.35,82.79,27.66,1,0,0
7,6,1761.53,532.56,77.78,15.72,1,0,0
8,1,764.85,497.90,186.14,28.74,1,0,0
8,2,982.79,505.76,121.88,24.48,1,0,0
8,3,1247.48,525.08,65.74,16.99,1,0,0
8,4,566.31,507.14,52.18,11.32,1,0,0
8,5,1386.00,518.78,79.79,24.29,1,0,0
8,6,1734.96,537.49,92.41,17.12,1,0,0
9,1,755.73,506.19,186.46,27.84,1,0,0
9,2,972.64,512.08,123.06,22.98,1,0,0
9,3,1238.18,528.39,65.47,17.19,1,0,0
9,4,556.07,516.90,53.54,10.86,1,0,0
9,5,1367.69,519.58,85.82,25.88,1,0,0
9,6,1734.46,535.39,93.68,18.89,1,0,0
10,1,748.62,509.46,189.46,30.15,1,0,0
10,2,970.69,517.40,126.09,25.57,1,0,0
10,3,1235.11,536.87,64.10,16.39,1,0,0
10,4,550.82,517.86,49.30,10.10,1,0,0
10,5,1367.03,530.87,82.78,23.41,1,0,0
10,6,1728.09,550.22,110.21,23.19,1,0,0
11,1,743.12,512.85,188.77,29.43,1,0,0
11,2,964.21,520.36,120.03,23.71,1,0,0
11,3,1230.25,536.68,65.39,16.02,1,0,0
11,4,545.45,524.16,46.13,9.81,1,0,0
11,5,1366.21,528.21,85.36,25.04,1,0,0
11,6,1730.94,546.04,97.61,20.06,1,0,0
12,1,741.19,510.07,193.76,30.25,1,0,0
12,2,969.48,514.91,119.63,27.03,1,0,0
12,3,1235.78,537.20,60.57,15.39,1,0,0
12,4,546.26,519.36,45.26,8.88,1,0,0
12,5,1363.41,528.55,81.59,22.99,1,0,0
12,6,1735.59,548.03,89.64,19.16,1,0,0
13,1,744.15,506.17,191.33,31.20,1,0,0
13,2,968.69,513.56,118.60,24.57,1,0,0
13,3,1234.39,530.69,70.15,17.27,1,0,0
13,4,545.31,518.74,52.27,9.86,1,0,0
13,5,1376.49,524.94,75.35,23.76,1,0,0
13,6,1744.58,539.80,88.71,15.07,1,0,0
14,1,751.26,504.18,192.75,29.89,1,0,0
14,2,975.59,511.42,122.06,25.47,1,0,0
14,3,1247.65,530.21,64.62,15.78,1,0,0
14,4,554.94,513.90,52.90,10.80,1,0,0
14,5,1376.75,522.65,85.71,24.90,1,0,0
14,6,1761.29,543.56,95.17,16.26,1,0,0
15,1,761.44,499.54,191.71,30.92,1,0,0
15,2,988.23,506.70,118.65,26.13,1,0,0
15,3,1263.94,526.96,63.78,16.95,1,0,0
15,4,566.65,509.61,55.02,11.77,1,0,0
15,5,1390.43,518.06,85.71,26.80,1,0,0
15,6,1796.62,542.49,89.05,16.02,1,0,0
16,1,765.28,506.50,193.98,30.43,1,0,0
16,2,993.69,514.52,124.93,23.96,1,0,0
16,3,1270.83,528.91,59.89,15.98,1,0,0
16,4,571.14,521.14,52.20,10.91,1,0,0
16,5,1384.11,519.97,93.95,26.02,1,0,0
16,6,1791.01,537.92,116.49,17.08,1,0,0
17,1,760.77,488.76,196.21,32.11,1,0,0
17,2,989.37,497.18,130.79,25.88,1,0,0
17,3,1266.11,517.60,65.65,16.74,1,0,0
17,4,568.74,500.80,52.77,11.37,1,0,0
17,5,1397.93,510.32,81.37,24.86,1,0,0
17,6,1798.06,530.66,102.69,16.20,1,0,0
18,1,762.35,496.17,195.10,29.29,1,0,0
18,2,992.55,503.92,111.07,22.81,1,0,0
18,3,1275.31,525.17,59.33,14.90,1,0,0
18,4,569.14,507.04,50.40,10.96,1,0,0
18,5,1399.02,518.24,89.07,22.59,1,0,0
19,1,762.45,494.64,197.36,29.50,1,0,0
19,2,993.70,501.00,128.33,26.32,1,0,0
19,3,1271.54,522.49,71.26,16.17,1,0,0
19,4,571.32,508.04,50.15,11.29,1,0,0
19,5,1411.98,514.00,79.18,24.52,1,0,0
19,6,1822.33,532.38,97.67,18.34,1,0,0
20,1,761.09,486.37,199.57,30.54,1,0,0
20,2,991.34,493.75,126.66,26.07,1,0,0
20,3,1280.38,513.30,62.06,15.15,1,0,0
20,4,570.90,499.63,50.23,10.71,1,0,0
20,5,1405.03,507.12,84.87,24.36,1,0,0
20,6,1827.87,526.97,92.13,18.21,1,0,0
21,1,755.33,502.32,197.39,31.02,1,0,0
21,2,987.01,510.89,127.09,24.01,1,0,0
21,3,1275.89,528.78,61.49,16.79,1,0,0
21,4,561.86,513.60,61.59,12.33,1,0,0
21,5,1409.25,522.69,79.28,23.98,1,0,0
21,6,1832.90,544.37,87.10,20.87,1,0,0
22,1,752.67,495.31,200.09,31.97,1,0,0
22,2,988.56,503.15,116.94,24.31,1,0,0
22,3,1279.97,521.37,63.75,15.44,1,0,0
22,5,1411.98,513.85,80.28,24.18,1,0,0
22,6,1822.74,533.30,97.26,21.12,1,0,0
23,1,752.81,502.83,199.79,31.09,1,0,0
23,2,987.63,512.32,123.20,25.38,1,0,0
23,3,1278.26,530.79,63.22,16.15,1,0,0
23,5,1415.73,524.09,73.53,23.02,1,0,0
23,6,1844.21,544.66,75.79,16.78,1,0,0
23,4,561.35,515.55,54.95,11.03,1,0,0
24,1,744.25,505.00,203.61,30.40,1,0,0
24,2,981.60,513.55,118.24,24.73,1,0,0
24,3,1274.31,533.54,67.68,16.06,1,0,0
24,5,1412.80,523.95,68.68,22.79,1,0,0
24,6,1836.59,542.35,83.41,18.97,1,0,0
24,4,555.46,519.59,55.30,10.61,1,0,0
25,1,736.76,508.65,203.71,30.75,1,0,0
25,2,975.41,517.46,125.36,25.28,1,0,0
25,3,1270.48,538.37,67.28,16.56,1,0,0
25,5,1400.09,528.65,84.05,25.51,1,0,0
25,6,1822.95,552.69,97.05,17.58,1,0,0
25,4,504.55,517.32,61.22,10.27,1,0,0
26,1,731.85,508.85,205.98,31.35,1,0,0
26,2,971.01,518.01,119.28,24.27,1,0,0
26,3,1270.56,536.32,64.49,15.83,1,0,0
26,5,1401.99,527.44,76.04,23.03,1,0,0
26,6,1826.37,545.59,93.63,18.40,1,0,0
26,4,498.44,519.93,59.42,10.36,1,0,0
27,1,731.65,511.79,206.35,32.37,1,0,0
27,2,972.95,520.51,122.63,25.76,1,0,0
27,3,1270.41,544.03,68.65,16.53,1,0,0
27,5,1406.38,534.28,79.31,24.41,1,0,0
27,6,1859.08,559.15,60.92,14.77,1,0,0
27,4,498.74,520.21,56.40,10.12,1,0,0
28,1,725.93,509.06,207.79,31.68,1,0,0
28,2,969.79,516.14,115.57,25.73,1,0,0
28,3,1269.20,537.87,69.22,16.44,1,0,0
28,5,1396.86,525.60,83.94,24.39,1,0,0
28,6,1850.67,546.05,69.33,16.75,1,0,0
29,1,722.25,503.00,210.63,33.02,1,0,0
29,2,969.95,512.69,120.52,25.26,1,0,0
29,3,1275.31,531.56,61.07,15.79,1,0,0
29,5,1398.12,522.34,73.24,24.14,1,0,0
29,4,478.47,516.05,34.18,8.24,1,0,0
30,1,724.96,508.86,212.29,32.68,1,0,0
30,2,971.44,517.75,123.05,27.23,1,0,0
30,3,1280.49,541.51,62.39,15.78,1,0,0
30,5,1399.14,530.77,81.33,27.29,1,0,0
30,4,287.41,528.64,51.78,17.51,1,2,0
31,1,720.27,498.34,212.19,33.53,1,0,0
31,2,972.24,507.68,117.54,25.54,1,0,0
31,3,1280.57,527.29,64.43,16.97,1,0,0
31,5,1406.48,519.38,74.01,22.56,1,0,0
31,4,271.88,530.25,48.56,14.70,1,2,0
32,1,718.80,509.30,211.05,33.12,1,0,0
32,2,967.96,518.87,124.20,25.09,1,0,0
32,3,1278.49,540.89,64.96,17.47,1,0,0
32,5,1402.57,531.95,81.70,22.97,1,0,0
32,4,254.52,533.04,56.00,13.73,1,2,0
32,9,478.74,517.02,62.70,11.42,1,0,0
33,1,714.02,498.62,212.73,35.06,1,0,0
33,2,965.57,509.82,118.82,24.22,1,0,0
33,3,1278.25,533.01,64.05,15.60,1,0,0
33,5,1405.45,524.83,70.46,20.38,1,0,0
33,4,246.08,520.19,52.95,17.04,1,2,0
33,9,472.46,507.96,49.85,11.35,1,0,0
34,1,716.29,496.41,215.25,32.63,1,0,0
34,2,967.77,506.78,121.39,26.79,1,0,0
34,3,1280.63,529.09,65.80,15.95,1,0,0
34,5,1413.49,521.45,70.40,24.10,1,0,0
34,4,234.06,523.87,52.24,12.99,1,2,0
34,9,475.67,506.44,37.36,9.95,1,0,0
35,1,718.35,513.34,214.96,31.99,1,0,0
35,2,970.78,522.84,120.51,22.95,1,0,0
35,3,1291.58,542.91,61.93,16.30,1,0,0
35,5,1419.30,533.48,68.65,22.48,1,0,0
35,4,215.57,534.92,44.74,17.57,1,2,0
35,9,474.04,524.79,40.45,8.49,1,0,0
36,1,711.66,504.01,217.59,35.41,1,0,0
36,2,972.22,512.07,117.77,27.56,1,0,0
36,3,1286.25,532.21,62.37,16.63,1,0,0
36,5,1417.49,524.39,63.96,21.19,1,0,0
36,9,467.77,516.87,40.81,9.04,1,0,0
37,1,715.56,500.42,221.03,33.35,1,0,0
37,2,972.67,512.38,104.78,24.13,1,0,0
37,3,1296.40,537.25,57.90,13.79,1,0,0
37,5,1426.08,527.75,65.67,19.79,1,0,0
37,9,469.62,506.46,43.23,9.91,1,0,0
37,4,195.35,524.42,59.25,17.13,1,2,0
38,1,757.60,498.87,218.80,35.44,1,0,0
38,2,1016.70,512.37,115.10,26.58,1,0,0
38,3,1340.08,539.54,69.98,19.11,1,0,0
38,5,1478.05,535.04,64.34,18.52,1,0,0
38,9,513.44,501.84,46.13,9.99,1,0,0
39,1,798.85,505.13,220.81,33.30,1,0,0
39,2,1057.40,511.86,116.73,26.38,1,0,0
39,3,1399.47,531.04,60.83,15.34,1,0,0
39,5,1529.36,524.32,69.97,19.39,1,0,0
39,9,562.24,520.63,45.03,9.48,1,0,0
40,1,837.93,511.55,221.78,33.84,1,0,0
40,2,1098.45,520.76,120.74,27.23,1,0,0
40,3,1443.39,543.43,62.57,16.40,1,0,0
40,5,1578.44,535.05,70.52,22.79,1,0,0
40,9,600.46,521.60,46.29,9.13,1,0,0
41,1,869.62,509.16,226.47,35.66,1,0,0
41,2,1131.35,518.75,115.89,27.60,1,0,0
41,3,1478.25,544.01,61.11,16.31,1,0,0
41,5,1629.78,539.08,70.25,20.83,1,0,0
41,9,636.23,518.45,44.48,8.45,1,0,0
41,4,309.70,530.06,54.75,17.24,1,2,0
42,1,890.65,505.82,225.91,34.38,1,0,0
42,2,1157.33,513.77,134.99,27.30,1,0,0
42,3,1511.59,533.75,75.90,17.88,1,0,0
42,5,1664.36,523.17,70.32,20.57,1,0,0
42,9,658.95,521.87,45.06,8.85,1,0,0
42,4,330.91,545.72,56.17,14.86,1,2,0
43,1,910.39,509.72,225.95,36.03,1,0,0
43,2,1174.85,520.72,129.54,25.95,1,0,0
43,3,1543.23,544.78,74.58,18.32,1,0,0
43,5,1685.89,535.88,80.51,22.28,1,0,0
43,9,676.52,520.18,48.55,10.01,1,0,0
43,4,339.40,533.13,52.39,16.45,1,2,0
44,1,923.12,507.54,226.74,34.65,1,0,0
44,2,1193.36,518.41,130.89,26.71,1,0,0
44,3,1558.96,545.42,81.59,19.81,1,0,0
44,5,1715.90,537.62,76.51,21.65,1,0,0
44,9,687.10,515.40,51.02,10.76,1,0,0
44,4,337.54,531.03,56.05,14.77,1,2,0
45,1,932.32,502.72,227.62,35.00,1,0,0
45,2,1200.07,512.07,140.24,27.12,1,0,0
45,3,1577.24,532.05,74.61,19.09,1,0,0
45,5,1732.01,520.35,75.85,24.89,1,0,0
45,9,692.70,518.57,54.89,10.47,1,0,0
46,1,931.41,504.70,233.85,37.37,1,0,0
46,2,1201.19,517.01,145.73,27.14,1,0,0
46,3,1579.73,542.27,80.14,18.87,1,0,0
46,5,1731.52,533.87,86.06,24.43,1,0,0
46,9,691.34,515.07,56.52,11.22,1,0,0
47,1,935.49,497.83,229.86,37.42,1,0,0
47,2,1208.18,509.76,129.31,29.54,1,0,0
47,3,1589.18,539.10,80.30,20.05,1,0,0
47,5,1744.16,532.78,88.20,21.59,1,0,0
47,9,690.25,506.26,57.81,11.02,1,0,0
47,4,307.54,522.04,54.00,14.45,1,2,0
48,1,940.30,498.36,237.19,35.89,1,0,0
48,2,1213.07,508.81,139.25,26.83,1,0,0
48,3,1605.47,533.21,82.57,17.52,1,0,0
48,5,1754.98,522.75,83.41,23.15,1,0,0
48,9,697.23,511.57,59.21,10.58,1,0,0
49,1,957.30,496.34,234.42,36.85,1,0,0
49,2,1226.84,508.73,147.35,28.52,1,0,0
49,3,1630.11,536.21,82.82,17.75,1,0,0
49,5,1783.31,529.58,85.82,21.77,1,0,0
49,9,708.27,504.06,62.00,10.94,1,0,0
49,4,298.43,525.99,54.64,15.66,1,2,0
50,1,968.62,498.91,239.29,35.40,1,0,0
50,2,1249.49,510.10,140.52,29.19,1,0,0
50,3,1658.80,538.88,82.64,19.21,1,0,0
50,5,1808.86,529.18,89.21,23.93,1,0,0
50,9,718.78,508.94,65.66,11.12,1,0,0
50,4,288.26,527.80,66.02,15.32,1,2,0
51,1,981.67,501.77,238.55,36.51,1,0,0
51,2,1264.19,512.42,140.67,28.33,1,0,0
51,3,1677.37,537.28,85.86,19.76,1,0,0
51,5,1824.13,528.57,95.87,22.67,1,0,0
51,9,731.34,515.80,63.50,10.52,1,0,0
51,4,283.89,543.48,51.51,11.48,1,2,0
52,1,985.31,506.16,240.18,37.42,1,0,0
52,2,1272.42,516.56,149.28,27.55,1,0,0
52,3,1686.72,542.01,88.13,17.88,1,0,0
52,5,1837.03,530.25,82.97,24.52,1,0,0
52,9,732.51,518.98,66.86,11.41,1,0,0
52,4,273.67,542.24,61.39,15.31,1,2,0
53,1,982.22,504.40,240.21,37.65,1,0,0
53,2,1265.85,514.11,136.82,28.50,1,0,0
53,3,1700.56,540.30,77.10,18.50,1,0,0
53,5,1830.80,529.46,89.20,25.59,1,0,0
53,9,729.00,517.94,63.96,10.85,1,0,0
53,4,242.37,542.88,58.62,15.02,1,2,0
54,1,971.05,516.84,238.04,36.25,1,0,0
54,2,1262.40,526.02,140.42,28.14,1,0,0
54,3,1675.31,554.61,96.37,22.25,1,0,0
54,5,1830.87,544.04,89.13,26.29,1,0,0
54,9,715.21,528.19,63.56,11.24,1,0,0
54,4,201.45,549.36,68.43,16.01,1,2,0
55,1,967.04,513.23,240.71,39.19,1,0,0
55,2,1252.43,527.29,135.36,30.63,1,0,0
55,3,1689.13,559.45,79.18,19.50,1,0,0
55,5,1817.94,549.44,100.56,27.45,1,0,0
55,9,709.84,518.47,63.05,11.10,1,0,0
55,4,177.96,539.62,71.69,15.02,1,2,0
56,1,965.00,506.25,241.85,40.42,1,0,0
56,2,1261.51,517.23,193.52,28.69,1,0,0
56,3,1695.55,543.53,80.06,21.81,1,0,0
56,5,1830.22,533.37,87.63,24.53,1,0,0
56,9,705.84,519.70,64.03,11.31,1,0,0
56,4,146.08,545.16,72.29,20.02,1,2,0
57,1,961.79,503.44,244.49,37.35,1,0,0
57,2,1256.77,514.62,133.08,27.52,1,0,0
57,3,1699.89,541.42,78.17,20.52,1,0,0
57,5,1823.76,529.95,96.24,25.85,1,0,0
57,9,702.38,517.64,63.31,10.58,1,0,0
57,4,97.08,543.59,85.99,22.45,1,2,0
58,1,960.72,495.90,243.54,38.80,1,0,0
58,2,1252.13,508.72,146.42,28.43,1,0,0
58,3,1700.10,536.77,83.00,22.21,1,0,0
58,5,1816.47,530.66,103.53,27.33,1,0,0
58,9,698.11,505.77,63.42,11.44,1,0,0
58,4,67.08,527.92,81.02,19.68,1,2,0
59,1,960.44,494.23,245.48,38.83,1,0,0
59,2,1248.68,504.83,145.11,28.77,1,0,0
59,3,1708.56,529.26,81.98,22.52,1,0,0
59,5,1832.96,519.02,87.04,24.87,1,0,0
59,9,694.77,509.89,67.13,11.53,1,0,0
60,1,968.73,503.78,244.94,38.90,1,0,0
60,2,1257.50,514.05,154.14,28.97,1,0,0
60,3,1725.06,548.32,85.10,24.58,1,0,0
60,9,699.38,512.17,64.12,10.84,1,0,0
61,1,976.26,501.26,248.33,39.55,1,0,0
61,2,1275.95,507.22,170.18,35.21,1,0,0
61,3,1747.93,539.08,85.33,23.39,1,0,0
61,9,707.42,514.97,63.83,10.76,1,0,0
61,4,0.26,544.76,59.10,17.93,1,2,0
61,5,1866.31,529.55,53.69,25.33,1,0,0
62,1,980.79,491.31,248.82,39.62,1,0,0
62,2,1281.27,499.10,135.87,31.64,1,0,0
62,3,1762.92,527.50,88.90,22.33,1,0,0
62,9,713.12,507.60,62.20,11.18,1,0,0
62,5,1877.20,516.80,42.80,24.15,1,0,0
63,1,981.74,505.78,247.95,39.76,1,0,0
63,2,1285.56,509.41,132.07,33.83,1,0,0
63,3,1770.75,542.73,87.60,22.90,1,0,0
63,9,710.56,521.35,63.55,11.52,1,0,0
64,1,979.47,506.94,249.38,40.50,1,0,0
64,2,1282.99,517.26,141.57,33.89,1,0,0
64,3,1767.83,547.77,95.96,24.96,1,0,0
64,9,708.95,519.52,60.43,10.87,1,0,0
64,5,1889.74,543.19,30.26,20.67,1,0,0
65,1,973.48,492.66,251.67,40.40,1,0,0
65,2,1279.98,498.58,122.60,35.97,1,0,0
65,3,1774.60,530.60,86.06,24.33,1,0,0
65,9,700.51,507.21,63.58,11.55,1,0,0
66,1,973.05,509.45,250.83,38.89,1,0,0
66,2,1276.01,516.20,131.14,31.42,1,0,0
66,3,1773.10,550.99,94.89,28.36,1,0,0
66,9,692.64,520.92,70.14,12.59,1,0,0
67,1,958.36,495.56,253.90,42.48,1,0,0
67,2,1262.05,508.91,154.03,30.53,1,0,0
67,3,1765.22,538.02,92.56,28.25,1,0,0
67,9,677.00,508.33,66.20,11.77,1,0,0
68,1,955.09,496.60,256.68,39.73,1,0,0
68,2,1260.58,510.58,147.50,29.46,1,0,0
68,3,1756.63,541.61,104.16,25.26,1,0,0
68,9,673.68,506.95,66.77,12.11,1,0,0
69,1,943.89,500.41,257.94,41.27,1,0,0
69,2,1251.54,515.47,143.03,29.47,1,0,0
69,3,1749.63,545.16,105.77,24.87,1,0,0
69,9,660.99,514.42,62.05,10.54,1,0,0
70,1,934.70,497.84,258.05,43.11,1,0,0
70,2,1242.31,513.69,141.13,29.68,1,0,0
70,3,1742.93,547.75,102.41,22.34,1,0,0
70,9,649.44,508.84,65.68,11.24,1,0,0
71,1,938.65,502.55,260.24,41.86,1,0,0
71,2,1247.30,518.16,136.26,27.47,1,0,0
71,3,1738.94,547.14,124.02,28.01,1,0,0
71,9,652.10,512.32,65.22,10.77,1,0,0
72,1,939.61,496.70,262.02,43.31,1,0,0
72,2,1250.66,509.13,147.38,30.63,1,0,0
72,3,1765.62,536.63,103.07,26.45,1,0,0
72,9,650.64,514.22,66.53,10.87,1,0,0
73,1,940.06,502.31,264.45,42.27,1,0,0
73,2,1251.58,516.51,154.80,27.77,1,0,0
73,3,1779.61,542.67,106.40,25.66,1,0,0
73,9,649.49,518.68,65.49,10.89,1,0,0
74,1,940.17,501.24,267.48,43.48,1,0,0
74,2,1252.69,517.20,152.77,29.83,1,0,0
74,3,1786.70,548.85,107.43,25.03,1,0,0
74,9,648.78,514.17,64.39,10.62,1,0,0
75,1,943.60,504.95,269.68,42.41,1,0,0
75,2,1254.66,522.19,165.96,27.97,1,0,0
75,3,1806.25,555.62,112.21,26.52,1,0,0
75,9,649.96,513.76,64.46,10.99,1,0,0
76,1,955.80,496.43,270.02,43.76,1,0,0
76,2,1272.95,512.26,161.02,28.87,1,0,0
76,3,1829.52,543.81,90.48,23.18,1,0,0
76,9,658.38,512.96,62.20,10.04,1,0,0
77,1,995.79,508.39,275.97,42.72,1,0,0
77,2,1314.22,524.87,165.96,29.11,1,0,0
77,9,695.18,516.88,67.33,10.99,1,0,0
78,1,1042.49,502.41,278.95,44.59,1,0,0
78,2,1369.36,520.95,166.46,32.22,1,0,0
78,9,741.69,510.07,65.32,11.64,1,0,0
79,1,1075.39,500.98,286.22,44.82,1,0,0
79,2,1409.58,516.64,172.46,31.05,1,0,0
79,9,776.49,522.03,66.01,10.89,1,0,0
80,1,1080.66,487.83,287.04,46.46,1,0,0
80,2,1406.44,502.65,155.84,31.18,1,0,0
80,9,781.23,510.55,63.75,10.54,1,0,0
81,1,1062.34,497.47,288.70,45.34,1,0,0
81,2,1394.04,516.01,185.31,31.68,1,0,0
81,9,759.15,511.76,63.72,10.68,1,0,0
82,1,1039.79,502.74,288.21,46.35,1,0,0
82,2,1367.95,519.31,173.42,32.31,1,0,0
82,9,733.27,517.56,67.41,11.30,1,0,0
83,1,1017.73,502.08,291.17,44.73,1,0,0
83,2,1338.97,519.02,179.87,26.63,1,0,0
83,9,707.22,520.09,66.59,12.28,1,0,0
84,1,999.08,507.43,289.87,48.91,1,0,0
84,2,1321.24,526.37,177.31,29.98,1,0,0
84,9,681.53,518.30,71.45,12.89,1,0,0
85,1,986.59,498.41,293.55,46.82,1,0,0
85,2,1311.43,517.44,178.40,30.99,1,0,0
85,9,671.68,513.36,66.61,11.65,1,0,0
86,1,992.39,508.43,294.11,45.73,1,0,0
86,2,1318.90,527.88,185.40,26.82,1,0,0
86,9,675.36,522.76,68.97,11.26,1,0,0
87,1,999.22,505.45,298.03,49.44,1,0,0
87,2,1321.38,524.17,186.00,31.37,1,0,0
87,9,681.37,516.24,69.04,11.44,1,0,0
88,1,1004.70,500.52,295.41,48.67,1,0,0
88,2,1330.58,518.73,199.33,28.04,1,0,0
88,9,681.91,522.75,70.86,11.85,1,0,0
89,1,1006.32,510.25,297.82,48.06,1,0,0
89,2,1331.36,531.77,187.99,31.73,1,0,0
89,9,682.56,517.81,66.30,11.39,1,0,0
90,1,1010.42,510.06,303.31,48.39,1,0,0
90,2,1335.07,529.29,191.99,34.27,1,0,0
90,9,681.89,525.07,69.70,11.23,1,0,0
91,1,1012.14,511.73,311.13,49.72,1,0,0
91,2,1339.57,531.35,191.50,31.94,1,0,0
91,9,683.35,527.45,71.39,11.97,1,0,0
92,1,1024.93,497.99,310.17,52.30,1,0,0
92,2,1379.60,522.04,205.23,30.06,1,0,0
92,9,691.38,513.77,68.05,11.46,1,0,0
93,1,1033.29,502.28,319.13,51.44,1,0,0
93,2,1366.22,523.81,210.44,31.40,1,0,0
93,9,702.02,518.86,68.60,11.66,1,0,0
94,1,1048.19,495.44,319.86,52.91,1,0,0
94,2,1397.72,516.70,197.65,34.34,1,0,0
94,9,708.37,509.51,79.06,13.34,1,0,0
95,1,1060.61,488.25,327.62,52.36,1,0,0
95,2,1442.02,510.40,188.29,34.33,1,0,0
95,9,719.19,503.82,75.80,12.53,1,0,0
96,1,1088.65,484.62,325.43,54.14,1,0,0
96,2,1464.63,504.83,181.03,33.64,1,0,0
96,9,745.56,507.03,75.81,13.13,1,0,0
97,1,1114.21,489.79,336.17,54.27,1,0,0
97,2,1500.95,508.93,174.60,36.67,1,0,0
97,9,767.06,511.52,74.09,12.56,1,0,0
98,1,1136.31,488.89,339.69,56.19,1,0,0
98,2,1518.16,509.08,208.83,38.79,1,0,0
98,9,785.62,506.82,75.52,13.63,1,0,0
99,1,1158.17,486.78,349.81,55.33,1,0,0
99,2,1555.79,506.60,214.71,39.96,1,0,0
99,9,807.08,511.74,74.06,13.27,1,0,0
100,1,1189.30,488.79,345.50,56.61,1,0,0
100,2,1604.28,508.46,192.51,38.78,1,0,0
100,9,830.77,508.93,75.06,12.93,1,0,0
101,1,1212.57,489.82,361.87,56.98,1,0,0
101,2,1636.33,508.57,204.86,39.81,1,0,0
101,9,852.71,517.64,76.32,12.95,1,0,0
102,1,1228.56,500.08,370.70,57.36,1,0,0
102,2,1637.72,521.97,240.14,34.91,1,0,0
102,9,862.82,526.34,76.70,13.33,1,0,0
103,1,1243.64,503.71,372.40,59.34,1,0,0
103,2,1669.58,527.54,250.42,38.81,1,0,0
103,9,870.91,518.90,78.48,13.69,1,0,0
104,1,1245.48,502.90,376.72,61.43,1,0,0
104,2,1672.53,526.23,247.47,38.70,1,0,0
104,9,869.24,531.77,78.69,13.27,1,0,0
105,1,1239.20,503.52,383.41,61.58,1,0,0
105,2,1659.24,529.14,260.76,37.99,1,0,0
105,9,859.28,522.71,75.61,13.51,1,0,0
106,1,1236.15,507.81,378.07,59.99,1,0,0
106,2,1642.12,535.54,277.88,40.07,1,0,0
106,9,849.46,522.75,77.64,13.61,1,0,0
107,1,1234.41,496.01,386.64,62.97,1,0,0
107,2,1658.08,522.05,261.92,36.94,1,0,0
107,9,842.90,520.08,77.55,14.07,1,0,0
108,1,1225.10,487.56,391.72,64.81,1,0,0
108,2,1632.49,516.14,236.39,37.24,1,0,0
108,9,832.05,510.84,76.76,13.81,1,0,0
109,1,1225.77,495.29,393.41,62.87,1,0,0
109,2,1656.50,523.16,258.69,37.26,1,0,0
109,9,828.88,511.79,76.89,14.21,1,0,0
110,1,1233.70,480.31,393.98,66.35,1,0,0
110,2,1665.53,502.81,254.30,38.91,1,0,0
110,9,829.56,514.31,79.12,13.70,1,0,0
111,1,1231.05,483.55,403.32,62.28,1,0,0
111,2,1661.26,506.59,258.74,36.70,1,0,0
111,9,816.96,512.71,85.96,13.77,1,0,0
112,1,1230.43,503.01,407.26,64.28,1,0,0
112,2,1667.77,532.77,252.23,43.26,1,0,0
112,9,815.26,514.44,81.25,14.16,1,0,0
113,1,1225.73,490.46,410.55,65.15,1,0,0
113,2,1658.04,517.03,261.96,38.30,1,0,0
113,9,807.61,517.31,81.39,13.94,1,0,0
114,1,1219.62,490.31,418.62,63.55,1,0,0
114,2,1655.97,517.95,264.03,35.45,1,0,0
114,9,798.04,518.05,80.54,13.72,1,0,0
115,1,1221.07,494.32,418.26,65.54,1,0,0
115,2,1668.29,522.74,251.71,40.69,1,0,0
115,9,796.02,515.78,81.25,14.18,1,0,0
116,1,1215.59,485.72,421.32,67.06,1,0,0
116,2,1647.17,511.49,272.83,40.11,1,0,0
116,9,786.13,512.73,81.34,13.93,1,0,0
117,1,1211.56,496.08,427.34,67.35,1,0,0
117,2,1645.24,523.95,242.21,39.54,1,0,0
117,9,774.01,518.26,89.24,14.56,1,0,0
118,1,1213.38,496.33,425.05,67.71,1,0,0
118,2,1644.48,523.80,250.62,43.42,1,0,0
118,9,771.49,518.28,89.20,14.68,1,0,0
119,1,1208.75,491.33,425.35,68.53,1,0,0
119,2,1632.60,516.20,262.85,42.15,1,0,0
119,9,763.00,524.22,88.79,13.71,1,0,0
120,1,1194.63,510.93,418.19,67.16,1,0,0
120,2,1629.60,542.19,261.05,39.53,1,0,0
120,9,744.69,525.77,88.55,15.53,1,0,0
121,1,1187.75,515.49,418.96,68.16,1,0,0
121,2,1635.45,545.55,221.95,42.05,1,0,0
121,9,731.65,527.55,79.70,14.34,1,0,0
122,1,1175.34,503.42,427.05,68.82,1,0,0
122,2,1627.52,527.86,211.62,41.20,1,0,0
122,9,715.28,526.54,81.69,15.14,1,0,0
123,1,1170.89,496.91,441.36,71.41,1,0,0
123,2,1618.58,527.09,209.94,41.83,1,0,0
123,9,706.60,512.25,81.53,14.39,1,0,0
124,1,1173.06,484.29,432.84,71.46,1,0,0
124,2,1608.47,516.09,260.22,38.95,1,0,0
124,9,700.06,507.46,86.56,13.98,1,0,0
125,1,1175.02,476.66,439.39,66.60,1,0,0
125,9,699.86,497.89,81.65,13.03,1,0,0
126,1,1180.74,476.19,428.90,69.42,1,0,0
126,9,698.74,500.12,86.40,13.02,1,0,0
126,2,1604.88,500.39,305.54,43.92,1,0,0
127,1,1188.60,483.93,421.41,64.64,1,0,0
127,9,702.30,501.82,87.52,13.65,1,0,0
127,2,1630.96,507.10,281.22,42.88,1,0,0
128,1,1194.43,479.83,437.75,64.81,1,0,0
128,9,701.31,502.76,88.27,13.98,1,0,0
129,1,1197.72,502.52,436.46,64.79,1,0,0
129,9,699.23,520.15,87.78,13.79,1,0,0
129,2,1694.77,524.20,225.23,42.37,1,0,0
130,1,1201.24,498.06,465.98,70.98,1,0,0
130,9,694.95,513.94,89.16,14.00,1,0,0
130,2,1699.56,522.16,201.74,44.51,1,0,0
131,1,1202.97,491.37,462.54,70.00,1,0,0
131,9,692.68,517.12,88.04,13.73,1,0,0
131,2,1704.34,513.59,215.66,41.84,1,0,0
132,1,1205.25,494.70,458.43,67.73,1,0,0
132,9,688.53,514.18,91.52,13.60,1,0,0
132,2,1752.95,515.02,167.05,43.30,1,0,0
133,1,1206.02,491.97,480.81,69.08,1,0,0
133,9,682.86,513.17,94.36,13.63,1,0,0
134,1,1204.07,494.15,486.23,73.17,1,0,0
134,9,673.27,509.59,94.20,13.76,1,0,0
134,2,1767.02,521.59,152.98,42.77,1,0,0
135,1,1191.93,496.68,483.66,73.04,1,0,0
135,9,656.71,517.85,95.06,15.27,1,0,0
135,2,1666.77,524.67,246.19,41.33,1,0,0
136,1,1188.17,495.35,482.86,73.00,1,0,0
136,9,649.43,504.78,91.82,14.97,1,0,0
137,1,1185.07,494.88,490.19,74.43,1,0,0
137,9,637.05,511.70,92.21,14.24,1,0,0
137,2,1775.54,524.15,144.46,40.92,1,0,0
138,1,1187.75,504.47,491.25,73.70,1,0,0
138,9,636.44,523.37,93.34,14.77,1,0,0
138,2,1697.72,530.89,222.28,43.94,1,0,0
139,1,1186.24,492.46,497.94,75.20,1,0,0
139,9,627.77,504.48,95.41,16.02,1,0,0
139,2,1766.90,520.57,153.10,42.76,1,0,0
140,1,1196.44,495.13,520.88,76.33,1,0,0
140,9,631.84,509.57,97.67,15.58,1,0,0
140,2,1754.11,524.19,165.89,44.22,1,0,0
141,1,1206.05,492.86,533.66,73.88,1,0,0
141,9,637.06,517.33,99.95,15.90,1,0,0
141,2,1765.35,515.05,154.65,43.52,1,0,0
142,1,1213.98,490.33,533.37,77.74,1,0,0
142,9,639.27,507.83,94.53,16.33,1,0,0
142,2,1761.84,516.56,158.16,44.09,1,0,0
143,1,1224.07,492.42,534.19,81.07,1,0,0
143,9,640.04,512.87,93.91,15.99,1,0,0
143,2,1813.00,521.40,107.00,44.80,1,0,0
144,1,1232.39,492.30,550.92,82.14,1,0,0
144,9,644.45,521.73,97.79,15.07,1,0,0
144,2,1849.38,522.54,70.62,23.59,1,0,0
145,1,1249.80,493.11,546.09,84.49,1,0,0
145,9,649.61,511.94,95.44,16.05,1,0,0
146,1,1253.53,489.53,561.28,82.46,1,0,0
146,9,651.19,510.05,97.24,16.86,1,0,0
147,1,1266.99,500.73,575.04,84.87,1,0,0
147,9,653.91,520.49,96.20,16.22,1,0,0
148,1,1271.56,491.80,584.76,88.33,1,0,0
148,9,646.77,510.84,98.77,15.94,1,0,0
149,1,1269.90,484.95,616.36,86.33,1,0,0
149,9,637.09,508.67,102.84,15.47,1,0,0
150,1,1267.75,490.92,597.64,91.18,1,0,0
150,9,629.26,513.47,96.65,16.64,1,0,0
151,1,1274.73,488.05,566.59,94.38,1,0,0
151,9,625.66,507.83,99.24,16.61,1,0,0
152,1,1277.04,474.01,607.55,89.84,1,0,0
152,9,617.51,504.49,102.43,17.58,1,0,0
153,1,1280.37,487.60,632.43,92.72,1,0,0
153,9,615.22,510.54,102.62,16.44,1,0,0
154,1,1287.81,489.25,632.19,93.21,1,0,0
154,9,615.56,506.09,101.77,17.03,1,0,0
155,1,1297.47,476.52,622.53,96.36,1,0,0
155,9,618.15,510.82,99.72,16.57,1,0,0
156,1,1308.07,479.77,610.40,93.97,1,0,0
156,9,614.97,510.04,104.42,16.80,1,0,0
157,1,1318.14,485.92,601.86,96.22,1,0,0
157,9,618.28,509.82,101.28,15.67,1,0,0
158,1,1332.09,476.80,587.91,102.15,1,0,0
158,9,617.10,505.52,102.96,17.13,1,0,0
159,1,1333.96,475.37,586.04,99.44,1,0,0
159,9,614.39,511.40,101.70,15.66,1,0,0
160,1,1342.42,490.26,577.58,101.21,1,0,0
160,9,607.95,513.97,102.78,16.83,1,0,0
161,1,1348.29,477.46,571.71,104.09,1,0,0
161,9,605.93,514.42,101.64,16.54,1,0,0
162,1,1351.50,476.02,568.50,103.85,1,0,0
162,9,596.48,514.62,101.40,16.07,1,0,0
163,1,1356.51,490.69,563.49,112.47,1,0,0
163,9,590.61,513.70,101.06,17.40,1,0,0
164,1,1403.66,486.34,516.34,117.49,1,0,0
164,9,626.17,507.82,101.09,18.24,1,0,0
165,1,1458.46,468.85,461.54,120.62,1,0,0
165,9,663.49,507.24,99.91,16.25,1,0,0
166,1,1510.38,473.24,409.62,121.33,1,0,0
166,9,697.92,513.36,96.26,16.34,1,0,0
167,1,1565.05,477.83,354.95,120.27,1,0,0
167,9,731.99,511.19,94.65,17.90,1,0,0
168,1,1627.48,461.40,292.52,137.85,1,0,0
168,9,766.41,504.05,97.66,18.68,1,0,0
169,1,1687.17,455.41,232.83,137.78,1,0,0
169,9,794.78,509.92,97.39,17.71,1,0,0
170,1,1729.29,453.68,190.71,103.97,1,0,0
170,9,814.03,509.38,97.67,16.78,1,0,0
171,1,1773.72,457.11,146.28,90.30,1,0,0
171,9,827.33,511.13,96.97,17.40,1,0,0
172,1,1810.44,459.12,109.56,92.83,1,0,0
172,9,833.88,510.92,98.67,15.62,1,0,0
172,13,1806.93,530.29,76.86,26.22,1,1,0
173,1,1853.14,464.64,66.86,67.04,1,0,0
173,9,845.90,516.19,94.70,15.87,1,0,0
173,13,1828.86,537.46,91.14,27.50,1,1,0
174,9,855.78,519.36,97.63,15.98,1,0,0
174,13,1863.29,536.18,56.71,27.40,1,1,0
175,9,868.99,519.58,99.73,16.23,1,0,0
175,13,1894.56,535.88,25.44,25.80,1,1,0
176,9,872.85,508.75,99.12,15.10,1,0,0
177,9,873.44,513.06,100.07,15.76,1,0,0
178,9,869.68,519.25,102.31,16.22,1,0,0
179,9,869.60,522.43,96.02,16.50,1,0,0
180,9,866.87,527.13,96.46,15.87,1,0,0
181,9,857.94,517.14,101.78,16.04,1,0,0
182,9,862.72,511.10,101.90,18.61,1,0,0
183,9,858.75,499.03,108.78,17.64,1,0,0
184,9,865.16,511.00,104.14,17.48,1,0,0
185,9,872.43,506.91,102.18,16.33,1,0,0
186,9,887.76,520.10,102.30,17.78,1,0,0
187,9,895.29,519.20,103.84,17.41,1,0,0
188,9,896.72,515.93,103.58,19.92,1,0,0
189,9,900.53,523.58,100.33,19.37,1,0,0
190,9,871.48,522.69,101.21,18.80,1,0,0
191,9,820.15,525.17,100.17,18.92,1,0,0
192,9,758.33,515.04,105.23,20.54,1,0,0
193,9,695.30,508.49,103.13,20.89,1,0,0
194,9,664.12,504.28,103.81,20.24,1,0,0
194,14,1769.16,517.34,150.84,41.44,1,0,0
195,9,645.26,501.71,104.27,20.57,1,0,0
195,14,1745.97,519.60,174.03,44.54,1,0,0
196,9,614.07,496.92,107.05,20.55,1,0,0
197,9,575.12,505.63,108.65,20.90,1,0,0
197,14,1676.02,501.31,229.45,37.85,1,0,0
198,9,545.22,503.22,110.98,21.74,1,0,0
198,14,1651.06,537.00,238.00,42.25,1,0,0
199,9,543.82,496.07,114.10,22.36,1,0,0
199,14,1643.99,528.40,237.75,46.24,1,0,0
200,9,554.62,503.66,117.64,20.20,1,0,0
200,14,1641.69,509.84,273.72,45.20,1,0,0
201,9,568.03,509.58,118.86,20.39,1,0,0
201,14,1656.26,509.11,263.74,45.02,1,0,0
202,9,576.75,502.53,117.75,18.99,1,0,0
202,14,1737.87,516.56,182.13,46.61,1,0,0
203,9,585.63,503.34,115.10,21.04,1,0,0
203,14,1768.51,513.88,151.49,41.75,1,0,0
204,9,590.62,504.16,117.68,20.22,1,0,0
204,14,1775.31,514.23,144.69,45.22,1,0,0
205,9,591.84,508.20,120.03,20.02,1,0,0
205,14,1780.92,514.97,139.08,43.90,1,0,0
206,9,595.88,507.19,118.12,19.40,1,0,0
206,14,1816.11,521.10,103.89,44.36,1,0,0
207,9,592.75,507.12,126.25,21.01,1,0,0
207,14,1826.60,518.55,93.40,43.69,1,0,0
208,9,577.24,516.84,124.04,21.31,1,0,0
208,14,1817.28,515.89,102.72,44.01,1,0,0
209,9,541.25,512.60,127.26,23.09,1,0,0
209,14,1773.84,523.19,146.16,42.21,1,0,0
210,9,519.19,511.09,127.64,26.39,1,0,0
210,14,1755.49,537.60,162.00,42.86,1,0,0
211,9,482.91,505.69,134.03,29.30,1,0,0
211,14,1716.23,524.84,203.77,46.81,1,0,0
212,9,452.29,512.65,135.83,27.38,1,0,0
212,14,1677.49,528.01,242.51,46.14,1,0,0
213,9,396.12,496.49,145.18,31.39,1,0,0
213,14,1628.05,516.21,284.96,47.91,1,0,0
214,9,322.36,494.75,147.74,31.37,1,0,0
214,14,1557.65,515.62,259.12,43.42,1,0,0
215,9,261.10,484.25,158.22,31.56,1,0,0
215,14,1504.75,520.73,251.65,46.44,1,0,0
216,9,199.15,485.49,169.19,34.01,1,0,0
216,14,1459.99,517.50,251.54,40.65,1,0,0
217,9,151.92,475.35,178.46,36.51,1,0,0
217,14,1435.13,514.48,239.47,41.28,1,0,0
218,9,115.51,473.93,190.68,36.16,1,0,0
218,14,1410.60,513.71,233.98,43.72,1,0,0
219,9,99.27,482.94,190.72,40.27,1,0,0
219,14,1403.02,504.48,238.01,44.11,1,0,0
220,9,67.48,477.91,196.48,37.87,1,0,0
220,14,1404.55,511.14,217.37,40.50,1,0,0
221,9,45.45,466.02,195.06,39.87,1,0,0
221,14,1392.57,512.68,226.35,40.74,1,0,0
222,9,24.16,473.63,211.13,36.88,1,0,0
222,14,1404.24,513.17,213.29,42.05,1,0,0
224,9,8.63,477.85,221.00,39.84,1,0,0
