1,1,1131.29,572.03,193.03,95.40,1,1,0
1,2,432.11,542.92,98.04,98.33,1,1,0
1,3,1545.76,621.25,109.33,36.92,1,1,0
1,4,742.59,590.14,187.38,43.03,1,1,0
1,5,870.58,674.72,20.87,17.39,1,3,0
1,6,1282.03,597.16,99.92,59.50,1,1,0
1,7,1045.17,671.04,18.88,14.76,1,3,0
1,8,587.55,681.32,28.31,21.60,1,3,0
1,9,383.52,679.05,33.26,25.92,1,3,0
1,10,746.33,676.45,23.80,20.38,1,3,0
1,11,1111.11,670.18,16.96,13.81,1,3,0
1,12,964.72,672.76,20.36,16.08,1,3,0
1,13,1431.73,627.70,102.50,23.06,1,1,0
1,14,1167.63,670.49,15.62,11.71,1,3,0
1,15,1647.98,633.18,67.90,25.98,1,1,0
1,16,108.76,679.00,40.47,32.58,1,3,0
1,17,1257.65,670.45,12.90,9.98,1,3,0
1,18,1321.89,668.43,11.59,8.39,1,3,0
1,19,1218.69,671.53,14.57,11.49,1,3,0
1,20,1890.20,640.42,29.80,25.99,1,1,0
1,21,1292.27,669.51,12.39,9.20,1,3,0
1,22,1045.07,620.14,30.81,17.07,1,2,0
2,1,1015.01,552.09,192.57,95.41,1,1,0
2,2,295.16,525.20,104.25,98.74,1,1,0
2,3,1526.62,610.94,64.63,24.71,1,1,0
2,4,627.72,572.23,188.29,42.97,1,1,0
2,5,838.11,653.98,20.25,16.68,1,3,0
2,6,1164.56,578.55,100.37,57.41,1,1,0
2,7,989.04,651.06,17.22,13.35,1,3,0
2,8,606.98,660.89,25.33,20.22,1,3,0
2,9,433.42,666.07,28.41,21.73,1,3,0
2,10,740.29,657.66,21.12,18.49,1,3,0
2,11,1048.38,651.16,15.96,12.10,1,3,0
2,12,921.32,652.80,18.56,14.93,1,3,0
2,13,1424.07,599.15,106.63,36.01,1,1,0
2,14,1138.50,649.27,12.92,9.25,1,3,0
2,15,1745.43,612.50,99.68,31.62,1,1,0
2,16,208.07,663.97,37.29,28.54,1,3,0
2,17,1203.91,647.88,12.20,7.61,1,3,0
2,18,1315.46,607.71,97.64,21.11,1,1,0
2,19,1173.77,648.01,12.14,8.70,1,3,0
2,22,933.25,601.61,29.08,16.23,1,2,0
3,1,990.74,539.78,193.34,95.23,1,1,0
3,2,260.36,515.39,104.93,98.40,1,1,0
3,3,1503.71,600.60,61.15,24.30,1,1,0
3,4,603.70,561.70,189.39,42.79,1,1,0
3,5,804.98,644.93,20.88,17.52,1,3,0
3,6,1143.79,565.47,99.03,59.21,1,1,0
3,7,960.20,640.27,17.27,14.10,1,3,0
3,8,561.50,650.79,25.51,20.15,1,3,0
3,9,376.19,654.60,31.17,22.95,1,3,0
3,10,702.95,648.84,22.51,18.89,1,3,0
3,11,1021.12,640.18,15.48,12.41,1,3,0
3,12,889.24,643.23,18.57,15.42,1,3,0
3,13,1402.41,588.27,104.68,35.96,1,1,0
3,14,1112.23,636.85,13.83,9.53,1,3,0
3,15,1717.87,600.76,99.21,31.86,1,1,0
3,16,138.02,654.84,38.04,27.52,1,3,0
3,17,1180.10,636.04,12.49,8.49,1,3,0
3,18,1293.50,597.22,97.93,20.47,1,1,0
3,19,1149.24,636.73,12.52,9.53,1,3,0
3,22,910.83,590.84,27.74,16.71,1,2,0
3,21,1362.70,623.60,5.00,3.99,1,3,0
4,1,996.33,561.64,192.01,96.62,1,1,0
4,2,255.56,533.88,105.85,101.84,1,1,0
4,3,1513.79,623.09,64.60,24.60,1,1,0
4,4,608.58,585.00,192.01,41.79,1,1,0
4,5,795.29,669.10,22.10,17.65,1,3,0
4,6,1150.31,588.09,102.54,59.91,1,1,0
4,7,958.79,664.68,17.16,14.12,1,3,0
4,8,533.57,674.01,28.42,21.90,1,3,0
4,9,334.64,676.80,32.74,24.84,1,3,0
4,10,684.32,672.72,23.64,18.16,1,3,0
4,11,1020.13,664.70,16.12,12.43,1,3,0
4,12,883.80,668.41,19.64,16.53,1,3,0
4,13,1413.84,612.99,100.62,34.12,1,1,0
4,14,1075.10,663.48,14.13,11.52,1,3,0
4,15,1726.88,623.75,105.40,32.83,1,1,0
4,16,79.44,681.69,41.17,29.14,1,3,0
4,17,1154.61,660.65,12.78,9.97,1,3,0
4,18,1303.34,620.65,96.88,19.97,1,1,0
4,19,1116.75,662.92,12.66,10.00,1,3,0
4,22,908.62,610.92,42.30,19.83,1,2,0
4,21,1186.22,659.95,11.81,9.37,1,3,0
5,1,1002.47,578.32,193.06,97.14,1,1,0
5,2,254.56,550.63,105.24,99.85,1,1,0
5,3,1524.52,640.89,66.43,24.39,1,1,0
5,4,614.34,598.59,191.86,43.61,1,1,0
5,5,787.72,686.08,22.28,17.34,1,3,0
5,6,1156.40,604.61,104.85,60.53,1,1,0
5,7,958.52,682.21,17.56,14.52,1,3,0
5,8,513.06,691.14,29.51,23.35,1,3,0
5,9,303.19,695.15,33.41,25.03,1,3,0
5,10,669.89,687.95,24.77,18.77,1,3,0
5,11,1022.80,682.55,16.45,13.25,1,3,0
5,12,881.28,683.75,19.82,16.15,1,3,0
5,13,1424.99,629.65,100.21,34.77,1,1,0
5,14,1079.24,681.79,14.75,11.29,1,3,0
5,15,1740.57,641.62,104.06,32.78,1,1,0
5,16,30.09,701.38,41.76,33.95,1,3,0
5,17,1192.91,676.67,13.17,10.25,1,3,0
5,18,1313.53,636.49,96.78,20.94,1,1,0
5,19,1121.90,680.18,13.55,10.31,1,3,0
5,22,922.76,628.71,34.67,17.94,1,2,0
5,21,1160.80,677.83,13.53,10.44,1,3,0
6,1,1002.69,564.70,194.12,99.48,1,1,0
6,2,247.28,541.46,104.89,101.27,1,1,0
6,3,1528.46,627.00,66.98,24.55,1,1,0
6,4,615.71,589.67,192.77,42.98,1,1,0
6,5,774.15,675.69,22.06,18.24,1,3,0
6,6,1157.04,591.28,106.79,62.17,1,1,0
6,7,952.39,672.18,19.21,14.81,1,3,0
6,8,488.98,683.92,30.42,23.31,1,3,0
6,9,268.38,689.17,34.66,26.59,1,3,0
6,10,652.14,678.18,25.99,19.91,1,3,0
6,11,1019.67,671.08,17.41,13.50,1,3,0
6,12,871.82,673.08,20.25,16.63,1,3,0
6,13,1428.32,616.72,101.14,34.21,1,1,0
6,14,1075.58,669.01,15.86,11.47,1,3,0
6,15,1744.84,627.08,105.11,33.06,1,1,0
6,16,0.22,697.60,18.02,33.41,1,3,0
6,17,1192.57,664.86,13.63,10.44,1,3,0
6,18,1316.45,623.65,96.80,21.16,1,1,0
6,19,1160.23,666.12,13.42,10.43,1,3,0
6,22,922.51,616.99,40.42,18.73,1,2,0
6,21,1119.78,667.61,14.30,10.81,1,3,0
7,1,998.69,537.46,199.28,99.29,1,1,0
7,2,238.61,518.57,105.32,102.39,1,1,0
7,3,1534.39,598.28,57.90,24.08,1,1,0
7,4,615.76,565.85,192.77,42.57,1,1,0
7,5,760.86,652.81,22.79,19.41,1,3,0
7,6,1157.49,563.31,108.31,61.61,1,1,0
7,7,945.77,646.99,19.15,15.59,1,3,0
7,8,463.14,663.46,30.68,22.19,1,3,0
7,9,229.10,670.37,37.33,26.38,1,3,0
7,10,636.28,656.95,26.08,18.44,1,3,0
7,11,1013.80,643.13,17.63,12.90,1,3,0
7,12,860.62,648.24,21.31,17.40,1,3,0
7,13,1431.16,587.53,104.28,35.16,1,1,0
7,14,1072.25,641.64,15.58,12.29,1,3,0
7,15,1747.29,596.51,107.44,32.63,1,1,0
7,17,1159.12,639.86,12.51,10.67,1,3,0
7,18,1318.26,594.96,98.64,22.09,1,1,0
7,19,1118.14,641.29,14.57,11.27,1,3,0
7,22,923.68,592.19,41.65,18.46,1,2,0
8,1,997.92,540.79,201.68,101.29,1,1,0
8,2,228.32,521.76,106.79,102.41,1,1,0
8,3,1536.58,602.78,60.13,24.25,1,1,0
8,4,616.33,568.93,191.81,42.78,1,1,0
8,5,746.07,660.11,23.16,19.56,1,3,0
8,6,1158.09,566.38,109.31,62.92,1,1,0
8,7,936.29,651.25,20.01,15.87,1,3,0
8,8,426.60,667.57,32.78,24.91,1,3,0
8,9,177.01,674.27,39.38,27.69,1,3,0
8,10,614.58,662.10,26.45,19.96,1,3,0
8,11,1006.79,647.94,17.60,13.07,1,3,0
8,12,849.44,654.22,21.45,17.75,1,3,0
8,13,1435.11,591.87,102.26,34.55,1,1,0
8,14,1069.58,647.60,16.06,12.53,1,3,0
8,15,1751.17,601.47,106.02,32.44,1,1,0
8,17,1193.29,642.12,13.17,10.14,1,3,0
8,18,1321.74,600.73,97.95,20.26,1,1,0
8,19,1158.02,644.15,13.56,10.58,1,3,0
8,22,925.57,596.20,38.19,18.06,1,2,0
8,21,1116.52,645.83,14.69,11.02,1,3,0
9,1,999.95,560.46,202.39,102.95,1,1,0
9,2,220.59,533.45,109.41,105.46,1,1,0
9,3,1542.66,626.36,60.89,24.90,1,1,0
9,4,618.41,585.86,193.64,43.09,1,1,0
9,5,730.71,677.05,24.40,19.54,1,3,0
9,6,1158.69,587.08,114.98,63.55,1,1,0
9,7,929.95,672.69,20.40,15.91,1,3,0
9,8,391.09,684.62,33.84,23.58,1,3,0
9,9,122.97,690.47,41.38,29.47,1,3,0
9,10,587.09,680.49,29.36,20.58,1,3,0
9,11,1004.65,671.04,18.19,14.00,1,3,0
9,12,840.49,674.02,22.08,17.03,1,3,0
9,13,1440.68,615.32,103.42,34.98,1,1,0
9,14,1068.68,669.14,16.16,12.60,1,3,0
9,15,1759.48,626.33,106.72,33.38,1,1,0
9,17,1348.69,648.48,5.07,3.85,1,3,0
9,18,1327.63,623.30,98.74,20.16,1,1,0
9,19,1159.75,666.28,13.59,10.66,1,3,0
9,22,928.19,614.64,39.48,18.63,1,2,0
9,21,1116.95,668.04,15.04,11.16,1,3,0
10,1,997.79,561.37,204.87,104.32,1,1,0
10,2,210.70,532.88,110.18,107.39,1,1,0
10,3,1543.81,627.77,61.62,24.73,1,1,0
10,4,617.45,587.50,195.66,43.58,1,1,0
10,5,710.95,677.48,25.59,20.54,1,3,0
10,6,1158.00,588.47,117.38,64.14,1,1,0
10,7,922.93,675.14,20.74,16.36,1,3,0
10,8,354.93,687.15,35.94,24.87,1,3,0
10,9,67.45,695.20,43.11,31.47,1,3,0
10,10,559.90,683.07,29.37,21.43,1,3,0
10,11,998.69,672.50,19.26,14.82,1,3,0
10,12,828.53,677.43,22.48,17.15,1,3,0
10,13,1443.67,616.45,102.19,35.21,1,1,0
10,14,1062.22,671.41,16.58,12.06,1,3,0
10,15,1763.50,628.00,106.54,33.02,1,1,0
10,17,1194.22,667.24,13.46,10.21,1,3,0
10,18,1329.22,623.77,98.75,21.22,1,1,0
10,19,1157.68,668.36,13.66,10.45,1,3,0
10,22,929.89,616.33,37.31,18.52,1,2,0
10,21,1113.50,670.52,15.13,11.17,1,3,0
11,1,993.82,536.58,208.01,105.16,1,1,0
11,2,198.36,516.57,112.50,104.59,1,1,0
11,3,1550.19,602.86,60.12,24.11,1,1,0
11,4,616.34,566.21,194.82,43.50,1,1,0
11,5,684.89,656.71,27.44,22.58,1,3,0
11,6,1159.63,563.63,116.98,65.22,1,1,0
11,7,910.30,651.38,21.78,17.44,1,3,0
11,8,306.69,670.78,37.23,27.35,1,3,0
11,9,0.00,680.31,37.94,37.31,1,3,0
11,10,526.89,665.00,30.41,22.12,1,3,0
11,11,988.58,648.55,18.41,14.35,1,3,0
11,12,811.45,655.91,23.05,19.66,1,3,0
11,13,1445.18,591.00,104.56,35.47,1,1,0
11,14,1056.21,648.10,17.47,13.87,1,3,0
11,15,1767.67,601.80,107.14,32.48,1,1,0
11,17,1192.96,643.76,13.43,10.18,1,3,0
11,18,1329.30,599.06,99.68,21.28,1,1,0
11,19,1154.25,644.81,14.77,11.15,1,3,0
11,22,934.34,594.22,33.69,18.30,1,2,0
11,21,1108.71,646.50,16.27,12.50,1,3,0
12,1,991.84,531.93,209.03,103.49,1,1,0
12,2,188.64,513.62,112.59,105.79,1,1,0
12,3,1549.92,595.55,59.63,24.32,1,1,0
12,4,613.76,563.05,196.95,42.90,1,1,0
12,5,667.81,657.59,27.51,21.58,1,3,0
12,6,1157.59,558.96,119.75,64.16,1,1,0
12,7,900.53,647.89,20.95,16.89,1,3,0
12,8,269.75,673.82,39.29,26.75,1,3,0
12,10,504.49,665.92,32.47,23.48,1,3,0
12,11,980.57,646.02,20.22,15.05,1,3,0
12,12,798.48,653.54,23.19,19.43,1,3,0
12,13,1446.51,583.98,103.93,35.59,1,1,0
12,14,1052.96,643.33,18.20,14.32,1,3,0
12,15,1770.92,593.51,105.48,32.29,1,1,0
12,17,1191.27,637.63,13.21,10.17,1,3,0
12,18,1329.55,591.93,101.09,22.17,1,1,0
12,19,1152.55,639.78,14.72,11.54,1,3,0
12,22,935.09,589.92,31.86,18.12,1,2,0
12,21,1106.33,641.75,16.02,12.98,1,3,0
13,4,691.99,534.54,215.11,105.97,1,1,0
13,5,678.08,652.84,20.27,17.27,1,3,0
13,6,1146.90,587.42,101.79,34.37,1,1,0
13,7,856.03,643.76,14.49,11.17,1,3,0
13,8,330.46,668.30,30.23,22.39,1,3,0
13,10,475.48,661.42,25.58,19.97,1,3,0
13,11,895.79,642.78,14.38,9.87,1,3,0
13,12,809.03,646.88,16.17,12.40,1,3,0
13,13,1450.07,593.49,92.41,31.74,1,1,0
13,18,1244.07,597.78,58.96,23.65,1,1,0
13,22,860.18,559.79,122.00,66.03,1,1,0
13,21,1040.38,596.37,91.89,20.23,1,1,0
14,4,597.09,544.65,217.30,108.98,1,1,0
14,5,652.84,663.16,18.58,13.94,1,3,0
14,6,1056.16,597.76,101.86,34.58,1,1,0
14,7,760.57,656.87,15.52,11.91,1,3,0
14,8,359.25,676.67,27.49,19.96,1,3,0
14,10,481.83,672.18,24.32,19.07,1,3,0
14,11,803.64,655.39,14.45,10.91,1,3,0
14,12,712.04,659.75,16.96,13.63,1,3,0
14,13,1358.29,604.90,94.09,30.13,1,1,0
14,22,768.15,570.82,125.37,67.10,1,1,0
14,21,949.04,605.67,95.41,21.49,1,1,0
14,25,189.03,576.17,222.15,47.27,1,1,0
14,26,197.97,684.65,33.46,22.64,1,3,0
14,27,573.61,665.33,21.20,16.92,1,3,0
14,29,539.04,605.43,35.87,18.49,1,2,0
14,9,0.00,692.11,19.25,26.75,1,3,0
14,19,1155.37,607.72,56.24,24.18,1,1,0
15,4,573.97,535.06,219.97,111.00,1,1,0
15,5,624.09,655.37,20.30,14.72,1,3,0
15,6,1039.63,589.37,100.95,34.79,1,1,0
15,7,737.26,650.31,16.00,12.49,1,3,0
15,8,313.98,669.67,29.16,21.58,1,3,0
15,10,444.34,663.35,25.74,19.36,1,3,0
15,11,780.88,647.88,14.13,10.25,1,3,0
15,12,686.35,652.50,16.57,13.19,1,3,0
15,13,1339.78,596.53,95.08,31.20,1,1,0
15,22,746.49,562.54,129.71,66.89,1,1,0
15,21,931.80,597.39,95.78,21.74,1,1,0
15,25,164.10,566.24,226.13,48.14,1,1,0
15,26,139.15,678.11,35.83,24.79,1,3,0
15,27,541.03,657.15,22.02,16.23,1,3,0
15,29,517.14,596.19,36.51,19.30,1,2,0
15,19,1136.83,599.69,54.67,23.74,1,1,0
16,4,569.16,519.83,222.89,110.11,1,1,0
16,5,616.71,640.88,20.00,15.85,1,3,0
16,6,1040.10,573.91,100.92,34.62,1,1,0
16,7,733.36,634.53,15.71,12.60,1,3,0
16,8,289.86,654.90,29.13,22.64,1,3,0
16,10,425.02,648.98,26.07,20.21,1,3,0
16,11,777.41,632.37,14.66,10.54,1,3,0
16,12,680.56,637.77,17.13,13.96,1,3,0
16,13,1340.34,580.18,95.19,31.23,1,1,0
16,22,742.03,547.25,133.04,66.92,1,1,0
16,21,931.47,582.05,96.15,21.54,1,1,0
16,25,161.29,552.92,224.87,47.82,1,1,0
16,26,105.08,666.63,36.81,26.44,1,3,0
16,27,529.67,644.95,23.16,17.48,1,3,0
16,29,516.02,581.98,36.92,18.76,1,2,0
16,19,1137.92,583.95,53.56,23.89,1,1,0
17,4,569.29,510.59,224.64,113.70,1,1,0
17,5,612.83,634.63,19.53,15.49,1,3,0
17,6,1046.29,566.25,99.05,34.24,1,1,0
17,7,732.10,627.26,16.53,13.04,1,3,0
17,8,268.60,650.44,31.39,22.87,1,3,0
17,10,412.31,644.76,26.21,21.52,1,3,0
17,11,776.80,624.70,15.80,11.21,1,3,0
17,12,678.73,630.61,17.20,14.01,1,3,0
17,13,1345.04,571.67,96.47,31.86,1,1,0
17,22,743.44,538.56,134.76,67.85,1,1,0
17,21,934.11,574.75,97.13,21.43,1,1,0
17,25,160.41,546.90,226.82,46.56,1,1,0
17,26,74.60,662.87,38.42,26.22,1,3,0
17,27,522.73,639.09,23.43,18.33,1,3,0
17,29,519.74,575.68,32.14,18.26,1,2,0
17,19,1143.60,575.94,57.63,23.98,1,1,0
17,14,954.35,601.67,5.66,4.41,1,3,0
18,4,564.35,530.22,229.71,113.99,1,1,0
18,5,604.78,657.08,19.56,15.18,1,3,0
18,6,1046.29,586.27,100.10,34.31,1,1,0
18,7,728.51,648.88,17.21,13.28,1,3,0
18,8,243.49,677.44,30.68,24.64,1,3,0
18,10,398.65,668.21,24.86,21.27,1,3,0
18,11,774.77,646.14,16.42,11.53,1,3,0
18,12,671.94,651.60,18.09,14.86,1,3,0
18,13,1347.00,590.94,93.92,31.51,1,1,0
18,22,742.02,559.91,137.49,66.28,1,1,0
18,21,935.88,594.36,96.79,21.10,1,1,0
18,25,160.62,568.39,226.86,46.20,1,1,0
18,26,34.51,687.47,39.76,27.91,1,3,0
18,27,509.79,659.58,23.78,19.24,1,3,0
18,29,517.10,595.74,32.59,18.21,1,2,0
18,19,1144.86,595.93,56.67,23.56,1,1,0
19,4,554.96,545.44,229.56,116.89,1,1,0
19,5,587.59,674.73,20.99,15.87,1,3,0
19,6,1044.60,602.49,100.78,34.41,1,1,0
19,7,718.32,667.17,17.93,13.60,1,3,0
19,8,206.93,697.40,34.89,23.98,1,3,0
19,10,368.04,684.48,28.78,20.83,1,3,0
19,11,766.91,664.40,15.52,11.81,1,3,0
19,12,658.62,670.74,19.21,15.46,1,3,0
19,13,1345.57,607.55,95.14,31.66,1,1,0
19,22,733.36,574.43,143.02,69.07,1,1,0
19,21,932.23,610.76,97.44,21.40,1,1,0
19,25,151.64,582.24,227.40,47.51,1,1,0
19,26,0.00,706.26,20.30,28.87,1,3,0
19,27,487.24,679.39,24.86,19.44,1,3,0
19,29,512.49,611.56,34.78,18.54,1,2,0
19,19,1142.34,612.84,57.43,23.40,1,1,0
20,4,542.49,531.77,231.37,118.41,1,1,0
20,5,569.62,663.26,21.29,16.82,1,3,0
20,6,1036.81,590.98,101.05,34.05,1,1,0
20,7,704.45,654.85,17.73,13.83,1,3,0
20,8,167.37,683.83,35.68,25.79,1,3,0
20,10,336.96,673.53,30.33,23.09,1,3,0
20,11,755.50,652.60,15.81,11.97,1,3,0
20,12,643.84,658.95,20.08,15.63,1,3,0
20,13,1338.29,595.69,96.54,32.24,1,1,0
20,22,721.53,562.35,145.76,68.14,1,1,0
20,21,925.45,598.87,96.75,20.90,1,1,0
20,25,139.80,570.07,229.88,46.32,1,1,0
20,27,464.88,668.75,26.29,20.31,1,3,0
20,29,505.69,599.03,29.86,17.75,1,2,0
20,19,1133.66,600.64,59.26,23.41,1,1,0
21,4,530.42,518.02,232.93,120.00,1,1,0
21,5,549.05,652.07,23.17,17.54,1,3,0
21,6,1032.44,579.05,101.12,34.44,1,1,0
21,7,691.60,642.91,18.39,14.05,1,3,0
21,8,111.55,673.79,38.18,26.47,1,3,0
21,10,302.40,666.69,31.51,23.42,1,3,0
21,11,743.79,641.36,15.93,12.28,1,3,0
21,12,626.93,647.58,20.09,14.87,1,3,0
21,13,1334.37,585.22,93.94,31.89,1,1,0
21,22,711.50,549.44,149.22,70.02,1,1,0
21,21,919.42,587.71,96.92,21.29,1,1,0
21,25,128.33,557.62,232.65,47.31,1,1,0
21,27,438.29,657.18,27.76,20.37,1,3,0
21,29,496.88,586.93,30.14,18.56,1,2,0
21,19,1129.68,588.92,56.25,24.38,1,1,0
22,4,519.97,508.28,236.95,120.09,1,1,0
22,5,532.48,643.47,23.90,17.13,1,3,0
22,6,1028.01,570.63,100.60,34.36,1,1,0
22,7,681.07,635.00,18.65,14.63,1,3,0
22,8,72.20,667.94,41.06,26.75,1,3,0
22,10,276.11,656.68,32.09,23.09,1,3,0
22,11,734.52,631.98,17.58,12.87,1,3,0
22,12,613.65,638.59,20.48,15.88,1,3,0
22,13,1328.10,577.57,95.07,31.81,1,1,0
22,22,702.18,539.94,153.52,70.56,1,1,0
22,21,915.70,579.17,94.28,20.63,1,1,0
22,25,119.05,548.21,234.59,46.18,1,1,0
22,27,419.85,648.33,26.62,21.35,1,3,0
22,29,489.24,577.73,31.74,17.95,1,2,0
22,19,1124.02,581.03,55.82,23.69,1,1,0
23,4,498.54,521.79,241.82,124.99,1,1,0
23,5,503.16,661.76,24.29,19.63,1,3,0
23,6,1015.41,588.29,102.95,34.32,1,1,0
23,7,659.58,652.91,19.30,15.10,1,3,0
23,8,8.94,685.36,42.42,28.93,1,3,0
23,10,223.34,673.82,34.25,23.76,1,3,0
23,11,716.31,649.33,17.71,13.05,1,3,0
23,12,590.11,657.10,21.33,16.46,1,3,0
23,13,1317.61,594.72,96.03,32.22,1,1,0
23,22,686.41,554.90,156.38,72.09,1,1,0
23,21,902.80,595.72,97.33,21.50,1,1,0
23,25,100.48,561.43,236.49,47.51,1,1,0
23,27,381.77,665.91,28.77,21.83,1,3,0
23,29,474.13,592.42,27.30,18.16,1,2,0
23,19,1113.57,598.96,56.39,23.07,1,1,0
24,4,473.34,522.06,247.29,129.05,1,1,0
24,5,467.31,667.59,25.88,19.39,1,3,0
24,6,999.89,591.65,103.82,34.02,1,1,0
24,7,633.68,657.06,19.75,16.04,1,3,0
24,10,163.36,682.99,38.16,26.08,1,3,0
24,11,692.22,653.24,18.48,14.07,1,3,0
24,12,559.00,660.62,22.19,16.76,1,3,0
24,13,1302.72,597.69,98.19,33.47,1,1,0
24,22,662.93,559.62,162.66,70.53,1,1,0
24,21,886.10,598.33,96.06,21.33,1,1,0
24,25,76.29,562.51,240.63,49.08,1,1,0
24,27,336.80,673.13,30.70,21.44,1,3,0
24,19,1100.49,601.74,55.98,23.54,1,1,0
24,17,905.13,625.83,5.62,4.48,1,3,0
25,4,450.01,503.37,252.59,129.72,1,1,0
25,5,435.90,649.59,26.98,20.07,1,3,0
25,6,986.43,573.21,103.83,34.78,1,1,0
25,7,611.78,640.27,20.29,15.42,1,3,0
25,10,115.60,667.34,39.09,25.32,1,3,0
25,11,672.42,636.78,19.57,13.15,1,3,0
25,12,532.99,643.51,22.75,17.10,1,3,0
25,13,1290.01,579.58,98.22,33.62,1,1,0
25,22,644.09,539.22,167.54,73.34,1,1,0
25,21,873.42,580.65,95.34,20.62,1,1,0
25,25,57.44,545.29,242.49,48.29,1,1,0
25,27,299.00,656.61,32.13,23.12,1,3,0
25,19,1087.66,583.56,55.30,23.87,1,1,0
26,4,429.25,497.66,253.46,132.36,1,1,0
26,5,401.29,647.73,28.12,20.57,1,3,0
26,6,974.18,568.95,103.85,33.89,1,1,0
26,7,586.38,636.27,21.37,16.50,1,3,0
26,10,54.49,664.20,40.24,27.60,1,3,0
26,11,649.75,632.85,20.22,14.06,1,3,0
26,12,504.82,642.39,23.55,17.37,1,3,0
26,13,1276.93,575.16,98.20,33.35,1,1,0
26,22,626.20,535.40,171.57,73.55,1,1,0
26,21,859.70,575.47,95.35,21.57,1,1,0
26,25,35.79,542.03,244.06,48.56,1,1,0
26,27,253.70,654.37,32.89,23.89,1,3,0
26,19,1076.68,579.67,51.93,23.49,1,1,0
27,4,414.72,509.33,255.08,133.24,1,1,0
27,5,375.50,662.27,28.92,21.74,1,3,0
27,6,965.97,581.11,104.49,33.87,1,1,0
27,7,568.60,649.99,21.76,16.63,1,3,0
27,10,6.00,679.31,42.57,29.48,1,3,0
27,11,634.88,646.73,20.14,14.17,1,3,0
27,12,483.94,655.47,24.07,18.45,1,3,0
27,13,1269.82,587.92,96.16,32.80,1,1,0
27,22,613.22,546.56,175.83,74.63,1,1,0
27,21,850.57,587.10,97.14,22.57,1,1,0
27,25,15.11,552.99,251.95,49.87,1,1,0
27,27,218.61,669.46,34.30,25.25,1,3,0
27,19,1070.62,592.85,52.09,22.51,1,1,0
27,17,919.52,617.74,6.18,5.24,1,3,0
28,4,393.53,518.23,260.79,138.50,1,1,0
28,5,336.12,676.22,30.31,20.99,1,3,0
28,6,956.01,593.36,102.11,34.32,1,1,0
28,7,543.23,664.27,22.37,16.90,1,3,0
28,11,612.83,660.77,20.19,14.27,1,3,0
28,12,451.64,669.51,24.91,18.22,1,3,0
28,13,1260.40,601.57,96.79,32.88,1,1,0
28,22,594.32,557.61,181.03,76.14,1,1,0
28,21,839.86,598.40,95.46,23.56,1,1,0
28,25,0.61,561.37,250.67,51.74,1,1,0
28,27,165.17,685.49,37.18,25.57,1,3,0
28,19,1060.71,605.80,51.23,22.86,1,1,0
28,17,907.98,629.33,6.58,5.43,1,3,0
29,4,379.99,506.08,262.42,139.76,1,1,0
29,5,306.16,666.47,31.65,22.68,1,3,0
29,6,949.44,583.72,105.55,35.52,1,1,0
29,7,525.24,654.52,23.86,17.13,1,3,0
29,11,598.95,651.09,21.12,15.16,1,3,0
29,12,429.36,659.36,26.77,19.39,1,3,0
29,13,1256.63,592.86,96.39,33.18,1,1,0
29,22,584.08,546.81,184.91,76.19,1,1,0
29,21,834.99,589.19,96.37,22.95,1,1,0
29,25,-0.00,549.12,243.00,51.64,1,1,0
29,27,125.97,675.15,38.38,27.19,1,3,0
29,19,1056.10,596.82,50.87,23.16,1,1,0
29,17,851.29,618.72,5.81,4.90,1,3,0
30,4,370.40,490.06,265.98,143.25,1,1,0
30,5,281.28,654.37,33.08,23.55,1,3,0
30,6,948.85,571.92,102.91,35.28,1,1,0
30,7,512.71,642.51,24.26,17.82,1,3,0
30,11,588.88,638.64,21.31,15.51,1,3,0
30,12,411.66,646.87,27.32,19.84,1,3,0
30,13,1256.05,581.56,99.43,33.33,1,1,0
30,22,576.95,532.65,191.26,77.94,1,1,0
30,21,835.31,579.16,96.67,20.58,1,1,0
30,25,0.00,534.25,239.16,52.85,1,1,0
30,27,85.87,660.43,41.99,28.51,1,3,0
30,19,1051.18,582.34,48.64,24.93,1,1,0
31,4,363.50,494.78,268.57,145.15,1,1,0
31,5,253.32,662.94,34.62,22.88,1,3,0
31,6,949.15,577.17,105.17,34.92,1,1,0
31,7,499.82,649.78,24.90,18.25,1,3,0
31,11,580.33,644.98,22.01,15.84,1,3,0
31,12,392.03,653.98,29.12,19.97,1,3,0
31,13,1259.26,586.23,99.39,33.85,1,1,0
31,22,573.41,538.77,195.42,77.33,1,1,0
31,21,836.58,584.47,96.75,21.24,1,1,0
31,25,0.26,541.17,239.20,52.23,1,1,0
31,27,41.59,670.75,43.18,29.87,1,3,0
31,19,1055.00,587.46,43.23,24.63,1,1,0
31,17,904.60,613.59,5.80,4.32,1,3,0
32,4,359.67,510.90,272.45,148.45,1,1,0
32,5,224.90,684.82,35.68,24.41,1,3,0
32,6,956.43,591.90,102.81,35.46,1,1,0
32,7,488.64,669.70,25.63,18.41,1,3,0
32,11,573.89,664.75,22.20,15.46,1,3,0
32,12,374.81,674.94,29.96,21.14,1,3,0
32,13,1265.90,600.01,99.36,33.30,1,1,0
32,22,570.42,555.97,202.06,76.97,1,1,0
32,21,841.81,600.94,96.74,20.29,1,1,0
32,25,0.18,560.32,242.42,51.84,1,1,0
32,27,0.49,696.25,42.35,30.82,1,3,0
32,19,1061.11,603.03,47.73,24.03,1,1,0
32,17,909.43,628.72,6.26,5.19,1,3,0
33,4,356.67,511.22,275.04,149.39,1,1,0
33,5,198.67,691.23,38.30,25.86,1,3,0
33,6,961.43,591.29,104.59,35.19,1,1,0
33,7,480.09,671.82,26.09,20.82,1,3,0
33,11,568.37,666.08,23.04,17.01,1,3,0
33,12,359.42,679.65,30.80,22.03,1,3,0
33,13,1271.90,597.12,100.00,33.88,1,1,0
33,22,569.75,556.24,207.11,77.51,1,1,0
33,21,848.03,600.94,97.03,19.99,1,1,0
33,25,0.21,564.44,246.56,51.43,1,1,0
33,19,1066.75,602.57,46.18,23.30,1,1,0
33,17,861.46,627.43,6.55,5.54,1,3,0
34,4,353.10,497.51,276.87,152.02,1,1,0
34,5,166.73,682.67,40.70,27.47,1,3,0
34,6,968.29,576.44,103.97,34.75,1,1,0
34,7,466.91,661.45,27.58,20.86,1,3,0
34,11,560.48,654.73,24.47,17.61,1,3,0
34,12,338.33,670.10,32.25,23.44,1,3,0
34,13,1279.40,579.02,101.15,34.62,1,1,0
34,22,570.66,541.74,210.07,77.75,1,1,0
34,21,852.34,585.19,96.76,21.48,1,1,0
34,25,0.00,553.74,248.94,52.84,1,1,0
34,19,1070.64,585.75,47.98,24.76,1,1,0
34,17,865.68,613.43,5.94,4.45,1,3,0
35,4,348.07,494.42,279.87,155.13,1,1,0
35,5,134.98,685.10,41.70,27.89,1,3,0
35,6,973.32,572.59,104.35,35.26,1,1,0
35,7,455.74,661.45,27.68,19.61,1,3,0
35,11,553.43,655.43,24.41,16.94,1,3,0
35,12,319.32,671.39,32.74,23.23,1,3,0
35,13,1285.31,574.12,101.10,35.21,1,1,0
35,22,566.90,538.32,216.90,78.72,1,1,0
35,21,857.74,581.66,95.82,21.40,1,1,0
35,25,-0.00,553.71,251.00,52.82,1,1,0
35,19,1075.23,581.80,48.37,24.73,1,1,0
35,17,869.87,611.10,5.78,4.51,1,3,0
36,4,340.13,505.47,284.20,156.64,1,1,0
36,5,82.90,705.41,44.52,30.69,1,3,0
36,6,979.42,585.41,104.62,35.72,1,1,0
36,7,434.95,677.82,29.95,20.76,1,3,0
36,11,540.85,671.51,25.28,18.62,1,3,0
36,12,287.05,689.64,35.17,24.09,1,3,0
36,13,1291.60,587.05,102.72,34.84,1,1,0
36,22,561.37,550.22,225.25,80.21,1,1,0
36,21,861.72,595.39,98.48,20.99,1,1,0
36,25,0.11,567.73,253.18,52.12,1,1,0
36,19,1081.46,595.34,50.73,24.09,1,1,0
36,17,929.54,624.72,5.14,4.44,1,3,0
37,4,331.39,504.40,287.25,158.80,1,1,0
37,5,31.76,713.17,48.20,32.72,1,3,0
37,6,984.10,585.16,105.40,35.15,1,1,0
37,7,414.47,681.43,30.39,21.06,1,3,0
37,11,527.48,673.90,25.78,18.46,1,3,0
37,12,254.97,694.14,37.31,25.26,1,3,0
37,13,1295.85,586.33,99.42,34.30,1,1,0
37,22,555.99,548.60,230.55,82.25,1,1,0
37,21,864.74,594.74,96.84,21.03,1,1,0
37,25,0.00,570.77,253.33,51.21,1,1,0
37,19,1086.67,594.70,55.90,23.83,1,1,0
37,17,930.09,624.35,6.23,4.98,1,3,0
38,4,320.21,491.43,288.61,164.74,1,1,0
38,5,0.11,710.09,28.69,37.63,1,3,0
38,6,983.05,573.55,104.74,35.00,1,1,0
38,7,391.45,675.39,32.55,22.15,1,3,0
38,11,510.63,665.29,27.04,18.69,1,3,0
38,12,220.22,688.76,40.08,26.87,1,3,0
38,13,1294.37,573.00,100.90,34.56,1,1,0
38,22,542.89,540.70,241.69,79.91,1,1,0
38,21,862.53,582.69,96.98,22.12,1,1,0
38,25,0.18,561.70,247.10,53.21,1,1,0
38,19,1085.44,582.49,55.78,23.86,1,1,0
38,17,929.15,613.08,6.07,4.93,1,3,0
39,4,341.46,562.05,235.76,50.62,1,1,0
39,11,516.59,686.47,38.07,27.26,1,3,0
39,12,279.63,708.01,47.78,33.40,1,3,0
39,13,1281.87,572.20,112.34,35.89,1,1,0
39,22,633.38,494.39,273.24,158.88,1,1,0
39,19,1229.20,611.71,5.84,4.88,1,3,0
39,17,804.58,663.05,28.25,20.00,1,3,0
39,1,846.99,540.39,240.90,79.04,1,1,0
39,3,1616.85,572.01,109.14,35.87,1,1,0
39,18,1164.10,582.52,99.55,22.01,1,1,0
39,14,686.62,674.00,31.03,22.67,1,3,0
40,4,431.62,571.84,230.54,49.08,1,1,0
40,11,574.25,697.32,38.97,27.70,1,3,0
40,12,323.45,720.84,49.88,33.80,1,3,0
40,13,1370.52,574.96,106.56,37.76,1,1,0
40,22,710.91,499.18,275.41,161.37,1,1,0
40,19,1260.62,617.99,5.89,5.36,1,3,0
40,17,876.10,671.89,27.16,20.11,1,3,0
40,30,1478.84,584.54,59.70,26.47,1,1,0
40,1,922.68,541.05,248.12,84.01,1,1,0
40,3,1714.23,576.48,112.91,35.25,1,1,0
40,18,1251.39,587.57,102.09,21.58,1,1,0
40,14,751.81,683.77,31.33,21.16,1,3,0
41,4,434.27,580.58,232.02,49.93,1,1,0
41,11,528.17,714.53,40.85,27.92,1,3,0
41,12,243.08,741.82,54.51,38.25,1,3,0
41,13,1379.00,576.68,111.88,38.51,1,1,0
41,22,701.63,506.07,280.91,163.02,1,1,0
41,19,1266.70,621.52,6.83,5.55,1,3,0
41,17,858.60,683.00,29.49,20.00,1,3,0
41,30,1489.87,586.30,60.90,26.12,1,1,0
41,1,917.37,543.88,259.54,87.34,1,1,0
41,3,1722.84,575.33,115.28,35.50,1,1,0
41,18,1260.44,590.50,100.56,22.03,1,1,0
41,14,724.59,696.11,33.70,23.47,1,3,0
42,4,407.11,572.04,235.82,50.05,1,1,0
42,11,445.88,713.37,46.45,32.13,1,3,0
42,12,125.10,743.65,59.90,44.39,1,3,0
42,13,1357.13,567.78,115.62,39.22,1,1,0
42,22,666.57,494.40,282.97,168.00,1,1,0
42,17,811.85,678.00,31.39,20.23,1,3,0
42,30,1467.78,577.74,63.28,25.34,1,1,0
42,1,886.43,534.43,268.70,88.18,1,1,0
42,3,1700.57,566.53,114.17,35.25,1,1,0
42,18,1239.16,582.76,99.40,21.10,1,1,0
42,14,665.67,691.01,36.21,23.93,1,3,0
43,4,376.25,570.80,239.52,49.90,1,1,0
43,11,375.16,716.33,49.46,35.77,1,3,0
43,12,21.01,749.44,63.92,47.79,1,3,0
43,13,1332.97,568.08,117.22,38.73,1,1,0
43,22,629.33,491.57,287.53,170.69,1,1,0
43,17,767.77,679.17,31.00,21.26,1,3,0
43,30,1442.72,578.73,68.43,24.43,1,1,0
43,1,850.73,533.60,278.59,88.20,1,1,0
43,3,1673.35,567.64,113.47,35.17,1,1,0
43,18,1213.59,581.44,100.56,22.05,1,1,0
43,14,611.81,693.22,37.24,24.06,1,3,0
43,19,1278.75,612.24,5.80,4.85,1,3,0
44,4,331.29,570.56,244.87,50.10,1,1,0
44,13,1296.50,575.39,115.72,38.21,1,1,0
44,22,576.39,491.13,290.87,175.94,1,1,0
44,17,702.58,686.76,33.12,22.64,1,3,0
44,30,1406.23,586.10,69.39,24.20,1,1,0
44,1,798.92,535.02,290.69,91.07,1,1,0
44,3,1634.12,577.10,112.07,35.18,1,1,0
44,18,1177.56,587.45,100.30,22.04,1,1,0
44,14,532.05,701.33,41.41,26.69,1,3,0
44,7,266.62,724.52,52.31,37.69,1,3,0
45,4,290.20,565.29,247.13,51.18,1,1,0
45,13,1261.60,576.56,115.47,38.58,1,1,0
45,22,528.04,485.76,293.87,180.94,1,1,0
45,17,640.20,687.60,34.59,23.13,1,3,0
45,30,1373.55,587.91,63.21,24.08,1,1,0
45,1,760.89,533.63,294.36,91.76,1,1,0
45,3,1598.82,579.83,111.10,35.09,1,1,0
45,18,1144.40,587.67,100.15,22.00,1,1,0
45,14,453.19,702.55,43.85,29.53,1,3,0
45,7,159.50,726.78,57.54,39.08,1,3,0
46,4,336.55,552.23,242.02,50.62,1,1,0
46,13,1310.99,570.17,111.87,38.90,1,1,0
46,22,559.50,471.30,292.43,186.34,1,1,0
46,17,644.63,678.94,36.34,24.23,1,3,0
46,30,1418.61,582.07,64.41,25.27,1,1,0
46,1,803.37,523.39,294.06,93.79,1,1,0
46,3,1650.83,576.39,114.95,35.67,1,1,0
46,18,1194.01,579.31,96.98,23.33,1,1,0
46,14,439.47,694.16,44.87,30.10,1,3,0
46,7,109.40,717.16,60.99,48.29,1,3,0
46,19,1251.76,612.97,5.92,4.68,1,3,0
47,4,467.08,550.57,222.48,49.59,1,1,0
47,13,1314.53,582.65,104.87,23.26,1,1,0
47,22,671.02,468.44,286.66,188.76,1,1,0
47,17,727.10,679.40,39.04,26.83,1,3,0
47,30,1435.76,572.64,113.32,39.42,1,1,0
47,1,913.05,521.98,305.47,97.09,1,1,0
47,3,1548.96,584.26,70.69,27.79,1,1,0
47,14,505.56,695.01,47.92,32.39,1,3,0
47,7,143.18,716.44,66.79,52.30,1,3,0
47,19,1314.51,613.08,6.60,5.52,1,3,0
47,20,1792.24,582.46,121.37,35.93,1,1,0
48,4,443.34,552.40,214.36,50.20,1,1,0
48,13,1297.14,586.47,103.61,23.82,1,1,0
48,22,634.90,469.56,288.30,193.60,1,1,0
48,17,668.07,686.44,40.42,27.28,1,3,0
48,30,1417.77,577.30,111.68,39.93,1,1,0
48,1,882.04,524.28,315.84,98.89,1,1,0
48,3,1530.27,589.01,70.82,27.50,1,1,0
48,14,424.71,705.12,50.01,33.57,1,3,0
48,7,23.31,729.57,69.37,53.06,1,3,0
48,20,1772.71,587.46,119.70,34.78,1,1,0
49,4,394.95,554.00,205.99,51.93,1,1,0
49,13,1254.18,588.20,104.25,22.35,1,1,0
49,22,575.96,469.59,287.34,195.82,1,1,0
49,17,578.85,693.72,42.28,27.19,1,3,0
49,30,1374.93,577.57,113.58,40.68,1,1,0
49,1,846.61,525.07,307.92,99.69,1,1,0
49,3,1489.51,591.40,67.53,26.09,1,1,0
49,20,1726.66,586.26,118.41,35.82,1,1,0
49,11,307.58,713.71,53.89,35.54,1,3,0
49,19,1312.71,622.10,6.33,4.80,1,3,0
50,4,337.08,545.58,198.88,51.22,1,1,0
50,22,504.51,457.22,289.67,199.76,1,1,0
50,30,1329.73,568.09,108.10,39.27,1,1,0
50,1,774.32,514.63,329.67,100.66,1,1,0
50,3,1439.50,580.37,63.69,26.38,1,1,0
50,20,1673.57,575.77,117.37,35.32,1,1,0
50,11,158.85,711.05,58.19,36.57,1,3,0
50,19,1263.02,610.91,6.77,5.27,1,3,0
50,18,1206.92,577.98,103.12,22.40,1,1,0
50,14,468.74,688.46,44.86,31.41,1,3,0
51,4,267.26,535.24,167.94,52.56,1,1,0
51,22,416.44,443.51,289.20,207.25,1,1,0
51,30,1266.98,563.50,112.58,38.60,1,1,0
51,1,680.74,507.55,360.43,101.32,1,1,0
51,3,1381.23,576.79,63.09,26.38,1,1,0
51,20,1611.52,572.78,116.33,35.90,1,1,0
51,18,1151.89,573.39,104.01,23.02,1,1,0
51,14,316.47,687.52,49.16,33.19,1,3,0
52,4,213.46,542.92,165.48,55.29,1,1,0
52,22,350.60,449.94,291.04,212.67,1,1,0
52,30,1227.36,575.52,114.26,39.12,1,1,0
52,1,624.44,517.74,372.79,103.61,1,1,0
52,3,1339.05,589.21,60.13,26.30,1,1,0
52,20,1568.92,586.77,116.07,35.38,1,1,0
52,18,1111.54,585.12,102.65,23.39,1,1,0
52,11,196.43,703.33,54.41,35.78,1,3,0
53,4,157.15,542.84,156.12,56.73,1,1,0
53,22,276.39,447.25,288.88,221.36,1,1,0
53,30,1184.75,581.35,112.16,39.58,1,1,0
53,1,564.98,520.65,385.19,105.08,1,1,0
53,3,1295.57,596.20,60.75,25.21,1,1,0
53,20,1523.88,593.46,113.30,36.21,1,1,0
53,18,1071.53,590.17,96.75,23.14,1,1,0
53,11,46.90,711.00,59.89,40.46,1,3,0
54,4,101.80,516.17,133.48,55.38,1,1,0
54,22,200.45,414.75,287.26,229.80,1,1,0
54,30,1141.34,562.13,112.91,39.42,1,1,0
54,1,515.35,493.54,390.09,110.33,1,1,0
54,3,1254.33,577.20,59.16,26.27,1,1,0
54,20,1480.28,577.48,110.35,36.59,1,1,0
54,18,1027.16,569.97,103.87,23.32,1,1,0
55,4,55.84,492.11,114.27,55.26,1,1,0
55,22,134.93,387.19,284.14,236.55,1,1,0
55,30,1107.68,547.28,110.05,39.25,1,1,0
55,1,475.19,472.86,391.74,112.86,1,1,0
55,3,1218.29,561.75,58.30,27.16,1,1,0
55,20,1444.64,565.37,111.08,37.03,1,1,0
55,18,991.77,555.44,103.53,22.20,1,1,0
56,4,0.96,478.81,27.68,41.14,1,1,0
56,22,3.55,364.66,281.01,251.80,1,1,0
56,30,1024.99,547.88,115.52,39.77,1,1,0
56,1,371.82,464.13,407.56,117.97,1,1,0
56,3,1140.21,564.29,55.26,26.09,1,1,0
56,20,1362.87,569.38,109.52,38.72,1,1,0
56,6,912.75,554.35,102.05,24.06,1,1,0
57,22,0.73,354.64,163.01,264.05,1,1,0
57,1,285.22,462.75,415.70,120.98,1,1,0
57,3,1064.84,565.98,59.34,26.71,1,1,0
57,20,1287.26,572.18,108.24,38.20,1,1,0
57,6,841.07,557.20,99.19,23.10,1,1,0
57,21,692.74,556.68,11.67,10.68,1,2,0
57,18,951.01,549.87,113.26,39.66,1,1,0
58,22,0.06,403.36,71.30,219.27,1,1,0
58,1,234.66,460.13,422.00,123.07,1,1,0
58,3,1028.94,564.04,57.22,25.94,1,1,0
58,20,1250.66,568.32,108.05,38.61,1,1,0
58,6,802.39,555.18,103.89,23.17,1,1,0
58,35,762.47,581.83,7.27,5.60,1,3,0
58,21,650.83,556.07,13.90,11.05,1,2,0
58,18,913.16,547.10,116.18,40.52,1,1,0
59,1,213.56,451.86,426.38,124.17,1,1,0
59,3,1019.09,556.75,53.50,26.86,1,1,0
59,20,1240.81,561.79,108.91,38.33,1,1,0
59,6,792.79,547.58,100.78,23.73,1,1,0
59,35,747.51,574.57,6.89,5.43,1,3,0
59,18,901.33,540.92,111.93,39.06,1,1,0
59,4,0.99,474.96,61.90,55.96,1,1,0
60,1,201.18,440.63,429.51,123.09,1,1,0
60,3,1014.74,545.92,57.46,27.20,1,1,0
60,20,1237.18,552.39,109.09,38.29,1,1,0
60,6,789.26,536.81,101.77,23.94,1,1,0
60,18,898.57,530.10,112.49,40.41,1,1,0
60,4,0.59,462.77,54.35,54.16,1,1,0
60,21,627.16,535.16,21.58,13.43,1,2,0
61,1,192.12,450.15,433.43,125.04,1,1,0
61,3,1016.39,557.58,58.07,27.77,1,1,0
61,20,1239.80,564.90,109.90,38.43,1,1,0
61,6,790.15,547.58,101.95,24.97,1,1,0
61,18,898.53,541.90,111.05,40.13,1,1,0
61,4,0.69,471.63,49.44,54.41,1,1,0
61,21,626.85,545.42,23.32,14.59,1,2,0
61,35,736.02,574.17,6.67,5.61,1,3,0
62,1,189.67,470.94,434.44,124.97,1,1,0
62,3,1022.99,576.28,58.60,27.03,1,1,0
62,20,1246.48,581.46,110.94,38.25,1,1,0
62,6,795.90,565.13,103.39,25.27,1,1,0
62,4,0.48,495.37,50.34,55.21,1,1,0
62,21,632.34,564.50,26.03,15.08,1,2,0
62,30,902.95,560.52,117.50,40.20,1,1,0
63,1,193.77,471.70,434.44,122.75,1,1,0
63,3,1032.61,570.51,60.49,26.58,1,1,0
63,20,1259.29,572.69,109.58,37.71,1,1,0
63,6,808.42,561.66,99.89,24.53,1,1,0
63,4,0.39,500.28,58.56,55.80,1,1,0
63,21,644.21,562.28,26.00,15.56,1,2,0
63,30,914.24,555.02,115.25,40.35,1,1,0
64,1,199.27,466.48,438.49,120.67,1,1,0
64,3,1047.82,560.05,60.12,26.68,1,1,0
64,20,1275.73,561.94,109.92,37.02,1,1,0
64,6,823.74,553.55,100.30,23.75,1,1,0
64,4,0.37,497.56,72.41,55.06,1,1,0
64,21,658.09,555.81,26.36,14.60,1,2,0
64,30,929.85,545.62,113.32,39.63,1,1,0
64,35,820.51,586.52,6.30,5.23,1,3,0
65,1,203.46,474.25,439.49,120.64,1,1,0
65,3,1058.74,566.91,64.76,27.04,1,1,0
65,20,1286.92,567.86,112.56,37.01,1,1,0
65,6,834.81,560.45,101.78,24.83,1,1,0
65,4,0.39,511.37,80.58,50.32,1,1,0
65,21,670.90,563.13,25.55,14.79,1,2,0
65,30,940.14,552.85,114.60,40.06,1,1,0
65,35,826.82,593.14,6.48,5.77,1,3,0
66,1,207.23,491.65,441.66,120.70,1,1,0
66,3,1073.72,583.98,64.49,27.22,1,1,0
66,20,1301.65,584.12,111.35,38.34,1,1,0
66,6,853.63,575.90,101.27,26.61,1,1,0
66,4,0.54,531.44,95.65,47.90,1,1,0
66,21,681.95,581.54,26.92,13.99,1,2,0
66,30,954.89,570.14,114.96,39.93,1,1,0
67,1,209.93,500.14,441.84,120.07,1,1,0
67,3,1083.61,589.99,64.77,27.26,1,1,0
67,20,1312.03,589.69,109.23,37.55,1,1,0
67,6,861.76,583.51,100.98,25.55,1,1,0
67,4,0.46,541.28,101.85,46.76,1,1,0
67,21,691.84,588.52,25.71,13.89,1,2,0
67,30,961.88,576.01,116.55,40.60,1,1,0
68,1,208.51,491.64,446.42,119.04,1,1,0
68,3,1090.73,578.86,67.02,26.90,1,1,0
68,20,1322.57,577.55,110.05,37.73,1,1,0
68,6,872.24,572.32,103.23,26.28,1,1,0
68,4,0.41,526.19,107.26,53.60,1,1,0
68,21,699.96,578.52,26.70,13.99,1,2,0
68,30,971.73,564.57,114.30,40.51,1,1,0
69,1,201.33,479.86,454.07,122.05,1,1,0
69,3,1099.58,571.34,63.75,26.02,1,1,0
69,20,1329.04,569.00,112.51,38.09,1,1,0
69,6,877.80,566.49,100.07,24.01,1,1,0
69,4,0.45,509.43,109.87,60.50,1,1,0
69,21,707.63,570.99,24.68,13.32,1,2,0
69,30,978.82,556.55,108.92,40.04,1,1,0
69,35,845.16,599.66,6.71,5.18,1,3,0
70,1,201.22,481.63,455.12,123.20,1,1,0
70,3,1106.48,574.63,62.77,26.55,1,1,0
70,20,1337.23,573.20,113.01,38.19,1,1,0
70,6,883.78,569.24,101.03,24.86,1,1,0
70,4,0.76,510.53,112.54,62.82,1,1,0
70,21,715.53,574.45,23.78,13.04,1,2,0
70,30,985.12,560.79,111.94,39.54,1,1,0
70,29,94.69,581.04,6.76,4.90,1,4,0
71,1,195.37,487.63,455.77,124.49,1,1,0
71,3,1109.29,582.76,64.54,26.18,1,1,0
71,20,1342.42,580.77,113.49,38.51,1,1,0
71,6,885.75,577.62,100.30,23.43,1,1,0
71,4,0.81,514.81,110.91,65.83,1,1,0
71,21,719.47,581.42,24.74,13.14,1,2,0
71,30,985.25,567.83,118.95,39.98,1,1,0
71,35,846.42,610.88,6.15,4.86,1,3,0
72,1,186.55,488.35,460.41,127.02,1,1,0
72,3,1110.64,582.88,69.22,27.23,1,1,0
72,20,1344.20,581.49,113.92,38.38,1,1,0
72,6,889.82,576.04,103.01,26.93,1,1,0
72,4,0.85,527.28,108.70,55.78,1,1,0
72,21,720.16,582.38,24.97,14.11,1,2,0
72,30,986.35,569.45,116.38,39.87,1,1,0
72,35,842.35,612.96,5.54,4.47,1,3,0
72,18,771.63,609.79,7.16,5.44,1,3,0
73,1,175.09,480.20,463.69,127.60,1,1,0
73,3,1112.13,575.90,70.60,26.82,1,1,0
73,20,1345.60,573.99,114.35,38.21,1,1,0
73,6,892.41,568.53,98.39,26.93,1,1,0
73,4,0.51,514.69,107.41,62.76,1,1,0
73,21,719.46,575.80,24.45,14.28,1,2,0
73,30,986.89,561.80,116.30,40.53,1,1,0
74,3,1126.87,567.93,97.78,25.71,1,1,0
74,20,1352.12,575.58,72.19,26.85,1,1,0
74,6,957.38,574.68,20.53,11.38,1,2,0
74,19,1220.12,559.50,120.05,42.28,1,1,0
75,20,1413.36,576.49,23.35,14.16,1,2,0
75,38,1604.09,574.08,100.87,27.06,1,1,0
76,20,1571.67,577.36,22.77,13.98,1,2,0
76,38,1772.36,577.49,97.88,26.78,1,1,0
76,39,0.66,316.11,405.34,297.80,1,1,0
76,40,1030.89,476.10,431.72,129.83,1,1,0
76,41,746.81,509.25,256.98,55.67,1,1,0
76,43,1876.87,581.16,43.13,31.04,1,1,0
77,20,1580.79,573.00,24.03,14.15,1,2,0
77,38,1779.48,572.92,101.24,25.76,1,1,0
77,39,0.72,307.77,376.88,297.13,1,1,0
77,40,1030.47,472.37,434.12,129.58,1,1,0
77,41,749.03,506.42,264.59,55.95,1,1,0
77,43,1880.30,581.02,39.70,25.59,1,1,0
78,20,1575.53,566.86,25.75,14.40,1,2,0
78,38,1777.67,567.42,97.46,25.12,1,1,0
78,39,0.67,298.52,327.94,308.12,1,1,0
78,40,1010.70,466.26,442.09,130.36,1,1,0
78,41,741.07,502.17,257.23,56.62,1,1,0
78,43,1874.98,571.64,45.02,28.48,1,1,0
78,44,1591.60,594.23,9.05,6.19,1,3,0
79,20,1570.66,559.98,25.96,15.40,1,2,0
79,38,1773.31,559.39,101.61,26.28,1,1,0
79,39,0.47,287.04,289.36,306.69,1,1,0
79,40,997.74,458.12,441.70,131.41,1,1,0
79,41,731.66,495.00,233.35,55.82,1,1,0
79,43,1867.66,564.44,52.34,29.84,1,1,0
80,20,1566.08,563.72,26.30,14.91,1,2,0
80,38,1771.12,563.35,98.40,26.90,1,1,0
80,39,0.00,343.31,232.47,246.84,1,1,0
80,40,985.97,461.96,438.14,130.65,1,1,0
80,41,719.32,496.89,237.25,55.79,1,1,0
80,43,1859.69,565.41,60.31,33.55,1,1,0
80,44,1566.63,591.69,8.26,6.00,1,3,0
81,20,1556.16,572.58,26.66,14.97,1,2,0
81,38,1761.60,571.44,101.06,26.53,1,1,0
81,39,0.00,400.50,170.14,194.54,1,1,0
81,40,963.61,469.00,441.23,131.63,1,1,0
81,41,704.62,505.25,242.45,56.82,1,1,0
81,43,1850.55,570.08,69.45,37.04,1,1,0
81,44,1548.69,600.45,8.48,5.81,1,3,0
82,20,1549.80,571.93,28.10,14.85,1,2,0
82,38,1753.65,571.25,101.41,26.44,1,1,0
82,39,0.13,434.95,122.58,155.07,1,1,0
82,40,948.49,467.11,443.33,133.06,1,1,0
82,41,694.65,502.83,245.82,58.32,1,1,0
82,43,1843.18,569.68,76.82,37.22,1,1,0
82,44,1537.31,598.86,8.86,6.58,1,3,0
83,20,1544.54,568.01,26.51,14.59,1,2,0
83,38,1746.87,567.81,99.27,26.78,1,1,0
83,39,0.00,463.23,68.71,113.29,1,1,0
83,40,938.60,461.05,440.47,134.94,1,1,0
83,41,686.00,498.45,244.67,57.81,1,1,0
83,43,1834.98,563.81,85.02,39.28,1,1,0
83,44,1525.01,593.66,9.31,7.30,1,3,0
84,20,1539.21,568.13,26.94,15.09,1,2,0
84,38,1743.27,568.50,100.05,26.84,1,1,0
84,40,920.42,459.32,441.22,136.26,1,1,0
84,41,674.32,497.93,238.03,56.56,1,1,0
84,43,1830.54,559.93,89.46,45.02,1,1,0
84,44,1591.19,600.41,6.83,5.45,1,3,0
85,20,1535.11,571.55,27.39,14.96,1,2,0
85,38,1742.97,570.94,99.91,27.83,1,1,0
85,40,902.08,459.70,446.91,138.21,1,1,0
85,41,665.20,498.62,246.70,58.37,1,1,0
85,43,1827.35,560.62,92.65,48.60,1,1,0
85,44,1500.04,597.85,8.27,6.64,1,3,0
86,20,1530.65,573.78,26.77,15.91,1,2,0
86,38,1737.79,572.85,98.50,27.49,1,1,0
86,40,884.96,462.94,446.46,138.19,1,1,0
86,41,652.91,502.42,256.23,59.02,1,1,0
86,43,1819.46,562.18,100.54,49.09,1,1,0
86,44,1483.24,600.45,9.63,6.37,1,3,0
87,20,1523.35,573.66,26.96,15.68,1,2,0
87,38,1732.26,572.78,95.75,27.55,1,1,0
87,40,868.24,463.77,445.31,137.45,1,1,0
87,41,641.65,502.76,247.08,59.48,1,1,0
87,43,1812.35,560.23,107.65,51.15,1,1,0
87,44,1468.88,600.32,8.38,6.07,1,3,0
88,20,1515.07,574.62,27.97,16.41,1,2,0
88,38,1725.36,574.04,97.32,27.97,1,1,0
88,40,847.13,461.45,450.22,140.31,1,1,0
88,41,626.93,504.72,249.03,57.99,1,1,0
88,43,1806.55,561.61,113.45,50.55,1,1,0
88,44,1453.01,601.14,8.87,6.01,1,3,0
89,20,1456.22,571.29,94.22,27.40,1,1,0
89,38,1680.64,578.49,87.49,32.51,1,1,0
89,3,1200.48,599.55,7.28,6.19,1,3,0
89,19,1266.45,573.54,25.70,14.97,1,2,0
90,20,1404.64,579.99,88.77,30.14,1,1,0
90,38,1668.37,583.94,132.30,41.99,1,1,0
90,3,1174.85,572.47,93.83,24.91,1,1,0
90,19,1257.28,560.08,136.92,49.38,1,1,0
90,35,925.17,598.82,9.03,6.93,1,3,0
90,6,999.99,573.54,24.64,15.82,1,2,0
91,38,1741.34,597.97,7.98,5.97,1,3,0
91,30,838.58,485.52,238.42,56.72,1,1,0
91,43,1779.90,566.41,28.96,15.92,1,2,0
92,38,1802.79,597.14,8.97,6.10,1,3,0
92,50,1057.44,435.75,475.49,150.96,1,1,0
92,30,891.63,480.16,236.92,59.03,1,1,0
92,43,1850.76,565.08,28.20,16.18,1,2,0
93,38,1807.29,597.01,8.77,5.75,1,3,0
93,50,1058.51,433.81,475.88,152.13,1,1,0
93,30,902.19,479.80,244.33,59.04,1,1,0
93,43,1870.51,564.36,29.96,16.52,1,2,0
94,38,1705.01,583.76,9.83,7.48,1,3,0
94,50,1049.05,429.55,471.42,151.50,1,1,0
94,30,894.50,477.71,245.13,57.67,1,1,0
94,43,1867.64,561.84,30.13,15.78,1,2,0
95,38,1782.88,589.09,7.77,5.34,1,3,0
95,50,1034.31,422.91,470.48,154.87,1,1,0
95,30,888.08,472.80,232.90,57.43,1,1,0
95,43,1865.04,559.04,29.58,15.50,1,2,0
96,38,1775.06,578.12,9.33,7.43,1,3,0
96,50,1025.02,408.95,470.49,157.40,1,1,0
96,30,888.34,457.64,229.99,58.54,1,1,0
96,43,1872.22,550.73,28.85,15.23,1,2,0
96,20,1489.88,526.63,62.05,17.57,1,2,0
97,50,1025.83,395.46,473.74,158.47,1,1,0
97,30,898.47,443.22,224.85,59.18,1,1,0
97,43,1888.82,540.45,29.55,15.30,1,2,0
97,20,1490.37,513.79,72.20,17.86,1,2,0
98,50,1066.43,390.19,473.63,160.24,1,1,0
98,30,946.10,443.37,178.89,57.07,1,1,0
98,20,1539.21,510.43,82.02,18.46,1,2,0
98,38,1829.20,564.27,9.04,6.30,1,3,0
99,50,1093.89,401.59,481.93,157.37,1,1,0
99,30,984.95,454.47,171.56,58.23,1,1,0
99,20,1568.32,518.01,98.89,20.00,1,2,0
99,38,1777.53,563.86,9.89,7.27,1,3,0
99,35,1010.85,515.01,5.74,4.68,1,3,0
100,50,1115.49,417.56,480.54,156.92,1,1,0
100,30,1013.80,473.56,159.88,56.22,1,1,0
100,20,1597.48,532.43,105.49,20.52,1,2,0
100,38,1804.52,577.74,10.84,7.70,1,3,0
100,43,1897.96,586.10,8.83,7.43,1,3,0
101,50,1134.83,431.18,481.00,158.74,1,1,0
101,30,1037.71,489.85,151.51,56.14,1,1,0
101,20,1625.01,546.22,104.54,20.45,1,2,0
102,50,1149.16,446.26,486.39,156.68,1,1,0
102,30,1060.37,503.22,142.06,58.74,1,1,0
102,20,1654.41,559.33,106.46,20.33,1,2,0
103,50,1161.08,451.76,490.27,156.97,1,1,0
103,30,1080.29,512.23,135.10,57.48,1,1,0
103,20,1678.97,564.91,107.45,19.85,1,2,0
103,43,1867.38,608.21,11.22,8.33,1,3,0
104,50,1166.92,451.21,489.00,156.27,1,1,0
104,30,1093.93,513.02,128.12,57.16,1,1,0
104,20,1694.24,565.19,110.67,20.19,1,2,0
104,43,1877.62,608.07,11.75,8.38,1,3,0
105,50,1174.26,447.31,482.38,157.40,1,1,0
105,30,1100.72,511.55,128.24,53.77,1,1,0
105,20,1701.52,562.39,116.94,21.38,1,2,0
105,38,1635.01,556.28,56.25,26.54,1,2,0
106,50,1161.30,439.44,487.86,160.87,1,1,0
106,30,1104.29,502.91,116.24,55.40,1,1,0
106,20,1706.29,558.24,118.07,21.33,1,2,0
106,38,1635.18,549.88,61.21,27.60,1,2,0
107,50,1149.60,434.30,486.02,161.35,1,1,0
107,30,1099.38,498.90,108.44,52.31,1,1,0
107,20,1702.78,554.06,119.11,21.10,1,2,0
107,38,1625.21,545.58,67.39,27.69,1,2,0
107,43,1865.41,598.56,12.35,8.79,1,3,0
108,50,1120.42,422.18,492.15,164.65,1,1,0
108,20,1692.51,546.39,116.94,21.33,1,2,0
108,38,1611.30,536.15,71.18,28.68,1,2,0
108,43,1844.39,589.88,12.54,8.73,1,3,0
109,50,1097.61,416.48,485.27,165.82,1,1,0
109,20,1673.93,543.32,123.07,21.12,1,2,0
109,38,1596.27,534.25,68.11,26.98,1,2,0
109,43,1815.27,586.99,11.92,9.02,1,3,0
110,50,1074.66,415.99,483.69,166.39,1,1,0
110,20,1661.76,543.37,122.51,21.91,1,2,0
110,38,1583.76,534.30,67.07,26.73,1,2,0
110,43,1791.48,586.78,11.78,8.91,1,3,0
111,50,1053.56,414.21,477.83,167.55,1,1,0
111,20,1646.70,543.98,124.38,21.28,1,2,0
111,38,1573.31,534.50,62.29,27.16,1,2,0
111,43,1766.55,587.14,11.62,8.29,1,3,0
111,53,1859.78,596.66,9.52,7.38,1,3,0
112,50,1026.26,410.14,478.50,169.37,1,1,0
112,20,1633.12,540.59,123.00,21.12,1,2,0
112,38,1557.98,531.96,64.76,27.10,1,2,0
112,43,1740.82,583.39,11.41,9.09,1,3,0
112,53,1832.65,593.41,10.16,7.60,1,3,0
113,50,1003.26,400.09,471.17,172.76,1,1,0
113,20,1622.05,535.03,119.66,22.05,1,2,0
113,38,1542.37,525.22,67.28,28.39,1,2,0
113,53,1802.37,588.38,9.99,7.58,1,3,0
114,50,977.56,395.58,475.27,173.67,1,1,0
114,20,1617.65,533.26,117.45,21.33,1,2,0
114,38,1535.72,523.10,68.14,28.54,1,2,0
114,43,1693.33,575.65,12.03,9.64,1,3,0
115,20,1619.51,548.04,157.57,51.07,1,1,0
115,38,1438.87,555.48,56.67,23.66,1,1,0
115,21,703.14,518.31,65.82,26.89,1,2,0
115,44,916.94,575.11,9.50,6.85,1,3,0
115,3,1225.14,551.64,28.50,15.90,1,2,0
115,19,1473.04,538.74,174.15,57.05,1,1,0
116,20,1750.12,569.79,154.16,49.27,1,1,0
116,56,625.01,571.41,11.68,8.68,1,3,0
116,21,578.10,530.89,115.94,20.57,1,2,0
116,3,1234.71,558.17,55.78,24.01,1,1,0
116,19,1406.76,551.50,158.37,47.84,1,1,0
116,6,1032.33,555.53,25.77,15.37,1,2,0
117,20,1740.40,572.92,153.14,48.82,1,1,0
117,56,601.02,572.04,11.83,9.36,1,3,0
117,21,569.89,532.36,114.58,21.15,1,2,0
117,3,1226.08,560.39,56.68,23.53,1,1,0
117,19,1400.53,551.86,149.11,49.28,1,1,0
117,57,0.56,391.69,355.17,178.76,1,1,0
117,59,481.86,522.41,70.07,28.19,1,2,0
117,6,1022.72,557.18,26.20,15.45,1,2,0
117,30,1260.37,543.88,165.92,54.85,1,1,0
118,20,1782.66,580.61,137.34,48.23,1,1,0
118,56,617.23,581.79,12.52,9.57,1,3,0
118,21,598.66,543.45,117.54,20.07,1,2,0
118,3,1260.97,570.72,63.97,21.76,1,1,0
118,19,1434.16,554.24,145.16,55.47,1,1,0
118,57,0.79,396.77,367.80,182.37,1,1,0
118,59,515.86,532.09,65.85,28.36,1,2,0
118,6,1055.90,564.88,26.71,16.98,1,2,0
118,60,451.94,540.15,53.54,13.83,1,2,0
118,30,1296.35,552.12,166.17,55.37,1,1,0
118,44,699.46,589.17,9.17,7.84,1,3,0
119,20,1811.25,580.85,108.75,48.29,1,1,0
119,56,629.11,586.76,11.91,9.99,1,3,0
119,21,618.14,548.21,117.05,21.05,1,2,0
119,3,1283.42,572.03,63.63,23.51,1,1,0
119,19,1457.68,557.95,145.95,53.57,1,1,0
119,57,0.54,404.61,378.15,180.98,1,1,0
119,59,535.87,537.51,66.59,29.14,1,2,0
119,6,1078.39,569.85,27.88,16.03,1,2,0
119,60,470.07,545.31,56.51,14.06,1,2,0
119,30,1320.20,555.09,167.74,55.40,1,1,0
119,44,710.51,594.99,8.70,7.63,1,3,0
120,20,1846.18,584.52,73.82,39.26,1,1,0
120,56,640.44,587.18,11.53,9.96,1,3,0
120,21,642.41,548.89,115.70,20.56,1,2,0
120,3,1310.17,571.35,61.36,22.36,1,1,0
120,19,1487.74,554.18,147.65,54.98,1,1,0
120,57,0.43,411.30,387.10,175.61,1,1,0
120,59,562.46,538.77,64.90,28.71,1,2,0
120,6,1104.24,568.69,29.02,16.26,1,2,0
120,60,445.10,542.89,89.15,17.30,1,2,0
120,30,1346.58,553.15,171.59,54.98,1,1,0
120,44,722.08,595.92,8.59,6.89,1,3,0
121,20,1870.51,592.77,49.49,31.97,1,1,0
121,56,646.45,589.61,12.50,10.46,1,3,0
121,21,661.58,551.86,114.39,20.78,1,2,0
121,3,1337.82,572.92,55.95,22.24,1,1,0
121,19,1509.05,556.41,154.26,54.16,1,1,0
121,57,0.53,418.69,389.65,172.87,1,1,0
121,59,576.02,542.74,70.52,28.70,1,2,0
121,6,1124.64,571.75,27.65,15.36,1,2,0
121,60,461.83,547.28,87.21,17.15,1,2,0
121,30,1364.67,553.38,175.00,56.00,1,1,0
122,21,714.98,559.26,114.22,19.86,1,2,0
122,3,1397.33,578.01,54.81,22.39,1,1,0
122,19,1567.68,561.36,156.78,54.92,1,1,0
122,57,0.64,400.08,428.46,199.35,1,1,0
122,59,631.21,549.77,68.06,28.61,1,2,0
122,6,1180.69,577.04,28.30,15.96,1,2,0
122,60,522.70,554.67,81.37,17.43,1,2,0
122,30,1426.84,558.74,174.45,56.22,1,1,0
122,44,685.37,597.57,12.20,9.80,1,3,0
123,21,747.45,561.68,114.51,19.67,1,2,0
123,3,1436.81,579.37,54.87,21.94,1,1,0
123,19,1607.57,563.21,163.70,52.49,1,1,0
123,57,0.26,402.64,450.12,200.63,1,1,0
123,59,663.84,553.17,68.64,27.90,1,2,0
123,6,1218.41,578.71,27.99,15.49,1,2,0
123,60,552.73,556.87,77.43,18.41,1,2,0
123,30,1464.15,558.71,176.43,55.76,1,1,0
123,44,786.19,607.67,9.56,7.67,1,3,0
123,56,707.74,599.36,12.01,10.41,1,3,0
124,21,781.37,565.21,111.86,18.16,1,2,0
124,3,1469.01,579.09,62.10,22.44,1,1,0
124,19,1647.95,562.42,163.33,50.90,1,1,0
124,57,0.41,408.69,465.70,198.62,1,1,0
124,59,697.07,555.72,67.02,27.64,1,2,0
124,6,1252.49,578.77,28.99,15.63,1,2,0
124,60,587.62,560.26,84.11,17.48,1,2,0
124,30,1498.87,557.55,183.31,55.88,1,1,0
124,44,806.54,608.71,9.61,9.14,1,3,0
124,56,727.55,601.17,12.47,11.12,1,3,0
125,21,816.05,569.34,110.06,19.08,1,2,0
125,3,1513.82,585.60,51.35,21.09,1,1,0
125,19,1694.78,565.83,165.78,53.09,1,1,0
125,57,0.60,415.40,483.29,198.28,1,1,0
125,59,730.51,559.37,70.24,29.64,1,1,0
125,6,1292.07,584.02,28.15,15.24,1,2,0
125,60,620.63,566.89,78.61,17.51,1,2,0
125,30,1539.67,560.69,187.15,56.94,1,1,0
125,44,827.38,614.24,9.20,8.57,1,3,0
125,56,749.48,607.93,12.65,10.58,1,3,0
125,61,900.09,569.03,104.53,21.03,1,1,0
126,21,821.00,575.84,87.07,18.68,1,2,0
126,3,1503.77,591.67,53.64,19.83,1,1,0
126,19,1683.35,569.70,164.58,53.58,1,1,0
126,57,0.54,420.10,452.84,200.57,1,1,0
126,59,717.22,565.19,71.25,30.67,1,1,0
126,6,1283.88,589.46,28.38,15.96,1,2,0
126,60,610.41,574.32,82.47,16.21,1,2,0
126,30,1531.25,565.57,187.43,57.98,1,1,0
126,44,801.56,621.59,10.09,8.92,1,3,0
126,56,724.37,613.68,12.94,11.38,1,3,0
126,61,888.84,574.99,104.39,21.59,1,1,0
126,62,706.90,570.62,33.96,22.09,1,1,0
