1,1,453.82,516.87,117.83,23.11,1,0,0
1,2,362.05,519.52,80.35,22.76,1,0,0
1,3,631.95,509.11,36.96,27.26,1,0,0
1,4,1738.07,497.33,12.81,18.96,1,3,0
1,5,199.14,526.64,71.00,21.31,1,0,0
1,6,863.24,512.97,39.39,17.26,1,0,0
1,7,1647.46,502.04,9.40,14.54,1,3,0
1,8,796.45,529.11,15.64,6.40,1,2,0
2,1,504.51,530.59,115.79,26.13,1,0,0
2,2,411.71,541.72,80.27,22.69,1,0,0
2,3,679.32,520.86,35.45,26.15,1,0,0
2,4,1790.48,469.24,12.69,18.67,1,3,0
2,5,251.59,551.47,70.28,22.06,1,0,0
2,6,906.60,516.66,49.67,16.38,1,0,0
2,7,1698.54,476.23,9.48,14.81,1,3,0
3,1,584.09,533.21,113.64,25.92,1,0,0
3,2,494.55,544.41,79.36,23.30,1,0,0
3,3,757.73,518.97,35.42,27.08,1,0,0
3,4,1883.86,446.62,13.31,18.92,1,3,0
3,5,337.74,557.49,71.11,22.86,1,0,0
3,6,983.80,512.97,49.36,14.97,1,0,0
3,7,1787.53,455.23,9.67,15.48,1,3,0
3,8,921.45,528.52,19.96,8.42,1,2,0
4,1,624.60,527.54,115.10,25.23,1,0,0
4,2,538.22,537.30,76.28,22.73,1,0,0
4,3,798.67,513.09,35.65,27.34,1,0,0
4,5,382.07,549.02,68.78,21.89,1,0,0
4,6,1025.82,508.61,50.73,15.49,1,0,0
4,7,1835.75,455.45,10.22,16.90,1,3,0
4,8,962.63,524.76,19.90,8.53,1,2,0
5,1,675.98,516.54,112.41,23.64,1,0,0
5,2,589.21,520.34,75.62,23.58,1,0,0
5,3,847.76,505.78,35.84,27.02,1,0,0
5,5,436.02,530.16,67.79,20.42,1,0,0
5,6,1073.55,506.24,48.58,15.62,1,0,0
5,7,1897.14,476.37,11.07,17.16,1,3,0
5,8,1011.68,521.10,17.47,8.03,1,2,0
6,1,714.82,506.70,112.31,24.13,1,0,0
6,2,627.03,508.69,75.62,22.17,1,0,0
6,3,884.07,500.36,35.74,27.06,1,0,0
6,5,475.92,512.26,65.63,20.30,1,0,0
6,6,1111.75,508.42,53.59,14.83,1,0,0
7,1,748.92,501.64,111.82,22.60,1,0,0
7,2,662.88,498.57,74.35,22.34,1,0,0
7,3,918.33,497.61,36.10,26.26,1,0,0
7,5,511.13,497.67,67.86,20.61,1,0,0
7,6,1148.24,511.86,53.29,14.90,1,0,0
7,8,1083.32,521.32,17.73,7.69,1,2,0
8,1,790.52,500.46,108.67,22.67,1,0,0
8,2,703.83,496.96,75.04,21.79,1,0,0
8,3,958.67,497.38,35.64,26.66,1,0,0
8,5,552.37,494.58,69.65,20.77,1,0,0
8,6,1185.76,513.87,52.38,14.68,1,0,0
9,1,819.90,503.15,110.73,22.23,1,0,0
9,2,734.43,501.84,74.54,21.92,1,0,0
9,3,989.73,498.96,34.41,26.35,1,0,0
9,5,585.06,501.45,69.35,20.57,1,0,0
9,6,1216.70,510.82,49.99,16.14,1,0,0
9,8,1156.93,522.10,19.25,7.70,1,2,0
10,1,857.33,507.33,109.57,23.45,1,0,0
10,2,773.25,509.80,73.30,22.11,1,0,0
10,3,1027.62,499.95,34.14,26.66,1,0,0
10,5,623.03,513.71,68.03,20.62,1,0,0
10,6,1253.49,506.06,39.43,16.45,1,0,0
10,9,14.70,492.35,40.14,76.67,1,3,0
10,8,1195.98,518.24,21.71,8.57,1,2,0
11,1,893.21,512.28,111.38,24.28,1,0,0
11,2,808.99,518.12,74.00,21.98,1,0,0
11,3,1062.07,501.24,36.03,26.19,1,0,0
11,5,660.24,525.12,67.55,20.85,1,0,0
11,6,1290.85,500.42,47.63,16.12,1,0,0
11,9,50.63,523.30,40.92,74.39,1,3,0
11,8,1241.94,514.91,20.21,7.42,1,2,0
12,1,934.62,512.72,112.09,25.44,1,0,0
12,2,852.01,523.30,73.60,21.35,1,0,0
12,3,1104.43,498.62,34.43,26.14,1,0,0
12,5,703.85,533.01,68.01,21.56,1,0,0
12,6,1333.46,492.73,53.82,15.82,1,0,0
12,9,94.56,546.20,40.45,75.82,1,3,0
13,1,974.36,509.27,112.29,26.26,1,0,0
13,2,890.97,521.46,72.90,21.29,1,0,0
13,3,1143.79,496.19,34.22,26.81,1,0,0
13,5,744.51,530.94,67.76,21.64,1,0,0
13,6,1374.14,489.90,54.31,16.47,1,0,0
13,9,133.49,542.51,40.45,78.21,1,3,0
13,8,1316.43,505.55,22.41,8.55,1,2,0
14,1,1005.84,508.74,112.00,24.45,1,0,0
14,2,924.17,517.23,71.88,20.64,1,0,0
14,3,1177.24,497.91,34.48,26.44,1,0,0
14,5,777.64,522.71,67.35,21.00,1,0,0
14,6,1408.08,497.38,53.21,16.18,1,0,0
14,9,163.59,519.09,39.96,75.71,1,3,0
14,8,1350.97,512.69,16.82,7.36,1,2,0
15,1,1035.57,510.70,110.86,22.82,1,0,0
15,2,951.13,511.76,72.99,21.82,1,0,0
15,3,1203.40,505.16,37.22,26.85,1,0,0
15,5,803.46,512.14,68.52,20.92,1,0,0
15,6,1439.36,514.75,36.40,17.01,1,0,0
15,9,188.75,479.25,41.29,76.09,1,3,0
16,1,1085.84,519.36,108.71,22.74,1,0,0
16,2,1001.60,511.61,73.00,23.50,1,0,0
16,3,1255.20,520.19,35.87,27.11,1,0,0
16,5,853.74,503.99,67.28,20.46,1,0,0
16,6,1490.65,544.72,56.12,18.35,1,0,0
16,9,241.74,434.40,40.30,71.79,1,3,0
16,8,1434.01,552.99,16.43,6.64,1,2,0
17,1,1135.87,522.78,110.37,23.29,1,0,0
17,2,1050.27,515.50,73.79,23.28,1,0,0
17,3,1305.75,521.93,36.88,28.37,1,0,0
17,5,903.35,509.14,67.61,20.64,1,0,0
17,6,1542.47,545.75,42.20,17.91,1,0,0
17,9,292.56,441.63,39.89,73.79,1,3,0
18,1,1188.16,510.39,110.79,23.84,1,0,0
18,2,1103.87,514.87,72.74,22.81,1,0,0
18,3,1359.33,500.57,37.37,27.49,1,0,0
18,5,957.03,521.24,65.79,20.29,1,0,0
18,6,1602.92,501.26,40.69,18.08,1,0,0
18,9,345.18,507.76,39.83,76.76,1,3,0
19,1,1228.93,493.17,110.32,28.71,1,0,0
19,2,1143.95,507.45,73.59,23.76,1,0,0
19,3,1401.24,474.80,36.42,27.87,1,0,0
19,5,998.11,523.40,65.74,20.97,1,0,0
19,6,1644.28,458.29,62.66,17.49,1,0,0
19,9,390.69,561.96,38.28,73.80,1,3,0
19,8,1591.31,479.31,17.96,7.09,1,2,0
20,1,1266.52,483.11,109.91,30.53,1,0,0
20,2,1182.05,501.53,71.82,24.20,1,0,0
20,3,1440.88,464.38,33.05,27.38,1,0,0
20,5,1033.31,519.83,66.35,22.02,1,0,0
20,6,1685.26,442.41,61.00,18.06,1,0,0
20,9,427.49,570.85,38.50,75.10,1,3,0
20,8,1631.61,464.35,17.99,7.14,1,2,0
21,1,1305.19,491.72,113.58,26.38,1,0,0
21,2,1220.26,505.81,72.57,21.61,1,0,0
21,3,1482.13,474.95,34.78,26.74,1,0,0
21,5,1072.06,518.63,67.06,21.83,1,0,0
21,6,1730.17,460.27,62.59,18.81,1,0,0
21,9,462.69,544.52,37.44,76.75,1,3,0
21,8,1676.32,480.68,22.18,7.07,1,2,0
22,1,1354.95,523.96,116.77,22.57,1,0,0
22,2,1269.26,525.18,71.77,21.20,1,0,0
22,3,1533.04,518.04,36.57,27.25,1,0,0
22,5,1118.58,526.17,67.52,20.56,1,0,0
22,6,1788.76,526.32,40.28,18.88,1,0,0
22,9,505.56,492.84,38.34,76.01,1,3,0
22,8,1734.28,542.45,15.02,6.56,1,2,0
23,1,1394.21,553.60,112.99,25.22,1,0,0
23,2,1305.66,545.45,74.33,23.42,1,0,0
23,3,1574.19,557.16,35.61,28.68,1,0,0
23,5,1156.22,537.96,68.02,19.79,1,0,0
23,6,1828.72,585.23,56.78,20.09,1,0,0
23,9,543.43,459.80,37.52,74.16,1,3,0
24,1,1416.80,557.64,112.80,23.61,1,0,0
24,2,1327.72,547.01,73.42,24.48,1,0,0
24,3,1596.92,560.68,37.49,27.67,1,0,0
24,5,1178.98,539.16,69.13,20.99,1,0,0
24,6,1853.40,588.01,60.83,21.65,1,0,0
24,9,562.45,459.97,39.23,75.76,1,3,0
24,8,1800.04,598.89,16.67,6.58,1,2,0
25,1,1432.84,544.50,113.95,22.49,1,0,0
25,2,1343.48,537.97,74.88,23.06,1,0,0
25,3,1614.55,543.16,37.84,27.47,1,0,0
25,5,1192.96,533.85,69.28,20.80,1,0,0
25,6,1875.21,561.12,44.79,20.99,1,0,0
25,9,575.51,478.09,38.74,73.08,1,3,0
25,8,1820.25,575.52,15.56,5.96,1,2,0
26,1,1463.08,508.72,119.22,23.56,1,0,0
26,2,1374.38,513.13,75.57,22.29,1,0,0
26,3,1646.98,498.87,39.06,26.69,1,0,0
26,5,1223.41,519.20,68.62,21.86,1,0,0
26,9,603.82,512.71,37.53,71.83,1,3,0
26,8,1858.81,515.75,15.80,6.60,1,2,0
27,1,1498.92,484.82,118.99,25.04,1,0,0
27,2,1409.09,496.44,77.78,22.03,1,0,0
27,3,1685.29,470.60,37.07,25.96,1,0,0
27,5,1258.12,507.54,67.44,21.33,1,0,0
27,9,637.21,527.46,37.18,72.32,1,3,0
28,1,1579.98,490.08,123.66,23.65,1,0,0
28,2,1488.75,499.88,77.40,20.84,1,0,0
28,3,1771.02,477.42,39.46,26.96,1,0,0
28,5,1334.52,507.66,66.86,21.12,1,0,0
28,9,708.80,512.86,37.45,72.03,1,3,0
29,1,1661.81,521.19,126.47,23.18,1,0,0
29,2,1567.75,521.89,79.62,21.45,1,0,0
29,3,1858.81,513.26,39.73,28.87,1,0,0
29,5,1412.96,522.17,67.85,21.09,1,0,0
29,9,780.63,493.64,36.82,72.17,1,3,0
30,1,1729.37,535.88,127.88,22.80,1,0,0
30,2,1633.62,532.97,80.71,22.34,1,0,0
30,5,1476.61,531.36,68.11,20.42,1,0,0
30,9,838.73,488.40,36.71,72.46,1,3,0
31,1,1792.66,513.17,127.34,25.76,1,0,0
31,2,1697.72,516.68,83.42,22.44,1,0,0
31,5,1537.59,518.72,67.96,20.76,1,0,0
31,9,892.37,494.59,36.12,71.10,1,3,0
32,1,1839.25,486.45,80.75,17.25,1,0,0
32,2,1742.45,485.57,85.73,22.76,1,0,0
32,5,1580.64,494.88,68.66,20.74,1,0,0
32,9,929.56,500.14,36.83,69.92,1,3,0
33,1,1898.57,467.98,21.43,13.20,1,0,0
33,2,1799.74,464.16,85.73,23.09,1,0,0
33,5,1633.75,477.22,70.72,21.86,1,0,0
33,9,974.91,498.88,36.92,70.53,1,3,0
34,2,1839.09,483.90,80.91,21.56,1,0,0
34,5,1671.81,492.63,70.89,21.20,1,0,0
34,9,1005.14,492.07,36.85,74.45,1,3,0
35,2,1864.80,505.50,55.20,22.73,1,0,0
35,5,1698.05,509.82,70.46,21.64,1,0,0
35,9,1023.89,494.13,37.26,71.72,1,3,0
36,2,1876.62,511.00,43.38,23.45,1,0,0
36,5,1709.08,514.72,69.26,21.19,1,0,0
36,9,1030.79,492.81,37.47,72.82,1,3,0
37,2,1879.84,500.08,40.16,22.97,1,0,0
37,5,1710.88,505.01,74.02,22.04,1,0,0
37,9,1032.41,489.24,38.59,76.72,1,3,0
38,2,1889.85,498.19,30.15,23.16,1,0,0
38,5,1721.51,503.77,73.28,21.61,1,0,0
38,9,1037.96,485.54,39.13,79.78,1,3,0
39,2,1893.81,507.98,26.19,23.46,1,0,0
39,5,1725.58,512.10,73.84,21.89,1,0,0
39,9,1039.56,483.95,39.14,81.35,1,3,0
40,2,1893.94,512.70,26.06,23.39,1,0,0
40,5,1723.88,516.76,69.74,21.27,1,0,0
40,9,1037.85,484.31,39.62,81.69,1,3,0
41,2,1890.59,510.78,29.41,23.22,1,0,0
41,5,1720.73,514.15,70.32,21.38,1,0,0
41,9,1033.30,482.67,39.64,83.80,1,3,0
42,2,1891.22,513.22,28.78,23.36,1,0,0
42,5,1720.85,516.10,70.24,21.50,1,0,0
42,9,1031.14,480.92,40.14,85.47,1,3,0
43,2,1889.88,508.73,30.12,23.37,1,0,0
43,5,1719.26,512.26,71.16,21.59,1,0,0
43,9,1027.37,482.05,40.69,84.63,1,3,0
44,2,1886.71,495.71,33.29,23.45,1,0,0
44,5,1717.18,501.27,70.89,22.06,1,0,0
44,9,1023.78,481.36,40.92,85.56,1,3,0
45,2,1886.68,489.87,33.32,22.44,1,0,0
45,5,1716.20,495.80,71.38,22.66,1,0,0
45,9,1022.33,481.69,40.73,84.61,1,3,0
46,2,1884.69,501.86,35.31,22.42,1,0,0
46,5,1714.63,506.52,71.01,22.01,1,0,0
46,9,1018.57,481.46,40.75,84.26,1,3,0
47,2,1874.38,525.89,45.62,23.17,1,0,0
47,5,1705.02,526.81,72.77,21.33,1,0,0
47,9,1008.14,478.39,41.43,85.76,1,3,0
48,2,1834.97,517.82,85.03,24.38,1,0,0
48,5,1669.17,519.70,70.01,22.08,1,0,0
48,9,974.19,477.27,42.45,87.77,1,3,0
49,2,1817.87,510.69,87.03,24.39,1,0,0
49,5,1652.73,514.77,68.86,21.29,1,0,0
49,9,957.35,478.04,43.01,88.48,1,3,0
50,2,1801.87,502.66,86.85,24.80,1,0,0
50,5,1638.11,508.81,70.02,21.65,1,0,0
50,9,943.11,478.73,42.63,89.49,1,3,0
51,2,1781.67,487.27,85.96,23.94,1,0,0
51,5,1616.38,496.54,69.24,21.53,1,0,0
51,9,925.61,483.25,42.00,88.27,1,3,0
51,10,1881.19,492.83,38.81,15.02,1,0,0
52,2,1756.77,473.49,85.17,23.97,1,0,0
52,5,1593.01,486.12,70.26,22.14,1,0,0
52,9,903.48,488.07,42.92,88.95,1,3,0
52,10,1854.63,477.24,65.37,14.29,1,0,0
53,2,1729.92,474.65,84.96,23.87,1,0,0
53,5,1567.69,486.99,71.33,22.18,1,0,0
53,9,878.15,490.23,42.70,87.95,1,3,0
53,10,1826.82,477.69,93.18,14.69,1,0,0
54,2,1716.96,506.87,84.30,23.44,1,0,0
54,5,1555.04,512.19,69.89,21.44,1,0,0
54,9,862.46,485.13,43.13,88.01,1,3,0
54,10,1815.63,507.84,104.37,20.68,1,0,0
55,2,1705.48,534.02,85.81,23.77,1,0,0
55,5,1546.01,532.77,69.95,21.56,1,0,0
55,9,850.56,477.95,44.15,89.85,1,3,0
55,10,1805.40,537.40,114.60,22.22,1,0,0
56,2,1684.43,540.50,84.22,23.81,1,0,0
56,5,1523.88,538.73,71.19,20.78,1,0,0
56,9,830.71,474.94,44.27,90.00,1,3,0
56,10,1782.91,547.32,134.38,21.41,1,0,0
57,2,1667.44,524.81,84.73,22.91,1,0,0
57,5,1508.88,525.46,70.57,20.92,1,0,0
57,9,814.81,480.58,43.61,89.74,1,3,0
57,10,1766.43,527.08,133.17,22.71,1,0,0
58,2,1650.98,501.66,83.58,21.34,1,0,0
58,5,1492.55,506.81,70.41,21.46,1,0,0
58,9,798.70,489.86,45.08,90.14,1,3,0
58,10,1747.28,495.81,129.20,23.79,1,0,0
59,2,1638.01,502.23,82.80,21.55,1,0,0
59,5,1479.06,507.51,68.75,21.41,1,0,0
59,9,785.06,490.16,44.34,90.04,1,3,0
59,10,1733.84,496.87,128.67,23.99,1,0,0
60,2,1628.26,512.40,83.57,21.24,1,0,0
60,5,1468.53,514.71,72.05,21.85,1,0,0
60,9,775.57,487.04,44.47,91.00,1,3,0
60,10,1724.62,508.80,130.09,23.69,1,0,0
61,2,1615.28,520.74,82.99,21.34,1,0,0
61,5,1457.01,520.55,70.50,21.93,1,0,0
61,9,761.67,485.44,45.12,90.01,1,3,0
61,10,1710.71,519.16,130.23,23.12,1,0,0
62,2,1602.62,515.24,82.08,21.63,1,0,0
62,5,1446.33,517.35,68.73,21.25,1,0,0
62,9,748.70,488.41,45.26,89.36,1,3,0
62,10,1697.13,512.67,130.43,23.77,1,0,0
63,2,1585.66,506.90,82.93,21.14,1,0,0
63,5,1429.55,511.39,67.39,21.50,1,0,0
63,9,731.50,493.74,45.63,90.74,1,3,0
63,10,1680.88,501.47,128.03,23.92,1,0,0
63,11,1880.66,490.34,39.34,28.40,1,0,0
64,2,1575.64,512.24,81.98,21.49,1,0,0
64,5,1419.22,515.97,68.05,21.26,1,0,0
64,9,719.92,490.56,45.49,91.14,1,3,0
64,10,1669.23,508.12,128.63,24.43,1,0,0
64,11,1869.11,498.58,42.09,28.88,1,0,0
65,2,1564.26,522.63,80.06,22.21,1,0,0
65,5,1408.01,523.53,70.72,21.52,1,0,0
65,9,708.47,481.90,45.57,93.91,1,3,0
65,10,1657.96,522.48,127.57,23.08,1,0,0
65,11,1857.59,514.10,41.13,29.90,1,0,0
66,2,1549.86,530.07,80.06,21.15,1,0,0
66,5,1392.94,528.44,71.83,21.55,1,0,0
66,9,693.94,477.86,46.03,92.64,1,3,0
66,10,1641.56,530.73,127.00,23.27,1,0,0
66,11,1840.34,525.20,41.79,29.51,1,0,0
67,2,1535.33,528.59,80.21,21.38,1,0,0
67,5,1378.63,527.29,72.82,21.29,1,0,0
67,9,679.93,478.98,46.38,91.87,1,3,0
67,10,1628.40,529.49,125.51,22.77,1,0,0
67,11,1824.50,523.26,41.28,29.56,1,0,0
68,2,1521.26,521.80,80.43,20.87,1,0,0
68,5,1366.11,522.63,69.53,21.42,1,0,0
68,9,665.87,482.22,47.11,94.09,1,3,0
68,10,1614.14,519.59,125.30,24.18,1,0,0
68,11,1809.40,512.13,40.83,29.28,1,0,0
69,2,1517.30,522.54,79.61,21.17,1,0,0
69,5,1361.62,523.53,69.23,21.34,1,0,0
69,9,662.37,482.89,46.46,93.15,1,3,0
69,10,1609.72,520.52,126.04,23.79,1,0,0
69,11,1804.95,513.66,41.18,28.78,1,0,0
70,2,1516.85,527.49,78.95,21.08,1,0,0
70,5,1361.19,526.89,70.85,21.31,1,0,0
70,9,662.52,480.25,46.48,94.01,1,3,0
70,10,1609.69,527.17,125.67,22.98,1,0,0
70,11,1803.99,520.62,41.97,29.06,1,0,0
71,2,1513.09,524.71,78.55,20.90,1,0,0
71,5,1358.64,525.15,66.94,21.15,1,0,0
71,9,658.68,483.15,46.81,93.57,1,3,0
71,10,1604.75,523.11,126.25,23.65,1,0,0
71,11,1801.02,516.63,40.61,28.60,1,0,0
72,2,1505.54,516.64,78.85,20.65,1,0,0
72,5,1350.09,519.25,68.00,21.93,1,0,0
72,9,651.97,492.06,46.10,93.26,1,3,0
72,10,1597.19,511.96,126.41,23.48,1,0,0
72,11,1791.44,503.51,41.06,27.93,1,0,0
73,2,1491.81,505.50,80.39,20.97,1,0,0
73,5,1337.87,512.21,67.92,22.13,1,0,0
73,9,640.65,502.84,45.69,93.41,1,3,0
73,10,1584.06,496.29,125.07,24.87,1,0,0
73,11,1777.01,483.91,41.03,28.76,1,0,0
74,2,1483.39,506.40,77.63,20.17,1,0,0
74,5,1328.33,512.97,70.25,22.06,1,0,0
74,9,630.89,504.32,47.17,94.72,1,3,0
74,10,1572.55,496.55,126.17,24.92,1,0,0
74,11,1766.62,484.14,40.49,28.86,1,0,0
75,2,1469.20,519.70,76.14,20.70,1,0,0
75,5,1313.40,523.06,72.78,21.48,1,0,0
75,9,616.22,493.84,46.56,93.64,1,3,0
75,10,1558.55,514.55,124.40,23.66,1,0,0
75,11,1752.09,506.33,40.32,28.14,1,0,0
76,2,1450.65,542.66,75.62,20.79,1,0,0
76,5,1294.80,538.66,72.38,21.67,1,0,0
76,9,598.69,475.10,46.72,93.31,1,3,0
76,10,1539.31,545.15,123.33,23.05,1,0,0
76,11,1731.25,543.13,40.40,27.93,1,0,0
77,2,1431.80,549.18,77.84,21.87,1,0,0
77,5,1278.91,543.14,73.22,22.25,1,0,0
77,9,584.36,466.80,46.69,92.93,1,3,0
77,10,1523.03,553.94,121.56,24.01,1,0,0
77,11,1712.82,555.35,40.66,28.00,1,0,0
78,2,1417.91,539.95,75.83,20.68,1,0,0
78,5,1265.24,537.02,69.50,21.14,1,0,0
78,9,569.73,477.99,46.31,92.72,1,3,0
78,10,1507.17,540.43,121.32,23.42,1,0,0
78,11,1694.77,538.96,41.06,26.88,1,0,0
79,2,1412.20,524.12,76.40,21.12,1,0,0
79,5,1260.55,526.80,70.29,21.34,1,0,0
79,9,565.94,494.94,46.40,92.80,1,3,0
79,10,1501.98,519.56,123.44,24.00,1,0,0
79,11,1690.02,513.32,41.23,27.29,1,0,0
80,2,1415.60,518.76,76.67,19.92,1,0,0
80,5,1261.91,523.85,68.30,21.45,1,0,0
80,9,569.39,504.12,46.24,93.63,1,3,0
80,10,1504.95,510.89,120.43,24.04,1,0,0
80,11,1691.65,501.28,40.10,27.88,1,0,0
81,2,1417.10,520.63,76.79,20.05,1,0,0
81,5,1264.32,525.37,69.05,21.39,1,0,0
81,9,573.08,503.12,46.21,93.96,1,3,0
81,10,1505.93,513.92,121.22,23.69,1,0,0
81,11,1694.44,504.58,39.59,27.31,1,0,0
82,2,1420.93,524.87,76.88,20.94,1,0,0
82,5,1267.75,527.78,69.71,21.64,1,0,0
82,9,578.22,498.34,45.94,92.86,1,3,0
82,10,1510.70,520.09,121.86,24.01,1,0,0
82,11,1699.63,512.72,38.80,27.43,1,0,0
83,2,1423.75,527.88,76.94,20.32,1,0,0
83,5,1272.51,530.23,69.32,20.72,1,0,0
83,9,583.64,497.35,46.38,92.37,1,3,0
83,10,1513.02,522.16,123.83,24.48,1,0,0
83,11,1703.34,516.56,39.61,27.16,1,0,0
84,2,1424.87,527.65,77.55,20.13,1,0,0
84,5,1273.47,529.89,69.20,20.98,1,0,0
84,9,586.03,499.90,46.11,91.20,1,3,0
84,10,1515.72,521.39,123.23,24.53,1,0,0
84,11,1704.33,514.93,40.66,27.71,1,0,0
85,2,1423.85,526.45,77.82,20.67,1,0,0
85,5,1272.04,529.87,70.11,20.78,1,0,0
85,9,585.99,500.79,46.50,91.40,1,3,0
85,10,1515.13,520.56,122.42,24.56,1,0,0
85,11,1703.27,513.83,40.28,27.41,1,0,0
86,2,1424.03,529.39,76.96,19.94,1,0,0
86,5,1272.28,531.40,69.04,21.14,1,0,0
86,9,586.76,497.69,45.52,91.28,1,3,0
86,10,1513.91,524.96,123.49,23.89,1,0,0
86,11,1702.46,520.00,40.77,26.38,1,0,0
87,2,1426.15,537.71,75.46,20.67,1,0,0
87,5,1272.86,536.88,69.50,21.22,1,0,0
87,9,590.38,489.95,44.73,90.27,1,3,0
87,10,1514.70,536.16,123.87,23.87,1,0,0
87,11,1703.42,533.04,41.07,27.30,1,0,0
88,2,1433.66,540.82,77.53,19.90,1,0,0
88,5,1281.60,538.95,70.01,21.00,1,0,0
88,9,601.52,488.48,44.45,91.17,1,3,0
88,10,1522.77,539.12,123.42,23.33,1,0,0
88,11,1712.67,535.97,40.59,27.67,1,0,0
89,2,1442.22,535.98,76.45,20.42,1,0,0
89,5,1287.87,535.99,69.49,21.63,1,0,0
89,9,611.54,495.24,44.68,89.76,1,3,0
89,10,1532.06,533.93,121.93,23.01,1,0,0
89,11,1721.16,528.15,40.95,27.69,1,0,0
90,2,1447.30,530.26,77.00,20.03,1,0,0
90,5,1293.59,532.69,69.74,21.44,1,0,0
90,9,618.77,500.44,44.80,92.32,1,3,0
90,10,1537.43,526.53,122.77,22.84,1,0,0
90,11,1728.57,518.23,39.56,27.33,1,0,0
91,2,1450.65,526.77,77.22,20.76,1,0,0
91,5,1296.00,531.14,70.45,21.44,1,0,0
91,9,623.91,507.31,44.46,88.86,1,3,0
91,10,1541.18,521.70,122.87,23.61,1,0,0
91,11,1731.23,512.97,39.46,27.09,1,0,0
92,2,1452.78,528.12,75.14,20.16,1,0,0
92,5,1299.05,531.60,70.34,21.27,1,0,0
92,9,626.49,507.69,44.37,87.52,1,3,0
92,10,1541.12,522.57,123.78,23.95,1,0,0
92,11,1731.96,515.95,40.65,26.52,1,0,0
93,2,1457.24,532.94,76.52,20.42,1,0,0
93,5,1302.33,534.70,70.69,21.55,1,0,0
93,9,632.80,502.80,43.85,89.32,1,3,0
93,10,1544.56,529.57,124.44,23.33,1,0,0
93,11,1737.15,523.35,40.08,27.27,1,0,0
94,2,1460.31,534.12,76.27,20.52,1,0,0
94,5,1305.37,535.65,72.17,21.62,1,0,0
94,9,637.24,501.57,43.63,90.66,1,3,0
94,10,1549.24,530.54,122.76,23.72,1,0,0
94,11,1740.90,524.52,39.35,27.19,1,0,0
95,2,1461.34,533.33,78.12,20.44,1,0,0
95,5,1310.02,535.90,69.79,21.39,1,0,0
95,9,640.67,506.41,43.40,86.88,1,3,0
95,10,1553.19,530.09,122.39,23.56,1,0,0
95,11,1742.89,524.18,39.77,27.10,1,0,0
96,2,1461.62,533.72,77.74,20.39,1,0,0
96,5,1310.03,536.24,69.87,21.22,1,0,0
96,9,642.66,506.64,43.46,86.94,1,3,0
96,10,1553.65,530.18,122.03,23.38,1,0,0
96,11,1742.86,524.63,39.88,26.85,1,0,0
97,2,1457.81,536.30,78.38,20.68,1,0,0
97,5,1306.79,538.23,70.91,20.98,1,0,0
97,9,641.62,504.85,43.19,86.70,1,3,0
97,10,1549.79,533.00,122.47,23.87,1,0,0
97,11,1739.97,527.81,40.19,27.24,1,0,0
98,2,1453.28,538.11,76.94,20.30,1,0,0
98,5,1301.50,539.21,69.82,20.74,1,0,0
98,9,638.28,504.51,43.04,85.89,1,3,0
98,10,1542.94,534.99,124.84,23.70,1,0,0
98,11,1734.23,528.50,40.25,27.63,1,0,0
99,2,1451.95,537.52,77.17,20.33,1,0,0
99,5,1300.31,539.34,69.20,20.70,1,0,0
99,9,638.77,505.89,42.42,85.79,1,3,0
99,10,1543.33,534.13,122.82,23.66,1,0,0
99,11,1732.69,527.29,40.23,27.93,1,0,0
100,2,1450.51,537.32,76.88,20.82,1,0,0
100,5,1298.43,539.10,70.29,20.98,1,0,0
100,9,639.05,506.46,42.40,85.77,1,3,0
100,10,1541.67,534.64,124.02,23.61,1,0,0
100,11,1731.51,527.78,39.50,27.67,1,0,0
101,2,1450.79,539.93,75.72,19.66,1,0,0
101,5,1296.60,541.09,69.22,20.76,1,0,0
101,9,638.76,505.50,43.06,86.37,1,3,0
101,10,1539.70,536.57,122.96,23.24,1,0,0
101,11,1729.82,530.04,40.23,27.67,1,0,0
102,2,1447.91,542.67,76.80,20.34,1,0,0
102,5,1293.51,542.19,70.69,21.90,1,0,0
102,9,638.26,502.89,41.93,87.07,1,3,0
102,10,1536.44,540.69,122.82,22.89,1,0,0
102,11,1726.62,535.02,40.66,27.96,1,0,0
103,2,1443.54,543.65,76.55,19.17,1,0,0
103,5,1291.09,542.82,68.23,21.73,1,0,0
103,9,635.35,503.79,42.16,86.07,1,3,0
103,10,1532.83,540.81,123.28,23.03,1,0,0
103,11,1721.53,535.34,40.22,27.77,1,0,0
104,2,1440.29,540.42,76.79,19.75,1,0,0
104,5,1287.60,541.91,68.98,20.61,1,0,0
104,9,633.46,509.40,42.35,83.82,1,3,0
104,10,1529.28,536.71,122.21,23.37,1,0,0
104,11,1717.96,530.66,39.90,27.36,1,0,0
105,2,1433.80,536.51,78.51,20.43,1,0,0
105,5,1282.09,539.40,69.45,21.04,1,0,0
105,9,629.95,514.14,41.98,83.08,1,3,0
105,10,1523.20,531.69,122.82,23.58,1,0,0
105,11,1713.19,524.95,39.07,27.20,1,0,0
106,2,1429.13,535.04,75.55,20.10,1,0,0
106,5,1275.17,539.25,70.78,20.83,1,0,0
106,9,625.87,517.96,41.28,82.30,1,3,0
106,10,1518.44,530.01,122.04,23.26,1,0,0
106,11,1706.27,522.38,39.23,26.30,1,0,0
107,2,1421.55,534.89,76.69,20.53,1,0,0
107,5,1267.86,538.88,68.59,20.80,1,0,0
107,9,619.34,519.06,41.70,83.10,1,3,0
107,10,1510.88,529.31,120.75,23.46,1,0,0
107,11,1697.04,521.92,39.61,26.33,1,0,0
108,2,1405.14,537.51,73.51,20.44,1,0,0
108,5,1251.39,540.84,69.57,20.78,1,0,0
108,9,605.28,520.73,41.26,80.61,1,3,0
108,10,1493.79,533.12,120.51,23.21,1,0,0
108,11,1679.49,524.89,38.88,27.47,1,0,0
109,2,1389.79,540.94,74.16,19.82,1,0,0
109,5,1236.78,542.68,69.58,21.30,1,0,0
109,9,590.02,518.43,41.59,80.45,1,3,0
109,10,1477.66,537.30,118.29,22.46,1,0,0
109,11,1661.87,530.18,39.57,26.78,1,0,0
110,2,1369.69,543.73,75.86,20.13,1,0,0
110,5,1219.28,544.69,69.08,20.91,1,0,0
110,9,571.76,513.99,41.57,80.80,1,3,0
110,10,1457.58,542.16,119.56,21.83,1,0,0
110,11,1642.34,535.52,38.57,27.41,1,0,0
111,2,1345.06,545.73,74.86,20.62,1,0,0
111,5,1193.77,546.23,70.32,20.84,1,0,0
111,9,547.78,510.51,41.71,81.31,1,3,0
111,10,1432.92,545.07,118.93,21.94,1,0,0
111,11,1616.39,540.10,38.66,26.35,1,0,0
111,12,1877.90,546.34,42.10,21.92,1,0,0
112,2,1323.45,545.78,73.31,20.87,1,0,0
112,5,1172.01,546.77,69.82,20.41,1,0,0
112,9,526.72,510.78,41.26,80.35,1,3,0
112,10,1410.03,545.61,118.10,21.78,1,0,0
112,11,1592.84,540.53,38.12,25.99,1,0,0
112,12,1852.63,547.45,52.74,20.45,1,0,0
113,2,1300.05,547.80,73.85,21.85,1,0,0
113,5,1149.38,548.44,71.75,20.92,1,0,0
113,9,504.80,507.16,41.37,80.54,1,3,0
113,10,1386.45,548.28,118.34,22.79,1,0,0
113,11,1568.64,544.08,37.23,26.49,1,0,0
113,12,1825.03,553.52,49.43,19.62,1,0,0
114,2,1277.62,548.97,74.21,21.67,1,0,0
114,5,1126.13,549.21,72.40,20.62,1,0,0
114,9,482.69,504.87,41.99,80.21,1,3,0
114,10,1363.73,550.80,116.54,22.18,1,0,0
114,11,1544.48,545.65,37.66,27.24,1,0,0
114,12,1799.26,555.68,50.07,21.56,1,0,0
115,2,1256.34,547.04,74.32,21.63,1,0,0
115,5,1105.71,547.58,71.72,21.34,1,0,0
115,9,462.17,508.50,42.47,80.23,1,3,0
115,10,1342.75,547.63,116.70,22.24,1,0,0
115,11,1523.03,541.94,37.36,27.05,1,0,0
115,12,1775.01,549.89,51.04,21.21,1,0,0
116,2,1236.85,543.58,73.62,20.35,1,0,0
116,5,1085.44,546.47,71.14,20.91,1,0,0
116,9,442.83,520.46,41.76,79.81,1,3,0
116,10,1323.38,540.84,115.15,21.70,1,0,0
116,11,1500.70,532.55,36.35,27.13,1,0,0
116,12,1752.65,534.77,51.85,22.58,1,0,0
117,2,1210.87,539.00,73.77,21.32,1,0,0
117,5,1060.68,545.83,68.67,21.24,1,0,0
117,9,418.33,537.77,42.11,80.76,1,3,0
117,10,1295.05,532.15,117.01,23.72,1,0,0
117,11,1473.52,521.47,36.28,26.71,1,0,0
117,12,1723.74,517.77,51.48,20.87,1,0,0
118,2,1170.73,541.85,73.69,21.81,1,0,0
118,5,1022.45,547.80,68.80,20.79,1,0,0
118,9,375.91,536.18,42.84,80.45,1,3,0
118,10,1255.25,536.40,114.77,22.89,1,0,0
118,11,1431.83,525.88,36.10,26.59,1,0,0
118,12,1677.51,524.18,52.80,20.70,1,0,0
119,2,1135.20,547.62,73.14,21.46,1,0,0
119,5,985.41,548.81,68.73,20.71,1,0,0
119,9,336.89,515.84,42.39,80.71,1,3,0
119,10,1218.22,546.36,116.63,22.77,1,0,0
119,11,1393.60,540.58,36.76,26.58,1,0,0
119,12,1637.62,546.94,50.01,20.07,1,0,0
119,16,1659.24,562.73,14.74,6.25,1,2,0
120,2,1085.14,548.90,71.86,21.36,1,0,0
120,5,938.32,544.26,68.33,20.97,1,0,0
120,9,281.86,489.18,43.23,79.82,1,3,0
120,10,1167.09,551.71,114.93,22.09,1,0,0
120,11,1342.01,548.67,35.24,27.84,1,0,0
120,12,1579.98,563.97,51.03,20.42,1,0,0
121,2,1046.46,547.81,71.22,20.52,1,0,0
121,5,897.92,542.82,69.70,21.09,1,0,0
121,9,240.16,487.59,41.95,80.01,1,3,0
121,10,1126.96,550.48,116.10,22.08,1,0,0
121,11,1301.49,547.80,36.22,26.52,1,0,0
121,12,1540.80,562.87,47.65,20.38,1,0,0
121,16,1556.37,576.49,22.81,7.40,1,2,0
122,2,1001.70,545.43,72.64,20.98,1,0,0
122,5,853.83,544.61,68.07,20.84,1,0,0
122,9,188.43,504.41,43.41,80.56,1,3,0
122,10,1082.80,545.61,113.19,22.43,1,0,0
122,11,1255.04,540.93,36.13,26.49,1,0,0
122,12,1492.22,550.53,44.84,19.07,1,0,0
122,16,1510.74,564.07,16.22,6.84,1,2,0
123,2,957.42,544.95,72.09,21.66,1,0,0
123,5,809.91,549.40,66.00,20.20,1,0,0
123,9,138.78,527.77,43.48,78.99,1,3,0
123,10,1037.96,543.04,115.86,22.92,1,0,0
123,11,1211.40,534.91,35.36,27.09,1,0,0
123,12,1446.61,538.44,45.88,20.04,1,0,0
123,16,1464.44,552.32,17.76,6.89,1,2,0
124,2,920.99,546.31,72.91,21.58,1,0,0
124,5,773.48,551.34,66.83,20.26,1,0,0
124,9,97.41,532.17,42.59,80.61,1,3,0
124,10,1003.24,544.24,113.54,22.69,1,0,0
124,11,1175.31,535.43,34.30,26.76,1,0,0
124,12,1408.22,538.85,47.07,19.48,1,0,0
124,16,1426.26,551.17,18.68,7.52,1,2,0
125,2,883.56,545.89,71.78,21.02,1,0,0
125,5,734.98,548.01,68.52,20.17,1,0,0
125,9,52.65,518.41,43.34,81.81,1,3,0
125,10,967.03,544.81,112.10,21.45,1,0,0
125,11,1136.77,537.87,35.36,25.89,1,0,0
125,12,1368.98,542.75,45.60,19.87,1,0,0
126,2,831.43,538.34,71.97,22.30,1,0,0
126,5,681.30,537.08,71.40,20.73,1,0,0
126,9,0.09,482.15,35.40,85.21,1,3,0
126,10,916.83,541.84,110.36,21.79,1,0,0
126,11,1084.83,538.07,35.71,26.49,1,0,0
126,12,1315.15,550.99,43.72,19.05,1,0,0
126,16,1329.00,563.25,24.07,7.98,1,2,0
127,2,775.67,534.82,71.28,21.54,1,0,0
127,5,623.49,531.51,71.26,20.69,1,0,0
127,10,859.65,539.19,110.51,21.97,1,0,0
127,11,1029.49,536.17,34.55,27.17,1,0,0
127,12,1256.16,551.18,45.03,18.93,1,0,0
128,2,711.31,542.11,74.01,20.40,1,0,0
128,5,557.99,542.55,69.16,20.12,1,0,0
128,10,797.51,541.33,109.78,22.54,1,0,0
128,11,966.18,536.74,35.67,26.35,1,0,0
128,12,1192.66,545.15,45.07,18.87,1,0,0
129,2,656.97,552.06,74.96,21.29,1,0,0
129,5,503.86,557.72,66.61,19.73,1,0,0
129,10,743.34,548.38,111.62,23.04,1,0,0
129,11,913.91,539.68,34.91,26.83,1,0,0
129,12,1139.15,541.90,48.02,18.51,1,0,0
130,2,607.55,556.89,75.18,21.86,1,0,0
130,5,451.40,563.88,67.84,20.07,1,0,0
130,10,693.10,553.01,112.22,22.47,1,0,0
130,11,865.53,542.73,35.28,26.05,1,0,0
130,12,1092.80,543.42,47.24,17.40,1,0,0
131,2,549.36,550.80,77.04,22.31,1,0,0
131,5,394.83,557.46,66.92,19.30,1,0,0
131,10,639.60,548.98,112.16,21.94,1,0,0
131,11,811.25,540.30,35.24,26.56,1,0,0
131,12,1036.75,543.75,39.78,17.51,1,0,0
132,2,468.10,534.61,77.36,22.49,1,0,0
132,5,308.02,537.11,70.16,20.63,1,0,0
132,10,558.18,537.27,114.66,21.40,1,0,0
132,11,732.97,532.95,36.09,25.67,1,0,0
132,12,961.07,541.40,41.83,18.82,1,0,0
132,17,1887.63,549.02,12.58,19.74,1,3,0
133,2,378.56,521.69,78.93,23.04,1,0,0
133,5,215.48,521.41,69.86,21.31,1,0,0
133,10,472.39,527.14,114.83,22.34,1,0,0
133,11,649.74,524.81,35.75,26.40,1,0,0
133,12,878.36,538.87,39.07,18.23,1,0,0
133,17,1787.81,562.81,12.99,19.97,1,3,0
133,18,1683.41,562.07,11.15,16.34,1,3,0
133,16,903.65,552.98,12.69,5.79,1,2,0
134,2,308.79,520.50,81.25,23.21,1,0,0
134,5,138.98,520.15,73.36,21.71,1,0,0
134,10,402.66,526.20,118.60,22.66,1,0,0
134,11,583.01,524.04,36.86,25.59,1,0,0
134,12,815.31,536.54,32.90,18.29,1,0,0
134,17,1713.59,558.53,12.54,20.38,1,3,0
134,18,1610.97,559.46,10.64,15.15,1,3,0
134,16,841.06,551.61,13.82,5.41,1,2,0
135,2,212.38,529.79,84.89,23.21,1,0,0
135,5,36.92,531.72,76.70,22.25,1,0,0
135,10,308.38,532.84,124.39,22.77,1,0,0
135,11,493.97,528.82,38.34,26.22,1,0,0
135,12,730.68,539.12,33.70,18.26,1,0,0
135,17,1617.89,547.67,11.93,19.67,1,3,0
135,18,1518.89,550.24,10.27,14.87,1,3,0
135,16,757.64,553.29,14.43,5.62,1,2,0
136,2,110.76,540.85,86.27,22.55,1,0,0
136,10,211.95,541.81,125.00,21.98,1,0,0
136,11,402.22,535.38,37.84,26.08,1,0,0
136,12,643.38,543.72,33.37,17.39,1,0,0
136,17,1523.61,541.76,12.35,19.23,1,3,0
136,18,1428.47,544.82,10.62,15.31,1,3,0
137,2,29.37,541.99,89.73,24.04,1,0,0
137,10,133.71,543.10,130.21,22.40,1,0,0
137,11,328.92,536.41,38.69,26.83,1,0,0
137,12,576.29,543.83,33.42,18.70,1,0,0
137,17,1453.28,539.62,11.46,19.43,1,3,0
137,18,1359.23,544.07,9.68,14.71,1,3,0
138,10,1.54,544.82,132.98,21.18,1,0,0
138,11,206.28,536.99,39.17,27.18,1,0,0
138,12,461.02,544.47,35.49,18.43,1,0,0
138,17,1339.94,539.75,12.00,20.08,1,3,0
138,18,1248.82,544.13,9.61,14.95,1,3,0
139,10,10.39,546.04,125.37,23.43,1,0,0
139,11,118.43,540.70,40.78,27.18,1,0,0
139,12,380.69,547.36,35.73,17.69,1,0,0
139,17,1263.70,539.64,11.58,19.33,1,3,0
139,18,1174.37,542.95,9.77,16.08,1,3,0
139,16,411.59,560.89,10.86,5.93,1,2,0
140,11,25.72,546.02,41.64,25.53,1,0,0
140,12,295.84,549.66,36.93,19.30,1,0,0
140,17,1184.84,539.93,11.89,20.21,1,3,0
140,18,1097.32,545.71,10.25,14.54,1,3,0
140,19,1740.33,492.35,75.93,39.72,1,5,0
140,16,327.25,564.57,12.94,5.83,1,2,0
141,12,181.36,551.20,38.92,19.42,1,0,0
141,17,1085.94,541.74,11.73,19.22,1,3,0
141,18,999.12,546.28,9.75,14.10,1,3,0
141,19,1628.17,495.21,72.05,38.40,1,5,0
141,16,215.08,565.00,16.10,6.58,1,2,0
142,12,115.80,549.42,40.31,19.74,1,0,0
142,17,1031.86,540.61,12.01,19.32,1,3,0
142,18,945.27,544.96,9.59,15.18,1,3,0
142,19,1568.68,497.28,71.66,37.06,1,5,0
142,16,153.38,563.97,13.83,6.15,1,2,0
142,20,1775.59,506.30,144.41,42.16,1,5,0
143,12,0.50,536.84,40.53,20.51,1,0,0
143,17,934.63,538.91,11.39,19.30,1,3,0
143,18,847.67,542.33,9.96,15.41,1,3,0
143,19,1463.20,502.38,72.62,36.39,1,5,0
143,16,33.86,552.08,14.79,6.61,1,2,0
143,20,1662.24,515.18,213.99,41.49,1,5,0
144,17,855.47,535.15,12.27,20.29,1,3,0
144,18,768.07,536.55,10.59,16.47,1,3,0
144,19,1380.76,506.65,72.05,37.73,1,5,0
144,20,1574.43,525.84,212.97,39.72,1,5,0
145,17,764.01,528.60,12.12,19.97,1,3,0
145,18,675.87,529.40,9.64,14.49,1,3,0
145,19,1287.82,510.19,71.86,37.11,1,5,0
145,20,1476.65,530.74,204.99,39.40,1,5,0
145,21,1730.01,550.22,32.31,22.78,1,5,0
146,17,685.27,525.73,12.17,19.78,1,3,0
146,19,1208.87,505.54,70.76,36.79,1,5,0
146,20,1395.34,524.92,203.14,39.24,1,5,0
146,21,1641.27,545.07,32.31,22.36,1,5,0
146,22,1761.91,483.05,158.09,94.19,1,0,0
147,17,601.07,529.06,11.73,20.00,1,3,0
147,19,1125.76,500.61,71.68,37.79,1,5,0
147,20,1310.05,516.91,195.35,38.41,1,5,0
147,21,1552.34,534.13,30.58,21.77,1,5,0
147,22,1667.90,466.22,252.10,96.69,1,0,0
147,18,510.02,530.82,9.57,16.02,1,3,0
148,17,511.05,536.70,11.04,20.51,1,3,0
148,19,1040.49,499.10,68.99,36.60,1,5,0
148,20,1222.17,507.54,193.42,40.47,1,5,0
148,21,1459.04,522.75,30.15,21.57,1,5,0
148,22,1570.67,443.95,349.33,101.44,1,0,0
148,18,418.28,540.92,9.67,16.04,1,3,0
149,17,460.08,540.51,11.43,19.60,1,3,0
149,19,992.99,496.91,69.58,38.30,1,5,0
149,20,1173.95,505.87,194.30,41.19,1,5,0
149,21,1408.01,520.07,31.00,22.25,1,5,0
149,22,1520.31,443.19,399.69,98.36,1,0,0
149,18,365.69,544.14,9.96,16.41,1,3,0
150,17,413.82,539.74,11.40,20.25,1,3,0
150,19,950.97,497.28,72.57,38.07,1,5,0
150,20,1131.49,505.72,191.94,42.16,1,5,0
150,21,1365.24,521.99,28.73,21.72,1,5,0
150,22,1474.64,445.31,445.36,98.16,1,0,0
150,18,318.13,543.54,9.91,16.32,1,3,0
151,17,381.49,538.44,11.88,19.24,1,3,0
151,19,923.17,497.54,73.64,37.78,1,5,0
151,20,1103.42,507.01,192.48,41.72,1,5,0
151,21,1335.66,524.00,29.22,21.79,1,5,0
151,22,1445.03,450.74,474.97,95.67,1,0,0
151,18,286.72,541.06,10.01,16.36,1,3,0
152,17,361.88,536.21,11.35,19.36,1,3,0
152,19,907.38,496.67,71.50,37.71,1,5,0
152,20,1086.38,506.21,193.95,43.12,1,5,0
152,21,1320.24,525.45,27.14,21.69,1,5,0
152,22,1426.03,452.37,493.97,96.18,1,0,0
152,18,267.14,539.39,9.89,15.26,1,3,0
153,17,342.35,538.32,11.48,20.69,1,3,0
153,19,889.50,497.95,71.75,37.22,1,5,0
153,20,1069.67,505.37,193.09,43.58,1,5,0
153,21,1300.32,523.67,29.77,22.06,1,5,0
153,22,1407.62,451.14,512.38,95.92,1,0,0
153,18,246.37,541.77,10.23,17.12,1,3,0
154,17,330.85,544.24,12.32,20.16,1,3,0
154,19,879.76,499.03,72.67,35.94,1,5,0
154,20,1060.22,503.59,192.73,45.22,1,5,0
154,21,1292.62,522.52,27.93,21.92,1,5,0
154,22,1399.90,445.95,519.29,98.22,1,0,0
155,17,325.20,545.19,12.01,19.69,1,3,0
155,19,875.68,499.91,70.62,35.50,1,5,0
155,20,1055.39,503.51,195.26,45.83,1,5,0
155,21,1287.83,521.95,28.68,22.23,1,5,0
155,22,1398.20,446.20,519.57,97.91,1,0,0
155,18,229.17,548.41,10.71,16.30,1,3,0
156,17,325.03,535.68,11.90,20.36,1,3,0
156,19,876.42,496.44,72.26,36.55,1,5,0
156,20,1057.29,502.70,193.45,46.75,1,5,0
156,21,1289.60,524.70,28.82,22.32,1,5,0
156,22,1402.32,452.93,515.05,96.18,1,0,0
156,18,230.89,539.20,10.32,15.56,1,3,0
157,17,331.93,521.29,12.06,19.40,1,3,0
157,19,885.15,494.37,69.50,36.35,1,5,0
157,20,1064.91,504.76,192.76,44.89,1,5,0
157,21,1298.30,528.73,28.17,23.08,1,5,0
157,22,1406.89,462.78,513.11,98.52,1,0,0
157,18,238.58,522.95,9.45,14.80,1,3,0
158,17,344.72,516.80,12.09,19.94,1,3,0
158,19,896.81,492.86,70.85,37.98,1,5,0
158,20,1077.53,508.31,195.47,42.56,1,5,0
158,21,1311.28,530.66,29.82,23.08,1,5,0
158,22,1424.59,465.43,495.41,100.82,1,0,0
158,18,251.66,518.82,10.05,15.32,1,3,0
159,17,359.18,523.56,12.24,20.33,1,3,0
159,19,910.02,494.33,71.44,37.68,1,5,0
159,20,1092.20,506.70,196.32,44.60,1,5,0
159,21,1326.06,528.53,29.84,23.27,1,5,0
159,22,1440.71,459.95,479.29,100.01,1,0,0
159,18,266.77,525.75,9.94,15.12,1,3,0
160,17,387.16,531.48,11.89,19.46,1,3,0
160,19,935.39,496.15,69.85,37.96,1,5,0
160,20,1117.28,508.46,195.97,42.31,1,5,0
160,21,1354.00,526.56,29.47,21.99,1,5,0
160,22,1468.24,454.43,451.76,97.79,1,0,0
160,18,295.46,533.95,9.82,16.08,1,3,0
161,17,421.44,531.13,12.28,19.25,1,3,0
161,19,969.65,496.64,68.21,38.33,1,5,0
161,20,1150.87,508.92,196.96,41.15,1,5,0
161,21,1388.98,526.25,30.40,22.67,1,5,0
161,22,1503.69,453.16,416.31,99.33,1,0,0
161,18,332.10,533.69,10.33,16.21,1,3,0
162,17,454.27,529.02,12.06,19.77,1,3,0
162,19,1000.85,495.48,71.17,39.17,1,5,0
162,20,1183.88,508.18,197.24,42.64,1,5,0
162,21,1422.16,527.29,29.94,22.97,1,5,0
162,22,1540.95,454.66,379.05,100.30,1,0,0
162,18,365.59,531.98,9.43,14.87,1,3,0
163,17,504.96,534.14,12.57,20.13,1,3,0
163,19,1049.51,496.29,70.67,38.70,1,5,0
163,20,1232.62,507.48,198.05,41.94,1,5,0
163,21,1475.75,524.87,30.42,22.30,1,5,0
163,22,1594.05,448.23,325.95,101.39,1,0,0
163,18,419.23,538.02,9.44,14.78,1,3,0
164,17,537.36,538.65,12.71,20.96,1,3,0
164,19,1081.23,496.17,71.50,38.03,1,5,0
164,20,1265.17,505.05,202.28,41.62,1,5,0
164,21,1508.96,519.15,32.99,23.67,1,5,0
164,22,1631.38,439.08,288.62,103.97,1,0,0
165,17,569.36,541.92,12.52,19.47,1,3,0
165,19,1113.29,495.46,69.73,38.02,1,5,0
165,20,1298.97,502.16,200.98,42.65,1,5,0
165,21,1545.18,515.47,33.28,23.88,1,5,0
165,22,1669.43,439.48,250.57,99.28,1,0,0
165,18,486.89,546.48,9.69,14.99,1,3,0
166,17,603.92,540.05,12.41,19.84,1,3,0
166,19,1146.23,495.50,70.32,37.36,1,5,0
166,20,1333.69,502.14,201.97,42.99,1,5,0
166,21,1581.30,515.02,34.55,24.98,1,5,0
166,22,1706.85,444.93,213.15,95.59,1,0,0
166,18,521.05,545.19,9.86,14.47,1,3,0
167,17,629.42,537.86,12.79,19.78,1,3,0
167,19,1172.46,495.49,71.17,37.67,1,5,0
167,20,1360.60,503.82,201.51,42.68,1,5,0
167,21,1611.94,517.33,33.78,24.97,1,5,0
167,22,1740.22,446.98,179.78,97.57,1,0,0
168,17,651.27,537.10,12.85,19.45,1,3,0
168,19,1194.80,495.21,70.70,37.84,1,5,0
168,20,1383.91,504.71,204.60,41.85,1,5,0
168,21,1637.40,517.66,34.78,24.97,1,5,0
168,22,1765.87,445.65,154.13,99.67,1,0,0
168,18,569.80,541.56,9.43,14.29,1,3,0
169,17,665.49,537.99,12.81,20.11,1,3,0
169,19,1210.25,493.22,72.27,39.63,1,5,0
169,20,1401.62,502.30,205.88,42.36,1,5,0
169,21,1656.41,515.14,35.91,24.81,1,5,0
169,22,1786.73,441.54,133.27,100.42,1,0,0
169,18,585.14,542.57,9.78,16.06,1,3,0
170,17,680.28,538.90,12.03,20.51,1,3,0
170,19,1225.91,492.51,72.02,38.90,1,5,0
170,20,1417.00,500.54,208.20,42.98,1,5,0
170,21,1673.47,513.09,38.10,24.57,1,5,0
170,22,1804.61,441.58,115.39,97.03,1,0,0
170,18,600.54,544.96,9.51,14.13,1,3,0
171,17,691.94,538.12,12.18,19.76,1,3,0
171,19,1238.11,492.48,71.98,39.12,1,5,0
171,20,1431.15,501.36,209.31,42.70,1,5,0
171,21,1689.46,513.72,38.24,24.97,1,5,0
171,22,1822.96,445.70,97.04,93.19,1,0,0
171,18,612.39,543.65,9.47,13.98,1,3,0
172,17,702.71,535.17,12.03,19.78,1,3,0
172,19,1249.95,493.96,73.52,38.91,1,5,0
172,20,1442.53,504.75,211.85,42.83,1,5,0
172,21,1699.37,519.15,44.12,25.56,1,5,0
172,22,1840.03,455.16,79.97,92.53,1,0,0
172,18,623.68,539.93,9.02,13.82,1,3,0
173,17,711.98,530.64,12.67,19.88,1,3,0
173,19,1261.54,497.86,73.87,39.00,1,5,0
173,20,1455.84,512.54,211.72,41.60,1,5,0
173,21,1717.96,528.82,39.99,25.21,1,5,0
173,22,1856.51,472.70,63.49,86.35,1,0,0
173,18,633.36,533.42,10.07,14.34,1,3,0
174,17,716.78,528.82,12.57,20.05,1,3,0
174,19,1269.02,499.42,73.95,38.98,1,5,0
174,20,1462.93,516.75,212.81,41.03,1,5,0
174,21,1727.30,533.39,40.00,25.17,1,5,0
174,22,1866.99,490.15,53.01,74.92,1,0,0
174,18,638.67,531.09,9.43,14.66,1,3,0
175,17,723.72,527.26,12.52,20.11,1,3,0
175,19,1276.33,499.69,76.13,39.13,1,5,0
175,20,1473.27,516.02,212.60,42.66,1,5,0
175,21,1737.43,534.12,42.62,24.94,1,5,0
175,22,1879.67,506.63,40.33,59.60,1,0,0
175,18,646.59,530.30,9.10,14.30,1,3,0
176,17,734.30,527.71,12.91,20.73,1,3,0
176,19,1287.46,500.22,75.07,39.36,1,5,0
176,20,1485.66,516.34,214.40,41.94,1,5,0
176,21,1751.61,534.01,42.90,25.32,1,5,0
176,22,1898.22,505.76,21.78,58.49,1,0,0
176,18,657.49,530.36,9.83,15.44,1,3,0
177,17,743.76,528.04,12.89,20.37,1,3,0
177,19,1298.17,499.69,74.88,39.58,1,5,0
177,20,1497.06,516.92,216.19,41.90,1,5,0
177,21,1765.07,534.07,44.15,25.64,1,5,0
177,18,667.10,531.19,9.79,15.08,1,3,0
178,17,758.61,527.22,13.30,20.97,1,3,0
178,19,1316.08,499.63,75.48,40.54,1,5,0
178,20,1515.75,517.44,218.36,43.34,1,5,0
178,21,1785.30,535.61,45.93,25.58,1,5,0
178,18,681.84,530.12,9.99,14.67,1,3,0
179,17,770.16,526.77,13.49,21.12,1,3,0
179,19,1328.94,500.28,75.11,40.88,1,5,0
179,20,1529.59,518.53,221.53,42.65,1,5,0
179,21,1798.20,536.76,49.96,25.95,1,5,0
179,18,694.22,529.99,9.98,14.53,1,3,0
180,17,784.97,528.32,12.67,20.19,1,3,0
180,19,1345.06,500.70,74.83,40.69,1,5,0
180,20,1546.90,519.45,224.38,42.87,1,5,0
180,21,1818.69,538.15,51.13,25.32,1,5,0
180,18,709.42,530.80,9.76,14.12,1,3,0
181,17,798.11,527.66,12.74,20.80,1,3,0
181,19,1360.20,500.86,76.26,41.11,1,5,0
181,20,1564.59,519.93,226.20,42.90,1,5,0
181,21,1839.99,539.57,48.84,25.21,1,5,0
181,18,723.63,530.79,9.09,14.38,1,3,0
182,17,819.12,528.39,12.71,20.81,1,3,0
182,19,1382.92,501.12,75.81,40.93,1,5,0
182,20,1589.35,519.74,228.01,42.96,1,5,0
182,21,1869.09,539.93,50.76,24.50,1,5,0
182,18,744.89,531.58,9.18,14.31,1,3,0
183,17,841.88,529.07,12.70,20.74,1,3,0
183,19,1407.69,501.95,76.08,41.11,1,5,0
183,20,1616.81,520.54,228.42,43.36,1,5,0
183,21,1898.97,539.28,21.03,25.47,1,5,0
183,18,768.58,532.53,8.70,13.87,1,3,0
184,17,861.54,530.24,12.52,20.43,1,3,0
184,19,1429.64,502.09,78.33,40.64,1,5,0
184,20,1639.83,519.45,231.27,44.31,1,5,0
185,17,887.74,531.91,12.96,20.95,1,3,0
185,19,1458.40,499.05,76.58,40.79,1,5,0
185,20,1672.27,514.56,236.15,44.96,1,5,0
185,24,24.05,536.48,15.35,7.32,1,2,0
185,18,814.66,535.28,9.34,15.60,1,3,0
186,17,917.65,533.55,12.97,20.77,1,3,0
186,19,1491.53,496.29,77.02,40.34,1,5,0
186,20,1708.35,510.20,211.65,44.10,1,5,0
186,24,3.92,529.16,58.28,21.08,1,0,0
186,18,844.14,538.02,9.49,15.29,1,3,0
187,17,941.74,533.61,13.07,20.39,1,3,0
187,19,1519.95,493.51,76.44,40.73,1,5,0
187,20,1738.37,507.15,181.63,46.68,1,5,0
187,24,49.94,530.11,45.82,21.19,1,0,0
187,18,868.53,538.99,8.79,14.04,1,3,0
188,17,982.00,533.71,13.48,20.70,1,3,0
188,19,1565.25,492.88,77.17,40.50,1,5,0
188,20,1788.20,508.34,131.80,42.74,1,5,0
188,24,98.83,532.56,46.05,21.77,1,0,0
189,17,1016.63,534.95,13.00,20.58,1,3,0
189,19,1603.62,488.37,78.99,40.71,1,5,0
189,20,1831.86,510.18,88.14,34.35,1,5,0
189,24,140.89,540.57,42.59,21.40,1,0,0
189,18,944.46,540.87,9.26,14.77,1,3,0
190,17,1042.62,535.35,12.03,20.42,1,3,0
190,19,1632.10,484.26,80.83,42.29,1,5,0
190,20,1864.41,514.86,55.59,26.32,1,5,0
190,24,169.60,544.11,45.40,22.21,1,0,0
190,18,970.08,541.77,9.33,15.77,1,3,0
191,17,1073.58,535.07,12.47,20.38,1,3,0
191,19,1667.68,486.50,83.29,42.77,1,5,0
191,20,1904.06,524.47,15.94,19.90,1,5,0
191,24,206.42,540.49,43.48,21.68,1,0,0
191,18,1000.80,540.82,9.64,15.52,1,3,0
192,17,1093.19,534.80,12.67,20.89,1,3,0
192,19,1692.38,491.66,80.97,42.45,1,5,0
192,24,229.56,533.77,43.15,21.15,1,0,0
192,18,1019.77,540.89,10.32,14.79,1,3,0
193,17,1113.22,535.39,11.95,21.48,1,3,0
193,19,1714.79,495.46,84.20,42.84,1,5,0
193,24,253.77,527.27,40.93,20.49,1,0,0
193,18,1039.23,540.19,9.79,13.91,1,3,0
193,29,292.86,542.87,13.01,7.42,1,2,0
194,17,1124.56,536.04,12.41,21.30,1,3,0
194,19,1729.43,495.89,84.37,40.99,1,5,0
194,24,267.10,531.16,41.98,20.55,1,0,0
194,18,1050.42,540.86,10.29,13.91,1,3,0
194,30,0.27,522.34,26.30,29.90,1,1,0
195,17,1128.58,535.92,12.46,21.42,1,3,0
195,19,1736.64,486.69,84.01,42.31,1,5,0
195,24,272.30,540.19,41.29,20.65,1,0,0
195,18,1055.30,541.82,9.03,13.45,1,3,0
195,30,0.53,535.84,31.91,28.11,1,0,0
196,17,1127.44,535.06,13.20,21.30,1,3,0
196,19,1736.55,481.08,81.52,43.01,1,5,0
196,24,269.96,546.02,41.03,20.59,1,0,0
196,18,1054.59,541.76,9.70,13.91,1,3,0
196,30,0.25,541.84,29.96,29.52,1,0,0
196,29,305.52,561.71,10.84,6.95,1,2,0
197,17,1123.15,535.79,13.44,21.01,1,3,0
197,19,1733.01,482.42,82.18,42.14,1,5,0
197,24,265.12,546.24,41.35,20.51,1,0,0
197,18,1049.99,542.57,9.09,13.95,1,3,0
197,30,0.39,541.53,23.80,30.08,1,0,0
197,29,301.00,561.43,13.28,6.55,1,2,0
198,17,1119.06,537.37,13.37,21.32,1,3,0
198,19,1729.62,497.11,83.28,42.66,1,5,0
198,24,260.28,532.03,40.82,20.82,1,0,0
198,18,1046.03,542.89,9.32,14.29,1,3,0
198,30,0.29,523.04,19.34,28.98,1,0,0
198,29,296.45,548.44,14.63,6.08,1,2,0
199,17,1117.89,538.35,13.02,21.94,1,3,0
199,19,1729.56,507.80,83.16,43.04,1,5,0
199,24,257.31,519.11,43.30,21.30,1,0,0
199,18,1043.43,542.84,10.27,14.56,1,3,0
199,30,0.36,506.83,17.28,29.64,1,0,0
200,17,1111.02,539.61,12.35,21.43,1,3,0
200,19,1723.75,513.00,82.55,42.66,1,5,0
200,24,251.12,515.71,42.69,21.66,1,0,0
200,18,1036.39,543.79,10.04,13.65,1,3,0
201,17,1098.55,539.48,13.08,21.08,1,3,0
201,19,1707.98,495.63,84.50,42.07,1,5,0
201,24,234.67,537.67,43.25,21.34,1,0,0
201,18,1023.59,545.26,9.92,13.25,1,3,0
201,29,273.60,553.07,14.69,6.14,1,2,0
202,17,1081.61,539.33,12.90,20.52,1,3,0
202,19,1689.47,475.29,82.91,43.61,1,5,0
202,24,217.55,562.20,42.45,20.89,1,0,0
202,18,1008.12,546.69,9.77,13.70,1,3,0
202,29,254.29,577.42,14.97,6.48,1,2,0
203,17,1055.36,540.88,12.86,20.29,1,3,0
203,19,1658.84,473.58,82.85,42.68,1,5,0
203,24,185.50,568.74,42.94,20.47,1,0,0
203,29,223.38,584.03,15.95,6.52,1,2,0
203,20,1907.54,506.03,12.46,20.15,1,5,0
204,17,1043.57,542.26,12.77,20.20,1,3,0
204,19,1648.27,490.65,81.10,42.95,1,5,0
204,24,170.67,549.71,43.14,20.51,1,0,0
204,29,207.87,565.29,12.07,6.04,1,2,0
204,20,1895.61,527.35,24.39,20.55,1,5,0
204,18,969.00,547.09,9.71,14.90,1,3,0
205,17,1034.45,541.98,13.18,21.36,1,3,0
205,19,1639.67,507.16,82.17,43.19,1,5,0
205,24,159.15,527.35,45.03,21.42,1,0,0
205,29,199.49,543.66,15.59,7.18,1,2,0
205,20,1887.23,548.78,32.77,22.90,1,5,0
205,18,960.55,546.42,9.83,14.39,1,3,0
206,17,1018.80,542.39,13.16,20.70,1,3,0
206,19,1622.49,511.32,82.35,42.43,1,5,0
206,24,141.42,523.68,44.09,21.19,1,0,0
206,29,180.15,540.11,14.37,6.40,1,2,0
206,20,1869.19,548.66,50.81,26.93,1,5,0
206,18,944.48,545.50,9.45,14.80,1,3,0
207,17,1004.95,542.31,13.39,20.56,1,3,0
207,19,1607.45,503.05,81.63,43.65,1,5,0
207,24,124.91,533.49,45.67,21.61,1,0,0
207,29,164.28,549.78,16.93,6.48,1,2,0
207,20,1853.96,537.22,66.04,29.09,1,5,0
207,18,930.43,546.93,9.46,13.85,1,3,0
208,17,976.32,544.36,13.50,21.09,1,3,0
208,19,1576.14,491.73,80.87,42.07,1,5,0
208,24,87.07,555.72,48.47,20.90,1,0,0
208,29,130.03,570.27,16.22,7.52,1,2,0
208,20,1819.32,511.12,100.68,37.60,1,5,0
208,18,902.02,551.76,9.04,13.64,1,3,0
209,17,952.56,545.35,13.60,21.39,1,3,0
209,19,1550.08,489.46,81.09,42.52,1,5,0
209,24,60.70,561.77,46.54,20.86,1,0,0
209,29,103.14,576.60,16.13,6.68,1,2,0
209,20,1791.45,500.33,128.55,44.95,1,5,0
209,18,877.90,552.91,9.08,13.56,1,3,0
210,17,932.18,545.59,12.74,21.03,1,3,0
210,19,1528.59,491.33,80.27,42.91,1,5,0
210,24,36.18,559.56,45.67,20.46,1,0,0
210,29,77.06,574.41,17.60,6.81,1,2,0
210,20,1768.27,502.87,151.73,45.40,1,5,0
210,18,858.44,552.34,8.90,14.11,1,3,0
211,17,911.34,546.10,12.82,21.21,1,3,0
211,19,1507.10,495.65,78.25,42.13,1,5,0
211,24,6.38,556.28,48.48,21.23,1,0,0
211,29,49.11,570.82,16.31,7.88,1,2,0
211,20,1742.98,504.23,177.02,48.10,1,5,0
212,17,892.38,546.51,13.41,21.73,1,3,0
212,19,1486.18,496.04,79.85,41.65,1,5,0
212,24,0.23,557.18,34.64,19.80,1,0,0
212,29,27.79,572.73,11.68,6.85,1,2,0
212,20,1722.00,503.93,198.00,49.90,1,5,0
212,18,816.88,553.00,9.41,14.42,1,3,0
213,17,869.42,548.06,13.48,21.48,1,3,0
213,19,1462.40,497.46,78.73,41.89,1,5,0
213,20,1696.83,505.37,223.17,49.90,1,5,0
213,18,794.06,554.18,9.77,14.28,1,3,0
214,17,850.77,547.20,13.72,21.59,1,3,0
214,19,1442.91,499.86,77.85,43.21,1,5,0
214,20,1676.55,510.08,243.45,49.36,1,5,0
215,17,834.59,545.74,13.73,21.51,1,3,0
215,19,1425.92,503.88,79.26,42.67,1,5,0
215,20,1659.02,515.81,243.45,48.57,1,5,0
215,18,759.01,551.52,9.53,13.97,1,3,0
216,17,817.06,544.96,13.40,20.86,1,3,0
216,19,1407.58,508.20,78.50,42.47,1,5,0
216,20,1639.21,523.05,244.78,47.60,1,5,0
217,17,799.59,543.42,13.62,21.60,1,3,0
217,19,1389.87,512.01,76.98,41.35,1,5,0
217,20,1620.21,528.67,245.76,45.75,1,5,0
217,18,723.27,547.51,9.53,13.37,1,3,0
218,17,772.55,545.42,12.70,21.26,1,3,0
218,19,1361.73,511.98,78.68,41.90,1,5,0
218,20,1590.37,527.77,246.20,45.89,1,5,0
218,18,696.31,549.37,9.03,14.42,1,3,0
219,17,747.44,546.83,13.24,20.98,1,3,0
219,19,1336.38,508.57,77.40,42.56,1,5,0
219,20,1564.12,523.99,247.74,44.94,1,5,0
219,18,671.76,551.91,9.11,14.08,1,3,0
219,32,1852.98,536.12,67.02,31.77,1,5,0
220,17,724.36,546.88,13.19,21.52,1,3,0
220,19,1313.25,508.62,78.33,43.30,1,5,0
220,20,1539.23,523.86,242.81,45.25,1,5,0
220,18,647.79,552.08,9.24,13.64,1,3,0
220,32,1826.43,538.72,82.51,29.85,1,5,0
221,17,696.60,544.51,12.47,20.30,1,3,0
221,19,1285.51,511.49,78.00,41.49,1,5,0
221,20,1509.62,528.24,236.94,44.77,1,5,0
221,32,1795.28,546.30,80.37,28.59,1,5,0
222,17,668.28,539.77,12.80,20.24,1,3,0
222,19,1256.97,513.27,78.87,42.80,1,5,0
222,20,1480.67,534.24,233.19,45.41,1,5,0
222,32,1763.03,555.16,79.74,27.96,1,5,0
222,18,590.09,542.52,9.09,14.13,1,3,0
223,17,626.11,539.21,12.85,20.64,1,3,0
223,19,1216.74,513.80,77.74,41.95,1,5,0
223,20,1437.88,534.73,229.58,43.83,1,5,0
223,32,1716.87,553.06,79.05,30.07,1,5,0
224,17,604.29,546.43,13.68,20.79,1,3,0
224,19,1194.91,512.07,76.18,41.58,1,5,0
224,20,1414.47,527.46,229.01,43.61,1,5,0
224,32,1692.76,543.40,78.36,28.42,1,5,0
225,17,581.93,557.85,13.10,20.90,1,3,0
225,19,1172.75,507.45,75.65,42.40,1,5,0
225,20,1393.10,518.92,229.81,43.92,1,5,0
225,32,1668.23,527.72,78.22,29.03,1,5,0
225,33,1861.64,458.85,58.36,99.23,1,0,0
225,18,503.16,564.20,8.88,14.25,1,3,0
226,17,567.56,562.62,14.13,21.16,1,3,0
226,19,1158.71,506.69,75.76,42.72,1,5,0
226,20,1379.30,515.41,229.82,45.01,1,5,0
226,32,1651.78,521.73,79.78,29.87,1,5,0
226,33,1845.42,448.93,74.58,101.29,1,0,0
226,18,488.83,569.21,9.13,15.23,1,3,0
227,17,547.03,559.25,13.46,20.61,1,3,0
227,19,1140.18,507.94,77.99,43.41,1,5,0
227,20,1359.92,518.31,222.09,46.41,1,5,0
227,32,1630.64,528.86,79.62,30.20,1,5,0
227,33,1824.56,455.35,95.44,103.51,1,0,0
227,18,467.20,565.24,10.63,14.06,1,3,0
228,17,527.26,546.57,12.87,20.47,1,3,0
228,19,1122.17,511.98,76.44,41.92,1,5,0
228,20,1340.67,529.96,223.27,42.84,1,5,0
228,32,1611.03,544.31,78.23,29.89,1,5,0
228,33,1803.44,476.62,116.56,104.43,1,0,0
228,18,446.29,548.97,10.18,15.10,1,3,0
229,17,513.23,539.41,12.45,20.58,1,3,0
229,19,1108.83,513.54,75.31,41.95,1,5,0
229,20,1327.48,534.69,223.46,43.26,1,5,0
229,32,1595.95,552.32,77.94,30.26,1,5,0
229,33,1787.08,481.97,132.92,109.44,1,0,0
229,18,432.39,541.35,10.37,14.82,1,3,0
230,17,498.68,535.57,12.76,21.33,1,3,0
230,19,1093.89,513.15,76.91,42.76,1,5,0
230,20,1313.19,536.28,220.91,43.24,1,5,0
230,32,1582.16,554.63,76.45,30.00,1,5,0
230,33,1772.70,482.76,147.30,113.12,1,0,0
230,18,417.14,536.43,9.62,16.41,1,3,0
231,17,484.56,537.91,13.47,21.47,1,3,0
231,19,1082.01,513.35,76.83,42.52,1,5,0
231,20,1300.63,534.34,219.70,42.37,1,5,0
231,32,1568.13,551.86,76.46,30.25,1,5,0
231,33,1758.50,479.16,161.50,113.08,1,0,0
232,17,470.68,546.85,13.23,20.99,1,3,0
232,19,1069.25,513.42,77.87,41.97,1,5,0
232,20,1287.72,530.47,220.04,42.31,1,5,0
232,32,1554.21,544.45,76.33,30.08,1,5,0
232,33,1743.42,468.52,176.58,113.02,1,0,0
232,18,389.08,551.02,9.22,13.86,1,3,0
233,17,454.11,560.62,13.95,20.71,1,3,0
233,19,1054.49,512.54,75.73,42.59,1,5,0
233,20,1272.19,523.69,220.01,44.92,1,5,0
233,32,1537.47,532.44,77.88,31.63,1,5,0
233,33,1727.81,453.68,192.19,111.06,1,0,0
233,18,372.61,565.38,9.95,14.97,1,3,0
234,17,445.67,566.30,14.06,20.36,1,3,0
234,19,1046.35,513.27,75.71,42.47,1,5,0
234,20,1264.42,520.78,219.70,45.89,1,5,0
234,32,1527.88,529.38,79.14,30.05,1,5,0
234,33,1717.88,446.04,202.12,112.93,1,0,0
234,18,364.18,571.48,9.63,15.12,1,3,0
235,17,440.03,564.97,13.52,20.35,1,3,0
235,19,1041.34,513.21,75.29,42.81,1,5,0
235,20,1259.48,521.52,220.22,45.95,1,5,0
235,32,1523.65,529.88,77.64,31.13,1,5,0
235,33,1712.31,446.31,207.69,114.06,1,0,0
235,18,359.08,570.63,9.50,14.35,1,3,0
236,17,435.05,557.95,14.08,20.92,1,3,0
236,19,1036.61,512.80,77.29,43.34,1,5,0
236,20,1254.41,525.19,220.98,44.72,1,5,0
236,32,1517.47,534.96,78.75,31.40,1,5,0
236,33,1708.36,457.41,211.64,111.08,1,0,0
236,18,353.42,563.26,8.94,14.44,1,3,0
237,17,426.12,543.72,13.43,20.32,1,3,0
237,19,1028.57,513.64,76.27,43.96,1,5,0
237,20,1245.42,533.84,220.73,42.98,1,5,0
237,32,1510.01,550.03,77.16,30.09,1,5,0
237,33,1699.02,480.01,220.98,109.42,1,0,0
237,18,343.62,545.59,9.86,15.78,1,3,0
238,17,414.96,535.77,13.35,20.96,1,3,0
238,19,1018.59,514.12,76.23,43.75,1,5,0
238,20,1236.22,537.96,219.73,43.57,1,5,0
238,32,1500.00,555.35,75.70,31.89,1,5,0
238,33,1688.66,490.60,231.34,109.98,1,0,0
239,17,405.03,537.92,13.04,21.53,1,3,0
239,19,1008.75,513.43,78.37,44.60,1,5,0
239,20,1226.87,537.13,220.97,43.70,1,5,0
239,32,1490.47,554.22,76.42,31.16,1,5,0
239,33,1680.41,486.06,239.59,111.44,1,0,0
239,18,321.32,539.72,9.14,15.72,1,3,0
240,17,392.78,553.34,13.31,20.73,1,3,0
240,19,997.93,515.04,76.71,43.75,1,5,0
240,20,1216.56,531.12,219.26,43.26,1,5,0
240,32,1478.90,543.61,77.04,30.59,1,5,0
240,33,1666.64,463.52,253.36,115.62,1,0,0
241,17,385.74,567.07,13.19,21.33,1,3,0
241,19,991.90,515.96,75.80,43.06,1,5,0
241,20,1210.34,526.55,218.06,44.30,1,5,0
241,32,1472.50,535.59,76.81,29.41,1,5,0
241,33,1659.74,447.20,260.26,117.15,1,0,0
241,18,301.52,572.39,9.34,14.92,1,3,0
242,17,381.90,568.95,12.75,20.79,1,3,0
242,19,985.97,514.62,78.60,44.97,1,5,0
242,20,1206.16,524.71,216.17,45.63,1,5,0
242,32,1467.85,533.13,77.02,31.45,1,5,0
242,33,1655.41,446.10,264.59,116.96,1,0,0
242,18,297.62,573.79,9.51,15.67,1,3,0
243,17,368.15,552.62,12.94,20.70,1,3,0
243,19,975.24,515.53,76.76,44.30,1,5,0
243,20,1193.99,530.75,218.78,43.93,1,5,0
243,32,1456.61,544.22,76.12,30.06,1,5,0
243,33,1644.22,463.39,275.78,116.28,1,0,0
244,17,359.52,542.26,13.79,20.12,1,3,0
244,19,968.58,514.52,76.15,43.89,1,5,0
244,20,1186.71,535.33,219.02,42.77,1,5,0
244,32,1450.24,550.88,74.97,30.47,1,5,0
244,33,1635.98,477.58,284.02,114.86,1,0,0
244,18,274.75,544.03,9.60,15.76,1,3,0
245,17,353.34,541.82,14.01,21.56,1,3,0
245,19,962.49,513.93,79.16,45.06,1,5,0
245,20,1181.08,536.06,218.43,43.13,1,5,0
245,32,1442.64,551.88,76.51,30.62,1,5,0
245,33,1630.71,478.16,289.29,116.23,1,0,0
245,18,268.15,544.59,10.37,15.22,1,3,0
246,17,349.79,556.35,13.04,20.39,1,3,0
246,19,959.91,515.22,77.16,44.48,1,5,0
246,20,1178.35,532.31,218.31,43.63,1,5,0
246,32,1439.17,544.24,76.97,30.47,1,5,0
246,33,1626.42,459.51,293.58,119.73,1,0,0
246,18,263.61,559.29,9.81,15.45,1,3,0
247,17,345.59,569.65,13.67,20.67,1,3,0
247,19,956.90,518.80,76.72,42.23,1,5,0
247,20,1174.62,529.49,217.45,44.14,1,5,0
247,32,1434.32,538.76,78.57,29.42,1,5,0
247,33,1620.77,449.19,299.23,118.26,1,0,0
248,17,338.94,567.83,13.58,21.01,1,3,0
248,19,948.71,518.36,76.08,43.49,1,5,0
248,20,1167.60,529.91,218.19,45.27,1,5,0
248,32,1427.62,539.79,77.93,30.64,1,5,0
248,33,1617.51,450.97,302.49,119.94,1,0,0
248,18,252.46,572.13,9.71,15.83,1,3,0
249,17,327.89,553.02,14.26,21.21,1,3,0
249,19,939.42,517.23,77.26,43.69,1,5,0
249,20,1158.35,533.72,219.21,43.96,1,5,0
249,32,1418.11,547.72,78.39,30.87,1,5,0
249,33,1607.40,466.47,312.60,118.64,1,0,0
249,18,240.87,556.12,9.78,14.99,1,3,0
250,17,315.22,541.42,13.82,21.37,1,3,0
250,19,930.19,516.02,75.94,44.47,1,5,0
250,20,1147.09,537.60,219.82,43.93,1,5,0
250,32,1407.00,554.88,78.07,30.49,1,5,0
250,33,1595.79,482.28,324.21,115.32,1,0,0
250,18,228.03,543.23,9.89,15.11,1,3,0
251,17,303.45,538.06,14.40,22.21,1,3,0
251,19,919.85,514.90,75.31,44.80,1,5,0
251,20,1137.92,538.64,219.34,43.50,1,5,0
251,32,1395.90,555.63,78.14,30.98,1,5,0
251,33,1585.47,484.00,334.53,116.20,1,0,0
251,18,216.92,540.92,10.04,14.62,1,3,0
252,17,294.41,546.97,14.07,20.92,1,3,0
252,19,911.96,516.49,75.46,43.79,1,5,0
252,20,1129.89,537.39,217.54,42.70,1,5,0
252,32,1389.55,552.72,76.31,29.70,1,5,0
252,33,1576.02,478.25,343.98,113.76,1,0,0
252,18,206.73,549.08,9.97,15.17,1,3,0
253,17,291.99,559.00,13.67,21.12,1,3,0
253,19,909.60,517.57,75.71,44.13,1,5,0
253,20,1127.42,535.37,218.25,42.84,1,5,0
253,32,1385.60,546.72,77.66,29.74,1,5,0
253,33,1572.71,465.85,347.29,114.40,1,0,0
253,18,204.31,563.26,10.01,14.81,1,3,0
254,17,295.50,565.49,13.70,22.19,1,3,0
254,19,912.38,519.33,76.52,43.72,1,5,0
254,20,1131.53,532.22,214.50,45.42,1,5,0
254,32,1390.97,542.63,75.75,30.67,1,5,0
254,33,1575.55,458.61,344.45,115.86,1,0,0
254,18,209.05,570.94,9.40,15.97,1,3,0
255,17,304.81,569.25,13.90,21.21,1,3,0
255,19,919.65,520.03,76.11,44.36,1,5,0
255,20,1138.99,532.05,216.15,45.00,1,5,0
255,32,1398.12,542.60,77.16,29.62,1,5,0
255,33,1583.55,454.93,336.45,117.68,1,0,0
255,18,217.52,574.43,9.53,14.97,1,3,0
256,17,315.63,565.14,14.11,21.40,1,3,0
256,19,928.99,521.95,76.42,42.43,1,5,0
256,20,1147.70,535.15,215.48,44.04,1,5,0
256,32,1407.78,546.01,77.53,30.00,1,5,0
256,33,1593.40,461.87,326.60,116.42,1,0,0
256,18,228.31,569.34,9.70,15.24,1,3,0
257,17,324.09,561.57,13.21,21.46,1,3,0
257,19,937.06,522.23,75.82,41.92,1,5,0
257,20,1156.89,537.49,214.95,43.73,1,5,0
257,32,1415.50,549.67,77.86,30.49,1,5,0
257,33,1602.36,465.57,317.64,118.45,1,0,0
257,18,237.12,565.13,10.12,15.22,1,3,0
258,17,334.72,556.97,13.15,20.10,1,3,0
258,19,945.85,522.45,76.05,42.28,1,5,0
258,20,1164.65,540.08,218.30,43.09,1,5,0
258,32,1423.85,552.87,78.27,31.57,1,5,0
258,33,1612.14,475.32,307.86,115.93,1,0,0
258,18,247.61,558.59,9.60,15.70,1,3,0
259,17,341.92,556.04,12.86,20.41,1,3,0
259,19,950.34,523.01,77.15,43.27,1,5,0
259,20,1170.16,541.72,215.64,42.32,1,5,0
259,32,1428.83,554.37,79.56,31.67,1,5,0
259,33,1616.94,477.01,303.06,115.85,1,0,0
259,18,254.11,558.51,9.75,15.25,1,3,0
260,17,347.87,558.39,13.07,20.16,1,3,0
260,19,956.95,522.92,74.58,43.34,1,5,0
260,20,1175.13,540.36,215.90,44.05,1,5,0
260,32,1438.18,554.72,74.75,30.22,1,5,0
260,33,1622.43,475.85,297.57,115.20,1,0,0
260,18,260.85,560.65,10.35,15.72,1,3,0
261,17,355.38,561.10,13.00,20.69,1,3,0
261,19,962.10,523.56,76.02,43.60,1,5,0
261,20,1182.29,541.25,214.97,43.16,1,5,0
261,32,1442.57,553.53,76.37,30.52,1,5,0
261,33,1628.75,472.80,291.25,116.00,1,0,0
261,18,267.16,564.14,10.22,15.83,1,3,0
262,17,362.48,562.29,13.56,21.28,1,3,0
262,19,967.86,524.20,75.08,43.79,1,5,0
262,20,1187.85,541.11,215.38,43.21,1,5,0
262,32,1447.40,553.71,77.03,30.11,1,5,0
262,33,1634.63,472.86,285.37,115.07,1,0,0
262,18,274.34,565.84,10.12,15.84,1,3,0
263,17,370.21,561.89,13.16,21.19,1,3,0
263,19,974.27,524.62,77.42,43.53,1,5,0
263,20,1194.92,541.30,215.97,44.14,1,5,0
263,32,1452.53,553.37,80.24,31.18,1,5,0
263,33,1641.57,473.51,278.43,116.18,1,0,0
264,17,378.28,560.28,13.75,21.77,1,3,0
264,19,982.38,526.69,75.22,42.38,1,5,0
264,20,1201.02,543.87,216.33,43.73,1,5,0
264,32,1460.82,557.63,78.11,30.38,1,5,0
264,33,1648.76,478.78,271.24,115.69,1,0,0
264,18,291.10,563.19,9.79,15.50,1,3,0
265,17,386.34,563.51,13.53,21.18,1,3,0
265,19,988.05,527.21,76.04,42.45,1,5,0
265,20,1207.73,544.04,215.37,43.38,1,5,0
265,32,1465.54,555.86,79.95,31.04,1,5,0
265,33,1654.75,478.69,265.25,113.61,1,0,0
265,18,298.71,566.33,9.77,15.68,1,3,0
266,17,395.69,569.60,13.19,20.53,1,3,0
266,19,996.53,527.77,74.87,42.94,1,5,0
266,20,1215.57,543.50,216.23,43.14,1,5,0
266,32,1474.42,553.69,79.22,31.17,1,5,0
266,33,1663.58,472.69,256.42,114.54,1,0,0
267,17,404.72,572.83,13.34,21.10,1,3,0
267,19,1004.49,529.05,74.47,42.80,1,5,0
267,20,1222.23,542.26,215.05,43.97,1,5,0
267,32,1482.55,552.59,78.51,30.33,1,5,0
267,33,1671.29,472.80,248.71,111.67,1,0,0
267,18,317.35,577.26,8.86,15.19,1,3,0
268,17,413.10,572.28,13.07,20.58,1,3,0
268,19,1010.62,529.91,74.22,42.27,1,5,0
268,20,1229.75,541.94,214.66,44.13,1,5,0
268,32,1489.26,552.85,78.48,30.53,1,5,0
268,33,1677.86,475.73,242.14,109.24,1,0,0
268,18,325.43,576.63,9.55,14.83,1,3,0
269,17,418.95,567.93,13.15,20.10,1,3,0
269,19,1016.01,529.89,75.10,42.57,1,5,0
269,20,1233.96,544.13,217.32,43.99,1,5,0
269,32,1494.84,556.69,78.33,30.81,1,5,0
269,33,1682.73,483.81,237.27,107.41,1,0,0
269,18,331.85,570.24,9.60,15.44,1,3,0
270,17,425.30,562.99,13.09,20.80,1,3,0
270,19,1020.95,528.59,75.32,43.58,1,5,0
270,20,1239.78,546.97,216.59,43.25,1,5,0
270,32,1498.60,560.27,78.44,30.78,1,5,0
270,33,1686.98,490.58,233.02,106.86,1,0,0
270,18,337.80,565.52,9.52,15.49,1,3,0
271,17,433.35,561.29,12.76,20.90,1,3,0
271,19,1027.89,529.81,75.48,43.66,1,5,0
271,20,1244.99,548.27,217.28,43.41,1,5,0
271,32,1505.99,564.15,77.30,29.72,1,5,0
271,33,1693.36,494.82,226.64,106.70,1,0,0
271,18,345.51,563.66,9.24,14.97,1,3,0
272,17,439.61,562.95,12.82,20.62,1,3,0
272,19,1033.01,530.24,75.36,43.54,1,5,0
272,20,1251.43,548.85,214.61,42.75,1,5,0
272,32,1511.18,563.04,77.90,30.50,1,5,0
272,33,1699.37,494.17,220.63,106.42,1,0,0
272,18,351.85,565.43,9.67,15.51,1,3,0
273,17,457.54,573.37,12.94,21.34,1,3,0
273,19,1048.94,532.00,75.59,42.51,1,5,0
273,20,1267.00,546.34,213.92,43.66,1,5,0
273,32,1525.54,556.55,79.68,31.01,1,5,0
273,33,1712.94,482.59,207.06,108.27,1,0,0
273,18,369.66,577.66,9.57,15.32,1,3,0
274,17,470.02,579.05,13.06,20.64,1,3,0
274,19,1058.82,532.68,75.52,41.96,1,5,0
274,20,1277.20,544.94,214.67,43.83,1,5,0
274,32,1536.35,552.46,79.14,31.87,1,5,0
274,33,1724.74,477.10,195.26,107.90,1,0,0
274,18,382.04,583.16,9.90,15.62,1,3,0
275,17,478.26,579.15,12.91,20.29,1,3,0
275,19,1065.67,530.81,74.44,44.00,1,5,0
275,20,1284.85,543.93,215.51,44.81,1,5,0
275,32,1546.08,553.08,76.41,31.36,1,5,0
275,33,1730.54,477.22,189.46,108.69,1,0,0
275,18,389.70,582.76,9.96,15.87,1,3,0
276,17,484.13,571.89,12.41,19.98,1,3,0
276,19,1070.45,533.90,74.79,41.96,1,5,0
276,20,1288.68,549.18,216.24,42.83,1,5,0
276,32,1548.41,560.18,77.76,31.54,1,5,0
276,33,1735.22,488.68,184.78,107.62,1,0,0
276,18,394.98,575.14,10.10,14.87,1,3,0
277,17,486.96,562.25,12.44,20.99,1,3,0
277,19,1072.12,534.70,76.09,42.17,1,5,0
277,20,1290.80,554.34,215.18,42.79,1,5,0
277,32,1550.69,569.97,76.63,31.05,1,5,0
277,33,1735.77,501.54,184.23,108.59,1,0,0
277,18,397.46,564.76,10.12,14.56,1,3,0
278,17,489.33,562.68,12.69,20.96,1,3,0
278,19,1074.60,535.16,75.68,42.57,1,5,0
278,20,1290.67,554.35,216.70,43.68,1,5,0
278,32,1551.59,569.25,77.14,31.00,1,5,0
278,33,1737.00,500.80,183.00,108.19,1,0,0
278,18,401.22,565.01,9.61,15.01,1,3,0
279,17,492.88,572.69,13.85,21.26,1,3,0
279,19,1077.74,535.17,75.41,42.38,1,5,0
279,20,1293.89,550.30,216.25,43.38,1,5,0
279,32,1557.65,562.21,74.99,30.28,1,5,0
279,33,1741.00,489.48,179.00,107.48,1,0,0
279,18,405.70,576.76,9.69,14.81,1,3,0
280,17,499.48,583.69,12.19,20.30,1,3,0
280,19,1080.47,535.46,74.51,42.26,1,5,0
280,20,1298.67,546.51,215.23,44.09,1,5,0
280,32,1559.36,554.09,76.31,30.91,1,5,0
280,33,1742.53,477.32,177.47,108.10,1,0,0
280,18,410.20,587.92,10.41,15.59,1,3,0
281,17,503.50,586.58,12.58,19.98,1,3,0
281,19,1083.28,534.98,76.63,40.88,1,5,0
281,20,1300.50,544.08,215.65,44.48,1,5,0
281,32,1562.49,549.64,76.61,31.62,1,5,0
281,33,1746.14,471.55,173.86,110.07,1,0,0
281,18,414.42,591.76,10.02,16.24,1,3,0
282,17,506.14,579.47,12.78,19.63,1,3,0
282,19,1085.96,534.85,76.48,41.91,1,5,0
282,20,1303.30,549.01,216.96,43.38,1,5,0
282,32,1565.95,558.11,75.26,30.93,1,5,0
282,33,1748.45,483.97,171.55,107.98,1,0,0
282,18,417.56,582.35,10.07,16.40,1,3,0
283,17,506.66,565.56,13.03,20.16,1,3,0
283,19,1085.95,535.43,76.37,42.36,1,5,0
283,20,1303.79,555.78,216.07,43.15,1,5,0
283,32,1563.66,570.84,75.87,31.27,1,5,0
283,33,1747.11,502.71,172.89,108.15,1,0,0
283,18,417.03,566.65,10.20,16.99,1,3,0
284,17,507.64,560.38,13.30,20.25,1,3,0
284,19,1087.22,535.76,75.54,43.57,1,5,0
284,20,1303.82,559.06,215.43,43.01,1,5,0
284,32,1564.45,576.54,74.79,30.14,1,5,0
284,33,1747.68,510.21,172.32,107.68,1,0,0
284,18,417.54,560.46,9.91,16.22,1,3,0
285,17,510.07,565.11,13.33,21.66,1,3,0
285,19,1089.54,536.12,76.05,43.98,1,5,0
285,20,1305.92,556.35,215.76,42.46,1,5,0
285,32,1565.68,570.70,75.54,30.92,1,5,0
285,33,1749.03,501.97,170.97,108.32,1,0,0
285,18,420.30,567.79,10.07,15.56,1,3,0
286,17,514.59,578.46,12.96,20.23,1,3,0
286,19,1092.76,536.56,75.53,43.13,1,5,0
286,20,1309.90,550.57,216.49,43.12,1,5,0
286,32,1569.89,561.45,75.23,30.52,1,5,0
286,33,1752.41,487.79,167.59,107.70,1,0,0
286,18,425.10,581.80,9.93,14.80,1,3,0
287,17,518.90,582.52,12.61,20.60,1,3,0
287,19,1094.17,535.18,76.57,43.02,1,5,0
287,20,1312.49,548.15,214.88,43.78,1,5,0
287,32,1571.40,554.48,76.47,32.59,1,5,0
287,33,1754.42,480.52,165.58,108.04,1,0,0
288,17,520.38,582.25,13.03,21.08,1,3,0
288,19,1095.80,535.93,75.64,42.68,1,5,0
288,20,1313.42,548.08,215.89,43.82,1,5,0
288,32,1573.38,554.85,75.98,32.56,1,5,0
288,33,1755.30,481.12,164.70,107.78,1,0,0
288,18,429.84,587.88,10.01,14.06,1,3,0
289,17,521.75,580.77,13.29,20.85,1,3,0
289,19,1098.08,536.53,75.39,42.93,1,5,0
289,20,1314.95,549.97,214.48,43.30,1,5,0
289,32,1573.81,558.96,76.54,31.61,1,5,0
289,33,1756.04,485.70,163.96,107.40,1,0,0
289,18,432.80,584.82,9.25,13.92,1,3,0
290,17,524.21,574.80,12.58,20.93,1,3,0
290,19,1100.49,537.30,75.79,42.42,1,5,0
290,20,1317.01,552.33,215.01,43.00,1,5,0
290,32,1576.17,565.06,75.34,30.47,1,5,0
290,33,1758.07,492.48,161.93,107.75,1,0,0
290,18,434.82,577.92,10.05,15.14,1,3,0
291,17,526.03,572.28,12.72,19.65,1,3,0
291,19,1101.37,537.04,76.35,42.56,1,5,0
291,20,1317.44,553.82,214.95,43.74,1,5,0
291,32,1577.80,567.90,74.36,30.72,1,5,0
291,33,1758.87,497.59,161.13,107.67,1,0,0
291,18,436.29,575.15,9.85,14.21,1,3,0
292,17,528.06,570.45,13.47,19.59,1,3,0
292,19,1103.15,536.90,75.66,42.99,1,5,0
292,20,1319.49,555.46,215.56,43.19,1,5,0
292,32,1580.59,570.21,72.94,30.32,1,5,0
292,33,1760.43,500.00,159.57,107.89,1,0,0
292,18,437.91,573.01,9.50,13.94,1,3,0
293,17,532.76,571.49,13.22,19.59,1,3,0
293,19,1106.21,537.37,75.48,43.67,1,5,0
293,20,1323.84,556.26,214.99,42.58,1,5,0
293,32,1583.12,569.56,73.79,31.02,1,5,0
293,33,1764.03,499.71,155.97,107.89,1,0,0
293,18,442.34,573.93,9.88,14.58,1,3,0
294,17,535.29,572.23,12.22,20.75,1,3,0
294,19,1108.31,537.36,75.07,42.69,1,5,0
294,20,1324.81,553.77,214.74,42.81,1,5,0
294,32,1583.13,565.74,75.93,31.62,1,5,0
294,33,1765.03,495.43,154.97,107.69,1,0,0
294,18,444.52,576.15,9.98,15.02,1,3,0
295,17,539.82,580.13,13.07,20.46,1,3,0
295,19,1112.80,537.23,74.62,42.57,1,5,0
295,20,1329.95,549.93,214.06,43.52,1,5,0
295,32,1588.69,559.80,75.16,30.78,1,5,0
295,33,1770.48,485.59,149.52,107.87,1,0,0
295,18,449.57,583.64,10.29,15.00,1,3,0
296,17,546.91,584.01,12.47,20.47,1,3,0
296,19,1118.60,536.47,74.57,43.25,1,5,0
296,20,1336.33,548.10,215.59,43.80,1,5,0
296,32,1595.30,554.95,75.06,31.95,1,5,0
296,33,1776.14,479.97,143.86,108.04,1,0,0
296,18,456.81,589.05,9.83,14.36,1,3,0
297,17,555.65,580.94,13.33,20.37,1,3,0
297,19,1128.01,536.33,74.59,43.34,1,5,0
297,20,1344.98,549.56,215.49,43.77,1,5,0
297,32,1606.52,559.19,73.07,31.11,1,5,0
297,33,1786.79,486.26,133.21,106.61,1,0,0
297,18,467.07,585.75,9.06,14.06,1,3,0
298,17,567.13,572.29,13.63,20.35,1,3,0
298,19,1139.61,538.06,73.32,42.36,1,5,0
298,20,1357.08,555.90,216.50,42.48,1,5,0
298,32,1618.42,567.50,74.03,31.67,1,5,0
298,33,1799.68,500.89,120.32,105.09,1,0,0
298,18,478.31,575.32,9.46,14.71,1,3,0
299,17,580.38,565.73,13.22,19.94,1,3,0
299,19,1152.26,541.18,73.14,39.93,1,5,0
299,20,1369.39,562.58,217.42,42.18,1,5,0
299,32,1633.24,577.96,73.49,30.65,1,5,0
299,33,1814.46,517.12,105.54,100.50,1,0,0
299,18,491.41,567.60,9.46,14.81,1,3,0
300,17,596.95,560.42,12.41,20.54,1,3,0
300,19,1167.53,541.55,75.92,41.83,1,5,0
300,20,1386.76,566.54,217.28,43.67,1,5,0
300,32,1649.37,585.46,76.38,30.12,1,5,0
300,33,1834.17,528.53,85.83,97.68,1,0,0
300,18,508.18,560.66,9.87,15.54,1,3,0
301,17,624.39,560.59,12.63,20.69,1,3,0
301,19,1195.86,543.14,74.13,42.29,1,5,0
301,20,1413.40,567.77,222.52,44.89,1,5,0
301,32,1680.55,587.47,75.81,30.21,1,5,0
301,33,1867.04,553.65,52.96,74.42,1,0,0
301,18,535.78,560.46,9.33,15.30,1,3,0
302,17,658.80,566.78,12.56,20.88,1,3,0
302,19,1228.95,540.49,75.14,43.31,1,5,0
302,20,1449.34,564.32,224.80,42.38,1,5,0
302,32,1719.41,580.73,77.44,29.32,1,5,0
303,17,705.25,575.09,12.76,20.24,1,3,0
303,19,1274.97,538.04,77.23,43.02,1,5,0
303,20,1500.07,555.02,227.16,43.76,1,5,0
303,32,1776.28,566.86,76.90,30.89,1,5,0
303,18,569.19,580.56,8.65,10.22,1,3,0
304,17,750.59,578.22,13.08,20.93,1,3,0
304,19,1321.70,536.79,76.60,42.28,1,5,0
304,20,1549.02,550.45,232.10,43.75,1,5,0
304,32,1828.00,562.66,80.26,29.24,1,5,0
304,18,663.77,582.80,9.71,13.60,1,3,0
305,17,793.59,579.12,12.70,20.28,1,3,0
305,19,1366.72,535.59,75.64,41.98,1,5,0
305,20,1595.42,548.63,236.25,44.25,1,5,0
305,32,1879.52,559.92,40.48,28.25,1,5,0
305,18,708.19,583.45,9.23,13.72,1,3,0
306,17,837.37,577.11,12.18,20.26,1,3,0
306,19,1412.61,535.36,77.91,42.20,1,5,0
306,20,1645.19,548.80,234.78,45.43,1,5,0
307,17,895.12,575.48,12.66,20.63,1,3,0
307,19,1473.95,537.96,78.65,42.49,1,5,0
307,20,1712.06,552.87,207.94,46.77,1,5,0
307,18,810.16,579.10,10.51,14.76,1,3,0
308,17,967.63,574.26,12.68,20.19,1,3,0
308,19,1554.42,537.81,78.38,42.54,1,5,0
308,20,1798.87,557.33,121.13,41.86,1,5,0
308,35,50.35,562.16,43.66,20.26,1,0,0
309,17,1006.01,573.87,13.13,20.70,1,3,0
309,19,1597.27,535.79,81.04,42.85,1,5,0
309,20,1846.47,564.54,73.53,32.98,1,5,0
309,35,100.91,565.60,43.33,20.06,1,0,0
309,18,923.71,579.54,8.83,13.05,1,3,0
310,17,1055.44,575.02,12.39,20.42,1,3,0
310,19,1652.81,533.52,83.16,40.34,1,5,0
310,20,1906.82,572.82,13.18,19.16,1,5,0
310,35,158.82,571.72,42.86,19.59,1,0,0
310,36,241.24,588.32,11.17,5.65,1,2,0
310,18,972.47,580.62,9.16,12.91,1,3,0
311,17,1109.87,574.93,12.97,20.95,1,3,0
311,19,1714.37,525.78,85.08,42.57,1,5,0
311,35,223.33,579.84,41.36,18.84,1,0,0
311,18,1025.96,580.24,9.28,13.82,1,3,0
312,17,1152.06,574.44,13.09,21.26,1,3,0
312,19,1763.74,518.24,83.74,42.65,1,5,0
312,35,270.73,583.73,43.11,19.65,1,0,0
312,18,1069.23,580.04,8.95,13.12,1,3,0
312,36,352.50,599.97,9.06,5.70,1,2,0
313,17,1205.06,573.54,12.91,21.34,1,3,0
313,19,1825.98,519.65,82.03,41.19,1,5,0
313,35,329.22,582.54,42.46,19.64,1,0,0
313,18,1120.94,579.19,9.66,13.58,1,3,0
313,37,53.33,576.42,41.73,28.26,1,0,0
313,36,411.60,598.34,8.27,5.98,1,2,0
314,17,1237.94,573.51,13.51,21.40,1,3,0
314,19,1866.19,522.15,53.81,44.75,1,5,0
314,35,367.26,577.64,41.81,19.43,1,0,0
314,18,1153.45,578.69,9.96,14.14,1,3,0
314,37,93.28,570.08,41.90,28.83,1,0,0
315,17,1280.09,574.79,12.36,21.06,1,3,0
315,35,412.59,571.60,39.96,18.86,1,0,0
315,18,1194.98,578.83,10.38,14.31,1,3,0
315,37,143.32,561.53,39.58,28.45,1,0,0
315,38,0.25,567.98,69.00,21.09,1,0,0
315,36,491.57,587.40,10.35,5.72,1,2,0
316,17,1312.97,576.03,13.46,20.33,1,3,0
316,35,447.35,568.70,38.71,18.59,1,0,0
316,18,1227.54,580.19,9.54,13.68,1,3,0
316,37,179.82,557.72,40.77,28.26,1,0,0
316,38,0.33,565.16,107.87,21.19,1,0,0
317,17,1347.34,577.22,13.08,20.00,1,3,0
317,35,482.85,568.33,38.27,18.48,1,0,0
317,18,1261.00,580.58,9.52,13.48,1,3,0
317,37,217.68,556.47,41.22,28.65,1,0,0
317,38,11.70,563.33,135.92,21.59,1,0,0
318,17,1389.25,579.47,12.77,20.02,1,3,0
318,35,524.81,566.41,38.92,18.35,1,0,0
318,18,1300.82,582.78,9.52,13.20,1,3,0
318,37,262.81,553.32,41.24,28.01,1,0,0
318,38,61.57,559.68,133.31,21.91,1,0,0
319,17,1416.13,580.73,13.44,20.62,1,3,0
319,35,551.65,563.66,38.75,19.66,1,0,0
319,18,1326.99,583.24,8.86,14.27,1,3,0
319,37,292.02,551.00,40.35,27.85,1,0,0
319,38,94.21,556.17,131.54,22.09,1,0,0
319,39,0.16,550.64,76.32,23.96,1,0,0
320,17,1444.32,579.70,13.63,20.94,1,3,0
320,35,579.17,564.92,37.42,18.51,1,0,0
320,18,1354.84,582.95,8.60,13.96,1,3,0
320,37,321.90,552.22,39.65,27.74,1,0,0
320,38,124.03,557.79,132.12,22.24,1,0,0
320,39,13.38,552.25,95.81,23.98,1,0,0
321,17,1469.63,577.45,14.17,20.28,1,3,0
321,35,602.81,568.26,37.66,19.19,1,0,0
321,18,1379.34,581.66,8.80,12.96,1,3,0
321,37,346.39,557.74,40.64,27.97,1,0,0
321,38,148.88,564.88,133.58,21.14,1,0,0
321,39,44.43,559.10,91.92,23.78,1,0,0
322,17,1501.83,573.84,13.04,20.14,1,3,0
322,35,634.22,571.21,37.92,18.46,1,0,0
322,18,1410.22,578.46,9.16,13.81,1,3,0
322,37,379.65,563.47,39.42,26.30,1,0,0
322,38,185.64,570.88,129.99,20.42,1,0,0
322,39,77.99,566.94,95.76,23.00,1,0,0
322,36,710.26,586.99,10.87,5.15,1,2,0
323,17,1542.10,571.27,12.66,19.82,1,3,0
323,35,671.55,572.94,38.01,18.01,1,0,0
323,37,418.66,564.88,38.70,27.06,1,0,0
323,38,223.18,572.39,132.22,22.17,1,0,0
323,39,120.15,570.09,93.59,23.86,1,0,0
323,36,747.55,587.62,10.07,5.01,1,2,0
324,17,1572.06,567.65,12.99,19.37,1,3,0
324,35,699.38,574.58,38.56,18.58,1,0,0
324,37,446.94,569.04,39.58,26.97,1,0,0
324,38,259.01,577.91,126.10,21.12,1,0,0
324,39,154.39,576.56,91.65,22.91,1,0,0
324,41,0.23,581.04,47.01,21.77,1,0,0
324,18,1477.95,572.57,9.25,13.52,1,3,0
325,17,1609.85,559.69,13.59,21.16,1,3,0
325,35,732.86,576.98,38.56,19.05,1,0,0
325,37,482.70,574.85,39.33,27.53,1,0,0
325,38,294.42,584.84,125.35,21.45,1,0,0
325,39,192.56,585.03,90.26,23.29,1,0,0
325,41,9.73,592.31,80.46,21.71,1,0,0
325,18,1514.80,566.46,9.17,14.72,1,3,0
326,17,1645.43,556.90,13.54,20.54,1,3,0
326,35,765.32,577.85,38.20,18.65,1,0,0
326,37,515.73,575.74,38.51,27.83,1,0,0
326,38,330.36,586.75,124.85,21.79,1,0,0
326,39,228.42,587.73,89.99,23.37,1,0,0
326,41,48.84,595.91,78.47,21.21,1,0,0
326,18,1548.11,563.00,9.70,14.95,1,3,0
327,17,1673.58,557.70,14.09,21.42,1,3,0
327,35,788.66,576.91,38.34,18.60,1,0,0
327,37,542.01,574.20,37.88,27.93,1,0,0
327,38,357.31,584.23,123.47,22.10,1,0,0
327,39,257.21,585.04,88.56,23.84,1,0,0
327,41,77.89,592.54,75.32,21.90,1,0,0
327,18,1575.00,563.42,10.02,15.82,1,3,0
328,17,1709.07,563.10,14.33,21.22,1,3,0
328,35,817.29,574.23,38.90,17.89,1,0,0
328,37,572.24,567.17,38.16,27.77,1,0,0
328,38,391.04,576.29,119.00,21.58,1,0,0
328,39,288.74,575.32,89.64,23.81,1,0,0
328,41,112.86,581.31,75.69,21.76,1,0,0
328,18,1607.46,568.33,9.63,15.37,1,3,0
329,17,1729.34,568.03,14.71,22.05,1,3,0
329,35,832.28,571.21,38.09,17.77,1,0,0
329,37,588.66,561.76,38.03,28.42,1,0,0
329,38,407.10,569.39,121.16,21.81,1,0,0
329,39,308.88,567.22,87.75,23.88,1,0,0
329,41,132.74,571.96,75.19,22.22,1,0,0
329,18,1626.66,572.43,10.14,16.01,1,3,0
330,17,1740.60,572.14,14.46,21.65,1,3,0
330,35,841.78,570.35,37.89,17.57,1,0,0
330,37,598.21,558.82,38.03,28.79,1,0,0
330,38,417.79,566.96,120.83,21.41,1,0,0
330,39,317.49,563.25,87.95,23.67,1,0,0
330,41,142.67,567.05,74.11,21.85,1,0,0
330,18,1636.67,577.04,9.92,14.72,1,3,0
331,17,1748.74,575.17,13.88,21.50,1,3,0
331,35,846.56,568.57,38.93,18.19,1,0,0
331,37,602.43,557.69,39.48,28.29,1,0,0
331,38,424.07,564.22,118.50,21.40,1,0,0
331,39,324.40,559.58,87.88,24.09,1,0,0
331,41,148.78,563.19,76.52,21.49,1,0,0
331,18,1643.54,579.02,9.59,15.09,1,3,0
332,17,1750.87,569.98,14.31,20.89,1,3,0
332,35,848.27,570.07,38.65,18.44,1,0,0
332,37,604.29,561.44,38.61,27.83,1,0,0
332,38,424.52,568.49,118.46,21.81,1,0,0
332,39,324.87,565.98,88.75,23.76,1,0,0
332,41,149.53,570.39,75.32,21.76,1,0,0
332,18,1645.52,573.68,9.65,15.75,1,3,0
333,17,1749.61,562.01,15.03,20.90,1,3,0
333,35,846.18,571.35,39.42,18.14,1,0,0
333,37,603.91,564.55,37.56,28.24,1,0,0
333,38,422.21,573.87,119.15,21.74,1,0,0
333,39,324.65,572.09,86.44,24.33,1,0,0
333,41,148.51,578.66,75.72,21.79,1,0,0
333,18,1645.08,567.48,9.64,15.13,1,3,0
333,36,923.45,585.60,11.65,5.18,1,2,0
334,17,1743.13,557.35,15.23,21.97,1,3,0
334,35,839.56,573.45,37.98,17.70,1,0,0
334,37,596.29,568.29,36.86,28.18,1,0,0
334,38,416.09,578.49,118.56,21.58,1,0,0
334,39,314.96,578.56,88.60,23.55,1,0,0
334,41,138.10,585.40,77.06,21.80,1,0,0
334,18,1638.40,563.82,10.16,14.72,1,3,0
334,36,916.72,586.95,11.17,5.55,1,2,0
335,17,1724.10,561.93,14.10,21.49,1,3,0
335,35,821.08,572.76,38.17,17.60,1,0,0
335,37,577.03,566.35,37.87,27.50,1,0,0
335,38,395.03,574.86,121.14,21.60,1,0,0
335,39,294.45,573.39,87.81,24.33,1,0,0
335,41,116.82,579.56,75.62,22.27,1,0,0
335,18,1618.80,566.93,9.99,15.87,1,3,0
335,36,898.91,586.36,11.53,5.50,1,2,0
336,17,1708.16,566.30,14.79,21.63,1,3,0
336,35,805.93,570.99,38.76,17.90,1,0,0
336,37,561.37,563.29,38.39,27.76,1,0,0
336,38,377.53,570.91,123.71,21.66,1,0,0
336,39,277.08,568.05,88.82,24.85,1,0,0
336,41,96.88,574.26,78.79,22.03,1,0,0
336,18,1602.59,571.14,9.96,15.32,1,3,0
337,17,1695.78,564.75,14.77,20.99,1,3,0
337,35,791.68,571.15,39.79,18.43,1,0,0
337,37,548.70,565.18,36.64,27.05,1,0,0
337,38,362.99,572.65,125.07,22.64,1,0,0
337,39,264.12,568.85,87.08,25.81,1,0,0
337,41,82.16,576.76,78.06,22.29,1,0,0
337,18,1590.41,569.95,10.26,15.20,1,3,0
337,36,873.46,585.44,12.37,6.48,1,2,0
338,17,1676.76,563.66,14.04,21.14,1,3,0
338,35,776.52,571.81,39.09,18.02,1,0,0
338,37,529.52,564.67,39.48,27.87,1,0,0
338,38,344.20,573.25,124.33,22.23,1,0,0
338,39,243.32,569.75,89.01,25.43,1,0,0
338,41,61.62,576.78,78.49,22.45,1,0,0
338,18,1572.62,569.65,10.40,15.23,1,3,0
338,36,857.29,586.45,10.36,5.40,1,2,0
339,17,1659.41,564.33,14.83,21.68,1,3,0
339,35,759.41,571.04,38.53,18.35,1,0,0
339,37,513.39,564.19,38.44,27.62,1,0,0
339,38,327.68,572.23,122.75,21.91,1,0,0
339,39,225.84,568.42,87.52,25.42,1,0,0
339,41,40.48,575.87,80.48,22.11,1,0,0
339,18,1555.00,569.94,10.53,15.51,1,3,0
339,36,841.06,585.82,11.72,5.46,1,2,0
340,17,1629.09,564.03,14.25,21.36,1,3,0
340,35,730.21,571.82,39.81,18.60,1,0,0
340,37,482.78,565.22,40.47,27.73,1,0,0
340,38,294.33,573.96,126.26,21.87,1,0,0
340,39,192.45,570.35,90.44,25.34,1,0,0
340,41,5.36,578.05,83.52,21.90,1,0,0
340,18,1525.76,570.30,10.31,15.27,1,3,0
340,36,813.75,586.67,11.36,5.27,1,2,0
341,17,1591.56,563.00,14.00,21.01,1,3,0
341,35,699.04,573.37,39.01,18.19,1,0,0
341,37,445.86,567.27,40.43,27.45,1,0,0
341,38,256.69,576.52,128.82,21.56,1,0,0
341,39,152.18,573.50,89.89,24.64,1,0,0
341,41,0.61,580.73,43.84,21.83,1,0,0
341,18,1488.95,569.30,9.67,13.94,1,3,0
341,36,779.97,587.48,10.73,5.07,1,2,0
342,17,1543.09,559.18,13.64,22.19,1,3,0
342,35,652.42,576.11,38.66,18.65,1,0,0
342,37,396.40,572.24,40.31,28.05,1,0,0
342,38,202.90,582.58,130.73,21.92,1,0,0
342,39,97.50,581.74,91.72,23.77,1,0,0
342,18,1441.11,567.10,9.42,14.05,1,3,0
343,17,1493.94,562.80,13.71,20.54,1,3,0
343,35,604.42,575.21,39.60,18.82,1,0,0
343,37,345.50,570.34,40.37,27.59,1,0,0
343,38,150.31,580.72,130.10,21.94,1,0,0
343,39,41.39,578.87,93.94,23.02,1,0,0
343,18,1393.50,568.73,9.91,14.61,1,3,0
343,36,685.16,589.00,13.85,5.57,1,2,0
344,17,1453.71,569.61,13.02,19.94,1,3,0
344,35,564.46,568.17,38.93,18.61,1,0,0
344,37,300.68,558.55,42.24,28.32,1,0,0
344,38,103.18,566.95,131.67,21.82,1,0,0
344,39,0.17,563.25,87.79,25.00,1,0,0
345,17,1407.19,576.54,13.42,20.71,1,3,0
345,35,516.68,559.28,40.17,18.56,1,0,0
345,37,249.96,545.12,42.16,27.79,1,0,0
345,38,48.22,550.78,133.87,21.77,1,0,0
345,41,0.35,546.97,33.23,23.60,1,0,0
345,18,1306.92,578.35,10.20,15.17,1,3,0
345,36,601.94,576.44,10.40,5.04,1,2,0
346,17,1365.02,576.37,13.41,20.88,1,3,0
346,35,473.35,557.05,38.74,18.33,1,0,0
346,37,203.98,542.11,41.82,28.00,1,0,0
346,38,1.78,547.53,129.81,21.31,1,0,0
346,18,1265.98,577.85,10.12,15.26,1,3,0
347,17,1327.10,572.10,13.25,20.89,1,3,0
347,35,434.19,561.96,40.19,18.96,1,0,0
347,37,160.67,550.03,41.30,28.47,1,0,0
347,18,1228.21,576.96,9.66,14.21,1,3,0
347,39,0.37,557.72,90.73,20.27,1,0,0
348,17,1275.90,566.62,13.72,20.87,1,3,0
348,35,380.07,579.38,40.56,18.61,1,0,0
348,37,101.01,574.01,41.44,28.73,1,0,0
348,18,1177.54,572.40,9.99,14.84,1,3,0
348,41,0.17,587.31,28.37,18.20,1,0,0
349,17,1249.96,564.88,13.09,21.11,1,3,0
349,35,350.32,582.83,42.49,19.54,1,0,0
349,37,69.25,579.05,43.47,29.54,1,0,0
349,18,1152.59,572.11,10.05,14.79,1,3,0
350,17,1222.47,565.72,13.44,22.02,1,3,0
350,35,321.98,577.08,41.09,19.16,1,0,0
350,37,35.78,572.04,42.88,27.10,1,0,0
350,43,1866.78,508.89,53.22,47.05,1,5,0
351,17,1194.84,568.91,13.60,21.59,1,3,0
351,35,289.64,563.85,41.75,19.82,1,0,0
351,37,1.20,553.77,44.07,29.09,1,0,0
351,43,1835.01,524.29,84.99,45.59,1,5,0
351,18,1097.98,572.71,9.85,16.61,1,3,0
352,17,1160.50,570.20,13.05,21.14,1,3,0
352,35,250.86,548.66,40.75,19.10,1,0,0
352,43,1795.15,541.87,92.72,43.82,1,5,0
352,18,1062.25,572.05,10.11,16.79,1,3,0
353,17,1091.18,569.38,13.48,20.90,1,3,0
353,35,167.83,538.39,43.45,19.70,1,0,0
353,43,1715.20,542.67,94.73,47.88,1,5,0
353,18,994.39,570.41,10.17,14.88,1,3,0
354,17,1049.73,568.16,13.96,20.72,1,3,0
354,35,118.21,546.40,45.60,20.04,1,0,0
354,43,1669.22,535.30,93.49,46.99,1,5,0
354,18,953.59,570.52,10.22,14.36,1,3,0
355,17,1019.95,567.82,14.31,21.21,1,3,0
355,35,81.86,557.80,45.88,20.76,1,0,0
355,43,1636.30,526.49,90.93,45.38,1,5,0
355,18,924.05,571.63,10.00,13.86,1,3,0
356,17,996.07,567.92,13.79,21.06,1,3,0
356,35,53.33,564.25,50.72,20.66,1,0,0
356,43,1608.73,521.97,91.90,45.49,1,5,0
356,18,899.93,572.18,9.99,13.99,1,3,0
357,17,982.02,566.20,13.91,21.56,1,3,0
357,35,38.09,558.79,45.61,19.88,1,0,0
357,43,1592.72,523.72,89.64,47.05,1,5,0
357,18,886.01,570.81,9.59,14.24,1,3,0
357,45,1886.64,564.22,33.36,24.84,1,5,0
358,17,973.71,564.23,13.15,21.29,1,3,0
358,35,25.38,546.82,48.55,20.04,1,0,0
358,43,1584.20,529.97,89.58,45.10,1,5,0
358,18,877.14,568.18,10.12,14.84,1,3,0
358,45,1875.78,569.06,44.22,27.28,1,5,0
359,17,977.85,565.38,13.38,20.93,1,3,0
359,35,32.07,551.93,45.62,20.60,1,0,0
359,43,1588.54,527.75,89.47,45.58,1,5,0
359,18,881.14,569.72,9.93,14.25,1,3,0
359,45,1881.08,566.99,38.92,25.85,1,5,0
360,17,988.33,566.22,13.96,21.62,1,3,0
360,35,44.06,561.97,45.42,19.71,1,0,0
360,43,1597.76,523.06,91.45,47.07,1,5,0
360,18,891.53,571.92,10.19,14.09,1,3,0
360,45,1892.61,563.52,27.39,22.80,1,5,0
361,17,1003.51,567.05,13.48,20.84,1,3,0
361,35,62.47,564.69,49.20,21.25,1,0,0
361,43,1614.94,520.85,91.06,46.20,1,5,0
361,18,907.49,572.32,9.98,14.58,1,3,0
361,45,1907.48,562.50,12.52,20.19,1,5,0
362,17,1020.09,566.99,13.21,20.60,1,3,0
362,35,81.17,558.72,46.26,20.37,1,0,0
362,43,1633.26,522.95,90.78,48.02,1,5,0
362,18,924.19,571.65,9.99,13.78,1,3,0
363,17,1043.30,566.71,12.97,20.66,1,3,0
363,35,111.21,549.09,44.57,20.31,1,0,0
363,43,1659.02,530.84,91.55,47.23,1,5,0
363,18,946.79,570.24,9.87,14.46,1,3,0
364,17,1065.07,567.56,13.48,21.13,1,3,0
364,35,136.71,554.38,43.50,19.93,1,0,0
364,43,1683.24,529.14,90.80,45.85,1,5,0
364,18,967.18,570.83,10.52,15.95,1,3,0
365,17,1086.29,568.01,13.68,20.88,1,3,0
365,35,162.44,565.98,41.96,20.53,1,0,0
365,43,1706.70,521.16,91.88,46.81,1,5,0
365,18,989.01,572.83,10.36,15.02,1,3,0
366,17,1112.88,567.90,13.83,19.93,1,3,0
366,35,193.50,575.86,44.78,20.63,1,0,0
366,43,1735.93,511.07,92.78,46.60,1,5,0
366,18,1015.92,571.49,10.28,16.76,1,3,0
367,17,1135.76,567.09,14.00,20.40,1,3,0
367,35,220.42,573.64,45.96,20.11,1,0,0
367,43,1762.45,513.35,91.68,45.04,1,5,0
367,18,1039.26,571.60,10.33,15.88,1,3,0
368,17,1171.54,569.52,12.99,20.38,1,3,0
368,35,261.04,561.57,42.45,19.64,1,0,0
368,43,1802.97,524.93,90.32,45.96,1,5,0
368,18,1073.32,572.52,10.39,15.70,1,3,0
369,17,1200.06,570.91,12.95,21.63,1,3,0
369,35,290.54,554.05,42.70,18.91,1,0,0
369,43,1834.94,536.03,85.06,45.03,1,5,0
369,18,1100.45,572.92,11.16,16.64,1,3,0
369,36,394.15,571.24,8.32,5.49,1,2,0
370,17,1221.33,571.49,12.71,21.54,1,3,0
370,35,314.45,554.93,42.04,18.87,1,0,0
370,43,1858.92,535.51,61.08,45.05,1,5,0
370,18,1122.65,574.25,10.08,15.86,1,3,0
370,36,417.22,571.43,10.68,5.54,1,2,0
370,41,35.10,539.55,41.50,29.04,1,0,0
371,17,1246.77,570.13,13.14,21.18,1,3,0
371,35,345.08,563.23,40.22,18.70,1,0,0
371,43,1887.57,540.47,32.43,31.77,1,5,0
371,18,1147.56,573.14,10.49,16.77,1,3,0
371,41,66.19,551.62,40.80,28.94,1,0,0
372,17,1272.45,568.78,13.70,21.03,1,3,0
372,35,372.88,570.40,39.69,19.40,1,0,0
372,41,95.09,562.69,43.60,28.92,1,0,0
372,39,0.10,574.97,23.39,18.73,1,0,0
372,36,470.83,587.10,11.30,5.32,1,2,0
373,17,1315.58,567.24,13.31,20.64,1,3,0
373,35,418.88,572.81,38.98,18.67,1,0,0
373,41,146.27,565.27,42.23,28.26,1,0,0
373,39,0.11,574.85,74.96,21.16,1,0,0
373,36,517.83,588.13,12.88,5.37,1,2,0
373,18,1216.11,572.75,9.41,13.81,1,3,0
374,17,1341.93,569.26,13.57,21.44,1,3,0
374,35,447.49,568.55,38.81,19.24,1,0,0
374,41,178.01,559.65,40.78,28.42,1,0,0
374,39,0.45,568.22,105.16,20.86,1,0,0
374,18,1242.39,574.01,9.63,14.67,1,3,0
375,17,1368.94,570.94,12.92,21.46,1,3,0
375,35,477.15,564.47,39.46,19.26,1,0,0
375,41,208.44,553.58,40.20,28.78,1,0,0
375,39,4.43,560.56,133.13,21.83,1,0,0
375,36,571.47,581.33,12.05,5.05,1,2,0
376,17,1400.19,572.54,13.06,21.50,1,3,0
376,35,509.04,563.04,39.95,19.12,1,0,0
376,41,243.77,551.73,40.64,27.94,1,0,0
376,39,40.07,558.35,134.05,21.83,1,0,0
376,18,1299.52,577.81,9.02,13.46,1,3,0
377,17,1431.66,570.94,13.03,21.24,1,3,0
377,35,540.97,567.10,39.56,18.20,1,0,0
377,41,278.61,556.76,40.85,28.35,1,0,0
377,39,77.93,564.55,131.92,21.74,1,0,0
377,46,0.20,561.63,61.17,23.55,1,0,0
377,18,1330.83,576.00,9.31,14.34,1,3,0
378,17,1470.80,568.52,13.19,20.88,1,3,0
378,35,579.04,571.17,37.28,18.25,1,0,0
378,41,320.59,564.21,40.75,27.34,1,0,0
378,39,123.17,572.30,131.33,21.42,1,0,0
378,46,12.34,569.23,95.41,24.23,1,0,0
378,18,1369.03,573.91,9.24,14.54,1,3,0
379,17,1505.29,568.91,13.14,21.01,1,3,0
379,35,611.62,570.82,36.81,18.01,1,0,0
379,41,355.92,562.93,40.38,27.52,1,0,0
379,39,161.01,571.67,132.26,20.61,1,0,0
379,46,53.84,567.86,90.68,23.48,1,0,0
379,18,1402.62,573.57,9.68,14.89,1,3,0
380,17,1535.96,570.93,12.51,20.58,1,3,0
380,35,642.21,569.33,36.44,17.98,1,0,0
380,41,387.66,560.77,40.64,27.08,1,0,0
380,39,195.44,569.14,129.35,20.34,1,0,0
380,46,88.49,564.54,91.08,23.66,1,0,0
380,18,1431.62,575.73,9.36,14.52,1,3,0
381,17,1565.30,572.71,13.09,21.05,1,3,0
381,35,670.21,567.85,38.77,18.07,1,0,0
381,41,417.00,557.39,41.06,28.35,1,0,0
381,39,223.90,565.77,134.08,20.01,1,0,0
381,46,120.27,561.14,93.22,23.37,1,0,0
381,18,1419.69,580.20,8.52,13.25,1,3,0
382,17,1601.32,574.18,13.36,21.20,1,3,0
382,35,704.51,567.83,38.51,18.00,1,0,0
382,41,453.09,556.72,41.03,28.61,1,0,0
382,39,263.72,564.63,131.50,20.92,1,0,0
382,46,160.90,560.41,91.86,23.20,1,0,0
382,18,1495.15,578.53,9.52,13.88,1,3,0
382,47,0.43,562.84,57.78,21.47,1,0,0
383,17,1639.52,568.21,13.29,21.32,1,3,0
383,35,739.62,571.68,37.20,17.71,1,0,0
383,41,491.71,563.38,39.74,27.66,1,0,0
383,39,302.60,572.53,131.10,20.45,1,0,0
383,46,202.10,570.44,91.56,22.47,1,0,0
383,18,1532.94,573.14,10.07,14.90,1,3,0
383,47,19.17,574.02,83.09,22.06,1,0,0
384,17,1670.39,562.42,13.69,22.02,1,3,0
384,35,769.88,573.30,38.82,18.05,1,0,0
384,41,521.68,567.04,39.42,27.66,1,0,0
384,39,340.13,577.56,123.02,19.76,1,0,0
384,46,235.16,577.11,92.54,21.34,1,0,0
384,18,1563.44,570.13,10.24,13.74,1,3,0
384,47,55.95,581.15,75.96,22.13,1,0,0
385,17,1706.15,566.54,14.13,20.96,1,3,0
385,35,801.88,572.21,39.05,17.89,1,0,0
385,41,555.98,564.41,39.24,27.61,1,0,0
385,39,373.02,574.34,122.78,20.11,1,0,0
385,46,272.08,572.89,89.94,21.38,1,0,0
385,18,1597.21,571.67,10.22,14.81,1,3,0
385,47,95.15,575.87,73.96,22.57,1,0,0
385,48,1559.77,573.62,9.44,12.60,1,3,0
386,17,1736.77,574.23,14.13,21.38,1,3,0
386,35,828.68,569.07,38.96,17.96,1,0,0
386,41,585.73,557.68,37.53,28.71,1,0,0
386,39,405.74,567.05,118.70,19.68,1,0,0
386,46,304.09,562.49,88.58,22.68,1,0,0
386,18,1627.88,578.20,10.99,15.81,1,3,0
386,47,131.01,564.36,70.55,21.37,1,0,0
386,48,1588.92,580.75,8.84,12.31,1,3,0
387,17,1773.15,582.47,14.32,21.06,1,3,0
387,35,861.12,567.58,37.62,17.63,1,0,0
387,41,618.87,553.64,37.48,28.11,1,0,0
387,39,438.46,561.15,121.44,20.26,1,0,0
387,46,340.33,554.92,87.72,23.25,1,0,0
387,18,1662.33,584.90,10.35,15.35,1,3,0
387,47,167.41,555.84,73.34,21.70,1,0,0
388,17,1823.15,587.57,13.93,21.08,1,3,0
388,35,904.16,567.16,37.63,17.76,1,0,0
388,41,663.47,552.77,37.79,28.25,1,0,0
388,39,485.85,559.72,119.67,20.34,1,0,0
388,46,388.73,552.80,86.70,23.00,1,0,0
388,18,1711.61,588.91,9.85,16.47,1,3,0
388,47,218.85,551.90,75.00,20.76,1,0,0
389,17,1866.82,581.30,15.57,20.54,1,3,0
389,35,941.23,568.78,39.53,17.46,1,0,0
389,41,703.96,556.85,35.65,27.95,1,0,0
389,39,525.58,564.31,118.83,20.45,1,0,0
389,46,430.00,559.31,84.57,22.91,1,0,0
389,18,1754.58,583.09,10.10,15.25,1,3,0
389,47,261.48,560.15,74.87,21.61,1,0,0
390,17,1904.73,566.36,15.27,22.04,1,3,0
390,35,974.20,570.30,38.83,17.28,1,0,0
390,41,736.16,563.28,37.78,27.11,1,0,0
390,39,559.88,571.74,119.89,20.72,1,0,0
390,46,466.08,569.43,82.65,22.12,1,0,0
390,18,1792.25,571.83,10.30,16.22,1,3,0
390,47,297.99,572.19,74.94,21.07,1,0,0
391,35,1017.79,571.36,39.01,16.65,1,0,0
391,41,780.62,567.81,37.04,26.44,1,0,0
391,39,606.05,578.35,115.28,20.41,1,0,0
391,46,512.45,579.38,81.69,21.69,1,0,0
391,18,1843.55,557.87,11.15,16.02,1,3,0
391,47,347.95,583.89,73.71,21.12,1,0,0
392,35,1063.33,570.56,38.51,16.82,1,0,0
392,41,826.79,567.59,37.01,26.70,1,0,0
392,39,654.07,578.81,114.82,20.85,1,0,0
392,46,562.53,580.55,79.56,21.38,1,0,0
392,18,1898.90,553.75,11.14,15.99,1,3,0
392,47,399.17,585.73,73.53,20.27,1,0,0
393,35,1114.93,570.60,38.64,17.57,1,0,0
393,41,878.78,563.96,35.81,27.25,1,0,0
393,39,705.86,573.61,114.65,20.37,1,0,0
393,46,615.47,572.38,77.42,22.49,1,0,0
393,47,454.19,575.63,71.60,20.81,1,0,0
394,35,1152.70,571.52,38.67,17.78,1,0,0
394,41,917.24,560.23,35.31,27.64,1,0,0
394,39,747.23,567.37,111.03,20.11,1,0,0
394,46,655.46,564.29,77.46,21.31,1,0,0
394,47,496.95,563.95,71.02,20.11,1,0,0
395,35,1186.73,573.49,38.11,17.48,1,0,0
395,41,951.02,558.42,35.00,27.76,1,0,0
395,39,779.98,563.74,110.12,20.47,1,0,0
395,46,690.86,558.99,76.47,20.92,1,0,0
395,47,532.42,555.96,71.49,21.02,1,0,0
396,35,1223.92,574.88,38.98,17.37,1,0,0
396,41,986.50,558.74,36.26,27.83,1,0,0
396,39,814.66,564.54,113.69,20.91,1,0,0
396,46,726.32,559.55,77.27,20.78,1,0,0
396,47,570.96,556.29,70.12,20.15,1,0,0
397,35,1274.42,571.92,39.11,17.46,1,0,0
397,41,1035.86,559.68,37.42,28.17,1,0,0
397,39,865.01,568.02,115.11,19.99,1,0,0
397,46,778.96,565.08,76.01,20.72,1,0,0
397,47,622.18,564.97,70.16,19.99,1,0,0
398,35,1330.96,565.47,38.46,17.63,1,0,0
398,41,1091.51,559.85,36.62,26.99,1,0,0
398,39,922.04,569.84,111.64,20.13,1,0,0
398,46,832.31,569.87,76.70,20.84,1,0,0
398,47,679.42,573.19,69.96,19.94,1,0,0
399,35,1379.47,559.97,38.57,17.54,1,0,0
399,41,1138.37,556.41,35.56,27.61,1,0,0
399,39,968.15,568.21,111.16,20.97,1,0,0
399,46,879.55,572.18,77.28,19.26,1,0,0
399,47,724.95,575.72,73.36,20.35,1,0,0
400,35,1414.45,558.48,37.87,16.84,1,0,0
400,41,1172.14,555.04,35.72,27.02,1,0,0
400,39,1003.02,567.09,111.28,21.78,1,0,0
400,46,912.80,572.84,77.75,19.34,1,0,0
400,47,759.18,576.46,70.60,20.17,1,0,0
401,35,1468.32,559.79,38.66,17.98,1,0,0
401,41,1224.59,554.55,35.86,27.88,1,0,0
401,39,1053.82,566.25,110.40,20.44,1,0,0
401,46,965.96,570.67,76.47,18.98,1,0,0
401,47,812.46,572.06,72.03,20.04,1,0,0
402,35,1514.64,569.34,40.76,18.11,1,0,0
402,41,1268.51,557.34,35.32,29.40,1,0,0
402,39,1097.96,567.37,110.08,19.51,1,0,0
402,46,1008.82,568.22,77.41,18.89,1,0,0
402,47,855.92,565.78,71.61,20.37,1,0,0
403,35,1565.72,582.85,41.98,18.27,1,0,0
403,41,1317.36,566.05,35.48,27.30,1,0,0
403,39,1147.62,571.15,108.93,20.10,1,0,0
403,46,1056.03,567.83,77.16,19.08,1,0,0
403,47,904.46,562.06,67.09,19.40,1,0,0
404,35,1620.49,585.29,41.65,18.29,1,0,0
404,41,1369.18,567.43,35.78,28.28,1,0,0
404,39,1197.97,572.89,109.96,20.32,1,0,0
404,46,1105.73,569.14,76.83,18.71,1,0,0
404,47,954.94,563.71,67.10,19.29,1,0,0
405,35,1676.12,570.81,42.19,18.87,1,0,0
405,41,1420.78,559.74,37.34,27.72,1,0,0
405,39,1248.45,568.52,110.36,19.28,1,0,0
405,46,1155.86,567.03,77.45,19.05,1,0,0
405,47,1004.74,565.00,67.74,19.56,1,0,0
405,48,1793.83,589.01,9.55,4.42,1,2,0
406,35,1739.62,551.00,42.25,19.09,1,0,0
406,41,1480.44,547.15,36.38,27.15,1,0,0
406,39,1303.89,558.18,112.58,20.76,1,0,0
406,46,1213.41,561.14,74.86,19.37,1,0,0
406,47,1058.54,564.48,69.66,19.55,1,0,0
407,35,1826.06,534.12,42.40,19.05,1,0,0
407,41,1559.37,535.10,38.29,28.57,1,0,0
407,39,1381.12,548.75,114.62,21.74,1,0,0
407,46,1289.61,554.61,76.31,18.48,1,0,0
407,47,1134.82,560.13,68.76,19.63,1,0,0
408,35,1911.42,539.55,8.58,20.06,1,0,0
408,41,1638.08,538.43,38.77,27.95,1,0,0
408,39,1456.97,550.02,116.87,21.96,1,0,0
408,46,1362.22,555.05,77.64,18.87,1,0,0
408,47,1208.08,558.57,68.80,20.56,1,0,0
409,41,1696.39,548.42,38.83,27.34,1,0,0
409,39,1513.63,556.92,116.40,20.70,1,0,0
409,46,1417.39,558.94,77.45,19.16,1,0,0
409,47,1261.92,560.66,67.44,20.14,1,0,0
410,41,1767.12,560.22,40.11,28.46,1,0,0
410,39,1579.00,567.81,118.32,20.19,1,0,0
410,46,1483.24,566.83,78.27,19.38,1,0,0
410,47,1325.06,565.39,66.52,20.04,1,0,0
411,41,1823.74,566.01,39.59,29.79,1,0,0
411,39,1630.63,573.49,122.41,20.66,1,0,0
411,46,1534.12,571.28,80.36,19.44,1,0,0
411,47,1376.25,568.53,65.82,20.59,1,0,0
411,51,44.53,505.51,42.99,82.83,1,3,0
412,41,1881.00,569.58,39.00,28.54,1,0,0
412,39,1683.33,576.05,123.18,21.47,1,0,0
412,46,1585.29,572.08,82.17,21.79,1,0,0
412,47,1426.25,570.34,67.87,20.95,1,0,0
412,51,107.19,507.28,43.30,79.40,1,3,0
413,39,1767.04,570.39,128.91,20.32,1,0,0
413,46,1666.22,567.57,85.19,21.44,1,0,0
413,47,1501.97,566.89,68.23,21.46,1,0,0
413,51,201.03,516.61,41.54,81.23,1,3,0
414,39,1820.58,562.76,99.42,20.38,1,0,0
414,46,1718.86,561.40,87.53,21.69,1,0,0
414,47,1552.38,562.50,68.12,21.37,1,0,0
414,51,258.88,524.27,41.26,80.63,1,3,0
415,46,1804.05,550.01,90.03,22.50,1,0,0
415,47,1634.08,553.83,69.58,21.31,1,0,0
415,51,349.62,534.90,39.72,78.45,1,3,0
415,48,1909.32,548.78,10.68,21.66,1,0,0
416,46,1877.59,541.89,42.41,22.78,1,0,0
416,47,1705.25,548.02,69.72,21.14,1,0,0
416,51,422.22,537.41,40.37,80.55,1,3,0
417,47,1792.88,545.18,70.10,21.21,1,0,0
417,51,507.71,534.45,39.23,81.85,1,3,0
418,51,616.12,529.90,37.42,78.02,1,3,0
418,52,106.18,571.86,136.16,25.67,1,1,0
419,51,688.58,525.71,37.65,77.95,1,3,0
419,52,193.93,560.95,129.66,25.23,1,1,0
420,51,771.39,526.39,37.05,75.85,1,3,0
420,52,290.86,556.46,123.36,23.69,1,1,0
421,51,844.61,527.08,36.55,75.47,1,3,0
421,52,375.14,557.70,119.11,22.32,1,1,0
