1,1,256.39,510.12,170.72,37.25,1,0,0
1,2,1790.16,483.15,129.16,37.63,1,0,0
1,3,921.60,515.29,67.42,14.03,1,0,0
2,1,264.61,509.47,170.12,37.00,1,0,0
2,2,1802.95,483.51,117.05,36.72,1,0,0
2,3,928.41,515.11,67.36,13.94,1,0,0
3,1,270.06,520.94,167.79,37.03,1,0,0
3,2,1813.48,473.08,106.23,36.15,1,0,0
3,3,933.32,516.29,66.34,14.24,1,0,0
3,4,1679.26,494.71,44.07,11.06,1,1,0
4,1,270.99,531.99,169.73,36.97,1,0,0
4,2,1816.79,467.76,103.10,36.54,1,0,0
4,3,932.83,521.39,67.45,13.93,1,0,0
4,4,1680.70,490.83,43.88,12.14,1,1,0
4,5,1799.49,488.07,17.34,10.03,1,1,0
4,6,1325.71,512.96,19.12,4.04,1,0,0
5,1,265.46,520.23,170.51,36.65,1,0,0
5,2,1816.95,470.50,102.96,38.20,1,0,0
5,3,928.95,517.00,67.28,14.25,1,0,0
5,4,1677.37,493.71,43.46,12.15,1,1,0
5,5,1795.95,490.82,21.38,11.66,1,1,0
6,1,258.09,508.24,171.84,36.92,1,0,0
6,2,1814.37,480.18,105.59,40.45,1,0,0
6,3,924.87,513.81,67.79,14.34,1,0,0
6,4,1671.92,503.13,40.19,11.99,1,1,0
6,5,1788.88,502.71,22.28,10.84,1,1,0
6,7,718.23,527.61,4.86,8.33,1,3,0
7,1,256.71,510.98,171.16,37.26,1,0,0
7,2,1815.53,492.46,104.02,37.23,1,0,0
7,3,919.70,520.05,67.84,13.41,1,0,0
7,4,1670.44,511.88,42.37,11.68,1,1,0
7,5,1787.00,512.82,23.12,9.31,1,1,0
7,7,716.62,533.15,4.59,7.58,1,3,0
8,1,261.02,518.10,172.35,36.98,1,0,0
8,2,1823.86,485.45,95.94,36.19,1,0,0
8,3,923.00,520.97,69.97,14.19,1,0,0
8,4,1677.04,506.40,43.31,11.09,1,1,0
8,6,1317.77,521.07,21.71,4.21,1,0,0
9,1,261.92,526.41,172.18,36.91,1,0,0
9,2,1825.95,471.79,93.74,36.67,1,0,0
9,3,923.26,520.09,70.21,14.21,1,0,0
9,4,1677.83,495.90,43.37,10.76,1,1,0
9,6,1317.08,514.79,21.39,4.19,1,0,0
9,5,1796.34,492.12,27.80,10.32,1,1,0
10,1,253.78,530.74,173.41,36.86,1,0,0
10,2,1821.77,468.94,97.94,36.42,1,0,0
10,3,917.83,521.47,69.31,13.95,1,0,0
10,4,1667.08,492.06,47.75,12.53,1,1,0
10,6,1311.62,514.13,21.12,4.08,1,0,0
10,5,1791.60,490.47,21.04,9.24,1,1,0
11,1,245.56,521.03,173.81,37.19,1,0,0
11,2,1816.83,479.49,102.74,38.79,1,0,0
11,3,911.37,521.77,69.60,14.08,1,0,0
11,4,1663.25,503.25,44.27,11.85,1,1,0
11,6,1302.61,519.16,22.28,4.27,1,0,0
11,5,1784.99,501.48,20.87,10.76,1,1,0
11,7,703.99,538.52,4.73,8.35,1,3,0
12,1,247.12,503.99,173.94,36.86,1,0,0
12,2,1821.52,491.55,98.04,40.72,1,0,0
12,3,910.93,516.40,70.16,14.07,1,0,0
12,4,1666.59,512.83,42.74,12.17,1,1,0
12,5,1785.50,513.96,23.08,10.25,1,1,0
13,1,258.00,500.67,174.70,37.15,1,0,0
13,2,1840.20,496.73,79.78,38.90,1,0,0
13,3,918.24,515.67,71.25,14.40,1,0,0
13,4,1677.74,515.45,46.05,12.40,1,1,0
13,5,1801.09,519.00,24.33,9.54,1,1,0
13,7,710.32,526.57,4.88,9.32,1,3,0
14,1,289.06,509.62,170.22,36.30,1,0,0
14,2,1875.45,493.06,44.50,39.73,1,0,0
14,3,936.87,519.77,74.45,13.19,1,0,0
14,4,1706.95,514.24,46.41,11.96,1,1,0
14,5,1834.05,516.61,24.61,8.81,1,1,0
15,1,331.56,516.00,163.08,35.09,1,0,0
15,2,1885.14,513.02,29.92,9.51,1,1,0
15,3,971.26,523.07,68.95,12.49,1,0,0
15,4,1753.05,513.42,41.55,10.66,1,1,0
16,1,373.90,511.88,157.74,35.17,1,0,0
16,3,1005.92,519.69,68.51,12.80,1,0,0
16,4,1799.14,512.28,40.68,9.19,1,1,0
17,1,424.47,505.14,154.24,34.26,1,0,0
17,3,1047.34,515.25,67.96,12.67,1,0,0
17,2,1862.81,510.75,53.36,10.37,1,1,0
18,1,479.92,508.13,150.14,32.20,1,0,0
18,3,1092.51,517.47,63.86,12.54,1,0,0
19,1,526.45,515.88,150.79,32.02,1,0,0
19,3,1128.64,521.74,68.30,12.47,1,0,0
20,1,572.27,520.20,148.30,31.69,1,0,0
20,3,1174.26,523.99,68.81,12.79,1,0,0
21,1,624.26,511.02,141.33,32.30,1,0,0
21,3,1220.17,514.40,71.99,13.58,1,0,0
22,1,660.92,505.38,141.53,32.04,1,0,0
22,3,1254.45,508.56,73.38,13.13,1,0,0
23,1,698.68,509.03,139.74,31.49,1,0,0
23,3,1291.79,512.98,69.02,13.71,1,0,0
24,1,732.08,511.42,135.24,31.55,1,0,0
24,3,1324.44,514.73,67.88,14.07,1,0,0
25,1,755.56,509.15,137.73,32.31,1,0,0
25,3,1349.21,510.47,68.57,13.68,1,0,0
26,1,777.31,507.85,137.91,32.33,1,0,0
26,3,1373.13,506.35,67.76,13.15,1,0,0
27,1,791.37,509.51,137.95,32.03,1,0,0
27,3,1386.66,505.17,72.49,13.48,1,0,0
28,1,795.56,508.03,141.07,32.09,1,0,0
28,3,1391.95,501.32,75.35,14.72,1,0,0
29,1,795.67,506.86,142.08,31.71,1,0,0
29,3,1390.29,499.91,78.81,14.94,1,0,0
30,1,789.92,504.12,141.41,32.37,1,0,0
30,3,1384.41,499.08,73.30,14.95,1,0,0
30,6,1161.76,518.19,4.80,8.58,1,3,0
31,1,779.99,506.91,140.71,31.95,1,0,0
31,3,1369.80,500.40,78.78,15.64,1,0,0
32,1,760.12,511.34,143.38,32.47,1,0,0
32,3,1351.61,501.22,75.54,15.57,1,0,0
32,6,1132.27,522.13,4.70,7.62,1,3,0
33,1,740.12,511.85,143.06,32.43,1,0,0
33,3,1330.80,500.98,72.99,15.30,1,0,0
34,1,710.47,515.00,147.62,32.09,1,0,0
34,3,1300.71,510.37,70.91,15.19,1,0,0
35,1,675.11,520.26,151.86,32.54,1,0,0
35,3,1266.49,519.98,74.02,15.17,1,0,0
36,1,639.47,520.61,147.47,32.93,1,0,0
36,3,1224.59,519.61,71.96,14.49,1,0,0
37,1,605.56,520.99,150.55,32.84,1,0,0
37,3,1195.27,516.80,71.48,15.10,1,0,0
38,1,571.78,525.22,152.41,33.35,1,0,0
38,3,1163.96,522.69,67.01,14.05,1,0,0
38,9,1586.67,518.66,25.02,4.79,1,0,0
39,1,535.34,524.59,155.96,33.89,1,0,0
39,3,1130.85,527.23,73.61,14.25,1,0,0
39,9,1550.62,527.11,23.21,4.40,1,0,0
40,1,498.02,515.48,156.37,33.50,1,0,0
40,3,1096.81,523.59,70.03,13.61,1,0,0
41,1,468.59,518.07,161.31,33.76,1,0,0
41,3,1070.89,523.98,67.53,13.76,1,0,0
42,1,437.93,527.47,166.90,33.95,1,0,0
42,3,1049.75,527.06,65.59,14.17,1,0,0
42,2,1888.79,510.54,31.17,8.90,1,1,0
43,1,399.97,531.08,165.79,34.61,1,0,0
43,3,1009.45,527.61,70.64,13.86,1,0,0
43,2,1841.60,502.19,59.51,11.32,1,1,0
44,1,353.03,519.01,173.28,35.85,1,0,0
44,3,970.55,520.66,69.68,13.50,1,0,0
44,2,1796.59,501.61,52.63,11.13,1,1,0
44,9,1367.82,518.71,25.70,4.38,1,0,0
45,1,316.68,509.49,176.19,36.25,1,0,0
45,3,942.76,518.75,70.90,13.57,1,0,0
45,2,1750.25,514.53,47.95,10.42,1,1,0
46,1,293.33,507.06,179.49,36.38,1,0,0
46,3,926.61,520.94,67.79,14.09,1,0,0
46,2,1725.19,521.65,48.74,10.94,1,1,0
46,5,1881.57,523.21,35.64,9.82,1,1,0
47,1,272.59,508.76,183.13,37.60,1,0,0
47,3,908.11,521.76,72.47,14.32,1,0,0
47,2,1708.39,519.69,44.57,11.07,1,1,0
47,5,1856.14,519.13,27.43,10.98,1,1,0
48,1,247.44,519.88,186.18,38.32,1,0,0
48,3,893.13,522.80,70.68,13.92,1,0,0
48,2,1677.40,505.45,50.72,11.47,1,1,0
48,5,1830.52,502.57,26.45,11.10,1,1,0
49,1,216.60,532.11,191.91,38.80,1,0,0
49,3,870.20,528.21,68.26,14.49,1,0,0
49,2,1651.13,502.20,50.70,11.20,1,1,0
49,5,1800.99,498.59,31.25,10.85,1,1,0
50,1,192.85,526.98,198.41,38.55,1,0,0
50,3,855.07,530.95,71.44,14.20,1,0,0
50,2,1639.04,513.36,46.18,12.19,1,1,0
50,5,1783.26,511.93,26.33,11.32,1,1,0
50,7,627.79,548.26,4.72,8.18,1,3,0
51,1,183.59,512.25,198.79,38.91,1,0,0
51,3,851.54,527.12,64.58,13.19,1,0,0
51,2,1630.79,522.14,46.81,10.98,1,1,0
51,5,1773.18,521.05,26.78,11.45,1,1,0
52,1,168.80,511.23,204.16,38.59,1,0,0
52,3,839.06,525.22,68.19,13.99,1,0,0
52,2,1615.70,522.84,52.37,11.41,1,1,0
52,5,1761.58,522.76,28.82,11.33,1,1,0
52,9,1232.39,531.30,20.90,3.92,1,0,0
53,1,156.01,529.92,203.67,40.36,1,0,0
53,3,831.40,534.89,70.56,14.27,1,0,0
53,2,1607.76,520.45,48.11,11.04,1,1,0
53,5,1749.96,517.94,27.79,11.29,1,1,0
53,10,1907.75,491.01,12.12,42.60,1,0,0
54,1,150.99,539.30,207.17,39.68,1,0,0
54,3,827.95,539.11,66.35,14.28,1,0,0
54,2,1604.11,516.05,49.05,11.69,1,1,0
54,5,1748.25,512.02,26.46,11.96,1,1,0
54,10,1905.15,483.62,14.85,43.49,1,0,0
54,7,591.94,558.24,5.07,8.23,1,3,0
55,1,153.51,528.74,207.30,39.03,1,0,0
55,3,827.30,530.85,70.29,14.83,1,0,0
55,2,1606.38,512.59,49.16,11.26,1,1,0
55,5,1751.37,509.65,29.53,11.02,1,1,0
55,7,592.69,548.85,4.96,8.70,1,3,0
56,1,161.79,519.49,204.90,39.04,1,0,0
56,3,831.86,528.43,71.41,14.79,1,0,0
56,2,1619.32,519.73,45.85,11.54,1,1,0
56,5,1764.11,518.60,27.05,11.57,1,1,0
57,1,172.23,519.50,205.30,39.38,1,0,0
57,3,839.00,530.37,70.35,15.03,1,0,0
57,2,1627.97,524.70,46.38,10.67,1,1,0
57,5,1773.84,522.33,30.59,11.86,1,1,0
57,7,603.41,546.19,4.66,8.48,1,3,0
58,1,179.44,529.32,204.52,38.85,1,0,0
58,3,844.37,532.88,70.34,14.36,1,0,0
58,2,1633.18,515.19,49.01,12.41,1,1,0
58,5,1780.79,512.95,29.59,11.48,1,1,0
58,7,605.39,549.91,4.79,8.08,1,3,0
59,1,181.43,530.33,205.35,38.86,1,0,0
59,3,846.89,529.16,70.40,14.60,1,0,0
59,2,1634.66,506.73,48.62,11.40,1,1,0
59,5,1784.37,502.58,29.24,12.03,1,1,0
59,9,1241.69,526.01,20.70,4.13,1,0,0
60,1,180.73,527.06,204.88,38.83,1,0,0
60,3,844.17,527.16,73.32,14.93,1,0,0
60,2,1632.26,506.40,50.81,12.27,1,1,0
60,5,1784.32,503.37,29.59,12.15,1,1,0
60,7,604.85,546.68,4.97,8.34,1,3,0
61,1,191.63,518.66,203.72,38.28,1,0,0
61,3,848.02,527.57,75.52,14.58,1,0,0
61,2,1648.17,518.95,46.80,12.20,1,1,0
61,5,1797.93,518.56,30.14,11.61,1,1,0
61,7,610.59,543.56,5.12,8.76,1,3,0
61,9,1246.23,530.87,21.86,4.16,1,0,0
62,1,204.98,512.51,202.17,37.94,1,0,0
62,3,859.86,527.58,71.77,14.00,1,0,0
62,2,1657.30,525.34,50.90,11.51,1,1,0
62,5,1811.33,524.87,31.30,11.90,1,1,0
63,1,214.71,517.37,202.10,38.05,1,0,0
63,3,866.97,526.91,72.29,14.19,1,0,0
63,2,1669.17,515.52,50.06,12.74,1,1,0
63,5,1827.92,514.13,29.01,12.91,1,1,0
64,1,231.28,525.29,199.56,38.37,1,0,0
64,3,879.09,526.41,71.10,14.18,1,0,0
64,2,1679.16,505.52,54.69,12.44,1,1,0
64,5,1841.92,501.92,30.83,12.73,1,1,0
64,7,635.25,544.05,5.45,9.32,1,3,0
64,9,1270.59,524.54,20.54,4.05,1,0,0
65,1,245.58,527.78,196.85,37.67,1,0,0
65,3,890.05,529.37,69.88,14.00,1,0,0
65,2,1698.87,509.35,50.37,12.50,1,1,0
65,5,1860.46,507.32,32.19,11.23,1,1,0
66,1,256.41,521.25,195.67,37.44,1,0,0
66,3,895.72,528.40,71.18,13.94,1,0,0
66,2,1702.77,513.88,56.54,13.19,1,1,0
66,5,1871.04,511.58,35.40,12.98,1,1,0
66,7,651.41,544.64,5.08,7.94,1,3,0
67,1,264.73,514.59,192.84,37.41,1,0,0
67,3,900.96,522.33,71.92,13.54,1,0,0
67,2,1711.23,510.32,59.44,11.95,1,1,0
67,5,1885.01,507.83,33.32,13.03,1,1,0
67,7,656.11,538.04,4.84,8.62,1,3,0
68,1,276.85,514.26,192.78,37.30,1,0,0
68,3,908.97,519.54,73.09,14.70,1,0,0
68,2,1725.27,505.84,57.98,12.02,1,1,0
68,5,1898.73,502.64,20.99,13.11,1,1,0
68,7,664.09,536.91,5.03,8.49,1,3,0
69,1,285.50,518.27,192.80,37.19,1,0,0
69,3,916.26,522.05,71.95,14.17,1,0,0
69,2,1732.35,505.24,60.67,12.60,1,1,0
69,5,1910.44,502.69,9.56,12.39,1,1,0
69,9,1315.70,521.56,20.54,4.35,1,0,0
70,1,293.36,517.43,191.54,36.97,1,0,0
70,3,922.11,520.61,70.48,14.15,1,0,0
70,2,1742.68,502.96,61.09,12.97,1,1,0
70,9,1320.31,520.15,21.95,4.42,1,0,0
70,7,673.68,538.84,5.15,8.43,1,3,0
71,1,302.46,510.88,191.51,36.74,1,0,0
71,3,926.54,517.30,72.29,14.85,1,0,0
71,2,1757.73,504.59,57.45,13.15,1,1,0
71,9,1327.08,519.17,21.76,4.31,1,0,0
72,1,310.08,509.34,191.25,36.52,1,0,0
72,3,933.59,517.89,70.11,14.20,1,0,0
72,2,1764.88,507.90,58.84,12.86,1,1,0
73,1,316.02,509.24,189.84,37.39,1,0,0
73,3,939.77,513.36,72.04,14.22,1,0,0
73,2,1769.01,495.21,62.43,12.71,1,1,0
73,9,1339.17,512.95,22.02,4.18,1,0,0
74,1,321.75,507.67,189.86,37.69,1,0,0
74,3,943.26,508.86,71.38,14.37,1,0,0
74,2,1775.85,488.08,66.37,12.16,1,1,0
75,1,324.48,509.85,191.81,37.81,1,0,0
75,3,945.60,511.89,71.61,14.81,1,0,0
75,2,1783.10,494.55,61.90,12.25,1,1,0
76,1,329.75,510.31,190.96,36.95,1,0,0
76,3,949.72,514.11,71.43,14.99,1,0,0
76,2,1790.73,499.86,62.98,12.28,1,1,0
77,1,334.71,505.82,193.95,36.11,1,0,0
77,3,953.10,511.29,72.06,14.96,1,0,0
77,2,1795.43,499.46,64.62,12.37,1,1,0
77,7,697.95,527.32,5.17,9.36,1,3,0
77,9,1354.81,514.18,20.13,4.14,1,0,0
78,1,342.78,503.53,191.28,36.44,1,0,0
78,3,959.95,508.37,71.06,15.32,1,0,0
78,2,1806.71,495.72,66.84,13.62,1,1,0
79,1,351.05,510.81,190.62,36.21,1,0,0
79,3,966.68,512.47,68.87,14.73,1,0,0
79,2,1816.41,494.32,68.71,13.22,1,1,0
79,9,1365.19,512.46,19.90,4.14,1,0,0
80,1,357.42,512.41,192.32,36.00,1,0,0
80,3,972.44,511.71,68.02,15.38,1,0,0
80,2,1826.43,489.39,68.82,13.69,1,1,0
80,7,712.05,532.14,5.13,8.29,1,3,0
81,1,366.77,506.79,189.51,35.69,1,0,0
81,3,978.88,508.32,68.54,15.59,1,0,0
81,2,1840.22,491.09,65.78,13.49,1,1,0
81,7,717.52,526.48,6.17,9.57,1,3,0
82,1,377.81,505.04,188.04,34.95,1,0,0
82,3,985.09,510.79,68.14,14.58,1,0,0
82,2,1853.73,500.30,65.16,11.94,1,1,0
82,7,725.04,527.22,5.10,9.00,1,3,0
82,9,1391.50,514.07,20.53,4.18,1,0,0
83,1,392.56,506.52,185.19,35.37,1,0,0
83,3,993.55,511.92,70.78,14.43,1,0,0
83,2,1867.30,498.22,52.70,11.83,1,1,0
83,9,1399.05,514.07,21.32,4.21,1,0,0
84,1,402.32,509.23,185.46,35.45,1,0,0
84,3,1002.34,508.54,71.15,15.09,1,0,0
84,2,1887.47,486.80,32.25,11.43,1,1,0
85,1,411.17,513.56,184.52,35.76,1,0,0
85,3,1007.77,509.11,69.92,15.83,1,0,0
85,2,1897.08,482.83,22.87,12.26,1,1,0
85,7,748.74,531.76,5.19,8.51,1,3,0
86,1,421.00,514.23,184.49,35.31,1,0,0
86,3,1014.96,512.13,71.66,15.10,1,0,0
87,1,428.61,512.65,185.37,35.49,1,0,0
87,3,1022.40,515.20,70.68,15.07,1,0,0
87,9,1446.53,515.39,18.40,3.97,1,0,0
87,7,760.71,534.12,5.22,8.62,1,3,0
88,1,434.22,510.69,189.73,34.67,1,0,0
88,3,1032.20,513.64,72.81,14.20,1,0,0
88,9,1440.26,513.10,20.94,4.29,1,0,0
89,1,446.47,514.11,184.23,35.14,1,0,0
89,3,1035.18,511.00,74.52,14.88,1,0,0
89,7,770.90,531.94,4.75,8.50,1,3,0
90,1,447.53,520.89,186.36,35.62,1,0,0
90,3,1037.45,513.23,73.01,15.81,1,0,0
90,7,771.62,537.18,5.12,8.79,1,3,0
91,1,443.46,516.46,184.80,35.69,1,0,0
91,3,1036.01,516.72,69.79,15.32,1,0,0
91,9,1444.10,515.36,20.84,4.15,1,0,0
92,1,428.90,505.71,188.00,35.78,1,0,0
92,3,1022.78,511.82,71.36,14.52,1,0,0
92,9,1427.42,514.27,22.21,4.41,1,0,0
93,1,410.95,514.96,189.53,36.42,1,0,0
93,3,1006.73,516.84,72.06,14.86,1,0,0
93,7,733.94,537.04,5.15,8.92,1,3,0
94,1,400.99,524.92,190.43,35.94,1,0,0
94,3,997.16,524.23,71.80,14.55,1,0,0
94,7,722.98,544.97,5.18,8.34,1,3,0
94,2,1896.08,499.18,23.87,12.34,1,1,0
94,9,1400.28,520.43,23.96,4.46,1,0,0
95,1,383.37,523.21,194.23,36.42,1,0,0
95,3,984.37,523.61,73.33,14.32,1,0,0
95,2,1872.87,500.21,47.13,11.10,1,1,0
95,9,1388.51,519.87,24.15,4.54,1,0,0
96,1,364.70,525.21,195.58,36.20,1,0,0
96,3,967.71,526.89,70.79,14.68,1,0,0
96,2,1850.05,506.61,69.44,11.65,1,1,0
96,9,1371.77,525.29,22.88,4.29,1,0,0
97,1,337.36,531.25,200.89,36.11,1,0,0
97,3,946.71,533.39,71.06,15.00,1,0,0
97,2,1820.25,513.12,74.21,12.85,1,1,0
98,1,312.31,525.95,201.49,36.99,1,0,0
98,3,926.43,531.58,69.15,13.56,1,0,0
98,2,1791.51,512.94,69.93,13.29,1,1,0
99,1,290.48,521.87,209.37,37.32,1,0,0
99,3,908.21,529.84,72.99,14.12,1,0,0
99,2,1768.67,518.36,68.77,12.64,1,1,0
99,7,626.24,546.76,5.27,8.25,1,3,0
100,1,278.73,521.01,210.63,37.31,1,0,0
100,3,901.59,532.37,70.07,13.56,1,0,0
100,2,1758.40,523.27,71.38,12.86,1,1,0
100,7,614.05,547.40,5.41,8.98,1,3,0
100,9,1302.68,536.25,21.01,4.10,1,0,0
101,1,267.74,518.15,211.30,37.63,1,0,0
101,3,890.62,528.36,73.74,14.00,1,0,0
101,2,1744.34,518.22,69.65,12.58,1,1,0
101,7,602.80,544.10,5.23,8.64,1,3,0
101,9,1292.88,531.53,22.43,4.24,1,0,0
102,1,256.80,523.93,214.63,38.23,1,0,0
102,3,883.40,526.72,71.60,14.80,1,0,0
102,2,1734.94,508.41,68.41,12.17,1,1,0
102,7,592.11,546.95,5.51,8.83,1,3,0
102,9,1282.32,526.58,21.25,4.24,1,0,0
103,1,248.20,529.74,216.21,38.83,1,0,0
103,3,874.73,530.66,74.69,14.50,1,0,0
103,2,1728.80,506.29,67.77,12.55,1,1,0
103,9,1276.25,527.20,21.65,4.30,1,0,0
104,1,239.53,523.79,215.62,38.54,1,0,0
104,3,869.32,528.83,73.45,14.79,1,0,0
104,2,1720.01,510.16,68.00,12.72,1,1,0
105,1,229.79,508.16,219.65,38.91,1,0,0
105,3,861.43,521.07,73.58,14.53,1,0,0
105,2,1712.78,513.48,67.67,13.17,1,1,0
105,7,565.84,536.46,5.21,9.32,1,3,0
105,9,1259.96,525.98,22.66,4.42,1,0,0
106,1,225.49,504.93,220.26,38.95,1,0,0
106,3,857.66,520.03,74.97,14.61,1,0,0
106,2,1708.55,517.30,66.84,12.83,1,1,0
107,1,226.43,517.51,221.44,39.90,1,0,0
107,3,860.22,526.30,72.66,15.24,1,0,0
107,2,1710.34,516.25,70.35,12.90,1,1,0
107,7,559.53,544.23,5.35,9.51,1,3,0
108,1,229.86,524.91,223.14,39.34,1,0,0
108,3,859.14,526.54,76.45,15.63,1,0,0
108,2,1714.83,506.19,64.49,12.25,1,1,0
108,9,1260.29,525.80,21.96,4.23,1,0,0
109,1,234.49,522.09,220.57,39.00,1,0,0
109,3,863.82,523.53,73.19,15.28,1,0,0
109,2,1719.36,502.59,66.67,12.80,1,1,0
109,7,560.74,544.76,5.33,9.58,1,3,0
110,1,240.11,518.64,218.90,39.10,1,0,0
110,3,866.10,523.53,75.28,15.49,1,0,0
110,2,1727.40,508.94,66.57,12.49,1,1,0
110,7,563.33,543.17,5.20,9.39,1,3,0
110,9,1267.17,524.89,21.06,4.14,1,0,0
111,1,248.04,515.18,221.10,38.79,1,0,0
111,3,875.02,525.01,72.22,15.21,1,0,0
111,2,1734.52,515.56,68.59,13.86,1,1,0
112,1,256.84,508.78,219.07,38.52,1,0,0
112,3,878.90,519.31,71.16,14.86,1,0,0
112,2,1744.97,511.04,68.36,12.60,1,1,0
113,1,270.13,513.85,215.73,38.72,1,0,0
113,3,885.10,518.24,74.16,14.99,1,0,0
113,2,1759.43,502.30,68.09,12.75,1,1,0
113,7,579.45,539.38,4.89,7.90,1,3,0
113,9,1287.62,519.25,23.20,4.38,1,0,0
114,1,281.53,526.66,214.23,39.05,1,0,0
114,3,893.93,526.02,73.52,15.47,1,0,0
114,2,1770.23,500.91,70.03,12.52,1,1,0
115,1,294.35,526.78,212.80,37.44,1,0,0
115,3,901.40,526.79,75.79,15.77,1,0,0
115,2,1783.65,502.39,72.90,13.14,1,1,0
115,7,593.10,549.61,4.93,8.52,1,3,0
115,9,1303.66,524.42,20.62,4.30,1,0,0
116,1,309.55,509.58,212.11,37.49,1,0,0
116,3,913.01,517.15,71.64,15.09,1,0,0
116,2,1800.12,503.53,73.02,13.46,1,1,0
116,7,602.84,534.45,5.46,10.02,1,3,0
116,9,1316.18,519.79,22.14,4.43,1,0,0
117,1,325.91,502.03,207.20,37.66,1,0,0
117,3,923.87,511.32,72.95,15.45,1,0,0
117,2,1820.15,502.77,70.86,12.87,1,1,0
118,1,336.23,507.01,209.75,38.21,1,0,0
118,3,932.06,514.45,76.53,15.51,1,0,0
118,2,1831.81,502.03,74.95,13.30,1,1,0
118,7,620.93,532.83,6.20,9.56,1,3,0
119,1,350.65,508.65,205.76,37.29,1,0,0
119,3,941.77,512.46,74.84,15.36,1,0,0
119,2,1852.97,495.72,66.96,11.54,1,1,0
119,9,1347.94,513.79,20.34,4.25,1,0,0
120,1,365.12,507.29,208.79,36.84,1,0,0
120,3,952.56,507.69,74.98,16.30,1,0,0
120,2,1867.06,489.34,52.94,10.93,1,1,0
121,1,378.27,517.66,206.15,37.22,1,0,0
121,3,964.09,516.59,75.58,15.69,1,0,0
121,2,1893.91,491.28,25.89,12.72,1,1,0
121,9,1368.95,513.96,20.00,4.21,1,0,0
122,1,387.78,518.98,203.91,37.14,1,0,0
122,3,970.02,517.95,75.43,16.02,1,0,0
122,2,1899.54,493.02,20.41,13.00,1,1,0
122,9,1376.84,515.50,20.98,4.33,1,0,0
122,7,655.78,541.07,5.21,9.74,1,3,0
123,1,395.33,512.68,204.11,36.67,1,0,0
123,3,976.31,514.15,74.58,16.16,1,0,0
123,9,1384.47,514.65,20.08,4.13,1,0,0
123,7,660.89,536.24,5.43,9.25,1,3,0
124,1,403.15,517.11,203.53,36.57,1,0,0
124,3,983.95,521.71,74.14,15.97,1,0,0
125,1,410.76,522.01,202.97,37.85,1,0,0
125,3,989.40,527.08,73.86,15.76,1,0,0
126,1,414.40,519.25,201.93,36.76,1,0,0
126,3,990.71,520.06,73.47,15.58,1,0,0
126,9,1399.08,518.69,21.88,4.35,1,0,0
127,1,405.36,513.44,204.67,36.68,1,0,0
127,3,983.33,513.82,75.74,15.71,1,0,0
127,9,1390.74,512.75,16.86,4.16,1,0,0
127,7,661.01,537.20,5.36,9.23,1,3,0
128,1,395.95,513.94,205.04,37.43,1,0,0
128,3,976.50,518.10,71.76,15.58,1,0,0
128,9,1386.50,518.93,21.44,4.10,1,0,0
129,1,381.63,515.87,207.93,37.57,1,0,0
129,3,962.63,523.18,75.89,15.69,1,0,0
129,9,1371.29,526.50,21.21,4.24,1,0,0
129,2,1901.93,511.97,18.07,11.48,1,1,0
129,7,634.12,542.96,5.67,9.54,1,3,0
130,1,363.35,517.82,210.39,37.56,1,0,0
130,3,944.73,523.69,78.97,15.63,1,0,0
130,9,1354.33,525.89,22.61,4.39,1,0,0
130,2,1877.77,509.40,42.18,11.70,1,1,0
131,1,354.51,518.46,210.71,38.25,1,0,0
131,3,938.26,522.87,76.30,15.69,1,0,0
131,2,1864.63,505.79,55.37,11.24,1,1,0
131,7,607.66,543.92,5.40,9.68,1,3,0
132,1,346.69,518.96,211.04,38.08,1,0,0
132,3,930.11,521.78,78.23,15.69,1,0,0
132,2,1857.78,500.89,62.22,11.58,1,1,0
132,9,1336.15,521.12,23.27,4.30,1,0,0
133,1,337.65,518.36,212.47,38.20,1,0,0
133,3,924.11,519.47,76.92,15.82,1,0,0
133,2,1845.99,495.96,74.01,12.24,1,1,0
134,1,326.16,520.13,214.91,38.39,1,0,0
134,3,912.73,521.29,79.92,15.73,1,0,0
134,2,1835.60,498.30,76.95,12.50,1,1,0
134,9,1317.11,519.62,23.04,4.41,1,0,0
135,1,320.21,515.46,216.01,38.32,1,0,0
135,3,908.05,520.11,78.86,15.79,1,0,0
135,2,1829.21,502.10,77.74,13.10,1,1,0
135,9,1315.03,521.08,20.91,4.30,1,0,0
136,1,315.29,506.12,216.92,38.38,1,0,0
136,3,903.81,513.72,75.09,16.10,1,0,0
136,2,1825.10,501.44,79.99,14.09,1,1,0
137,1,311.93,505.12,218.13,38.77,1,0,0
137,3,903.14,513.27,73.71,15.80,1,0,0
137,2,1820.74,500.95,78.44,13.74,1,1,0
137,7,557.45,532.92,5.44,9.50,1,3,0
138,1,309.17,506.71,217.11,39.27,1,0,0
138,3,899.70,514.71,75.87,16.34,1,0,0
138,2,1819.14,502.32,77.71,13.93,1,1,0
139,1,306.15,510.27,218.66,39.69,1,0,0
139,3,898.76,518.88,74.77,16.45,1,0,0
139,2,1817.53,507.09,75.58,13.83,1,1,0
140,1,307.79,512.74,217.30,39.26,1,0,0
140,3,898.47,519.81,75.75,16.55,1,0,0
140,2,1817.30,506.53,79.37,13.62,1,1,0
141,1,319.45,517.97,216.23,38.64,1,0,0
141,3,905.55,520.69,74.93,16.74,1,0,0
141,2,1832.06,502.13,80.33,13.43,1,1,0
142,1,330.12,530.71,215.42,39.74,1,0,0
142,3,914.49,530.80,74.48,16.22,1,0,0
142,2,1844.09,503.24,75.25,12.82,1,1,0
142,9,1317.23,527.58,21.54,4.49,1,0,0
142,7,557.48,557.06,5.25,9.34,1,3,0
143,1,332.74,537.21,212.42,38.70,1,0,0
143,3,912.83,533.45,73.23,17.17,1,0,0
143,2,1845.05,503.15,74.69,12.55,1,1,0
143,7,557.39,561.39,5.24,9.61,1,3,0
144,1,329.60,524.57,214.50,39.09,1,0,0
144,3,908.54,525.75,70.50,16.47,1,0,0
144,2,1843.47,501.67,76.43,12.80,1,1,0
144,9,1315.54,524.88,21.07,4.26,1,0,0
145,1,330.17,513.46,214.67,38.53,1,0,0
145,3,907.65,523.34,73.40,16.51,1,0,0
145,2,1846.63,516.22,71.56,13.26,1,1,0
146,1,330.85,504.90,215.93,38.41,1,0,0
146,3,908.21,519.00,74.16,16.47,1,0,0
146,2,1845.89,519.85,74.11,12.42,1,1,0
147,1,327.49,507.46,216.06,39.14,1,0,0
147,3,905.35,515.96,74.05,16.43,1,0,0
147,2,1843.17,505.14,70.68,11.73,1,1,0
147,7,541.20,536.82,5.66,9.28,1,3,0
147,9,1312.74,520.39,23.76,4.41,1,0,0
148,1,320.72,520.40,217.08,38.91,1,0,0
148,3,901.38,520.90,75.97,16.20,1,0,0
148,2,1837.51,497.50,80.96,13.19,1,1,0
148,7,531.43,547.23,5.84,9.36,1,3,0
148,9,1304.92,519.69,22.16,4.46,1,0,0
149,1,315.70,527.02,218.89,39.45,1,0,0
149,3,896.56,527.84,76.63,16.47,1,0,0
149,2,1831.90,503.39,82.03,13.25,1,1,0
149,9,1302.74,526.99,21.66,4.30,1,0,0
150,1,321.61,517.10,218.08,38.53,1,0,0
150,3,900.49,524.01,74.90,16.10,1,0,0
150,2,1837.46,509.25,81.18,12.52,1,1,0
150,9,1304.59,526.70,20.86,4.38,1,0,0
151,1,332.22,516.07,216.97,38.73,1,0,0
151,3,907.97,525.37,72.91,15.49,1,0,0
151,2,1849.13,514.27,70.71,13.32,1,1,0
151,7,531.08,545.95,5.70,8.91,1,3,0
152,1,341.33,524.71,214.81,39.25,1,0,0
152,3,915.43,529.82,72.86,15.28,1,0,0
152,2,1863.44,510.36,56.56,12.00,1,1,0
153,1,346.03,526.46,214.99,38.70,1,0,0
153,3,911.73,524.53,82.23,17.10,1,0,0
153,2,1872.34,495.35,47.51,11.97,1,1,0
153,9,1323.59,520.88,23.39,4.51,1,0,0
154,1,345.41,517.49,215.60,38.35,1,0,0
154,3,911.42,516.09,81.54,16.16,1,0,0
154,2,1871.51,486.68,48.48,12.41,1,1,0
154,9,1319.20,512.36,21.70,4.22,1,0,0
154,7,535.13,544.59,5.68,9.72,1,3,0
155,1,348.47,507.64,214.75,38.68,1,0,0
155,3,911.76,515.46,81.54,16.57,1,0,0
155,2,1874.26,505.37,45.60,13.97,1,1,0
155,9,1321.04,520.31,23.09,4.39,1,0,0
155,7,532.79,538.94,5.44,8.62,1,3,0
156,1,353.38,499.44,214.83,38.83,1,0,0
156,3,914.37,515.09,81.37,16.66,1,0,0
156,2,1877.50,516.53,42.19,13.02,1,1,0
156,9,1326.34,524.54,19.52,4.33,1,0,0
156,7,533.44,532.26,5.66,8.57,1,3,0
157,1,353.83,497.65,216.40,39.36,1,0,0
157,3,916.47,506.95,77.03,17.19,1,0,0
157,2,1889.11,499.58,30.52,11.48,1,1,0
157,9,1326.57,513.08,22.56,4.31,1,0,0
158,1,352.16,513.68,214.39,38.74,1,0,0
158,3,914.81,512.45,76.87,17.46,1,0,0
158,2,1882.15,488.35,37.70,12.35,1,1,0
159,1,353.05,515.71,215.33,38.01,1,0,0
159,3,913.27,515.81,78.47,17.50,1,0,0
159,2,1882.17,491.95,37.74,13.89,1,1,0
159,9,1327.23,515.58,19.22,4.16,1,0,0
160,1,356.59,503.14,216.47,38.90,1,0,0
160,3,918.70,511.43,75.63,16.80,1,0,0
160,2,1888.70,498.83,31.09,14.43,1,1,0
160,9,1328.11,515.65,20.13,4.14,1,0,0
161,1,367.92,504.02,215.52,38.64,1,0,0
161,3,928.08,514.91,75.63,16.99,1,0,0
161,2,1901.25,514.53,18.41,9.20,1,1,0
161,7,531.20,534.98,5.60,9.46,1,3,0
162,1,379.38,506.91,212.22,39.30,1,0,0
162,3,932.94,517.85,77.86,16.71,1,0,0
162,7,529.37,533.39,13.19,14.52,1,3,0
162,9,1342.70,524.16,18.46,4.26,1,0,0
163,1,391.71,509.16,211.64,39.11,1,0,0
163,3,941.45,511.97,78.25,16.67,1,0,0
164,1,406.21,511.22,211.38,38.63,1,0,0
164,3,954.38,508.80,76.63,17.56,1,0,0
165,1,425.73,512.83,204.96,37.94,1,0,0
165,3,966.36,512.48,77.47,17.07,1,0,0
166,1,439.10,507.28,204.82,36.56,1,0,0
166,3,977.83,510.13,75.97,16.73,1,0,0
166,7,578.64,536.41,4.92,8.49,1,3,0
167,1,452.93,500.71,203.38,37.52,1,0,0
167,3,990.09,502.35,80.97,17.03,1,0,0
167,9,1400.62,502.78,22.27,4.39,1,0,0
168,1,463.40,501.72,203.73,37.95,1,0,0
168,3,997.50,503.31,79.03,16.95,1,0,0
168,9,1413.73,503.43,22.07,4.37,1,0,0
169,1,468.72,503.66,203.27,37.45,1,0,0
169,3,1001.10,506.16,80.63,17.90,1,0,0
170,1,470.88,504.23,203.79,37.45,1,0,0
170,3,1003.04,505.68,79.25,18.20,1,0,0
171,1,472.85,507.34,203.31,37.58,1,0,0
171,3,1005.34,506.85,78.04,18.24,1,0,0
171,7,592.92,535.80,5.92,10.24,1,3,0
172,1,472.14,508.72,203.81,37.42,1,0,0
172,3,1003.10,505.66,78.53,18.31,1,0,0
172,9,1420.90,503.36,21.20,4.49,1,0,0
173,1,460.75,511.40,207.49,37.56,1,0,0
173,3,996.06,510.52,76.47,16.81,1,0,0
174,1,442.37,505.84,206.94,37.34,1,0,0
174,3,973.99,514.00,78.06,17.11,1,0,0
174,9,1393.65,519.10,22.24,4.37,1,0,0
175,1,435.06,512.91,206.97,38.79,1,0,0
175,3,968.05,515.36,80.95,17.48,1,0,0
175,9,1380.31,515.43,21.95,4.60,1,0,0
176,1,434.17,518.15,207.38,38.79,1,0,0
176,3,966.14,516.67,80.05,17.62,1,0,0
176,9,1379.46,514.08,21.35,4.45,1,0,0
177,1,427.46,522.62,210.68,39.03,1,0,0
177,3,958.62,518.47,80.09,18.04,1,0,0
177,9,1376.31,513.92,21.27,4.33,1,0,0
178,1,415.39,521.97,212.64,38.25,1,0,0
178,3,948.53,518.40,80.01,18.03,1,0,0
178,9,1362.13,514.20,21.69,4.43,1,0,0
179,1,400.53,512.28,215.67,39.54,1,0,0
179,3,935.68,515.13,79.66,17.44,1,0,0
179,9,1341.13,515.25,22.18,4.34,1,0,0
180,1,382.23,510.30,216.84,39.65,1,0,0
180,3,920.86,517.81,80.89,16.21,1,0,0
180,9,1335.95,519.64,22.20,4.57,1,0,0
181,1,362.75,510.60,219.41,38.95,1,0,0
181,3,904.63,517.91,78.40,16.40,1,0,0
181,9,1315.16,520.39,22.51,4.51,1,0,0
182,1,348.04,501.81,217.94,39.29,1,0,0
182,3,889.20,510.70,78.21,16.58,1,0,0
182,9,1301.42,514.75,22.51,4.43,1,0,0
182,2,1892.11,499.25,27.89,12.31,1,1,0
183,1,332.00,499.66,222.55,39.21,1,0,0
183,3,876.50,510.24,81.79,16.14,1,0,0
183,9,1288.85,515.45,21.82,4.25,1,0,0
183,2,1871.51,501.75,48.49,13.23,1,1,0
184,1,314.69,506.26,225.65,39.89,1,0,0
184,3,865.02,516.91,79.69,16.04,1,0,0
184,9,1276.69,521.02,21.92,4.36,1,0,0
184,2,1854.74,504.91,65.26,13.46,1,1,0
185,1,295.88,508.79,227.69,41.19,1,0,0
185,3,847.05,515.84,84.14,17.00,1,0,0
185,9,1255.40,518.36,23.82,4.46,1,0,0
185,2,1834.34,497.87,85.32,13.33,1,1,0
186,1,283.10,513.01,229.92,41.88,1,0,0
186,3,836.25,517.07,83.39,17.30,1,0,0
186,2,1819.47,493.80,93.52,14.73,1,1,0
187,1,277.36,513.04,231.78,41.93,1,0,0
187,3,830.40,522.53,83.39,17.18,1,0,0
187,2,1815.78,511.72,91.37,15.24,1,1,0
188,1,277.72,504.80,231.39,41.11,1,0,0
188,3,831.23,522.52,82.06,17.10,1,0,0
188,2,1816.88,523.20,90.35,15.34,1,1,0
188,9,1243.71,533.00,21.94,4.26,1,0,0
189,1,288.01,505.89,229.58,41.97,1,0,0
189,3,839.77,523.39,76.70,17.03,1,0,0
189,2,1826.27,525.98,92.03,13.97,1,1,0
190,1,303.78,518.82,229.14,42.38,1,0,0
190,3,849.02,530.08,78.50,15.82,1,0,0
190,2,1850.00,516.89,70.00,13.28,1,1,0
190,12,350.88,556.53,7.21,9.38,1,3,0
191,1,316.61,529.53,225.60,41.95,1,0,0
191,3,857.47,532.21,81.76,16.66,1,0,0
191,2,1862.69,502.07,57.31,12.76,1,1,0
192,1,325.05,534.38,224.65,40.87,1,0,0
192,3,865.78,532.73,80.26,17.32,1,0,0
192,2,1874.68,494.95,45.03,14.00,1,1,0
192,9,1274.74,527.11,20.33,4.36,1,0,0
192,12,362.08,570.72,7.49,8.93,1,3,0
193,1,330.36,530.41,222.82,41.90,1,0,0
193,3,869.03,534.19,79.50,16.83,1,0,0
193,2,1879.82,506.13,40.18,15.09,1,1,0
193,9,1274.52,532.71,25.29,4.58,1,0,0
193,12,361.80,568.60,7.01,8.40,1,3,0
194,1,332.57,520.32,222.51,40.85,1,0,0
194,3,869.92,531.93,79.61,16.93,1,0,0
194,2,1882.80,517.92,37.09,15.21,1,1,0
194,9,1275.15,536.22,21.58,4.47,1,0,0
195,1,342.28,507.31,221.81,40.22,1,0,0
195,3,875.02,523.28,80.33,16.72,1,0,0
195,2,1893.93,526.21,26.07,10.40,1,1,0
195,9,1282.62,532.23,23.89,4.58,1,0,0
196,1,353.04,507.22,222.13,40.50,1,0,0
196,3,881.77,522.42,81.14,16.31,1,0,0
196,9,1293.58,531.13,23.73,4.38,1,0,0
196,12,369.80,542.14,7.39,10.06,1,3,0
197,1,362.43,515.55,222.52,40.64,1,0,0
197,3,888.14,524.24,84.68,17.00,1,0,0
197,12,376.46,550.37,7.83,10.87,1,3,0
198,1,370.54,517.67,220.76,40.74,1,0,0
198,3,892.86,522.93,85.21,17.01,1,0,0
198,9,1308.95,523.81,23.32,4.53,1,0,0
199,1,376.75,512.38,220.98,40.32,1,0,0
199,3,898.61,520.86,82.82,17.05,1,0,0
199,9,1315.06,524.29,22.32,4.40,1,0,0
200,1,387.03,508.63,219.38,39.85,1,0,0
200,3,905.80,520.88,82.94,16.96,1,0,0
200,9,1320.02,527.39,22.07,4.65,1,0,0
200,12,384.95,541.43,8.49,13.03,1,3,0
201,1,402.33,510.79,215.69,39.00,1,0,0
201,3,914.18,519.54,83.14,17.23,1,0,0
201,9,1330.58,524.43,20.64,4.25,1,0,0
201,12,393.07,542.45,8.09,13.51,1,3,0
202,1,413.46,512.19,214.72,39.55,1,0,0
202,3,924.07,516.25,82.25,17.55,1,0,0
202,12,400.54,544.49,8.08,13.30,1,3,0
203,1,423.67,509.65,216.91,39.95,1,0,0
203,3,932.95,513.18,80.97,16.89,1,0,0
203,12,407.02,543.58,7.89,12.29,1,3,0
203,9,1348.89,512.36,21.77,4.50,1,0,0
204,1,437.37,506.24,213.19,39.37,1,0,0
204,3,941.45,511.47,81.44,16.60,1,0,0
204,12,414.39,538.76,8.44,13.64,1,3,0
204,9,1358.28,512.29,22.50,4.42,1,0,0
205,1,453.84,504.01,211.53,38.92,1,0,0
205,3,956.29,511.63,81.95,16.76,1,0,0
205,9,1373.58,514.89,21.92,4.47,1,0,0
206,1,470.47,501.29,207.80,39.06,1,0,0
206,3,968.86,507.70,83.28,17.37,1,0,0
206,12,438.29,534.44,8.91,12.78,1,3,0
207,1,485.86,502.81,210.85,38.54,1,0,0
207,3,984.30,502.86,81.92,17.03,1,0,0
207,9,1404.44,500.34,21.42,4.32,1,0,0
208,1,503.50,505.57,206.30,38.12,1,0,0
208,3,995.94,503.57,82.26,16.83,1,0,0
208,9,1419.30,497.46,22.27,4.63,1,0,0
208,12,464.05,539.12,7.99,13.44,1,3,0
209,1,515.95,498.59,206.10,37.68,1,0,0
209,3,1005.88,497.51,84.54,17.62,1,0,0
209,9,1426.36,494.44,23.02,4.89,1,0,0
209,12,471.35,531.63,8.51,13.37,1,3,0
210,1,525.10,497.82,206.26,37.65,1,0,0
210,3,1013.55,496.72,82.85,17.59,1,0,0
210,9,1435.13,494.17,24.07,4.68,1,0,0
210,12,476.53,530.10,8.43,13.65,1,3,0
211,1,533.15,500.97,206.36,38.84,1,0,0
211,3,1021.17,499.01,82.74,18.01,1,0,0
211,9,1443.46,495.22,22.72,4.67,1,0,0
211,12,480.78,536.10,8.13,13.23,1,3,0
212,1,534.68,500.15,204.92,39.55,1,0,0
212,3,1020.73,497.02,82.53,18.04,1,0,0
212,9,1445.65,491.21,22.35,4.83,1,0,0
213,1,525.27,500.18,207.38,39.48,1,0,0
213,3,1010.46,497.45,85.67,17.98,1,0,0
213,9,1441.99,491.08,23.77,4.68,1,0,0
213,12,460.19,538.12,7.57,11.96,1,3,0
214,1,513.58,503.82,205.99,39.42,1,0,0
214,3,998.12,504.82,82.51,17.82,1,0,0
214,9,1422.16,502.14,23.84,4.71,1,0,0
214,12,439.39,539.51,9.16,14.62,1,3,0
215,1,494.20,499.71,208.12,39.29,1,0,0
215,3,980.77,507.41,80.58,18.34,1,0,0
215,9,1401.20,512.06,23.91,4.41,1,0,0
215,12,408.65,534.21,8.90,13.70,1,3,0
216,1,442.24,512.75,211.65,39.71,1,0,0
216,3,931.86,520.37,79.52,16.78,1,0,0
216,12,325.25,549.27,8.96,13.27,1,3,0
217,1,425.08,516.94,214.58,40.47,1,0,0
217,3,914.26,528.90,82.70,16.90,1,0,0
218,1,420.02,522.38,216.42,40.62,1,0,0
218,3,909.99,531.37,82.87,17.59,1,0,0
219,1,416.27,523.11,216.10,40.91,1,0,0
219,3,905.33,530.16,82.91,17.81,1,0,0
219,12,272.78,561.03,10.54,14.98,1,3,0
220,1,415.48,526.02,216.34,41.24,1,0,0
220,3,906.11,533.49,80.77,17.79,1,0,0
220,12,266.22,564.51,11.40,15.43,1,3,0
220,9,1318.54,536.23,24.13,4.45,1,0,0
221,1,417.13,529.24,215.43,40.51,1,0,0
221,3,906.23,538.39,80.72,17.84,1,0,0
221,12,262.42,566.36,10.37,15.57,1,3,0
221,9,1318.61,542.50,23.62,4.50,1,0,0
222,1,418.62,521.52,214.45,40.91,1,0,0
222,3,905.76,529.93,83.32,18.47,1,0,0
222,12,256.59,558.13,10.31,15.93,1,3,0
223,1,418.33,519.04,215.84,40.42,1,0,0
223,3,903.41,523.72,82.91,18.51,1,0,0
223,12,248.49,556.36,11.28,16.71,1,3,0
223,9,1320.25,525.50,20.99,4.61,1,0,0
224,1,418.78,524.53,216.90,40.76,1,0,0
224,3,902.84,527.64,82.51,18.42,1,0,0
224,12,242.62,565.28,11.46,15.57,1,3,0
224,9,1320.25,526.46,21.72,4.87,1,0,0
225,1,419.45,518.67,216.55,40.09,1,0,0
225,3,901.05,524.95,82.67,18.18,1,0,0
225,12,234.65,555.56,12.21,16.70,1,3,0
225,9,1318.06,526.72,20.92,4.57,1,0,0
226,1,417.80,507.68,216.97,40.73,1,0,0
226,3,899.81,519.13,82.36,17.35,1,0,0
226,12,226.40,543.78,11.40,16.32,1,3,0
226,9,1317.57,524.65,19.30,4.35,1,0,0
227,1,417.40,508.20,216.17,41.63,1,0,0
227,3,897.93,520.88,81.77,17.67,1,0,0
227,12,217.74,546.24,11.24,15.44,1,3,0
227,9,1315.90,527.44,21.35,4.48,1,0,0
228,1,417.56,513.68,216.03,40.64,1,0,0
228,3,896.65,520.42,83.28,17.82,1,0,0
228,12,209.38,552.89,11.33,17.02,1,3,0
229,1,419.31,518.54,216.49,40.64,1,0,0
229,3,896.83,521.17,85.67,18.39,1,0,0
229,12,204.16,558.04,11.47,18.03,1,3,0
229,9,1314.46,520.90,22.31,4.34,1,0,0
230,1,392.43,526.01,222.82,40.04,1,0,0
230,3,875.77,530.11,82.75,16.96,1,0,0
230,12,152.86,567.50,14.59,17.32,1,3,0
230,9,1290.46,527.52,24.88,5.00,1,0,0
231,3,961.06,537.41,21.94,4.30,1,0,0
231,2,1898.86,508.00,20.92,16.19,1,1,0
232,3,940.16,533.09,26.11,4.58,1,0,0
232,13,0.55,529.76,195.91,32.53,1,0,0
232,15,1524.16,514.09,80.62,15.47,1,1,0
232,2,1859.94,508.45,59.98,17.37,1,1,0
232,1,504.86,529.23,94.38,16.31,1,0,0
233,3,922.98,536.32,21.26,4.46,1,0,0
233,13,0.92,531.87,168.26,33.14,1,0,0
233,15,1502.44,517.44,83.30,15.40,1,1,0
233,2,1838.11,509.89,75.96,19.73,1,0,0
233,1,479.33,530.60,100.05,18.92,1,0,0
234,3,906.04,538.90,21.04,4.38,1,0,0
234,13,0.67,536.92,145.62,31.67,1,0,0
234,15,1487.27,519.45,79.57,15.20,1,1,0
234,2,1814.09,509.90,76.23,20.84,1,0,0
234,1,463.66,534.10,99.09,18.35,1,0,0
235,13,0.58,529.36,121.53,30.80,1,0,0
235,15,1471.96,512.12,77.72,14.81,1,1,0
235,2,1792.69,503.19,79.58,20.67,1,0,0
235,1,447.18,526.45,97.91,18.34,1,0,0
236,13,0.46,523.53,106.10,33.18,1,0,0
236,15,1459.95,501.32,77.58,14.96,1,1,0
236,2,1778.05,491.11,79.53,20.36,1,0,0
236,1,434.34,521.06,97.24,18.05,1,0,0
236,3,877.75,523.90,20.02,4.45,1,0,0
237,13,0.62,526.89,91.47,32.22,1,0,0
237,15,1447.80,500.73,78.80,15.67,1,1,0
237,2,1768.51,489.96,74.96,20.73,1,0,0
237,1,419.87,521.68,101.85,20.38,1,0,0
237,3,871.61,524.39,20.92,4.43,1,0,0
238,13,0.54,521.33,68.47,30.03,1,0,0
238,15,1436.94,512.85,80.03,16.12,1,1,0
238,2,1759.33,506.85,73.44,20.35,1,0,0
238,1,407.59,520.21,102.84,20.41,1,0,0
239,13,0.39,504.93,52.93,29.40,1,0,0
239,15,1429.83,513.61,80.56,15.67,1,1,0
239,2,1750.59,511.83,72.62,20.04,1,0,0
239,1,396.65,508.42,100.88,19.71,1,0,0
240,13,0.56,509.38,53.99,31.69,1,0,0
240,15,1428.47,510.66,79.05,15.07,1,1,0
240,2,1750.42,506.58,76.06,19.93,1,0,0
240,1,394.65,511.35,102.18,21.19,1,0,0
241,13,0.49,545.17,80.55,31.94,1,0,0
241,15,1447.68,503.66,78.73,14.47,1,1,0
241,2,1777.71,487.91,84.16,20.41,1,0,0
241,1,408.41,535.82,103.19,20.76,1,0,0
242,13,0.62,522.00,80.17,29.94,1,0,0
242,15,1451.07,519.81,79.81,15.23,1,1,0
242,2,1789.31,514.61,80.65,20.01,1,0,0
242,1,408.76,523.09,100.41,20.45,1,0,0
242,3,859.91,533.37,22.74,4.57,1,0,0
243,13,0.55,524.77,79.63,32.68,1,0,0
243,15,1451.32,513.48,80.52,14.90,1,1,0
243,2,1792.58,505.30,80.57,19.73,1,0,0
243,1,407.71,523.37,101.37,21.56,1,0,0
243,3,860.17,530.80,21.96,4.30,1,0,0
244,13,0.48,549.14,76.75,31.44,1,0,0
244,15,1451.46,506.87,81.61,15.10,1,1,0
244,2,1792.94,493.04,81.37,19.30,1,0,0
244,1,403.85,539.81,102.52,21.26,1,0,0
244,3,857.99,538.20,20.31,4.30,1,0,0
245,13,0.46,527.80,88.00,30.97,1,0,0
245,15,1460.68,528.27,81.36,15.59,1,1,0
245,2,1808.42,524.39,79.25,19.62,1,0,0
245,1,409.65,528.56,97.99,21.32,1,0,0
246,13,0.47,533.57,99.46,33.02,1,0,0
246,15,1473.49,517.75,77.05,15.67,1,1,0
246,2,1828.19,507.69,78.71,20.19,1,0,0
246,1,416.59,532.71,100.98,20.42,1,0,0
246,3,869.75,539.20,22.28,4.26,1,0,0
247,13,0.49,538.76,112.47,33.93,1,0,0
247,15,1480.36,503.91,78.57,15.60,1,1,0
247,2,1838.90,491.69,78.93,18.45,1,0,0
247,1,421.77,533.03,102.70,20.53,1,0,0
248,13,0.52,540.97,113.64,33.97,1,0,0
248,15,1478.71,500.35,84.01,15.28,1,1,0
248,2,1842.81,486.79,76.63,19.07,1,0,0
248,1,425.22,532.65,100.41,21.02,1,0,0
249,13,0.82,535.94,114.82,32.81,1,0,0
249,15,1481.89,500.36,82.56,15.80,1,1,0
249,2,1845.80,489.02,73.96,18.46,1,0,0
249,1,425.85,528.33,98.71,20.93,1,0,0
250,13,0.43,522.96,109.07,32.57,1,0,0
250,15,1478.99,499.04,84.67,15.47,1,1,0
250,2,1843.75,489.55,76.19,18.98,1,0,0
250,1,422.30,518.88,98.80,20.33,1,0,0
251,13,0.48,512.87,101.95,30.86,1,0,0
251,15,1473.63,499.48,85.22,15.73,1,1,0
251,2,1839.75,492.62,80.08,19.11,1,0,0
251,1,415.42,510.32,102.88,20.82,1,0,0
252,13,0.47,503.24,102.49,31.76,1,0,0
252,15,1473.69,501.48,84.81,15.89,1,1,0
252,2,1841.33,497.55,78.51,19.44,1,0,0
252,1,413.42,503.74,102.29,20.76,1,0,0
252,3,865.44,515.10,23.43,4.41,1,0,0
253,13,0.73,504.92,97.36,32.06,1,0,0
253,15,1471.62,498.18,84.08,15.93,1,1,0
253,2,1842.61,492.50,76.68,19.10,1,0,0
253,1,408.63,504.58,103.40,21.23,1,0,0
253,3,863.69,514.54,20.99,4.22,1,0,0
254,13,0.75,514.04,90.23,32.49,1,0,0
254,15,1467.36,490.12,83.26,15.67,1,1,0
254,2,1838.04,479.17,81.25,20.71,1,0,0
254,1,405.48,509.64,102.32,21.43,1,0,0
254,3,859.31,514.32,21.17,4.13,1,0,0
255,13,0.43,519.18,88.50,32.56,1,0,0
255,15,1467.07,490.08,84.46,16.70,1,1,0
255,2,1838.64,478.56,80.90,21.31,1,0,0
255,1,403.48,514.19,102.27,20.94,1,0,0
256,13,0.46,521.18,96.01,33.10,1,0,0
256,15,1474.20,505.67,85.13,16.67,1,1,0
256,2,1847.96,498.25,71.29,20.70,1,0,0
256,1,406.61,519.32,104.37,20.83,1,0,0
256,3,861.62,526.35,21.24,4.21,1,0,0
257,13,0.48,522.32,97.89,33.34,1,0,0
257,15,1476.95,509.57,84.78,16.67,1,1,0
257,2,1849.66,502.75,70.20,19.73,1,0,0
257,1,406.73,521.07,104.13,21.57,1,0,0
258,13,0.39,519.67,95.17,32.79,1,0,0
258,15,1472.93,496.20,86.28,16.00,1,1,0
258,2,1849.52,487.32,70.26,19.29,1,0,0
258,1,402.32,515.85,104.02,20.86,1,0,0
258,3,858.73,520.27,22.06,4.14,1,0,0
259,13,0.47,516.55,86.40,32.21,1,0,0
259,15,1467.55,493.13,88.48,16.33,1,1,0
259,2,1842.75,483.48,76.96,20.98,1,0,0
259,1,394.58,511.96,107.17,21.24,1,0,0
260,13,0.47,512.47,77.93,31.47,1,0,0
260,15,1466.13,506.24,83.18,17.25,1,1,0
260,2,1841.23,501.23,78.38,21.69,1,0,0
260,1,389.55,511.98,106.52,21.36,1,0,0
261,13,0.53,505.60,75.41,30.89,1,0,0
261,15,1464.60,509.92,85.46,16.91,1,1,0
261,2,1840.24,507.48,79.59,20.74,1,0,0
261,1,387.11,507.93,106.22,21.23,1,0,0
261,3,845.31,521.62,23.15,4.56,1,0,0
262,13,0.56,511.43,69.87,31.79,1,0,0
262,15,1462.81,498.83,83.55,15.59,1,1,0
262,2,1841.19,489.80,78.40,20.83,1,0,0
262,1,383.21,509.64,106.62,21.51,1,0,0
262,3,841.97,518.23,22.70,4.33,1,0,0
263,13,0.55,523.94,55.74,31.71,1,0,0
263,15,1457.20,491.02,81.04,15.78,1,1,0
263,2,1832.47,479.14,86.26,20.13,1,0,0
263,1,374.15,517.39,105.27,21.20,1,0,0
263,3,834.43,518.39,22.64,4.21,1,0,0
264,13,0.33,521.57,45.83,30.15,1,0,0
264,15,1449.00,503.51,85.09,17.38,1,1,0
264,2,1823.71,496.55,86.05,20.98,1,0,0
264,1,363.34,518.95,108.47,21.23,1,0,0
264,3,828.04,525.05,20.95,4.08,1,0,0
265,13,0.32,495.54,29.20,29.35,1,0,0
265,15,1441.08,514.71,85.25,16.89,1,1,0
265,2,1815.65,516.07,88.76,21.28,1,0,0
265,1,355.44,502.08,104.97,20.90,1,0,0
265,3,819.86,520.95,22.63,4.32,1,0,0
266,13,0.41,488.13,26.61,30.22,1,0,0
266,15,1442.31,524.26,81.59,17.13,1,1,0
266,2,1813.17,530.30,90.88,21.05,1,0,0
266,1,349.71,498.09,107.90,21.45,1,0,0
266,3,817.17,521.66,22.56,4.44,1,0,0
267,13,0.34,509.24,35.78,30.17,1,0,0
267,15,1443.44,526.10,85.99,16.62,1,1,0
267,2,1823.88,525.89,92.13,21.37,1,0,0
267,1,353.92,512.85,104.32,22.56,1,0,0
268,13,0.54,535.12,53.63,30.73,1,0,0
268,15,1458.04,510.79,84.55,16.28,1,1,0
268,2,1845.53,499.43,74.14,21.76,1,0,0
268,1,366.78,530.30,104.40,21.32,1,0,0
269,13,0.60,553.93,77.80,32.19,1,0,0
269,15,1473.47,500.22,84.38,16.99,1,1,0
269,2,1866.10,482.92,53.72,20.76,1,0,0
269,1,382.63,542.79,107.51,21.83,1,0,0
269,3,845.07,538.16,21.88,4.22,1,0,0
270,13,0.48,559.38,93.13,32.94,1,0,0
270,15,1484.93,506.88,87.76,17.35,1,1,0
270,2,1886.66,488.52,33.15,21.72,1,0,0
270,1,393.54,548.57,105.39,21.13,1,0,0
270,3,855.44,544.51,21.47,4.05,1,0,0
271,13,0.52,540.37,102.58,31.37,1,0,0
271,15,1493.09,516.78,88.69,16.61,1,1,0
271,2,1896.49,507.67,23.51,20.04,1,0,0
271,1,399.40,536.64,106.00,21.14,1,0,0
271,3,859.83,542.64,22.48,4.11,1,0,0
272,13,0.78,524.75,112.77,31.24,1,0,0
272,15,1497.85,520.34,92.58,17.32,1,1,0
272,2,1899.62,516.88,20.22,18.21,1,0,0
272,1,406.79,524.84,102.07,21.89,1,0,0
272,3,865.44,536.87,22.92,4.14,1,0,0
273,13,0.49,520.55,125.59,30.89,1,0,0
273,15,1509.85,515.35,92.47,16.92,1,1,0
273,2,1903.23,513.32,16.77,15.43,1,0,0
273,1,414.84,519.96,104.23,21.43,1,0,0
274,13,0.51,530.78,140.24,33.88,1,0,0
274,15,1517.88,506.06,90.14,16.69,1,1,0
274,1,423.54,526.23,105.16,21.81,1,0,0
275,13,0.96,541.17,147.22,33.77,1,0,0
275,15,1525.45,503.73,91.94,17.13,1,1,0
275,1,429.73,532.94,103.10,22.12,1,0,0
276,13,0.86,541.28,154.87,33.02,1,0,0
276,15,1530.80,504.75,94.82,17.23,1,1,0
276,1,433.47,533.97,104.26,21.31,1,0,0
277,13,0.72,533.46,160.60,33.42,1,0,0
277,15,1538.11,509.73,93.25,18.49,1,1,0
277,1,439.48,529.30,105.48,21.55,1,0,0
278,13,0.80,531.84,166.83,33.39,1,0,0
278,15,1545.15,517.54,92.86,18.03,1,1,0
278,1,443.48,529.81,105.12,21.46,1,0,0
278,3,896.18,539.03,21.88,4.19,1,0,0
279,13,0.77,533.61,174.28,33.37,1,0,0
279,15,1551.52,517.18,93.80,16.38,1,1,0
279,1,447.89,530.90,103.78,21.53,1,0,0
279,3,900.09,539.07,21.54,4.24,1,0,0
280,13,0.36,536.39,188.94,35.23,1,0,0
280,15,1560.91,506.67,93.19,17.15,1,1,0
280,1,457.09,530.98,101.71,21.85,1,0,0
281,13,0.67,544.98,197.34,35.96,1,0,0
281,15,1568.76,504.98,96.64,17.13,1,1,0
281,1,462.63,536.51,103.33,21.84,1,0,0
281,3,913.69,537.38,21.91,4.24,1,0,0
282,13,0.45,547.29,202.09,36.28,1,0,0
282,15,1574.61,508.25,97.30,18.54,1,1,0
282,1,466.26,539.95,104.37,21.41,1,0,0
283,13,0.82,541.14,203.68,34.09,1,0,0
283,15,1575.96,510.50,98.88,17.48,1,1,0
283,1,465.55,534.55,104.19,22.14,1,0,0
283,3,917.52,539.40,21.87,4.09,1,0,0
284,13,0.53,531.93,204.01,34.47,1,0,0
284,15,1576.28,503.38,99.62,18.06,1,1,0
284,1,465.86,526.66,104.77,21.42,1,0,0
285,13,0.64,532.20,199.79,35.09,1,0,0
285,15,1574.14,502.22,99.59,18.20,1,1,0
285,1,460.56,526.78,105.45,21.78,1,0,0
286,13,0.38,537.72,192.95,34.91,1,0,0
286,15,1570.26,505.56,96.56,17.39,1,1,0
286,1,454.21,531.78,103.09,21.78,1,0,0
287,13,0.64,535.01,183.26,33.76,1,0,0
287,15,1566.40,499.77,95.63,17.43,1,1,0
287,1,447.54,526.91,107.84,21.85,1,0,0
288,13,0.71,530.56,177.90,35.36,1,0,0
288,15,1562.51,491.18,95.03,17.69,1,1,0
288,1,441.98,522.65,108.67,21.84,1,0,0
288,3,897.36,524.24,23.11,4.24,1,0,0
289,13,0.80,527.31,167.63,34.40,1,0,0
289,15,1557.70,490.07,95.84,17.12,1,1,0
289,1,432.91,519.18,110.47,22.28,1,0,0
289,3,891.41,521.50,21.59,4.11,1,0,0
290,13,0.27,515.89,154.98,31.70,1,0,0
290,15,1546.10,496.68,95.25,17.88,1,1,0
290,1,423.21,512.11,108.63,21.92,1,0,0
290,3,883.18,520.05,22.27,4.13,1,0,0
291,13,0.70,504.34,145.35,30.09,1,0,0
291,15,1542.53,503.41,95.88,17.56,1,1,0
291,1,416.33,503.60,109.32,21.98,1,0,0
292,13,0.59,502.15,134.85,30.61,1,0,0
292,15,1533.17,499.67,95.84,17.74,1,1,0
292,1,406.19,500.64,111.29,22.52,1,0,0
292,3,867.30,515.05,23.47,4.24,1,0,0
293,13,0.57,509.67,120.19,33.59,1,0,0
293,15,1524.78,491.29,92.49,17.59,1,1,0
293,1,394.39,506.66,102.23,22.65,1,0,0
293,3,858.27,514.26,22.38,4.20,1,0,0
294,13,0.60,517.38,109.27,33.05,1,0,0
294,15,1513.92,498.81,94.81,17.52,1,1,0
294,1,383.04,514.55,109.81,21.43,1,0,0
294,3,847.99,521.16,24.86,4.63,1,0,0
295,13,0.55,509.84,98.85,30.95,1,0,0
295,15,1510.60,503.79,96.56,17.79,1,1,0
295,1,378.11,508.79,109.12,21.72,1,0,0
295,3,845.22,521.11,24.27,4.40,1,0,0
296,13,0.65,509.79,100.33,32.41,1,0,0
296,15,1510.63,510.44,95.86,18.04,1,1,0
296,1,376.07,511.21,106.24,22.31,1,0,0
296,3,842.75,524.75,24.53,4.56,1,0,0
297,13,0.68,526.93,93.53,35.05,1,0,0
297,15,1510.95,512.54,95.74,17.47,1,1,0
297,1,370.81,525.73,109.50,23.43,1,0,0
298,13,0.58,540.15,91.18,32.84,1,0,0
298,15,1507.11,506.85,94.79,16.57,1,1,0
298,1,365.56,533.23,111.68,23.43,1,0,0
298,3,836.04,537.28,23.89,4.23,1,0,0
299,13,0.51,534.52,86.21,32.35,1,0,0
299,15,1504.23,507.20,100.06,18.51,1,1,0
299,1,362.31,529.21,113.73,23.54,1,0,0
299,3,833.86,536.06,23.07,4.28,1,0,0
300,13,0.41,521.73,87.83,31.40,1,0,0
300,15,1506.71,517.11,97.42,17.52,1,1,0
300,1,363.03,521.40,112.97,22.77,1,0,0
301,13,0.52,519.84,86.66,32.88,1,0,0
301,15,1507.76,519.06,97.89,17.20,1,1,0
301,1,361.80,520.56,114.11,22.44,1,0,0
302,13,0.55,530.81,85.45,33.02,1,0,0
302,15,1509.65,509.66,93.85,17.65,1,1,0
302,1,358.95,526.83,114.21,23.58,1,0,0
303,13,0.51,535.71,80.22,33.08,1,0,0
303,15,1506.18,501.14,96.70,16.74,1,1,0
303,1,356.50,528.39,113.05,23.62,1,0,0
304,13,0.51,529.09,80.91,31.63,1,0,0
304,15,1504.28,502.85,102.19,18.56,1,1,0
304,1,351.58,523.89,116.77,23.02,1,0,0
305,13,0.42,518.34,80.72,30.93,1,0,0
305,15,1507.06,510.23,98.60,18.21,1,1,0
305,1,351.34,516.88,116.28,22.99,1,0,0
306,13,0.51,513.88,78.89,32.10,1,0,0
306,15,1507.70,512.80,97.82,17.88,1,1,0
306,1,350.22,514.27,116.57,22.68,1,0,0
307,13,0.53,521.54,76.43,33.28,1,0,0
307,15,1506.47,512.84,99.23,18.21,1,1,0
307,1,348.61,520.93,115.19,23.27,1,0,0
308,13,0.52,534.31,76.29,33.55,1,0,0
308,15,1510.37,509.11,96.56,17.56,1,1,0
308,1,347.58,529.93,114.66,24.04,1,0,0
308,3,824.62,536.52,20.94,4.05,1,0,0
309,13,0.47,540.95,86.07,34.34,1,0,0
309,15,1514.51,507.79,97.93,17.56,1,1,0
309,1,353.71,535.11,114.27,24.01,1,0,0
309,3,826.38,539.43,23.84,4.02,1,0,0
310,13,0.51,532.49,97.99,33.29,1,0,0
310,15,1523.06,509.93,98.07,17.44,1,1,0
310,1,361.82,528.50,112.98,23.25,1,0,0
310,3,833.33,536.46,23.94,4.21,1,0,0
311,13,0.46,528.44,104.44,33.81,1,0,0
311,15,1529.69,516.73,99.42,17.68,1,1,0
311,1,364.20,527.37,114.15,23.17,1,0,0
311,3,837.37,538.05,23.55,4.15,1,0,0
312,13,0.80,533.40,110.63,34.79,1,0,0
312,15,1534.05,519.24,101.14,16.73,1,1,0
312,1,369.88,532.12,112.35,24.00,1,0,0
313,13,0.52,540.87,118.42,35.33,1,0,0
313,15,1539.82,513.55,102.81,17.43,1,1,0
313,1,374.35,537.39,113.02,23.12,1,0,0
313,3,843.21,542.89,22.67,4.13,1,0,0
314,13,0.41,542.62,131.87,36.44,1,0,0
314,15,1550.10,510.11,103.58,16.92,1,1,0
314,1,383.20,538.28,105.29,22.59,1,0,0
315,13,0.26,542.23,141.68,36.74,1,0,0
315,15,1557.60,510.40,104.59,16.76,1,1,0
315,1,387.20,537.71,107.68,22.82,1,0,0
316,13,0.22,542.60,147.09,37.53,1,0,0
316,15,1563.37,511.36,104.85,17.05,1,1,0
316,1,392.14,538.92,105.74,22.69,1,0,0
316,3,859.98,542.83,23.63,4.13,1,0,0
317,13,0.15,543.61,156.00,38.55,1,0,0
317,15,1568.51,512.69,107.98,17.26,1,1,0
317,1,398.60,540.96,108.12,22.73,1,0,0
317,3,864.22,544.79,23.39,4.16,1,0,0
318,13,0.22,540.93,160.84,37.42,1,0,0
318,15,1575.71,508.05,106.48,18.68,1,1,0
318,1,399.86,537.05,109.74,22.87,1,0,0
319,13,0.71,534.46,160.89,35.03,1,0,0
319,15,1575.38,495.19,106.80,19.00,1,1,0
319,1,399.41,526.92,111.21,23.51,1,0,0
320,13,0.78,527.83,159.75,35.63,1,0,0
320,15,1576.91,496.34,105.65,20.54,1,1,0
320,1,398.69,523.26,107.88,23.24,1,0,0
321,13,0.18,523.38,152.92,34.26,1,0,0
321,15,1572.48,502.40,107.11,19.29,1,1,0
321,1,392.24,520.17,112.62,23.28,1,0,0
322,13,0.80,517.10,143.58,33.98,1,0,0
322,15,1567.91,497.38,104.98,19.06,1,1,0
322,1,385.14,513.71,112.08,23.47,1,0,0
323,13,0.26,514.50,136.82,35.14,1,0,0
323,15,1561.30,500.15,105.70,20.34,1,1,0
323,1,378.03,513.94,115.62,23.11,1,0,0
323,3,848.88,524.02,24.06,4.28,1,0,0
324,13,0.74,513.58,137.11,36.66,1,0,0
324,15,1560.25,509.11,109.32,18.88,1,1,0
324,1,374.74,516.10,118.89,23.00,1,0,0
325,13,0.78,521.12,138.29,34.99,1,0,0
325,15,1564.94,508.52,112.76,18.21,1,1,0
325,1,377.11,520.35,117.34,23.45,1,0,0
325,3,849.56,530.48,24.83,4.08,1,0,0
326,13,0.84,530.34,144.57,37.57,1,0,0
326,15,1570.88,500.48,108.00,18.63,1,1,0
326,1,379.66,526.84,115.36,23.70,1,0,0
326,3,851.03,532.13,23.32,4.02,1,0,0
327,13,0.83,545.16,146.23,36.98,1,0,0
327,15,1571.79,500.22,111.49,18.72,1,1,0
327,1,379.82,537.34,116.44,24.52,1,0,0
327,3,852.37,539.45,21.50,3.97,1,0,0
328,13,0.13,546.54,152.94,36.20,1,0,0
328,15,1582.42,508.06,104.96,20.23,1,1,0
328,1,384.42,540.48,114.77,23.44,1,0,0
328,3,856.34,543.76,23.51,4.03,1,0,0
329,13,0.76,537.84,158.73,32.24,1,0,0
329,15,1585.61,517.87,117.12,19.42,1,1,0
329,1,387.60,533.21,116.57,23.68,1,0,0
329,3,858.30,543.88,23.90,4.33,1,0,0
330,13,0.74,535.04,166.74,34.57,1,0,0
330,15,1590.13,519.34,119.78,18.72,1,1,0
330,1,392.29,531.77,115.82,24.22,1,0,0
330,3,862.35,542.94,23.78,4.25,1,0,0
331,13,0.71,548.02,173.80,35.11,1,0,0
331,15,1598.06,517.49,123.25,18.32,1,1,0
331,1,397.45,542.13,114.30,23.92,1,0,0
331,3,866.53,548.17,23.49,4.25,1,0,0
332,13,0.42,551.95,178.69,36.04,1,0,0
332,15,1603.55,510.09,117.42,18.72,1,1,0
332,1,400.68,543.88,116.06,24.61,1,0,0
332,3,869.94,547.95,23.92,4.38,1,0,0
333,13,0.29,544.16,191.20,35.19,1,0,0
333,15,1610.10,505.86,126.72,19.41,1,1,0
333,1,408.16,536.50,114.88,23.92,1,0,0
334,13,0.70,536.51,194.52,34.34,1,0,0
334,15,1615.49,506.77,126.54,20.14,1,1,0
334,1,410.39,531.04,114.01,23.63,1,0,0
334,3,878.29,538.27,22.52,4.13,1,0,0
335,13,0.10,530.90,191.33,34.56,1,0,0
335,15,1616.30,508.87,126.86,19.68,1,1,0
335,1,407.52,526.91,114.74,23.53,1,0,0
335,3,876.10,536.08,25.95,4.47,1,0,0
336,13,0.65,525.89,193.12,34.69,1,0,0
336,15,1618.88,505.69,126.95,19.43,1,1,0
336,1,407.29,522.45,115.66,23.13,1,0,0
337,13,0.62,530.87,190.77,37.89,1,0,0
337,15,1617.69,499.74,121.40,19.92,1,1,0
337,1,404.36,525.78,114.18,24.65,1,0,0
338,13,0.82,544.63,181.93,37.49,1,0,0
338,15,1611.74,496.40,123.40,20.05,1,1,0
338,1,396.13,535.86,115.45,24.28,1,0,0
338,3,870.70,536.98,23.89,4.33,1,0,0
339,13,0.81,536.87,176.60,34.69,1,0,0
339,15,1609.60,495.51,124.37,20.21,1,1,0
339,1,393.10,528.32,115.50,24.72,1,0,0
340,13,0.77,517.73,178.59,33.45,1,0,0
340,15,1611.11,497.10,123.85,19.49,1,1,0
340,1,394.51,513.49,114.70,23.97,1,0,0
340,3,863.94,524.25,23.52,4.04,1,0,0
341,13,0.29,518.36,179.61,35.41,1,0,0
341,15,1612.63,497.88,123.38,19.40,1,1,0
341,1,393.47,514.55,117.66,24.84,1,0,0
341,3,862.92,524.49,22.35,3.99,1,0,0
342,13,0.75,538.36,184.43,37.95,1,0,0
342,15,1618.92,499.46,123.07,19.99,1,1,0
342,1,395.10,531.12,116.56,25.30,1,0,0
342,3,866.31,536.30,22.15,4.03,1,0,0
343,13,0.63,547.93,185.37,38.68,1,0,0
343,15,1620.04,496.05,122.90,20.01,1,1,0
343,1,394.37,538.72,117.99,24.79,1,0,0
344,13,0.64,524.77,170.75,33.07,1,0,0
344,15,1612.45,513.91,122.59,21.52,1,1,0
344,1,379.60,523.08,118.96,24.13,1,0,0
344,3,854.71,536.22,25.15,4.48,1,0,0
345,13,0.83,528.95,168.07,35.22,1,0,0
345,15,1610.74,508.77,121.62,22.19,1,1,0
345,1,375.54,526.72,119.69,24.20,1,0,0
345,3,850.54,537.00,24.85,4.31,1,0,0
346,13,0.32,536.79,188.96,37.54,1,0,0
346,15,1630.64,495.29,126.25,20.84,1,1,0
346,1,387.61,529.97,123.42,25.10,1,0,0
347,13,0.55,531.44,193.79,37.27,1,0,0
347,15,1635.89,493.82,127.58,21.05,1,1,0
347,1,391.19,526.26,119.90,24.14,1,0,0
348,13,0.46,527.64,196.32,37.25,1,0,0
348,15,1638.34,495.44,126.44,21.18,1,1,0
348,1,392.05,523.41,120.61,24.74,1,0,0
349,13,0.67,519.63,193.84,33.94,1,0,0
349,15,1638.61,501.02,124.92,22.78,1,1,0
349,1,388.85,517.09,121.60,23.95,1,0,0
350,13,0.75,516.68,200.23,33.82,1,0,0
350,15,1644.49,507.29,129.07,21.67,1,1,0
350,1,395.92,515.86,118.79,23.59,1,0,0
351,13,0.42,525.94,215.79,37.74,1,0,0
351,15,1659.84,495.01,132.87,21.79,1,1,0
351,1,404.03,522.71,122.66,23.98,1,0,0
352,13,0.39,527.00,217.72,35.34,1,0,0
352,15,1667.19,499.38,135.22,23.58,1,1,0
352,1,404.47,523.53,121.78,23.94,1,0,0
353,13,0.74,525.28,210.92,35.70,1,0,0
353,15,1667.08,507.47,134.64,22.85,1,1,0
353,1,394.81,522.79,121.80,25.18,1,0,0
354,13,0.48,533.46,253.86,35.99,1,0,0
354,15,1711.52,512.55,142.71,23.69,1,1,0
354,1,424.85,531.13,121.65,24.20,1,0,0
354,3,892.81,542.41,27.12,4.48,1,0,0
355,13,0.40,537.14,255.77,36.13,1,0,0
355,15,1713.23,515.84,144.48,23.71,1,1,0
355,1,425.21,534.51,121.74,24.30,1,0,0
355,3,893.89,545.52,26.50,4.53,1,0,0
356,13,0.46,548.11,255.82,39.40,1,0,0
356,15,1716.39,506.55,143.66,22.65,1,1,0
356,1,424.61,541.64,121.27,25.14,1,0,0
357,13,0.59,551.45,253.12,41.68,1,0,0
357,15,1714.87,488.33,143.71,22.87,1,1,0
357,1,420.48,543.36,121.13,25.02,1,0,0
357,3,888.39,542.22,27.74,4.71,1,0,0
358,13,0.46,539.58,245.89,40.38,1,0,0
358,15,1714.98,487.49,141.47,24.58,1,1,0
358,1,414.42,533.32,121.55,24.93,1,0,0
358,3,886.15,536.65,26.09,4.22,1,0,0
359,13,0.58,520.67,229.98,34.98,1,0,0
359,15,1701.75,502.45,140.95,23.76,1,1,0
359,1,400.74,518.29,122.44,24.96,1,0,0
360,13,0.48,515.45,217.34,35.52,1,0,0
360,15,1688.47,503.23,140.02,22.75,1,1,0
360,1,387.01,514.20,124.54,24.21,1,0,0
361,13,0.36,527.72,202.52,36.59,1,0,0
361,15,1676.41,497.69,138.98,23.95,1,1,0
361,1,366.40,524.21,127.48,24.78,1,0,0
361,3,848.50,532.62,26.66,4.67,1,0,0
362,13,0.65,522.62,194.02,37.05,1,0,0
362,15,1675.04,487.30,138.23,23.68,1,1,0
362,1,362.28,518.38,128.55,24.87,1,0,0
362,3,843.21,525.16,27.12,4.65,1,0,0
363,13,0.51,524.17,194.81,37.02,1,0,0
363,15,1677.62,487.48,139.15,23.70,1,1,0
363,1,360.86,518.92,129.44,25.83,1,0,0
363,3,842.81,525.68,25.82,4.56,1,0,0
364,13,0.56,526.78,192.40,36.42,1,0,0
364,15,1676.46,491.72,137.31,23.57,1,1,0
364,1,356.31,521.17,130.43,25.89,1,0,0
365,13,0.70,515.03,177.11,33.94,1,0,0
365,15,1670.24,494.35,137.70,23.51,1,1,0
365,1,348.18,512.59,127.96,24.59,1,0,0
365,3,831.03,523.86,28.61,4.92,1,0,0
366,13,0.66,500.04,165.12,32.21,1,0,0
366,15,1657.35,497.53,141.90,22.38,1,1,0
366,1,336.32,499.57,127.04,24.68,1,0,0
367,13,0.73,496.42,160.98,32.12,1,0,0
367,15,1655.39,499.94,138.49,22.88,1,1,0
367,1,328.97,496.43,129.55,25.60,1,0,0
367,3,816.01,514.80,27.61,4.71,1,0,0
368,13,0.78,504.15,169.31,33.40,1,0,0
368,15,1663.26,497.45,140.14,23.53,1,1,0
368,1,333.16,502.33,129.88,25.77,1,0,0
368,3,820.82,518.24,27.02,4.65,1,0,0
369,13,0.66,522.46,182.15,36.72,1,0,0
369,15,1676.80,487.05,140.11,24.08,1,1,0
369,1,342.44,517.39,128.13,26.26,1,0,0
369,3,827.34,523.83,28.23,4.87,1,0,0
370,13,0.16,536.03,185.86,38.65,1,0,0
370,15,1679.62,481.75,145.14,24.07,1,1,0
370,1,343.85,527.90,128.21,26.57,1,0,0
371,13,0.60,533.05,181.45,37.26,1,0,0
371,15,1679.05,482.80,146.37,24.14,1,1,0
371,1,340.30,526.28,131.26,25.75,1,0,0
372,13,0.85,514.21,173.94,32.74,1,0,0
372,15,1676.19,490.36,144.62,26.91,1,1,0
372,1,335.21,511.99,128.83,23.93,1,0,0
373,13,0.60,504.24,168.61,31.50,1,0,0
373,15,1670.61,508.43,143.50,26.92,1,1,0
373,1,328.81,504.56,129.75,25.03,1,0,0
373,3,815.55,523.94,26.03,4.54,1,0,0
374,13,0.83,503.39,158.04,35.18,1,0,0
374,15,1664.68,510.81,141.01,24.84,1,1,0
374,1,317.51,507.96,132.95,24.66,1,0,0
374,3,806.67,526.71,29.72,4.85,1,0,0
375,13,0.67,507.75,166.75,35.12,1,0,0
375,15,1675.45,489.89,141.48,23.67,1,1,0
375,1,323.28,506.71,131.21,25.25,1,0,0
375,3,812.06,518.67,30.31,5.37,1,0,0
376,13,0.43,530.65,183.25,37.80,1,0,0
376,15,1691.04,478.19,147.22,25.47,1,1,0
376,1,335.04,523.71,131.67,26.28,1,0,0
376,3,822.07,525.59,28.92,5.14,1,0,0
377,13,0.50,520.86,185.70,34.72,1,0,0
377,15,1699.24,486.02,153.57,25.59,1,1,0
377,1,336.44,515.79,132.35,25.62,1,0,0
377,3,823.42,523.80,30.09,5.30,1,0,0
378,13,0.70,514.78,169.50,33.29,1,0,0
378,15,1686.82,504.21,156.40,24.96,1,1,0
378,1,318.98,513.78,134.04,24.85,1,0,0
378,3,810.06,527.55,30.87,5.70,1,0,0
379,13,0.87,516.54,172.14,35.88,1,0,0
379,15,1694.90,494.42,155.92,24.93,1,1,0
379,1,319.56,513.98,135.72,25.53,1,0,0
379,3,810.11,525.68,30.71,5.21,1,0,0
380,13,0.84,527.89,171.95,37.18,1,0,0
380,15,1696.10,486.62,157.20,25.51,1,1,0
380,1,318.26,523.62,134.71,26.15,1,0,0
380,3,809.76,527.53,31.89,6.05,1,0,0
381,13,0.76,530.37,170.93,36.85,1,0,0
381,15,1696.37,484.49,159.01,25.58,1,1,0
381,1,316.11,524.96,136.50,26.40,1,0,0
381,3,808.22,529.29,30.65,5.38,1,0,0
382,13,0.93,517.06,170.62,34.06,1,0,0
382,15,1696.93,488.88,157.21,27.56,1,1,0
382,1,314.52,513.67,136.80,25.76,1,0,0
382,3,806.84,524.15,32.51,5.41,1,0,0
383,13,0.69,510.94,170.17,33.95,1,0,0
383,15,1697.22,504.31,155.11,27.63,1,1,0
383,1,313.20,510.95,135.75,25.43,1,0,0
383,3,805.00,526.69,32.26,5.25,1,0,0
384,13,0.85,521.83,167.70,34.45,1,0,0
384,15,1696.87,511.74,159.90,25.34,1,1,0
384,1,310.49,521.25,136.36,25.79,1,0,0
384,3,804.64,536.34,30.63,5.04,1,0,0
385,13,0.78,541.42,179.08,36.60,1,0,0
385,15,1710.13,507.25,158.55,25.46,1,1,0
385,1,318.97,537.56,133.89,26.04,1,0,0
385,3,810.14,545.14,30.18,5.32,1,0,0
386,13,0.43,549.14,198.83,39.51,1,0,0
386,15,1729.26,490.12,161.12,26.24,1,1,0
386,1,332.74,543.54,132.76,25.78,1,0,0
386,3,821.82,543.61,31.17,5.74,1,0,0
387,13,0.44,541.60,218.43,39.72,1,0,0
387,15,1746.28,487.35,169.35,24.93,1,1,0
387,1,349.25,536.01,131.36,25.93,1,0,0
387,3,833.20,537.68,30.01,5.53,1,0,0
388,13,0.33,536.65,231.83,38.13,1,0,0
388,15,1763.64,500.30,154.67,26.96,1,1,0
388,1,362.53,533.13,130.92,25.71,1,0,0
389,13,0.39,535.97,242.14,39.29,1,0,0
389,15,1774.51,502.60,145.49,27.28,1,1,0
389,1,370.36,533.34,130.88,25.69,1,0,0
389,3,848.24,541.91,30.86,5.65,1,0,0
390,13,0.71,534.38,247.27,41.11,1,0,0
390,15,1782.06,485.60,137.94,27.16,1,1,0
390,1,371.83,529.62,130.66,26.28,1,0,0
391,13,0.86,529.54,246.06,39.78,1,0,0
391,15,1783.84,483.43,136.16,27.48,1,1,0
391,1,369.54,524.83,131.89,26.04,1,0,0
391,3,849.95,530.14,31.41,5.55,1,0,0
392,13,0.74,524.85,251.23,38.63,1,0,0
392,15,1792.11,492.96,127.58,28.09,1,1,0
392,1,371.52,522.22,134.87,26.38,1,0,0
392,3,853.12,531.62,31.05,5.36,1,0,0
393,13,0.38,521.07,254.13,39.39,1,0,0
393,15,1798.05,485.09,121.90,28.73,1,1,0
393,1,372.09,518.54,134.73,25.94,1,0,0
393,3,854.22,526.89,30.80,5.45,1,0,0
394,13,0.95,530.74,251.59,41.19,1,0,0
394,15,1796.32,481.15,123.31,27.11,1,1,0
394,1,369.05,525.17,134.40,27.42,1,0,0
394,3,850.30,529.28,32.95,5.95,1,0,0
395,13,0.48,532.24,244.33,42.43,1,0,0
395,15,1790.15,481.95,129.85,26.47,1,1,0
395,1,362.65,526.84,133.69,27.85,1,0,0
395,3,845.40,531.30,30.45,5.63,1,0,0
396,13,0.42,524.16,231.79,38.06,1,0,0
396,15,1781.84,481.05,138.02,27.79,1,1,0
396,1,351.31,519.22,133.98,26.15,1,0,0
396,3,835.83,525.76,32.04,5.58,1,0,0
397,13,0.29,515.16,227.51,35.10,1,0,0
397,15,1777.19,489.03,142.81,27.79,1,1,0
397,1,347.28,511.21,134.72,26.13,1,0,0
397,3,831.78,522.57,33.97,5.86,1,0,0
398,13,0.60,503.24,226.46,41.69,1,0,0
398,15,1777.28,494.49,142.72,27.79,1,1,0
398,1,345.89,507.74,133.88,26.23,1,0,0
398,3,829.68,521.61,32.69,6.03,1,0,0
399,13,0.49,516.22,218.85,38.24,1,0,0
399,15,1772.99,492.34,146.89,27.88,1,1,0
399,1,334.69,514.23,138.37,27.21,1,0,0
399,3,823.41,525.41,33.19,5.93,1,0,0
400,13,0.46,525.96,212.08,38.98,1,0,0
400,15,1766.50,481.97,153.27,27.32,1,1,0
400,1,327.81,521.08,138.84,27.58,1,0,0
400,3,817.39,527.07,33.18,6.11,1,0,0
401,13,0.44,526.07,208.86,39.33,1,0,0
401,15,1766.00,477.62,154.00,28.60,1,1,0
401,1,325.17,521.14,136.54,27.08,1,0,0
401,3,815.47,525.75,31.76,5.89,1,0,0
402,13,0.42,526.09,204.28,38.86,1,0,0
402,15,1764.24,485.69,155.76,29.05,1,1,0
402,1,315.49,523.32,141.21,26.80,1,0,0
402,3,806.78,529.31,34.83,5.94,1,0,0
403,13,0.61,530.23,187.49,37.18,1,0,0
403,15,1752.14,498.40,167.86,27.51,1,1,0
403,1,298.65,527.28,145.86,26.77,1,0,0
403,3,795.79,536.63,32.68,5.79,1,0,0
404,13,0.71,519.91,164.43,33.76,1,0,0
404,15,1737.00,500.15,167.97,26.36,1,1,0
404,1,278.46,517.16,148.75,26.36,1,0,0
405,13,0.19,510.11,158.39,33.36,1,0,0
405,15,1729.83,504.33,171.59,26.64,1,1,0
405,1,270.72,508.10,147.34,26.86,1,0,0
405,3,775.84,525.81,32.46,5.65,1,0,0
406,13,0.32,522.42,153.86,35.44,1,0,0
406,15,1728.82,509.65,169.30,27.05,1,1,0
406,1,265.87,520.13,146.87,27.99,1,0,0
406,3,771.63,536.90,31.52,5.10,1,0,0
407,13,0.32,545.68,150.47,38.45,1,0,0
407,15,1727.67,500.49,170.26,26.42,1,1,0
407,1,262.20,539.23,145.77,30.24,1,0,0
407,3,767.24,547.42,33.31,5.51,1,0,0
408,13,0.72,551.22,151.60,39.43,1,0,0
408,15,1728.25,487.41,170.02,27.65,1,1,0
408,1,262.58,544.62,146.34,28.55,1,0,0
409,13,0.82,546.01,148.23,37.41,1,0,0
409,15,1727.81,490.77,171.07,27.44,1,1,0
409,1,258.78,539.28,148.59,28.96,1,0,0
409,3,766.06,543.99,31.97,5.63,1,0,0
410,13,0.67,533.81,136.29,34.85,1,0,0
410,15,1719.91,499.04,171.77,27.48,1,1,0
410,1,247.66,528.93,149.55,27.54,1,0,0
410,3,759.33,539.63,31.56,5.55,1,0,0
411,13,0.43,519.29,122.13,32.96,1,0,0
411,15,1714.08,500.72,170.68,26.58,1,1,0
411,1,233.42,515.76,151.32,27.74,1,0,0
411,3,748.38,530.29,33.30,5.62,1,0,0
412,13,0.84,513.37,113.70,35.08,1,0,0
412,15,1706.39,499.62,168.24,25.60,1,1,0
412,1,224.53,511.94,152.17,26.91,1,0,0
412,3,740.68,526.34,32.85,5.73,1,0,0
413,13,0.53,517.02,104.94,35.13,1,0,0
413,15,1702.58,494.15,164.49,26.12,1,1,0
413,1,216.37,514.91,153.30,27.24,1,0,0
413,3,733.57,526.44,34.67,6.02,1,0,0
414,13,0.52,514.97,110.57,35.30,1,0,0
414,15,1704.11,488.69,170.07,26.33,1,1,0
414,1,216.57,512.24,156.64,27.53,1,0,0
414,3,734.46,523.60,34.96,5.65,1,0,0
415,13,0.87,509.23,112.67,34.29,1,0,0
415,15,1707.81,490.38,174.54,26.52,1,1,0
415,1,218.47,506.57,154.83,27.16,1,0,0
415,3,735.45,520.54,33.90,5.67,1,0,0
416,13,0.53,512.93,103.92,35.64,1,0,0
416,15,1705.37,491.47,174.58,25.92,1,1,0
416,1,208.60,510.68,155.97,28.00,1,0,0
416,3,730.95,523.40,34.10,5.48,1,0,0
417,13,0.48,523.55,102.82,35.52,1,0,0
417,15,1705.79,488.72,175.85,26.57,1,1,0
417,1,205.64,519.19,155.84,28.91,1,0,0
418,13,0.42,520.80,110.96,34.88,1,0,0
418,15,1714.45,486.74,177.02,26.97,1,1,0
418,1,209.86,515.99,159.14,28.42,1,0,0
418,3,731.44,526.89,33.43,5.67,1,0,0
419,13,0.53,505.92,119.14,33.58,1,0,0
419,15,1724.27,489.10,181.22,27.03,1,1,0
419,1,216.94,501.87,155.51,29.03,1,0,0
419,3,737.83,518.72,31.78,5.68,1,0,0
420,13,0.46,499.42,128.04,33.98,1,0,0
420,15,1733.75,492.17,181.27,27.06,1,1,0
420,1,223.58,496.71,155.75,28.46,1,0,0
420,3,742.43,515.25,31.60,5.43,1,0,0
421,13,0.51,506.86,137.28,34.87,1,0,0
421,15,1745.69,483.65,173.94,27.78,1,1,0
421,1,230.95,503.51,155.61,28.93,1,0,0
421,3,746.73,517.10,32.37,5.37,1,0,0
422,13,0.66,520.21,145.30,36.94,1,0,0
422,15,1752.75,474.66,165.25,29.02,1,1,0
422,1,236.01,515.98,158.50,28.81,1,0,0
422,3,749.85,521.47,34.93,6.08,1,0,0
423,13,0.26,521.86,152.38,37.36,1,0,0
423,15,1763.10,478.61,156.90,29.37,1,1,0
423,1,239.60,517.31,158.19,28.52,1,0,0
423,3,754.44,525.28,33.55,5.51,1,0,0
424,13,0.58,513.14,154.56,34.37,1,0,0
424,15,1769.08,486.89,150.92,29.52,1,1,0
424,1,243.30,509.05,156.72,28.09,1,0,0
424,3,754.59,523.18,34.34,5.65,1,0,0
425,13,0.18,511.18,157.06,35.34,1,0,0
425,15,1770.43,484.69,149.51,29.38,1,1,0
425,1,243.04,507.85,157.73,27.68,1,0,0
425,3,755.59,521.05,33.95,5.63,1,0,0
426,13,0.58,516.44,158.50,37.39,1,0,0
426,15,1773.80,479.28,146.20,30.15,1,1,0
426,1,242.14,512.86,155.39,29.30,1,0,0
426,3,755.26,522.78,34.58,5.73,1,0,0
427,13,0.23,521.90,157.51,37.46,1,0,0
427,15,1774.72,479.56,145.28,29.81,1,1,0
427,1,240.33,517.51,157.49,29.05,1,0,0
427,3,752.68,526.25,33.48,5.59,1,0,0
428,13,0.23,519.06,155.03,35.85,1,0,0
428,15,1777.80,485.14,142.20,30.21,1,1,0
428,1,238.62,515.39,156.00,28.07,1,0,0
428,3,750.45,526.73,34.55,5.72,1,0,0
429,13,0.81,504.58,156.05,34.20,1,0,0
429,15,1778.94,488.37,141.06,29.21,1,1,0
429,1,237.89,501.86,152.56,27.99,1,0,0
429,3,749.52,518.29,35.11,5.64,1,0,0
430,13,0.25,497.56,159.38,34.59,1,0,0
430,15,1785.56,479.04,134.27,29.22,1,1,0
430,1,237.37,495.87,153.41,26.83,1,0,0
430,3,749.82,510.54,34.87,5.73,1,0,0
431,13,0.91,514.23,156.48,37.80,1,0,0
431,15,1785.98,472.31,134.02,29.53,1,1,0
431,1,233.37,510.00,151.17,29.80,1,0,0
431,3,749.13,518.56,32.88,5.73,1,0,0
432,13,0.38,530.31,152.66,38.11,1,0,0
432,15,1784.52,472.94,135.48,29.75,1,1,0
432,1,229.47,524.47,154.03,30.65,1,0,0
432,3,746.72,529.36,33.20,5.74,1,0,0
433,13,0.88,517.69,149.77,34.00,1,0,0
433,15,1790.06,480.36,129.57,30.83,1,1,0
433,1,226.98,513.78,153.09,27.44,1,0,0
433,3,743.43,524.16,34.99,5.96,1,0,0
434,13,0.99,494.13,152.16,31.60,1,0,0
434,15,1791.55,495.28,127.87,30.88,1,1,0
434,1,226.75,492.85,153.52,27.67,1,0,0
434,3,743.25,514.57,36.06,5.60,1,0,0
435,13,0.58,488.58,154.96,32.20,1,0,0
435,15,1792.48,499.66,126.94,30.59,1,1,0
435,1,226.41,487.55,158.88,28.53,1,0,0
435,3,742.58,512.13,35.97,5.62,1,0,0
436,13,0.73,506.29,150.95,36.44,1,0,0
436,15,1791.06,482.93,128.51,31.28,1,1,0
436,1,220.45,503.75,155.67,29.33,1,0,0
436,3,739.32,518.45,35.61,5.97,1,0,0
437,13,0.33,521.74,151.51,37.35,1,0,0
437,15,1792.38,462.73,127.19,31.21,1,1,0
437,1,219.27,516.12,157.37,30.18,1,0,0
437,3,739.05,520.91,35.29,5.80,1,0,0
438,13,0.84,514.18,158.42,36.03,1,0,0
438,15,1803.27,463.14,116.58,32.26,1,1,0
438,1,226.63,508.99,157.91,29.04,1,0,0
438,3,740.64,516.41,37.30,5.97,1,0,0
439,13,0.81,504.71,166.90,33.56,1,0,0
439,15,1815.11,483.47,104.53,31.39,1,1,0
439,1,232.31,500.73,157.59,28.78,1,0,0
439,3,745.52,516.25,37.06,6.16,1,0,0
440,13,0.58,502.54,170.69,33.81,1,0,0
440,15,1823.51,492.95,95.94,30.08,1,1,0
440,1,234.12,499.51,157.33,28.76,1,0,0
440,3,749.14,518.26,36.43,6.16,1,0,0
441,13,0.71,507.06,177.37,36.38,1,0,0
441,15,1835.01,481.95,84.49,32.08,1,1,0
441,1,237.07,502.99,158.72,29.91,1,0,0
441,3,751.58,518.64,35.53,6.17,1,0,0
442,13,0.48,526.40,185.41,37.08,1,0,0
442,15,1842.17,485.27,77.47,32.15,1,1,0
442,1,243.17,521.62,156.62,30.55,1,0,0
442,3,754.46,532.52,36.92,6.13,1,0,0
443,13,0.49,533.57,193.91,38.21,1,0,0
443,15,1849.11,498.74,70.39,25.71,1,1,0
443,1,251.32,529.55,153.41,29.23,1,0,0
443,3,760.27,540.46,35.70,5.92,1,0,0
444,13,0.36,523.76,208.17,36.63,1,0,0
444,15,1872.14,503.90,47.86,18.82,1,1,0
444,1,263.19,520.17,152.25,28.79,1,0,0
445,13,0.45,521.89,223.47,37.82,1,0,0
445,15,1880.97,494.77,39.03,20.68,1,1,0
445,1,275.33,518.20,152.12,28.34,1,0,0
446,13,0.37,528.51,243.67,39.60,1,0,0
446,1,294.16,523.85,146.61,29.40,1,0,0
446,3,790.18,530.46,37.92,6.08,1,0,0
447,13,0.72,533.23,260.76,43.04,1,0,0
447,1,308.14,529.27,143.79,28.84,1,0,0
447,3,801.50,531.50,37.33,6.14,1,0,0
448,13,0.14,527.46,272.46,54.54,1,0,0
448,1,319.41,532.35,147.52,29.30,1,0,0
448,3,808.70,534.78,37.70,6.10,1,0,0
449,13,0.33,514.98,279.22,53.27,1,0,0
449,1,325.21,522.57,146.19,28.96,1,0,0
449,3,814.68,531.67,37.84,6.18,1,0,0
450,13,0.61,491.60,284.84,57.86,1,0,0
450,1,327.47,507.85,147.67,28.51,1,0,0
450,3,816.87,523.79,37.58,6.07,1,0,0
451,13,0.52,496.27,287.19,58.16,1,0,0
451,1,330.19,512.32,147.56,30.39,1,0,0
452,13,0.38,518.63,292.42,58.65,1,0,0
452,1,331.59,529.03,146.25,31.08,1,0,0
452,3,818.35,537.99,38.30,5.83,1,0,0
453,13,0.11,523.42,296.99,60.12,1,0,0
453,1,333.17,531.79,146.14,30.51,1,0,0
453,3,819.09,536.03,39.74,6.40,1,0,0
454,13,0.62,512.37,294.32,59.88,1,0,0
454,1,330.87,524.16,148.20,30.57,1,0,0
455,13,0.60,509.16,295.69,60.20,1,0,0
455,1,328.02,524.32,149.47,30.24,1,0,0
455,3,816.15,537.16,39.13,6.20,1,0,0
456,13,0.47,515.71,292.88,59.30,1,0,0
456,1,323.36,529.44,152.00,29.98,1,0,0
456,3,814.55,541.59,37.89,5.97,1,0,0
457,13,0.45,517.89,287.95,59.10,1,0,0
457,1,318.52,529.18,150.48,30.25,1,0,0
457,3,807.33,536.76,39.38,6.18,1,0,0
458,13,0.59,523.62,279.56,54.48,1,0,0
458,1,307.33,531.45,152.53,28.55,1,0,0
458,3,798.12,532.92,40.42,6.94,1,0,0
459,13,0.16,525.30,264.40,50.57,1,0,0
459,1,292.75,529.82,153.18,28.74,1,0,0
459,3,788.26,531.82,39.91,6.75,1,0,0
460,13,0.66,521.03,253.32,38.47,1,0,0
460,1,285.69,515.50,150.29,29.88,1,0,0
460,3,780.90,525.50,39.35,6.91,1,0,0
461,13,0.67,512.25,246.76,36.78,1,0,0
461,1,275.21,508.80,156.51,28.82,1,0,0
461,3,775.23,524.43,39.61,6.77,1,0,0
462,13,0.52,509.28,241.89,36.26,1,0,0
462,1,265.77,505.87,159.00,28.92,1,0,0
462,3,769.38,523.56,39.79,6.52,1,0,0
463,13,0.21,509.31,241.64,38.87,1,0,0
463,1,262.15,505.59,159.19,31.01,1,0,0
463,3,766.41,520.55,42.19,6.63,1,0,0
464,13,0.64,532.17,239.50,42.50,1,0,0
464,1,259.82,526.51,157.94,32.58,1,0,0
464,3,760.84,533.22,44.01,7.23,1,0,0
465,13,0.53,541.08,233.30,48.70,1,0,0
465,1,250.73,539.45,157.98,32.80,1,0,0
465,3,755.94,541.90,41.98,6.83,1,0,0
466,13,0.49,529.53,219.80,38.09,1,0,0
466,1,237.22,523.80,161.68,30.66,1,0,0
466,3,744.01,532.86,43.08,7.16,1,0,0
467,13,0.48,512.85,214.76,34.37,1,0,0
467,1,228.48,507.96,163.11,30.98,1,0,0
467,3,740.54,528.32,43.98,6.85,1,0,0
468,13,0.78,514.70,208.66,36.46,1,0,0
468,1,224.09,511.10,162.97,30.93,1,0,0
468,3,734.22,528.68,42.60,6.87,1,0,0
469,13,0.54,534.37,198.96,41.13,1,0,0
469,1,212.94,527.81,163.81,33.20,1,0,0
469,3,726.26,534.26,41.38,6.85,1,0,0
470,13,0.66,539.81,196.91,41.29,1,0,0
470,1,207.47,532.61,166.00,33.31,1,0,0
470,3,724.27,536.78,41.83,6.77,1,0,0
471,13,0.55,521.78,196.94,36.86,1,0,0
471,1,205.25,515.02,167.42,31.91,1,0,0
472,13,0.57,512.79,188.37,36.38,1,0,0
472,1,195.18,507.26,170.62,30.72,1,0,0
472,3,716.19,522.19,41.86,6.76,1,0,0
473,13,0.51,513.25,182.50,36.67,1,0,0
473,1,189.35,508.61,168.71,31.42,1,0,0
473,3,707.02,522.91,43.66,6.92,1,0,0
474,13,0.72,519.42,179.63,37.45,1,0,0
474,1,182.56,514.45,170.78,32.36,1,0,0
474,3,705.57,529.34,44.90,7.22,1,0,0
475,13,0.65,525.79,169.81,39.07,1,0,0
475,1,166.67,521.35,175.96,32.95,1,0,0
475,3,696.24,533.50,43.68,7.05,1,0,0
476,13,0.35,523.09,156.54,37.63,1,0,0
476,1,156.47,518.75,176.98,31.27,1,0,0
476,3,686.95,528.42,40.98,6.82,1,0,0
477,13,0.69,506.51,152.66,36.35,1,0,0
477,1,150.70,501.69,176.54,32.03,1,0,0
477,3,685.92,518.80,40.63,6.71,1,0,0
478,13,0.74,502.24,154.32,36.34,1,0,0
478,1,131.28,498.35,195.42,31.92,1,0,0
478,3,681.32,516.20,45.07,7.48,1,0,0
479,13,0.92,511.97,151.24,37.82,1,0,0
479,1,132.13,507.96,188.06,32.71,1,0,0
479,3,679.14,520.52,44.05,7.63,1,0,0
480,13,0.51,521.77,148.23,39.50,1,0,0
480,1,138.12,517.95,180.27,33.42,1,0,0
480,3,672.89,525.60,44.56,7.47,1,0,0
480,15,1898.38,480.63,21.23,19.86,1,0,0
481,13,0.56,520.31,140.06,38.65,1,0,0
481,1,130.39,515.02,179.70,33.72,1,0,0
481,3,669.71,522.78,43.86,7.24,1,0,0
482,13,0.90,505.14,149.12,36.91,1,0,0
482,1,140.81,500.51,177.25,32.31,1,0,0
482,3,673.98,515.24,42.95,7.46,1,0,0
483,13,0.86,502.64,153.51,35.57,1,0,0
483,1,138.80,498.66,183.83,31.51,1,0,0
483,3,678.00,516.66,42.05,7.83,1,0,0
484,13,0.52,506.84,154.70,38.56,1,0,0
484,1,132.80,504.12,191.85,32.31,1,0,0
484,3,674.94,517.71,46.00,8.24,1,0,0
485,13,0.44,519.97,156.37,38.88,1,0,0
485,1,128.30,516.96,197.83,32.41,1,0,0
485,3,676.81,525.34,44.91,8.02,1,0,0
486,13,0.71,521.12,162.25,36.69,1,0,0
486,1,138.59,516.58,190.58,32.01,1,0,0
486,3,679.67,527.60,43.63,7.96,1,0,0
487,13,0.84,512.37,166.56,35.38,1,0,0
487,1,142.07,508.05,187.66,30.47,1,0,0
487,3,680.23,522.61,45.09,8.02,1,0,0
488,13,0.77,514.27,173.16,38.20,1,0,0
488,1,139.79,510.66,196.49,31.19,1,0,0
488,3,681.81,522.15,46.04,8.04,1,0,0
489,13,0.10,525.21,189.29,38.74,1,0,0
489,1,147.79,522.16,196.22,30.77,1,0,0
489,3,689.12,530.69,43.37,7.56,1,0,0
490,13,0.54,530.56,197.25,39.80,1,0,0
490,1,155.62,527.40,196.15,30.57,1,0,0
490,3,694.62,534.81,43.96,7.77,1,0,0
491,13,0.39,532.30,195.66,40.17,1,0,0
491,1,150.85,527.39,203.31,32.85,1,0,0
491,3,696.21,535.10,43.21,7.48,1,0,0
492,13,0.05,527.38,199.95,38.74,1,0,0
492,1,158.99,522.71,196.70,31.71,1,0,0
492,3,699.51,530.48,41.67,7.45,1,0,0
493,13,0.49,525.02,205.20,38.15,1,0,0
493,1,162.97,520.42,194.97,31.08,1,0,0
493,3,701.81,529.59,41.37,7.67,1,0,0
494,13,0.64,526.28,205.57,39.19,1,0,0
494,1,164.81,522.25,192.90,31.22,1,0,0
494,3,695.74,529.74,45.62,9.24,1,0,0
495,13,0.53,522.53,207.15,37.80,1,0,0
495,1,170.92,516.98,188.67,31.18,1,0,0
495,3,695.38,525.59,46.14,8.99,1,0,0
496,13,0.78,515.75,206.05,36.43,1,0,0
496,1,166.67,510.17,189.41,29.97,1,0,0
496,3,693.26,521.43,47.23,9.26,1,0,0
497,13,0.88,517.14,202.52,36.55,1,0,0
497,1,159.06,512.16,190.30,30.95,1,0,0
497,3,686.93,524.78,47.29,9.04,1,0,0
498,13,0.66,522.38,200.57,37.28,1,0,0
498,1,157.47,517.79,190.77,31.24,1,0,0
498,3,686.14,528.22,47.59,8.79,1,0,0
499,13,0.08,523.09,209.56,37.23,1,0,0
499,1,166.62,518.89,188.30,30.66,1,0,0
499,3,691.16,528.99,47.84,9.10,1,0,0
500,13,0.58,520.36,218.95,37.55,1,0,0
500,1,177.54,514.23,183.37,32.14,1,0,0
500,3,692.29,525.60,48.69,9.92,1,0,0
