1,1,927.68,641.63,110.55,33.04,1,0,0
1,2,817.63,635.31,107.93,38.50,1,0,0
1,3,1857.72,669.79,62.28,27.05,1,0,0
1,4,1486.17,656.29,64.59,32.41,1,0,0
1,5,1452.05,664.43,36.27,20.82,1,0,0
1,6,1689.42,681.69,46.19,9.96,1,0,0
2,1,917.20,598.97,110.97,32.51,1,0,0
2,2,801.42,593.57,109.04,37.80,1,0,0
2,3,1850.58,618.71,69.42,27.14,1,0,0
2,4,1475.43,608.79,65.47,31.78,1,0,0
2,5,1444.64,617.29,32.60,20.87,1,0,0
2,6,1683.67,632.50,45.39,9.89,1,0,0
3,1,905.35,576.91,112.79,34.52,1,0,0
3,2,784.16,567.72,110.18,39.12,1,0,0
3,3,1841.57,627.46,71.49,28.13,1,0,0
3,4,1465.54,604.80,65.40,33.10,1,0,0
3,5,1435.50,611.73,32.40,21.34,1,0,0
3,6,1676.31,635.37,44.77,9.95,1,0,0
3,7,0.03,531.84,20.04,24.44,1,0,0
4,1,898.60,617.60,112.67,35.11,1,0,0
4,2,770.55,607.96,113.86,38.85,1,0,0
4,3,1838.89,666.25,73.76,28.88,1,0,0
4,4,1460.53,643.90,65.15,34.23,1,0,0
4,5,1432.26,651.46,31.80,21.13,1,0,0
4,6,1672.91,675.17,44.21,10.06,1,0,0
5,1,891.64,605.89,113.93,33.72,1,0,0
5,2,757.69,597.99,115.01,38.23,1,0,0
5,3,1835.71,638.07,73.37,28.01,1,0,0
5,4,1454.48,622.30,65.53,33.71,1,0,0
5,5,1428.98,630.51,29.91,21.21,1,0,0
5,6,1670.50,649.77,45.09,9.97,1,0,0
6,1,883.43,589.11,114.71,33.22,1,0,0
6,2,742.38,581.74,117.24,38.51,1,0,0
6,3,1830.60,613.49,73.66,27.78,1,0,0
6,4,1446.80,601.14,66.36,32.97,1,0,0
6,5,1422.49,609.35,29.22,21.89,1,0,0
6,6,1666.23,626.82,45.10,10.12,1,0,0
7,1,879.31,599.99,115.47,33.10,1,0,0
7,2,733.83,591.84,118.71,39.73,1,0,0
7,3,1830.12,629.63,75.06,28.49,1,0,0
7,4,1442.87,615.63,68.03,32.64,1,0,0
7,5,1421.95,624.66,26.77,20.45,1,0,0
7,6,1663.88,641.78,47.90,10.07,1,0,0
8,1,874.93,610.73,115.96,34.71,1,0,0
8,2,724.03,600.38,119.92,40.04,1,0,0
8,3,1829.04,649.95,75.80,28.71,1,0,0
8,4,1440.14,631.45,67.56,33.84,1,0,0
8,5,1420.33,640.46,24.44,20.64,1,0,0
8,6,1665.18,660.54,45.52,10.36,1,0,0
9,1,868.92,621.93,116.96,34.08,1,0,0
9,2,712.68,612.77,122.04,40.24,1,0,0
9,3,1828.90,656.36,75.16,28.27,1,0,0
9,4,1437.29,640.07,67.00,33.38,1,0,0
9,5,1418.37,649.45,23.27,20.41,1,0,0
9,6,1664.60,667.77,46.25,9.70,1,0,0
10,1,861.09,610.63,117.14,32.69,1,0,0
10,2,697.22,604.21,123.30,39.79,1,0,0
10,3,1823.62,621.96,75.07,28.09,1,0,0
10,4,1427.35,615.24,70.66,32.58,1,0,0
10,5,1413.51,627.52,17.90,17.72,1,0,0
10,6,1662.30,637.82,45.41,9.99,1,0,0
11,1,788.62,592.60,121.19,34.56,1,0,0
11,2,620.65,584.39,124.73,38.45,1,0,0
11,3,1877.07,622.75,42.93,32.46,1,0,0
11,4,1355.87,607.84,70.70,33.33,1,0,0
11,5,1345.11,622.55,16.05,14.88,1,0,0
11,6,1590.40,635.08,45.91,9.94,1,0,0
12,2,457.16,608.31,127.91,32.80,1,0,0
12,3,1700.62,651.52,81.07,28.13,1,0,0
12,4,1404.99,643.28,64.64,26.57,1,0,0
12,5,1259.08,655.78,41.43,8.35,1,0,0
12,6,1569.15,667.17,26.22,6.94,1,0,0
13,2,349.40,658.57,130.66,32.33,1,0,0
13,3,1594.73,678.30,78.66,28.23,1,0,0
13,4,1418.04,675.83,57.68,29.17,1,0,0
13,5,1163.64,691.06,40.88,8.23,1,0,0
13,9,143.07,649.59,147.60,40.14,1,0,0
13,10,940.15,666.48,66.31,33.17,1,0,0
13,11,1307.08,676.61,64.87,26.15,1,0,0
13,12,932.34,678.84,13.02,17.93,1,0,0
14,4,1389.16,638.56,73.61,26.91,1,0,0
14,5,1110.21,641.41,62.58,25.98,1,0,0
14,9,114.42,641.87,145.01,34.05,1,0,0
14,10,971.56,659.65,40.24,8.02,1,0,0
14,11,1218.07,639.37,55.27,28.58,1,0,0
14,7,0.68,655.52,43.43,22.72,1,0,0
14,1,737.47,639.80,72.79,32.81,1,0,0
14,6,1576.08,655.68,14.45,7.43,1,0,0
15,5,1099.56,645.62,55.46,29.18,1,0,0
15,10,993.02,648.60,64.27,26.03,1,0,0
15,11,1269.30,645.81,71.76,27.00,1,0,0
15,7,0.27,642.47,118.01,36.49,1,0,0
15,1,614.70,644.31,72.41,34.13,1,0,0
15,12,853.73,665.41,42.00,9.03,1,0,0
16,5,1072.87,646.88,55.74,28.79,1,0,0
16,10,966.53,648.63,65.26,25.75,1,0,0
16,11,1243.80,647.60,71.76,26.86,1,0,0
16,7,0.29,651.45,79.40,22.27,1,0,0
16,1,583.85,642.53,73.07,33.72,1,0,0
16,12,828.39,665.25,40.64,8.48,1,0,0
16,4,1427.13,665.31,12.70,7.26,1,0,0
17,5,1061.93,653.69,57.39,29.22,1,0,0
17,10,955.75,656.68,66.50,25.72,1,0,0
17,11,1234.22,654.11,73.21,26.57,1,0,0
17,7,0.37,663.82,63.87,22.80,1,0,0
17,1,569.27,652.56,75.43,33.26,1,0,0
17,12,817.33,673.33,40.33,8.91,1,0,0
17,16,1898.46,659.22,21.54,14.93,1,5,0
17,4,1418.53,671.57,13.56,6.61,1,0,0
18,5,1087.19,657.42,58.09,29.28,1,0,0
18,10,982.27,660.31,65.42,25.27,1,0,0
18,11,1261.38,658.46,73.62,26.74,1,0,0
18,7,0.30,663.62,89.42,22.79,1,0,0
18,1,592.73,654.09,76.07,33.21,1,0,0
18,12,844.53,676.71,38.77,8.43,1,0,0
19,5,1097.34,649.90,58.38,29.84,1,0,0
19,10,992.86,653.64,66.78,25.36,1,0,0
19,11,1273.59,651.66,74.41,26.90,1,0,0
19,7,0.43,655.83,97.72,23.35,1,0,0
19,1,600.15,647.14,76.39,34.04,1,0,0
19,12,854.85,669.79,42.41,8.70,1,0,0
19,6,1564.53,671.50,4.31,5.64,1,3,0
19,4,1461.49,669.83,13.79,6.69,1,0,0
20,5,1100.11,652.46,57.73,29.01,1,0,0
20,10,995.64,655.78,67.47,25.86,1,0,0
20,11,1277.38,652.70,74.88,26.78,1,0,0
20,7,0.38,665.02,97.00,22.96,1,0,0
20,1,600.41,652.65,77.32,33.41,1,0,0
20,12,858.33,673.14,43.05,8.91,1,0,0
20,17,1059.32,673.32,14.12,6.33,1,0,0
20,4,1466.42,669.56,14.25,7.06,1,0,0
21,5,1100.17,654.52,58.47,30.14,1,0,0
21,10,996.12,658.34,66.90,26.13,1,0,0
21,11,1278.06,653.59,75.04,26.53,1,0,0
21,7,0.46,673.06,93.07,23.11,1,0,0
21,1,596.94,656.78,77.77,35.37,1,0,0
21,12,859.87,676.48,41.51,8.93,1,0,0
21,4,1466.65,669.92,13.82,6.65,1,0,0
22,5,1094.89,653.59,59.11,29.94,1,0,0
22,10,991.53,657.91,68.41,26.27,1,0,0
22,11,1274.76,652.66,74.66,26.51,1,0,0
22,7,0.20,675.24,83.24,23.24,1,0,0
22,1,588.87,656.85,79.47,35.83,1,0,0
22,12,855.90,676.30,41.96,9.14,1,0,0
22,4,1465.92,668.91,12.69,6.32,1,0,0
23,5,1090.91,656.47,58.86,29.55,1,0,0
23,10,987.44,661.22,69.56,25.65,1,0,0
23,11,1271.51,654.64,74.91,26.29,1,0,0
23,7,0.30,681.62,73.60,23.38,1,0,0
23,1,581.36,661.16,80.26,35.28,1,0,0
23,12,852.14,679.58,42.27,8.96,1,0,0
23,4,1462.89,669.67,13.84,6.80,1,0,0
24,5,1083.27,652.77,60.27,30.17,1,0,0
24,10,980.39,656.96,69.52,25.62,1,0,0
24,11,1265.82,652.75,75.09,26.42,1,0,0
24,7,0.39,669.77,60.56,23.15,1,0,0
24,1,570.50,654.09,81.23,34.93,1,0,0
24,12,846.29,674.71,42.19,8.52,1,0,0
24,4,1457.82,668.79,13.61,7.03,1,0,0
25,5,1078.91,657.22,60.66,30.83,1,0,0
25,10,976.64,660.63,68.02,26.16,1,0,0
25,11,1263.22,659.02,75.71,26.71,1,0,0
25,7,0.22,666.46,52.37,23.50,1,0,0
25,1,562.80,655.09,84.23,35.74,1,0,0
25,12,842.48,677.80,44.06,8.97,1,0,0
26,5,1073.40,656.33,60.44,30.69,1,0,0
26,10,971.52,659.74,67.57,26.26,1,0,0
26,11,1258.46,658.07,75.78,27.06,1,0,0
26,7,0.17,664.82,40.90,23.01,1,0,0
26,1,554.10,653.71,85.34,35.63,1,0,0
26,12,836.44,676.89,45.09,8.83,1,0,0
27,11,1207.50,659.61,81.94,37.42,1,0,0
27,1,618.98,637.44,135.47,37.08,1,0,0
27,16,1754.23,684.14,72.81,34.69,1,0,0
27,6,1497.17,694.48,43.47,9.35,1,0,0
28,1,536.53,619.97,156.75,43.18,1,0,0
28,16,1721.94,678.09,49.02,10.16,1,0,0
28,6,1413.04,646.40,87.78,37.46,1,0,0
28,4,1459.57,657.69,50.62,24.12,1,0,0
28,12,824.63,632.76,133.78,35.54,1,0,0
29,1,563.73,592.81,156.65,43.75,1,0,0
29,16,1766.97,639.65,51.03,10.47,1,0,0
29,6,1449.15,610.84,90.51,37.10,1,0,0
29,4,1496.51,622.10,52.96,24.06,1,0,0
29,12,858.61,603.90,133.23,34.49,1,0,0
30,1,542.33,605.81,159.30,48.58,1,0,0
30,16,1758.60,707.80,49.13,10.18,1,0,0
30,6,1436.46,665.02,89.17,39.36,1,0,0
30,4,1487.37,678.62,52.55,24.32,1,0,0
30,12,845.54,631.88,133.89,38.43,1,0,0
31,1,522.03,663.07,162.08,48.00,1,0,0
31,16,1754.08,759.97,50.00,11.03,1,0,0
31,6,1426.65,719.06,92.13,39.55,1,0,0
31,4,1482.25,732.40,52.91,24.01,1,0,0
31,12,833.95,687.66,135.02,39.77,1,0,0
31,22,1909.61,751.85,10.39,27.70,1,0,0
32,1,500.85,665.68,163.25,46.06,1,0,0
32,16,1747.63,726.16,50.18,10.42,1,0,0
32,6,1415.82,693.95,91.74,38.68,1,0,0
32,4,1473.97,706.42,53.01,24.30,1,0,0
32,12,822.36,681.58,136.81,36.53,1,0,0
32,22,1902.05,709.59,17.95,31.59,1,0,0
33,1,479.31,634.99,164.73,44.75,1,0,0
33,16,1736.86,683.61,48.74,9.82,1,0,0
33,6,1401.91,653.47,92.12,38.31,1,0,0
33,4,1461.87,666.79,53.29,23.19,1,0,0
33,12,808.48,647.13,136.76,35.28,1,0,0
33,22,1888.96,665.85,31.04,30.48,1,0,0
34,1,452.93,620.88,167.86,45.95,1,0,0
34,16,1725.59,700.44,48.44,10.38,1,0,0
34,6,1385.88,663.01,94.09,38.88,1,0,0
34,4,1452.44,676.92,51.86,23.84,1,0,0
34,12,792.52,641.11,138.09,38.16,1,0,0
34,22,1877.33,687.46,42.67,30.60,1,0,0
35,1,446.81,626.14,170.37,48.99,1,0,0
35,16,1730.82,722.69,48.29,10.38,1,0,0
35,6,1387.46,681.51,93.24,39.17,1,0,0
35,4,1456.14,695.52,51.87,24.35,1,0,0
35,12,792.99,652.59,138.51,39.32,1,0,0
35,22,1883.77,712.13,36.23,29.86,1,0,0
36,1,519.01,635.27,169.34,47.71,1,0,0
36,6,1467.99,672.82,95.95,39.34,1,0,0
36,4,1538.49,687.30,56.00,23.90,1,0,0
36,12,868.69,654.65,139.74,37.84,1,0,0
36,22,1825.27,709.45,50.00,10.30,1,0,0
37,1,514.43,628.22,171.27,46.77,1,0,0
37,6,1474.17,654.75,98.35,38.84,1,0,0
37,4,1555.09,668.53,51.06,23.83,1,0,0
37,12,874.41,644.31,139.95,36.24,1,0,0
37,22,1839.56,687.40,49.48,9.96,1,0,0
38,1,500.07,622.46,174.00,50.35,1,0,0
38,6,1468.56,671.87,99.65,39.96,1,0,0
38,4,1550.25,686.67,53.49,24.30,1,0,0
38,12,867.24,647.48,142.49,38.17,1,0,0
38,22,1838.05,712.57,51.86,10.39,1,0,0
39,1,486.49,625.68,176.30,50.20,1,0,0
39,6,1466.70,674.70,100.90,40.99,1,0,0
39,4,1555.62,691.12,51.03,23.44,1,0,0
39,12,865.10,651.01,142.75,38.27,1,0,0
39,22,1842.55,716.22,52.56,10.09,1,0,0
40,1,475.24,615.91,178.91,50.35,1,0,0
40,6,1463.21,658.12,102.10,40.35,1,0,0
40,4,1554.55,674.11,52.23,23.10,1,0,0
40,12,861.17,639.28,144.01,37.44,1,0,0
40,22,1843.77,697.27,52.86,9.85,1,0,0
41,1,449.44,591.45,180.03,48.71,1,0,0
41,6,1447.60,628.73,103.98,40.08,1,0,0
41,4,1540.88,644.52,54.67,23.54,1,0,0
41,12,845.83,612.14,144.57,37.60,1,0,0
41,22,1833.52,667.07,52.14,9.84,1,0,0
42,1,432.25,580.11,183.15,51.66,1,0,0
42,6,1437.07,638.33,104.91,41.05,1,0,0
42,4,1530.69,654.99,57.33,24.98,1,0,0
42,12,836.65,609.05,145.14,40.14,1,0,0
42,22,1825.44,683.37,52.56,10.58,1,0,0
43,1,417.99,600.39,185.94,52.58,1,0,0
43,6,1432.24,667.65,104.73,41.98,1,0,0
43,4,1527.09,685.27,58.49,24.22,1,0,0
43,12,830.49,633.86,145.76,40.37,1,0,0
43,22,1825.22,716.50,51.56,10.72,1,0,0
44,1,396.74,614.15,189.37,49.02,1,0,0
44,6,1424.00,646.31,106.80,39.91,1,0,0
44,4,1522.59,661.56,59.61,24.26,1,0,0
44,12,821.33,633.97,147.06,38.45,1,0,0
44,22,1824.17,682.39,50.25,9.62,1,0,0
45,1,378.26,569.29,190.05,53.26,1,0,0
45,6,1412.20,637.22,106.79,42.53,1,0,0
45,4,1512.30,656.16,60.96,24.13,1,0,0
45,12,810.66,604.00,147.31,41.53,1,0,0
45,22,1817.41,686.43,49.75,11.05,1,0,0
46,1,365.48,587.33,193.28,52.63,1,0,0
46,6,1410.05,650.02,107.53,42.88,1,0,0
46,4,1513.92,669.11,61.19,24.01,1,0,0
46,12,807.35,620.30,149.35,40.64,1,0,0
47,1,352.00,602.61,193.59,51.46,1,0,0
47,6,1405.49,650.98,107.82,41.62,1,0,0
47,4,1509.34,668.41,64.67,23.99,1,0,0
47,12,801.61,629.70,150.91,39.85,1,0,0
47,22,1818.70,693.58,51.28,9.76,1,0,0
48,1,329.99,593.91,198.65,52.26,1,0,0
48,6,1394.55,639.06,111.71,40.84,1,0,0
48,4,1501.44,655.77,66.15,23.98,1,0,0
48,12,791.24,620.62,150.26,38.89,1,0,0
48,22,1813.40,679.35,51.74,10.18,1,0,0
49,1,305.96,591.21,201.82,52.36,1,0,0
49,6,1384.66,643.59,110.76,41.90,1,0,0
49,4,1491.41,660.59,71.72,25.16,1,0,0
49,12,780.56,621.32,151.64,39.37,1,0,0
49,22,1811.03,686.94,50.66,10.79,1,0,0
50,1,294.78,595.79,203.62,54.13,1,0,0
50,6,1380.71,658.73,112.29,43.14,1,0,0
50,4,1490.84,677.65,71.76,24.76,1,0,0
50,12,776.85,630.40,152.59,41.05,1,0,0
50,22,1811.56,706.58,51.94,10.68,1,0,0
51,1,277.62,603.11,207.19,55.28,1,0,0
51,6,1377.00,665.29,113.41,43.15,1,0,0
51,4,1488.72,684.00,74.79,24.92,1,0,0
51,12,771.22,638.15,154.62,41.21,1,0,0
51,22,1814.21,712.46,53.05,11.06,1,0,0
52,1,257.94,604.81,210.23,52.41,1,0,0
52,6,1367.65,634.09,115.16,41.04,1,0,0
52,4,1482.59,650.18,76.57,24.20,1,0,0
52,12,762.36,626.30,154.78,38.11,1,0,0
52,22,1810.40,668.98,53.54,10.20,1,0,0
53,1,241.13,572.08,211.76,51.84,1,0,0
53,6,1359.31,625.44,115.62,43.40,1,0,0
53,4,1480.35,643.83,73.92,26.26,1,0,0
53,12,755.16,602.44,155.97,40.33,1,0,0
53,22,1807.83,671.39,52.41,10.77,1,0,0
54,1,323.00,556.56,206.56,56.30,1,0,0
54,6,1443.16,637.29,119.35,45.65,1,0,0
54,4,1570.78,658.94,76.40,26.46,1,0,0
54,12,836.39,601.14,155.21,42.47,1,0,0
55,1,321.54,557.56,209.58,53.27,1,0,0
55,6,1453.35,612.24,121.67,44.94,1,0,0
55,4,1586.76,631.51,77.27,26.78,1,0,0
55,12,844.95,589.98,157.13,40.92,1,0,0
56,1,301.73,555.04,211.14,52.00,1,0,0
56,6,1442.21,595.87,122.91,43.98,1,0,0
56,4,1580.07,613.18,77.54,26.43,1,0,0
56,12,833.80,580.83,158.78,39.07,1,0,0
57,1,287.52,560.35,214.32,55.13,1,0,0
57,6,1437.77,620.44,123.29,45.22,1,0,0
57,4,1579.19,640.45,77.18,26.65,1,0,0
57,12,828.83,595.54,159.64,41.14,1,0,0
58,1,270.88,594.97,216.44,53.49,1,0,0
58,6,1433.08,649.10,125.50,45.35,1,0,0
58,4,1579.95,669.81,78.32,26.52,1,0,0
58,12,823.46,627.87,161.06,40.49,1,0,0
59,1,248.10,591.90,220.02,53.33,1,0,0
59,6,1421.22,639.31,125.92,44.81,1,0,0
59,4,1572.46,658.81,76.80,26.38,1,0,0
59,12,813.09,621.93,160.67,40.52,1,0,0
60,1,226.39,582.27,220.44,55.71,1,0,0
60,6,1409.91,649.81,127.36,46.15,1,0,0
60,4,1565.57,671.93,77.66,26.88,1,0,0
60,12,801.61,621.91,162.15,41.91,1,0,0
61,1,204.27,582.80,223.94,55.96,1,0,0
61,6,1398.45,652.25,128.70,46.17,1,0,0
61,4,1558.70,674.77,78.50,27.20,1,0,0
61,12,790.73,623.85,163.55,43.46,1,0,0
62,1,174.70,582.61,228.00,54.24,1,0,0
62,6,1383.85,642.39,129.98,46.38,1,0,0
62,4,1549.68,664.78,78.58,26.92,1,0,0
62,12,776.52,619.55,164.97,41.65,1,0,0
62,22,1903.46,692.75,16.54,11.10,1,0,0
63,1,154.56,567.17,229.88,58.11,1,0,0
63,6,1371.43,633.67,131.30,45.81,1,0,0
63,4,1540.74,655.82,78.72,27.02,1,0,0
63,12,765.59,608.52,165.52,41.70,1,0,0
63,22,1898.56,685.96,21.44,10.66,1,0,0
64,1,126.21,582.89,233.86,56.29,1,0,0
64,6,1357.94,630.86,133.10,45.49,1,0,0
64,4,1532.56,651.44,79.32,26.54,1,0,0
64,12,750.91,615.52,168.75,40.33,1,0,0
64,22,1889.33,676.80,30.67,10.11,1,0,0
65,1,122.33,581.27,233.75,56.96,1,0,0
65,6,1360.72,633.66,134.12,46.02,1,0,0
65,4,1539.66,655.49,79.13,26.27,1,0,0
65,12,754.41,616.54,167.97,41.28,1,0,0
65,22,1901.41,680.95,18.59,10.09,1,0,0
66,1,184.45,571.41,230.68,56.06,1,0,0
66,6,1420.86,645.35,137.27,47.11,1,0,0
66,4,1606.79,669.97,80.99,27.86,1,0,0
66,12,813.57,616.12,167.64,42.39,1,0,0
67,1,192.81,580.37,232.11,59.62,1,0,0
67,6,1439.08,656.88,141.15,47.68,1,0,0
67,4,1632.03,681.33,82.48,28.11,1,0,0
67,12,830.63,628.31,168.88,43.01,1,0,0
68,1,175.01,589.27,234.84,58.17,1,0,0
68,6,1430.99,643.69,142.17,46.89,1,0,0
68,4,1629.39,666.05,82.74,27.23,1,0,0
68,12,823.42,626.69,170.39,41.61,1,0,0
69,1,144.37,546.34,237.99,58.06,1,0,0
69,6,1414.79,617.11,143.02,48.56,1,0,0
69,4,1617.39,642.47,83.03,28.13,1,0,0
69,12,807.70,591.15,171.66,44.22,1,0,0
70,1,129.01,524.34,237.99,61.25,1,0,0
70,6,1403.90,630.37,143.58,50.07,1,0,0
70,4,1610.67,660.94,83.02,29.64,1,0,0
70,12,798.31,586.13,172.17,47.11,1,0,0
71,1,107.98,547.41,241.26,64.37,1,0,0
71,6,1393.13,655.20,144.83,50.34,1,0,0
71,4,1604.01,685.54,83.13,29.82,1,0,0
71,12,788.75,613.15,172.60,46.21,1,0,0
72,1,78.89,563.00,245.16,63.11,1,0,0
72,6,1380.50,625.66,147.55,47.92,1,0,0
72,4,1597.56,649.35,83.52,27.88,1,0,0
72,12,776.26,606.91,173.65,42.64,1,0,0
73,1,58.52,540.14,246.53,60.52,1,0,0
73,6,1369.24,600.21,149.24,47.73,1,0,0
73,4,1590.45,623.82,85.21,28.42,1,0,0
73,12,767.08,581.81,174.75,42.53,1,0,0
74,1,40.07,535.77,249.61,62.36,1,0,0
74,6,1362.34,623.05,149.29,50.45,1,0,0
74,4,1590.50,652.07,84.13,29.03,1,0,0
74,12,760.24,592.24,177.26,44.24,1,0,0
75,1,28.29,566.10,252.09,64.00,1,0,0
75,6,1360.06,654.52,151.33,49.87,1,0,0
75,4,1594.27,682.80,84.75,28.61,1,0,0
75,12,758.20,624.31,178.38,44.02,1,0,0
76,1,11.26,571.91,253.31,65.23,1,0,0
76,6,1352.64,656.65,153.17,50.23,1,0,0
76,4,1591.64,685.51,84.70,28.05,1,0,0
76,12,751.98,629.23,177.31,44.15,1,0,0
77,1,0.06,572.59,246.40,61.94,1,0,0
77,6,1343.40,637.12,155.39,48.93,1,0,0
77,4,1587.64,663.01,85.85,27.74,1,0,0
77,12,742.60,617.78,180.84,43.86,1,0,0
78,1,0.17,546.23,227.67,63.69,1,0,0
78,6,1331.87,613.12,156.13,49.83,1,0,0
78,4,1580.11,639.95,85.66,27.92,1,0,0
78,12,732.94,593.96,180.81,43.86,1,0,0
79,1,0.22,510.49,213.41,64.35,1,0,0
79,6,1323.51,615.05,156.97,52.83,1,0,0
79,4,1578.14,649.30,85.71,29.55,1,0,0
79,12,725.29,577.43,183.14,47.42,1,0,0
80,1,0.47,510.36,198.77,66.45,1,0,0
80,6,1317.88,624.44,160.03,54.15,1,0,0
80,4,1578.77,660.55,86.52,30.04,1,0,0
80,12,722.33,583.38,182.03,48.63,1,0,0
81,1,0.29,500.92,191.22,66.52,1,0,0
81,6,1313.20,606.52,161.55,53.39,1,0,0
81,4,1577.79,641.03,88.13,29.85,1,0,0
81,12,718.76,570.69,183.94,48.21,1,0,0
82,1,0.00,508.39,171.50,36.35,1,0,0
82,6,1305.26,571.80,161.88,52.32,1,0,0
82,4,1574.88,604.90,87.89,29.03,1,0,0
82,12,711.02,542.83,184.53,46.31,1,0,0
83,1,1.58,506.03,155.71,35.34,1,0,0
83,6,1298.10,573.12,164.80,52.39,1,0,0
83,4,1573.83,606.75,88.81,29.52,1,0,0
83,12,705.71,542.21,185.34,46.90,1,0,0
84,1,1.27,500.50,141.86,40.68,1,0,0
84,6,1292.63,592.70,167.18,55.48,1,0,0
84,4,1576.65,631.10,89.24,30.97,1,0,0
84,12,701.16,552.03,187.96,48.57,1,0,0
85,1,0.43,516.86,128.09,33.45,1,0,0
85,6,1288.37,589.60,167.82,54.57,1,0,0
85,4,1577.71,625.90,88.78,30.05,1,0,0
85,12,698.32,555.13,188.48,48.20,1,0,0
86,1,0.50,510.87,111.26,37.57,1,0,0
86,6,1280.09,580.56,170.39,54.48,1,0,0
86,4,1575.84,616.16,89.77,29.58,1,0,0
86,12,691.44,550.11,188.57,46.96,1,0,0
87,1,0.33,493.55,90.77,32.18,1,0,0
87,6,1267.94,568.98,171.69,56.02,1,0,0
87,4,1569.61,607.49,89.76,30.76,1,0,0
87,12,681.18,534.92,190.30,48.43,1,0,0
88,1,0.33,482.83,77.65,28.38,1,0,0
88,6,1258.94,580.10,172.47,57.74,1,0,0
88,4,1563.60,623.77,90.61,31.77,1,0,0
88,12,672.41,532.68,191.47,51.04,1,0,0
89,1,0.31,496.75,57.26,29.58,1,0,0
89,6,1248.01,594.10,176.07,58.25,1,0,0
89,4,1560.49,638.22,90.37,31.60,1,0,0
89,12,664.37,548.55,192.98,51.14,1,0,0
90,1,0.39,504.11,38.78,27.94,1,0,0
90,6,1241.02,556.97,176.18,54.38,1,0,0
90,4,1557.43,592.21,92.21,29.22,1,0,0
90,12,657.42,531.39,193.01,46.16,1,0,0
91,1,0.69,482.82,25.85,27.01,1,0,0
91,6,1234.37,537.67,177.84,54.48,1,0,0
91,4,1555.81,574.07,92.29,29.55,1,0,0
91,12,650.79,510.57,194.07,46.77,1,0,0
92,6,1228.99,543.84,179.60,60.77,1,0,0
92,4,1555.52,592.97,93.60,31.91,1,0,0
92,12,649.00,494.76,195.74,45.32,1,0,0
93,6,1226.65,544.42,181.25,58.74,1,0,0
93,4,1559.76,591.58,92.09,32.35,1,0,0
93,12,646.99,495.28,196.56,48.13,1,0,0
94,6,1222.24,535.97,183.52,55.30,1,0,0
94,4,1561.10,573.08,94.09,29.26,1,0,0
94,12,642.85,509.19,197.89,47.48,1,0,0
95,4,1590.31,614.28,16.30,11.60,1,5,0
96,4,1389.11,627.38,14.88,9.84,1,5,0
96,23,901.42,631.51,16.88,10.10,1,0,0
96,26,620.08,609.43,101.95,34.33,1,0,0
97,4,1357.01,608.96,15.68,11.01,1,5,0
97,23,872.84,615.89,13.80,8.79,1,0,0
97,26,586.07,593.81,106.51,33.96,1,0,0
97,27,148.04,587.77,160.38,45.24,1,0,0
97,28,74.02,617.64,58.62,10.93,1,0,0
97,29,307.44,616.52,36.10,11.46,1,0,0
98,4,1345.74,590.33,18.61,12.59,1,5,0
98,23,861.93,591.37,18.50,10.62,1,0,0
98,26,574.48,568.78,106.53,34.71,1,0,0
98,27,133.26,558.07,163.95,47.43,1,0,0
98,28,62.33,588.64,58.24,10.71,1,0,0
98,29,290.88,588.17,38.69,13.35,1,0,0
99,4,1337.23,655.56,23.46,12.63,1,5,0
99,23,855.05,654.66,15.38,8.11,1,0,0
99,26,566.08,625.75,105.44,36.03,1,0,0
99,27,119.70,610.26,160.76,47.86,1,0,0
99,28,44.58,639.34,61.45,11.43,1,0,0
99,29,281.46,642.78,40.67,12.07,1,0,0
100,4,1334.86,711.55,26.29,13.97,1,5,0
100,23,852.05,714.02,13.31,8.07,1,0,0
100,26,559.23,686.73,107.28,35.63,1,0,0
100,27,108.92,671.46,161.89,49.39,1,0,0
100,28,35.89,702.42,61.94,10.64,1,0,0
100,29,273.32,704.97,40.76,11.75,1,0,0
101,4,1336.43,646.46,26.61,12.88,1,5,0
101,23,852.35,649.75,14.19,7.83,1,0,0
101,26,559.99,623.15,107.21,35.65,1,0,0
101,27,108.40,609.42,163.60,50.16,1,0,0
101,28,39.79,642.00,58.48,11.12,1,0,0
101,29,272.20,642.92,45.42,12.84,1,0,0
102,4,1339.66,584.74,28.88,15.39,1,5,0
102,23,856.68,589.46,13.82,7.69,1,0,0
102,26,561.53,562.30,109.39,35.62,1,0,0
102,27,110.43,546.29,160.85,51.93,1,0,0
102,28,39.83,581.04,59.79,11.00,1,0,0
102,29,273.04,582.33,45.63,12.24,1,0,0
103,4,1346.16,619.88,19.29,12.92,1,5,0
103,23,859.79,624.76,15.27,8.08,1,0,0
103,26,561.74,598.08,109.98,34.65,1,0,0
103,27,108.69,582.20,160.41,51.76,1,0,0
103,28,39.19,616.10,62.42,11.69,1,0,0
103,29,275.60,617.91,44.19,12.16,1,0,0
104,4,1351.03,685.73,25.38,14.83,1,5,0
104,23,864.01,691.06,13.89,8.59,1,0,0
104,26,565.44,664.91,109.11,36.29,1,0,0
104,27,106.12,649.49,161.96,52.39,1,0,0
104,28,40.75,683.58,61.36,11.79,1,0,0
104,29,278.88,685.08,42.04,12.46,1,0,0
105,4,1356.98,691.86,26.91,14.40,1,5,0
105,26,568.78,675.06,109.82,35.39,1,0,0
105,27,104.80,659.62,159.81,54.40,1,0,0
105,28,45.87,695.64,59.24,10.82,1,0,0
105,29,280.90,697.34,42.89,11.39,1,0,0
106,4,1362.98,652.47,26.40,12.98,1,5,0
106,26,572.59,637.08,111.21,34.62,1,0,0
106,27,102.30,622.06,165.67,54.83,1,0,0
106,28,48.95,659.17,60.29,11.38,1,0,0
106,29,285.82,659.65,42.43,11.47,1,0,0
106,23,874.40,660.08,14.56,8.34,1,0,0
107,4,1367.09,625.22,26.05,13.32,1,5,0
107,26,575.57,611.64,111.13,35.08,1,0,0
107,27,101.75,599.04,166.37,54.00,1,0,0
107,28,54.78,635.96,55.15,11.42,1,0,0
107,29,288.18,635.41,42.35,11.59,1,0,0
107,23,878.14,634.80,14.80,8.23,1,0,0
108,4,1377.23,637.81,27.29,14.73,1,5,0
108,26,584.24,622.15,111.40,35.40,1,0,0
108,27,104.84,605.89,169.28,54.87,1,0,0
108,28,62.12,643.34,52.35,11.38,1,0,0
108,29,297.13,643.83,40.02,11.47,1,0,0
108,23,889.12,647.30,12.96,7.21,1,0,0
109,4,1390.49,677.25,28.27,14.34,1,5,0
109,26,593.78,655.16,111.58,35.56,1,0,0
109,27,112.31,636.47,168.18,54.90,1,0,0
109,28,71.77,671.93,49.50,12.25,1,0,0
109,29,305.75,674.86,44.92,11.90,1,0,0
109,23,897.59,682.05,14.55,7.75,1,0,0
110,4,1452.55,694.17,14.83,7.44,1,0,0
110,26,683.19,668.76,39.11,11.38,1,0,0
110,29,228.31,637.85,109.40,30.68,1,0,0
110,23,880.35,676.62,37.12,10.93,1,0,0
111,4,1621.00,695.53,16.82,7.15,1,0,0
111,29,399.79,628.99,101.83,30.88,1,0,0
111,23,839.38,662.73,32.00,11.19,1,0,0
111,30,1300.05,657.89,114.29,38.63,1,0,0
111,31,863.00,632.07,143.10,49.93,1,0,0
111,28,0.64,609.60,115.02,38.13,1,0,0
112,4,1650.10,697.40,14.52,7.09,1,0,0
112,29,418.96,649.46,101.47,30.24,1,0,0
112,23,861.51,676.26,29.63,12.25,1,0,0
112,30,1323.05,664.57,114.64,37.48,1,0,0
112,31,880.05,647.46,144.79,47.64,1,0,0
112,32,1053.77,682.13,41.07,11.65,1,0,0
112,28,0.74,636.10,128.31,37.27,1,0,0
113,4,1643.45,696.17,16.24,7.47,1,0,0
113,29,408.94,663.57,102.37,29.24,1,0,0
113,23,856.71,682.48,26.12,14.38,1,0,0
113,30,1316.27,667.84,115.31,36.22,1,0,0
113,31,866.32,651.91,148.41,50.93,1,0,0
113,32,1047.34,687.66,40.80,11.75,1,0,0
113,28,0.20,652.91,112.26,37.84,1,0,0
114,4,1633.21,688.67,15.70,7.84,1,0,0
114,29,393.16,688.24,104.19,28.75,1,0,0
114,23,844.93,696.53,23.38,13.50,1,0,0
114,30,1305.45,668.43,114.91,35.54,1,0,0
114,31,851.30,665.38,149.16,49.46,1,0,0
114,32,1035.55,695.76,42.04,11.44,1,0,0
114,28,0.16,686.99,87.89,38.14,1,0,0
115,4,1619.80,675.98,17.06,8.18,1,0,0
115,29,375.31,687.70,104.69,28.26,1,0,0
115,30,1292.65,659.21,114.67,35.48,1,0,0
115,31,829.75,658.94,154.44,50.39,1,0,0
115,32,1024.07,688.61,41.60,11.48,1,0,0
115,28,0.00,689.45,60.14,38.49,1,0,0
116,29,367.05,697.08,106.48,28.61,1,0,0
116,30,1287.27,679.88,116.17,35.73,1,0,0
116,31,818.93,674.51,157.37,50.66,1,0,0
116,32,1017.63,706.54,42.71,11.61,1,0,0
116,28,-0.00,694.68,42.07,37.34,1,0,0
117,29,362.08,716.15,105.28,29.85,1,0,0
117,30,1287.19,708.42,115.43,35.90,1,0,0
117,31,813.72,697.74,158.32,52.05,1,0,0
117,32,1015.07,732.20,43.60,11.72,1,0,0
117,28,0.13,710.66,30.31,37.15,1,0,0
117,4,1617.73,732.95,15.44,7.00,1,0,0
118,29,355.81,720.20,107.09,29.21,1,0,0
118,30,1284.09,713.71,117.23,36.12,1,0,0
118,31,806.27,702.89,160.46,51.60,1,0,0
118,32,1011.36,737.09,45.73,11.91,1,0,0
118,28,0.04,715.13,18.08,34.68,1,0,0
118,4,1618.38,738.95,15.66,7.52,1,0,0
119,29,345.98,696.40,107.67,28.34,1,0,0
119,30,1276.69,675.02,116.79,35.98,1,0,0
119,31,793.98,668.49,164.12,53.81,1,0,0
119,32,1005.21,702.56,44.85,11.81,1,0,0
119,4,1610.75,695.22,16.18,7.73,1,0,0
120,29,331.52,640.55,109.00,29.65,1,0,0
120,30,1265.46,622.91,118.11,36.66,1,0,0
120,31,778.63,612.38,167.41,57.11,1,0,0
120,32,994.34,649.83,44.36,12.15,1,0,0
121,32,1032.48,654.76,119.02,35.41,1,0,0
121,27,59.01,661.24,116.45,30.15,1,0,0
121,26,763.11,678.87,43.93,11.10,1,0,0
122,32,979.59,709.65,114.68,35.94,1,0,0
122,33,467.32,701.90,176.97,57.74,1,0,0
122,34,1846.65,707.03,39.89,17.55,1,5,0
122,27,0.44,727.46,101.86,31.19,1,0,0
122,26,704.16,738.02,43.00,11.32,1,0,0
123,32,963.70,664.93,116.48,36.99,1,0,0
123,33,444.98,666.71,176.72,58.12,1,0,0
123,34,1828.52,648.65,36.37,17.37,1,5,0
123,27,0.18,704.92,81.46,28.08,1,0,0
123,26,689.97,698.96,45.02,11.74,1,0,0
123,30,1287.88,680.39,15.61,8.05,1,0,0
124,32,954.82,605.49,116.72,36.52,1,0,0
124,33,431.76,602.77,192.96,57.67,1,0,0
124,34,1819.60,596.87,39.01,17.61,1,5,0
124,27,0.22,642.12,70.91,25.19,1,0,0
124,26,681.64,636.10,45.42,12.17,1,0,0
124,30,1280.75,624.39,14.12,6.92,1,0,0
125,32,954.77,627.26,116.74,36.66,1,0,0
125,33,424.93,616.05,196.40,58.44,1,0,0
125,34,1824.30,629.90,36.49,18.70,1,5,0
125,27,0.39,651.59,66.73,22.90,1,0,0
125,26,679.68,653.65,47.14,13.02,1,0,0
125,30,1282.79,649.66,13.07,7.36,1,0,0
126,32,962.29,703.69,119.51,36.80,1,0,0
126,33,425.52,692.97,184.16,57.13,1,0,0
126,34,1838.66,708.43,35.70,17.38,1,5,0
126,27,0.19,720.79,71.02,24.86,1,0,0
126,26,686.74,729.71,44.29,11.77,1,0,0
126,30,1292.52,726.94,14.36,7.92,1,0,0
127,32,966.70,704.36,119.50,36.76,1,0,0
127,33,422.70,697.51,193.36,59.96,1,0,0
127,34,1846.73,696.71,37.44,18.75,1,5,0
127,27,0.33,732.85,71.75,25.84,1,0,0
127,26,690.79,733.17,46.34,12.63,1,0,0
128,32,962.10,648.37,118.29,37.64,1,0,0
128,33,411.04,650.87,197.96,59.44,1,0,0
128,34,1841.46,631.64,36.90,17.07,1,5,0
128,27,0.33,695.12,65.07,24.01,1,0,0
128,26,686.70,683.03,45.61,11.62,1,0,0
128,37,544.29,665.91,81.01,33.06,1,0,0
128,30,1296.56,663.86,13.80,7.80,1,0,0
129,32,954.54,616.68,117.55,37.56,1,0,0
129,33,394.06,609.58,200.37,59.95,1,0,0
129,34,1835.51,613.20,36.96,18.89,1,5,0
129,27,0.45,648.37,51.51,23.37,1,0,0
129,26,678.20,646.29,41.80,11.75,1,0,0
129,37,507.39,627.16,109.00,32.92,1,0,0
129,30,1289.17,637.49,16.48,7.75,1,0,0
130,32,1074.26,661.02,122.44,37.72,1,0,0
130,33,519.06,646.15,194.53,58.58,1,0,0
130,27,71.17,667.39,123.35,31.08,1,0,0
130,26,623.55,663.83,114.79,34.89,1,0,0
130,30,1417.06,686.37,15.09,8.20,1,0,0
130,23,799.02,686.09,41.62,12.16,1,0,0
131,32,1114.03,678.24,44.96,12.09,1,0,0
131,30,1394.60,654.15,128.36,38.34,1,0,0
131,4,1764.86,681.47,16.78,7.45,1,0,0
131,31,836.58,636.94,190.31,59.13,1,0,0
131,37,430.07,659.17,112.43,29.92,1,0,0
132,32,1157.43,644.02,44.94,11.93,1,0,0
132,30,1439.99,616.36,130.36,38.96,1,0,0
132,38,996.20,621.45,99.29,37.16,1,0,0
132,31,874.81,605.35,189.95,58.61,1,0,0
132,37,475.76,630.69,111.11,30.70,1,0,0
132,28,0.15,628.28,44.50,39.60,1,0,0
133,32,1166.14,634.23,45.38,12.60,1,0,0
133,30,1448.43,611.22,131.30,40.54,1,0,0
133,38,994.03,610.45,107.77,36.36,1,0,0
133,31,877.03,590.67,193.54,59.58,1,0,0
133,37,482.50,610.73,110.52,31.50,1,0,0
133,28,0.13,600.75,45.46,39.40,1,0,0
133,4,1827.47,642.67,18.68,8.12,1,0,0
134,32,1173.41,692.61,48.50,12.45,1,0,0
134,30,1457.63,670.63,135.34,39.66,1,0,0
134,38,997.67,667.82,112.23,37.77,1,0,0
134,31,879.09,646.64,196.07,61.15,1,0,0
134,37,487.80,667.73,111.20,32.03,1,0,0
134,28,0.15,653.40,43.23,40.44,1,0,0
135,32,1183.57,695.84,45.53,11.79,1,0,0
135,30,1467.85,670.82,133.75,39.39,1,0,0
135,38,1000.15,670.84,116.28,38.47,1,0,0
135,31,879.42,651.51,198.86,61.82,1,0,0
135,37,492.26,677.26,111.12,30.49,1,0,0
135,28,0.25,666.22,39.34,40.25,1,0,0
136,32,1176.11,681.32,48.33,12.27,1,0,0
136,30,1461.58,658.60,135.15,39.75,1,0,0
136,38,993.05,654.64,117.52,38.65,1,0,0
136,31,867.59,635.73,201.66,60.99,1,0,0
136,37,483.85,657.50,112.87,30.28,1,0,0
136,28,-0.00,645.55,21.04,36.55,1,0,0
136,4,1850.39,688.70,18.40,9.58,1,0,0
137,32,1165.98,681.01,48.87,12.22,1,0,0
137,30,1452.15,657.36,134.54,39.65,1,0,0
137,38,981.32,653.93,117.33,39.70,1,0,0
137,31,851.31,635.38,204.25,62.06,1,0,0
137,37,470.06,658.77,114.10,31.40,1,0,0
138,32,1157.68,660.70,47.43,12.53,1,0,0
138,30,1442.89,638.56,135.84,39.78,1,0,0
138,38,973.68,634.74,115.82,39.05,1,0,0
138,31,837.14,612.15,208.12,63.63,1,0,0
138,37,459.63,634.93,115.10,31.68,1,0,0
139,32,1150.74,654.09,47.42,12.14,1,0,0
139,30,1434.84,633.07,135.92,40.55,1,0,0
139,38,961.79,627.17,117.93,39.11,1,0,0
139,31,824.09,604.18,206.86,63.15,1,0,0
139,37,448.53,623.63,115.34,32.79,1,0,0
139,4,1826.29,667.13,18.24,8.08,1,0,0
140,32,1142.50,684.14,46.19,11.92,1,0,0
140,30,1428.14,661.90,136.76,39.88,1,0,0
140,38,953.31,657.38,118.76,39.62,1,0,0
140,31,808.26,636.30,212.34,62.54,1,0,0
140,37,436.04,657.70,117.77,31.76,1,0,0
140,4,1821.31,693.68,18.40,7.66,1,0,0
141,32,1135.93,672.10,46.41,11.96,1,0,0
141,30,1420.65,644.55,136.84,39.96,1,0,0
141,38,940.11,647.11,121.94,40.52,1,0,0
141,31,793.51,627.56,212.53,63.98,1,0,0
141,37,425.21,656.92,116.93,30.81,1,0,0
141,4,1815.05,671.59,18.23,7.56,1,0,0
142,32,1129.54,656.15,49.75,12.75,1,0,0
142,30,1413.47,629.80,138.09,40.20,1,0,0
142,38,933.22,632.73,121.63,38.43,1,0,0
142,31,779.57,611.27,216.17,63.80,1,0,0
142,37,415.46,639.64,118.08,31.22,1,0,0
142,4,1810.52,658.20,18.01,7.70,1,0,0
143,32,1126.71,672.38,49.44,13.06,1,0,0
143,30,1412.18,649.10,138.28,40.17,1,0,0
143,38,928.24,644.74,123.57,42.09,1,0,0
143,31,770.13,624.77,218.92,64.09,1,0,0
143,37,410.81,649.16,117.66,32.28,1,0,0
143,4,1810.63,680.26,17.31,7.79,1,0,0
144,32,1122.52,687.04,50.32,13.13,1,0,0
144,30,1408.67,664.78,139.04,40.47,1,0,0
144,38,921.45,659.61,124.16,41.80,1,0,0
144,31,758.05,638.67,222.25,64.41,1,0,0
144,37,401.79,661.78,120.50,32.26,1,0,0
144,4,1809.60,697.52,16.58,6.99,1,0,0
145,32,1118.55,682.37,49.68,12.51,1,0,0
145,30,1405.42,653.28,138.54,40.64,1,0,0
145,38,916.50,657.17,124.04,40.47,1,0,0
145,31,745.95,636.85,225.48,66.29,1,0,0
145,37,394.57,668.74,120.60,31.29,1,0,0
145,4,1808.23,679.26,18.44,8.58,1,0,0
146,32,1115.91,653.86,50.95,12.86,1,0,0
146,30,1401.72,627.09,139.19,40.62,1,0,0
146,38,926.07,627.42,110.27,41.38,1,0,0
146,31,735.25,607.62,228.11,65.10,1,0,0
146,37,387.89,636.79,121.27,31.21,1,0,0
146,4,1806.95,656.34,17.54,7.81,1,0,0
147,32,1116.53,683.07,51.46,12.52,1,0,0
147,30,1403.61,660.05,141.02,40.84,1,0,0
147,38,930.89,652.97,104.21,43.15,1,0,0
147,31,727.63,631.51,231.10,66.37,1,0,0
147,37,385.53,656.08,122.69,31.87,1,0,0
147,4,1812.21,693.02,18.12,7.37,1,0,0
148,32,1115.02,708.00,51.56,12.36,1,0,0
148,30,1403.29,682.02,142.13,40.75,1,0,0
148,38,928.26,679.80,103.89,42.13,1,0,0
148,31,716.57,659.84,238.56,65.88,1,0,0
148,37,379.85,686.80,123.00,31.96,1,0,0
149,32,1106.57,666.16,51.42,12.54,1,0,0
149,30,1393.29,636.35,142.04,40.79,1,0,0
149,38,918.90,640.16,103.34,41.75,1,0,0
149,31,697.94,620.64,241.92,67.12,1,0,0
149,37,367.51,653.83,123.66,31.92,1,0,0
150,32,1099.89,646.36,51.97,12.65,1,0,0
150,30,1386.56,621.60,143.09,41.39,1,0,0
150,38,912.49,616.90,102.57,42.56,1,0,0
150,31,683.02,595.35,242.85,66.14,1,0,0
150,37,357.32,621.91,124.57,32.38,1,0,0
150,4,1801.50,655.00,17.57,7.76,1,0,0
151,32,1096.68,709.52,51.41,13.28,1,0,0
151,30,1384.16,687.22,144.56,42.03,1,0,0
151,38,902.88,682.22,105.28,40.21,1,0,0
151,31,665.43,656.41,251.14,67.96,1,0,0
151,37,347.40,681.08,126.19,32.33,1,0,0
151,4,1804.31,721.48,17.94,7.85,1,0,0
152,32,1088.01,674.85,49.02,12.95,1,0,0
152,30,1374.76,642.79,144.05,41.93,1,0,0
152,38,889.51,651.18,107.87,41.42,1,0,0
152,31,646.16,631.13,253.90,68.26,1,0,0
152,37,333.82,665.33,128.19,33.21,1,0,0
152,4,1795.69,668.15,17.45,7.40,1,0,0
153,32,1076.92,627.90,49.64,13.12,1,0,0
153,30,1362.24,599.16,144.53,41.61,1,0,0
153,38,876.12,602.40,108.73,41.67,1,0,0
153,31,625.10,579.95,259.05,69.07,1,0,0
153,37,319.12,612.91,127.57,33.24,1,0,0
154,32,1069.70,669.81,49.30,13.15,1,0,0
154,30,1356.47,647.03,146.35,42.58,1,0,0
154,38,863.25,640.11,112.38,42.64,1,0,0
154,31,606.48,612.59,264.61,70.15,1,0,0
154,37,307.46,638.74,131.24,33.56,1,0,0
154,4,1780.11,684.25,18.19,7.27,1,0,0
155,32,1066.87,699.27,52.62,13.47,1,0,0
155,30,1354.81,676.00,146.97,43.49,1,0,0
155,38,852.77,670.70,120.79,41.85,1,0,0
155,31,595.44,642.36,264.55,72.02,1,0,0
155,37,301.11,668.97,130.56,33.71,1,0,0
155,4,1782.05,712.42,18.52,7.91,1,0,0
156,32,1063.22,686.98,53.22,13.33,1,0,0
156,30,1350.62,662.58,147.92,42.78,1,0,0
156,38,842.32,659.16,124.55,41.58,1,0,0
156,31,578.98,632.10,274.42,71.37,1,0,0
156,37,292.51,659.54,132.89,34.62,1,0,0
156,4,1781.09,697.13,17.93,7.30,1,0,0
157,32,1057.66,667.87,51.70,13.23,1,0,0
157,30,1344.80,639.40,147.51,42.54,1,0,0
157,38,829.95,642.28,127.28,41.48,1,0,0
157,31,561.08,617.34,279.32,71.52,1,0,0
157,37,280.99,651.08,133.69,33.01,1,0,0
157,4,1778.09,669.01,16.95,7.48,1,0,0
158,32,1046.72,652.28,53.27,13.21,1,0,0
158,30,1334.93,622.16,148.10,42.52,1,0,0
158,38,814.82,625.53,132.97,43.62,1,0,0
158,31,541.10,600.93,281.61,73.43,1,0,0
158,37,267.22,636.32,135.63,34.43,1,0,0
159,32,1042.53,672.26,52.39,13.29,1,0,0
159,30,1330.93,647.02,149.63,42.83,1,0,0
159,38,802.99,641.42,137.67,44.12,1,0,0
159,31,523.77,614.41,286.82,72.91,1,0,0
159,37,257.73,644.06,136.88,34.95,1,0,0
159,4,1767.10,682.34,17.74,7.22,1,0,0
160,32,1038.75,701.09,52.80,13.43,1,0,0
160,30,1327.21,672.62,151.03,42.74,1,0,0
160,38,792.01,673.36,141.56,43.19,1,0,0
160,31,506.73,648.15,290.47,72.83,1,0,0
160,4,1768.09,703.06,17.32,7.83,1,0,0
160,27,247.96,681.69,137.58,33.89,1,0,0
161,32,1033.20,669.23,51.44,13.06,1,0,0
161,30,1320.09,641.84,152.10,42.98,1,0,0
161,38,777.36,639.78,148.80,43.56,1,0,0
161,31,488.66,610.99,295.85,75.95,1,0,0
161,4,1762.75,674.09,18.28,8.07,1,0,0
161,37,238.65,646.04,137.80,34.58,1,0,0
162,32,1031.71,655.39,54.13,13.75,1,0,0
162,30,1318.95,631.69,152.18,44.26,1,0,0
162,38,771.75,623.68,152.85,45.02,1,0,0
162,31,479.43,591.98,300.35,77.75,1,0,0
162,4,1762.29,669.26,18.21,8.17,1,0,0
162,37,235.45,623.84,138.52,34.99,1,0,0
163,32,1032.05,668.48,52.41,14.01,1,0,0
163,30,1319.15,644.46,153.32,43.89,1,0,0
163,38,764.52,636.06,158.12,45.95,1,0,0
163,31,465.52,606.64,307.75,75.93,1,0,0
163,4,1765.74,681.67,18.53,7.80,1,0,0
163,37,229.42,637.90,141.08,33.99,1,0,0
164,32,1027.67,663.66,55.28,14.01,1,0,0
164,30,1315.83,642.46,154.55,45.62,1,0,0
164,38,754.10,628.13,163.20,47.19,1,0,0
164,31,450.16,594.21,312.66,80.95,1,0,0
164,4,1766.01,685.07,18.80,7.88,1,0,0
164,37,223.00,624.14,142.01,35.15,1,0,0
165,32,1027.09,671.92,53.96,13.83,1,0,0
165,30,1315.30,652.28,155.49,46.44,1,0,0
165,38,749.52,634.22,166.05,48.80,1,0,0
165,31,437.22,597.89,320.59,84.10,1,0,0
165,4,1769.62,696.68,18.31,8.93,1,0,0
165,37,219.03,626.07,142.78,36.98,1,0,0
166,32,1029.09,669.74,53.79,13.92,1,0,0
166,30,1317.89,647.81,156.06,45.63,1,0,0
166,38,748.39,633.93,167.38,48.40,1,0,0
166,31,425.52,599.83,324.43,82.16,1,0,0
166,4,1776.60,690.04,17.15,8.05,1,0,0
166,37,217.61,629.58,143.29,37.80,1,0,0
167,32,1025.44,633.55,52.91,14.04,1,0,0
167,30,1312.09,607.85,157.20,44.43,1,0,0
167,38,738.99,600.97,169.44,46.18,1,0,0
167,31,405.65,570.15,331.29,78.56,1,0,0
167,4,1774.12,645.26,16.61,7.27,1,0,0
167,37,207.95,604.22,144.83,36.39,1,0,0
168,32,1024.60,650.85,54.54,14.40,1,0,0
168,30,1313.45,630.26,158.44,46.32,1,0,0
168,38,736.76,614.20,170.48,48.14,1,0,0
168,31,393.50,578.30,336.84,82.86,1,0,0
168,4,1778.06,673.59,18.48,8.27,1,0,0
168,37,205.50,608.37,145.25,37.65,1,0,0
169,32,1027.33,699.72,54.02,13.57,1,0,0
169,30,1316.47,676.47,160.11,47.12,1,0,0
169,38,734.79,663.62,173.00,46.18,1,0,0
169,31,382.60,627.66,341.64,82.23,1,0,0
169,4,1785.79,719.60,18.27,7.53,1,0,0
169,37,202.81,659.36,146.70,36.82,1,0,0
169,23,711.96,695.33,27.06,9.69,1,0,0
170,32,1025.67,678.45,55.09,14.02,1,0,0
170,30,1314.21,647.93,160.49,46.19,1,0,0
170,38,728.89,648.54,174.79,46.79,1,0,0
170,31,367.95,619.54,347.19,81.50,1,0,0
170,4,1786.46,680.89,17.96,7.68,1,0,0
170,37,196.19,658.14,147.90,36.50,1,0,0
171,32,1019.73,624.51,53.94,14.32,1,0,0
171,30,1307.43,594.02,160.66,45.63,1,0,0
171,38,720.56,593.44,174.30,47.48,1,0,0
171,31,347.87,565.78,353.00,81.11,1,0,0
171,37,185.68,604.60,149.30,36.01,1,0,0
172,32,1016.90,618.31,56.04,14.80,1,0,0
172,30,1306.13,595.72,160.51,47.26,1,0,0
172,38,714.80,580.99,176.22,49.67,1,0,0
172,31,332.50,542.35,358.99,87.31,1,0,0
172,37,181.67,578.80,150.07,37.48,1,0,0
172,4,1780.95,639.14,20.05,9.02,1,0,0
173,32,1017.74,617.94,55.24,14.67,1,0,0
173,30,1306.65,597.67,162.21,48.21,1,0,0
173,38,712.18,578.09,178.42,50.58,1,0,0
173,31,317.87,535.51,365.80,90.02,1,0,0
173,37,178.09,570.14,144.74,37.58,1,0,0
173,4,1785.91,646.50,17.44,7.68,1,0,0
174,32,1014.00,617.44,56.78,14.49,1,0,0
174,30,1302.48,591.28,163.43,46.62,1,0,0
174,38,704.09,582.39,180.96,48.44,1,0,0
174,31,297.89,547.29,374.25,85.37,1,0,0
174,37,169.15,586.20,138.46,36.71,1,0,0
174,4,1786.91,630.66,17.14,8.39,1,0,0
175,32,1008.81,617.76,57.78,14.55,1,0,0
175,30,1297.45,587.23,164.42,45.85,1,0,0
175,38,696.02,588.77,182.72,47.47,1,0,0
175,31,277.38,556.84,380.17,85.87,1,0,0
175,37,159.56,600.12,128.23,35.48,1,0,0
175,4,1783.29,619.75,19.62,8.16,1,0,0
175,23,866.14,623.62,20.43,8.17,1,0,0
176,32,999.53,617.24,56.53,14.62,1,0,0
176,30,1287.57,597.85,166.27,49.57,1,0,0
176,38,683.01,574.70,180.50,51.77,1,0,0
176,31,248.09,525.35,390.89,96.40,1,0,0
176,4,1775.47,649.70,18.29,8.28,1,0,0
176,23,849.48,615.50,28.91,9.87,1,0,0
176,29,144.60,564.00,122.62,38.61,1,0,0
177,32,993.15,615.37,57.48,15.12,1,0,0
177,30,1281.80,601.96,166.13,52.46,1,0,0
177,38,672.97,566.29,183.59,54.62,1,0,0
177,31,229.98,508.51,396.40,103.85,1,0,0
177,4,1771.02,663.21,19.73,8.36,1,0,0
177,23,842.51,609.99,26.94,9.76,1,0,0
177,29,135.98,545.26,112.95,38.37,1,0,0
178,32,986.83,613.60,57.74,15.28,1,0,0
178,30,1276.68,599.47,167.79,51.77,1,0,0
178,38,664.70,565.38,184.40,54.38,1,0,0
178,31,210.44,510.09,402.93,101.01,1,0,0
178,4,1768.82,659.66,17.67,7.51,1,0,0
178,23,836.60,608.26,27.11,10.32,1,0,0
178,29,125.81,546.36,101.68,36.75,1,0,0
179,32,984.30,613.63,58.44,15.22,1,0,0
179,30,1273.31,595.39,168.48,50.40,1,0,0
179,38,657.88,569.13,187.13,53.56,1,0,0
179,31,190.96,520.16,410.01,96.97,1,0,0
179,4,1768.09,649.25,17.70,8.15,1,0,0
179,23,832.06,611.97,28.14,9.41,1,0,0
179,29,116.81,557.53,92.19,36.56,1,0,0
180,32,980.47,615.04,58.16,14.75,1,0,0
180,30,1267.55,593.77,169.92,49.99,1,0,0
180,38,649.69,572.41,187.62,52.79,1,0,0
180,31,174.05,523.06,412.62,98.48,1,0,0
180,4,1766.28,644.72,17.87,7.90,1,0,0
180,23,824.94,613.90,29.28,10.35,1,0,0
180,29,107.56,563.91,101.38,38.14,1,0,0
181,32,975.67,612.73,59.12,15.14,1,0,0
181,30,1264.33,597.26,170.40,52.51,1,0,0
181,38,641.82,564.21,188.68,55.29,1,0,0
181,31,151.24,507.43,424.50,103.86,1,0,0
181,4,1763.64,658.01,18.43,7.45,1,0,0
181,23,820.83,607.98,30.50,10.64,1,0,0
181,29,99.87,546.61,72.58,36.77,1,0,0
182,32,1109.99,607.79,59.51,14.99,1,0,0
182,30,1402.32,589.69,176.50,52.66,1,0,0
182,38,775.54,560.65,184.97,55.14,1,0,0
182,31,308.25,508.72,394.35,100.31,1,0,0
182,23,951.90,603.48,32.77,11.21,1,0,0
182,29,255.70,552.14,64.89,32.51,1,0,0
183,32,1138.55,597.19,60.64,14.40,1,0,0
183,30,1432.14,568.88,179.72,50.15,1,0,0
183,38,800.65,560.08,183.23,49.69,1,0,0
183,31,283.67,518.28,438.64,92.34,1,0,0
183,23,975.20,595.92,42.42,12.36,1,0,0
183,29,283.94,570.31,62.52,31.65,1,0,0
184,32,1140.15,595.15,61.77,14.72,1,0,0
184,30,1436.49,574.44,180.89,51.89,1,0,0
184,38,800.52,551.14,186.54,53.36,1,0,0
184,31,299.87,500.08,417.54,98.56,1,0,0
184,23,976.49,589.70,44.95,13.80,1,0,0
184,29,284.59,549.27,55.09,30.10,1,0,0
185,32,1138.25,647.88,62.31,14.65,1,0,0
185,30,1434.79,627.05,182.60,52.52,1,0,0
185,38,794.56,602.09,187.19,53.87,1,0,0
185,31,271.41,547.60,431.78,102.24,1,0,0
185,23,970.98,642.35,47.37,12.81,1,0,0
186,32,1135.44,627.39,61.56,14.57,1,0,0
186,30,1429.02,599.25,182.99,51.11,1,0,0
186,38,784.49,589.11,191.20,50.39,1,0,0
186,31,245.77,543.02,440.81,96.20,1,0,0
186,23,964.21,625.67,48.07,12.96,1,0,0
187,32,1127.28,588.99,61.11,15.26,1,0,0
187,30,1420.47,564.95,183.96,51.74,1,0,0
187,38,774.24,546.73,190.82,52.93,1,0,0
187,31,225.72,495.32,447.02,100.78,1,0,0
187,23,955.87,586.58,49.81,12.30,1,0,0
188,32,1118.11,615.28,59.76,15.17,1,0,0
188,30,1410.34,599.01,186.14,56.96,1,0,0
188,38,761.04,562.65,193.61,57.07,1,0,0
188,31,195.35,496.12,454.81,110.25,1,0,0
188,23,945.18,606.20,49.17,13.00,1,0,0
189,32,1113.97,682.20,61.42,15.08,1,0,0
189,30,1406.67,664.64,186.98,54.87,1,0,0
189,38,751.47,630.89,196.95,56.61,1,0,0
189,31,171.48,566.95,464.30,109.78,1,0,0
189,23,936.68,674.23,54.96,12.90,1,0,0
190,32,1105.78,654.61,63.83,15.04,1,0,0
190,30,1400.60,626.01,186.79,52.58,1,0,0
190,38,742.08,615.21,201.23,51.33,1,0,0
190,31,145.56,563.54,474.35,103.03,1,0,0
190,23,931.77,652.92,53.36,12.56,1,0,0
191,32,1105.02,610.21,63.01,14.93,1,0,0
191,30,1398.28,586.58,188.37,54.01,1,0,0
191,38,737.01,565.52,202.84,53.96,1,0,0
191,31,123.98,508.80,483.37,105.06,1,0,0
191,23,929.66,605.71,55.04,12.85,1,0,0
192,32,1107.81,686.91,62.64,14.72,1,0,0
192,30,1403.02,665.52,190.20,55.75,1,0,0
192,38,734.93,636.79,204.30,56.68,1,0,0
192,31,105.31,572.56,493.41,111.65,1,0,0
192,23,927.04,680.83,62.57,12.13,1,0,0
193,32,1105.14,683.93,64.11,14.78,1,0,0
193,30,1399.24,655.75,191.93,53.31,1,0,0
193,38,727.33,641.84,207.81,53.10,1,0,0
193,31,80.97,586.98,501.13,107.18,1,0,0
193,23,926.00,682.55,61.88,11.56,1,0,0
194,32,1101.79,648.40,63.28,15.71,1,0,0
194,30,1392.24,618.75,193.10,52.18,1,0,0
194,38,716.35,608.89,209.66,53.35,1,0,0
194,31,53.85,557.09,508.29,105.43,1,0,0
194,23,921.90,648.10,59.85,12.08,1,0,0
195,32,1098.95,655.72,63.53,15.22,1,0,0
195,30,1388.61,627.58,194.00,54.09,1,0,0
195,38,710.37,613.31,210.80,53.94,1,0,0
195,31,34.25,553.90,517.23,110.97,1,0,0
195,23,917.93,653.59,63.39,12.52,1,0,0
196,32,1093.82,678.60,65.19,15.21,1,0,0
196,30,1385.68,650.95,195.76,54.39,1,0,0
196,38,700.63,634.89,213.04,55.19,1,0,0
196,31,0.39,574.20,532.13,112.13,1,0,0
196,23,913.11,676.23,64.24,12.50,1,0,0
197,32,1089.31,651.51,63.25,15.86,1,0,0
197,30,1379.32,624.09,196.61,54.98,1,0,0
197,38,690.59,607.57,214.98,55.91,1,0,0
197,31,1.32,545.19,514.68,114.94,1,0,0
197,23,909.73,649.57,62.71,12.58,1,0,0
198,32,1085.56,648.42,63.53,15.89,1,0,0
198,30,1374.98,625.65,196.85,57.15,1,0,0
198,38,683.77,597.66,216.38,58.92,1,0,0
198,31,1.42,527.10,502.26,118.36,1,0,0
198,23,907.07,642.99,61.69,13.25,1,0,0
199,32,1084.53,689.31,65.42,15.50,1,0,0
199,30,1375.26,666.80,198.42,57.78,1,0,0
199,38,679.48,637.81,217.97,58.47,1,0,0
199,31,1.11,560.92,490.76,124.49,1,0,0
199,23,905.56,683.62,62.58,12.28,1,0,0
200,32,1081.79,686.11,65.70,15.37,1,0,0
200,30,1371.72,650.62,199.40,53.11,1,0,0
200,38,670.18,650.40,219.75,53.45,1,0,0
200,31,1.16,602.44,468.94,108.53,1,0,0
200,23,905.51,688.63,60.70,12.02,1,0,0
201,32,1071.87,685.34,64.29,15.11,1,0,0
201,30,1360.43,648.16,201.27,53.93,1,0,0
201,38,655.13,649.43,222.29,53.73,1,0,0
201,31,0.36,602.53,445.98,108.72,1,0,0
201,23,895.27,688.24,62.43,12.07,1,0,0
202,32,1068.65,684.94,64.48,15.35,1,0,0
202,30,1357.30,659.40,202.26,57.14,1,0,0
202,38,646.52,634.97,225.09,59.20,1,0,0
202,31,0.31,571.98,428.67,111.84,1,0,0
202,23,892.49,681.70,61.32,12.07,1,0,0
203,32,1066.21,684.05,67.23,15.84,1,0,0
203,30,1356.54,661.30,202.71,58.32,1,0,0
203,38,642.36,631.10,226.61,59.60,1,0,0
203,31,0.34,605.97,418.50,71.15,1,0,0
203,23,892.86,678.44,61.56,12.67,1,0,0
204,32,1064.22,669.20,64.34,15.76,1,0,0
204,30,1351.72,642.50,204.63,57.23,1,0,0
204,38,634.55,619.62,226.53,59.56,1,0,0
204,31,0.41,603.60,400.73,66.13,1,0,0
204,23,888.75,666.15,61.84,12.40,1,0,0
205,32,1056.95,638.14,65.15,15.78,1,0,0
205,30,1344.32,611.80,206.44,58.58,1,0,0
205,38,623.36,587.35,229.63,59.53,1,0,0
205,31,0.06,568.14,379.41,69.00,1,0,0
205,23,884.05,634.44,62.50,12.73,1,0,0
206,32,1052.44,638.26,65.66,15.81,1,0,0
206,30,1338.03,611.69,208.26,57.45,1,0,0
206,38,612.72,587.29,231.13,59.98,1,0,0
206,31,0.00,566.57,359.84,70.89,1,0,0
206,23,879.08,634.58,61.55,12.43,1,0,0
207,32,1045.56,652.20,66.77,15.74,1,0,0
207,30,1330.79,625.50,209.27,58.38,1,0,0
207,38,598.91,599.85,233.99,60.84,1,0,0
207,31,0.61,579.26,333.33,69.96,1,0,0
207,23,873.38,648.78,62.48,12.28,1,0,0
208,32,1041.14,666.06,68.30,16.00,1,0,0
208,30,1326.57,641.28,210.74,58.99,1,0,0
208,38,590.92,612.71,236.20,60.86,1,0,0
208,31,0.30,587.78,317.02,72.08,1,0,0
208,23,867.31,661.33,64.26,12.85,1,0,0
209,32,1037.39,690.29,67.85,15.62,1,0,0
209,30,1322.68,662.45,211.50,57.06,1,0,0
209,38,581.74,640.06,238.39,59.90,1,0,0
209,31,0.42,621.07,296.26,70.28,1,0,0
209,23,863.69,687.84,64.11,12.57,1,0,0
210,32,1031.13,663.52,66.92,15.80,1,0,0
210,30,1313.87,627.77,213.80,55.39,1,0,0
210,38,567.89,623.42,240.41,56.40,1,0,0
210,31,0.41,610.12,268.28,72.95,1,0,0
210,23,858.82,665.29,63.44,11.89,1,0,0
211,32,1024.50,627.61,68.42,16.00,1,0,0
211,30,1307.50,597.65,214.06,58.83,1,0,0
211,38,557.68,578.65,242.95,59.74,1,0,0
211,31,0.08,557.60,249.63,71.75,1,0,0
211,23,852.96,625.78,65.62,12.16,1,0,0
212,32,1023.95,646.61,69.36,16.85,1,0,0
212,30,1308.02,619.98,215.15,60.06,1,0,0
212,38,554.87,591.91,244.19,62.72,1,0,0
212,31,0.28,568.14,239.24,71.08,1,0,0
212,23,852.97,643.00,63.64,12.78,1,0,0
213,32,1028.45,687.15,68.57,16.12,1,0,0
213,30,1311.97,655.62,217.61,57.30,1,0,0
213,38,551.63,639.58,247.49,59.54,1,0,0
213,31,0.28,621.99,222.82,72.35,1,0,0
213,23,857.16,686.84,62.95,12.12,1,0,0
214,32,1025.65,672.09,70.23,16.41,1,0,0
214,30,1308.41,634.68,218.64,56.44,1,0,0
214,38,543.06,632.27,249.36,57.38,1,0,0
214,31,0.54,619.41,203.84,74.16,1,0,0
214,23,855.62,674.63,65.54,12.18,1,0,0
215,32,1022.27,678.53,71.93,15.76,1,0,0
215,30,1305.31,646.35,221.41,60.08,1,0,0
215,38,534.65,628.03,250.68,60.50,1,0,0
215,31,0.58,606.18,179.27,73.62,1,0,0
215,23,853.00,676.53,64.74,12.96,1,0,0
215,41,154.14,645.99,55.12,26.23,1,0,0
216,32,1021.32,705.45,72.83,15.62,1,0,0
216,30,1304.11,672.12,222.96,59.75,1,0,0
216,38,527.52,654.90,254.97,60.84,1,0,0
216,31,0.77,634.36,157.56,73.28,1,0,0
216,23,851.72,703.66,66.76,12.62,1,0,0
216,41,134.84,673.56,68.10,26.65,1,0,0
217,32,1016.91,663.88,69.75,15.63,1,0,0
217,30,1296.64,626.97,222.63,57.40,1,0,0
217,38,515.21,620.09,256.39,58.89,1,0,0
217,31,0.50,604.48,133.05,76.37,1,0,0
217,23,848.01,664.95,67.25,12.45,1,0,0
217,41,109.87,643.49,82.59,27.58,1,0,0
218,32,1006.71,635.52,70.63,15.69,1,0,0
218,30,1284.76,602.27,225.70,60.28,1,0,0
218,38,498.82,583.93,259.55,61.62,1,0,0
218,31,0.46,559.44,101.76,77.81,1,0,0
218,23,837.60,633.10,66.99,13.08,1,0,0
218,41,83.28,599.96,95.24,29.41,1,0,0
219,32,997.08,674.52,70.38,16.37,1,0,0
219,30,1276.34,648.97,227.86,64.53,1,0,0
219,38,484.89,611.22,260.76,68.07,1,0,0
219,31,0.32,574.86,75.70,76.98,1,0,0
219,23,831.25,668.61,65.48,13.47,1,0,0
219,41,54.86,615.66,111.31,31.86,1,0,0
220,32,991.60,693.63,74.11,16.61,1,0,0
220,30,1271.63,664.60,228.01,61.26,1,0,0
220,38,473.25,636.30,264.63,65.67,1,0,0
220,31,0.32,604.94,51.84,77.42,1,0,0
220,23,827.19,689.59,66.15,13.75,1,0,0
220,41,12.59,644.97,144.96,33.41,1,0,0
221,32,982.97,636.18,70.60,16.51,1,0,0
221,30,1258.03,599.81,228.73,59.12,1,0,0
221,38,452.45,589.56,268.44,61.49,1,0,0
221,23,817.34,636.49,63.07,13.41,1,0,0
221,41,0.08,605.07,139.11,37.16,1,0,0
222,32,1104.62,641.18,17.12,8.24,1,0,0
222,38,454.98,599.69,233.16,62.70,1,0,0
222,4,1726.47,619.93,40.11,19.99,1,5,0
223,23,843.62,671.54,20.24,8.20,1,0,0
224,43,95.31,662.21,266.19,65.50,1,0,0
224,44,1405.44,661.21,39.38,20.00,1,5,0
224,23,802.93,694.27,16.43,7.65,1,0,0
225,43,78.55,599.76,267.85,66.48,1,0,0
225,44,1394.35,603.43,40.61,22.26,1,5,0
225,23,792.19,633.50,18.13,9.39,1,0,0
226,43,68.31,565.19,271.14,64.69,1,0,0
226,44,1392.64,579.63,40.96,21.94,1,5,0
227,43,60.47,629.78,275.45,64.88,1,0,0
227,44,1394.87,645.11,42.46,20.93,1,5,0
227,23,790.78,669.74,16.19,8.12,1,0,0
228,43,51.99,656.42,278.61,66.79,1,0,0
228,44,1395.25,672.22,41.51,22.11,1,5,0
228,23,789.48,697.61,17.14,8.57,1,0,0
229,43,42.70,648.79,280.66,67.41,1,0,0
229,44,1392.44,655.37,41.52,22.00,1,5,0
229,23,785.97,683.52,17.87,10.66,1,0,0
230,43,42.42,602.78,283.51,68.07,1,0,0
230,44,1398.11,598.55,41.70,22.77,1,5,0
230,23,791.33,632.83,17.93,9.44,1,0,0
231,43,46.34,652.92,284.15,67.52,1,0,0
231,44,1410.87,639.76,41.68,21.57,1,5,0
231,23,801.31,679.10,16.76,8.11,1,0,0
232,43,43.60,653.16,287.53,69.78,1,0,0
232,44,1413.25,650.64,44.36,22.81,1,5,0
232,23,803.18,683.76,19.50,10.93,1,0,0
233,43,34.32,652.68,290.78,69.87,1,0,0
233,44,1414.82,648.44,42.87,21.75,1,5,0
233,23,803.48,682.80,18.73,9.93,1,0,0
234,43,21.15,622.87,295.05,69.25,1,0,0
234,44,1410.36,626.12,45.07,21.68,1,5,0
234,23,799.86,656.62,17.95,9.88,1,0,0
235,43,11.19,616.07,298.18,70.74,1,0,0
235,44,1408.74,624.75,45.52,22.61,1,5,0
235,23,796.98,653.48,17.56,9.64,1,0,0
236,43,2.05,634.39,302.69,72.14,1,0,0
236,44,1412.95,645.05,44.69,22.68,1,5,0
237,43,0.00,643.65,303.43,71.88,1,0,0
237,44,1416.39,656.86,44.72,23.31,1,5,0
237,23,799.83,685.64,17.25,8.53,1,0,0
238,43,0.58,605.24,293.28,71.82,1,0,0
238,44,1414.61,622.08,44.42,22.30,1,5,0
238,23,795.69,648.46,18.67,8.60,1,0,0
239,43,0.56,576.78,288.19,73.10,1,0,0
239,44,1414.75,604.98,42.14,23.41,1,5,0
239,23,793.58,624.36,19.56,11.50,1,5,0
240,43,0.63,610.69,283.30,72.80,1,0,0
240,44,1415.57,640.08,42.25,22.43,1,5,0
240,23,793.52,661.73,18.51,8.82,1,0,0
240,47,1420.44,653.46,6.09,11.37,1,3,0
241,43,0.75,647.52,275.58,74.15,1,0,0
241,44,1417.60,669.05,43.16,24.64,1,5,0
241,23,792.36,695.78,18.41,8.54,1,0,0
242,43,0.00,635.85,271.69,72.00,1,0,0
242,44,1418.89,642.73,42.17,23.35,1,5,0
242,47,1424.64,662.00,6.02,7.17,1,3,0
243,43,0.00,591.78,264.28,72.90,1,0,0
243,44,1414.96,596.90,43.26,22.36,1,5,0
244,43,0.00,614.27,264.01,71.51,1,0,0
244,44,1422.57,628.40,42.86,21.90,1,5,0
244,23,794.19,655.57,17.89,8.40,1,0,0
245,43,0.00,690.91,262.46,73.90,1,0,0
245,44,1431.41,711.08,42.70,21.98,1,5,0
245,23,799.54,738.11,17.02,8.32,1,0,0
246,43,0.00,617.10,251.49,71.16,1,0,0
246,44,1426.10,614.60,45.11,22.65,1,5,0
247,43,0.19,551.13,247.42,65.43,1,0,0
247,44,1423.50,552.45,41.90,21.82,1,5,0
247,23,794.24,582.54,17.80,8.32,1,0,0
248,43,0.55,637.11,241.47,49.24,1,0,0
248,23,794.56,660.61,16.27,7.93,1,0,0
248,47,1426.69,633.85,44.54,23.86,1,5,0
249,43,0.82,715.72,238.68,50.61,1,0,0
249,23,797.02,733.30,18.10,9.08,1,0,0
249,47,1433.99,699.63,44.76,25.51,1,5,0
250,43,0.28,685.80,234.60,52.51,1,0,0
250,47,1436.22,661.45,43.36,22.36,1,5,0
251,43,0.25,576.72,221.48,50.43,1,0,0
251,44,1428.36,570.30,42.57,23.29,1,5,0
251,23,789.67,598.24,19.44,8.18,1,0,0
252,43,0.42,621.20,210.57,47.72,1,0,0
252,47,1425.28,632.15,46.12,23.50,1,5,0
253,43,0.26,682.98,205.69,47.46,1,0,0
253,47,1429.72,697.73,44.36,23.54,1,5,0
253,23,786.77,714.91,18.18,9.04,1,0,0
254,43,0.21,655.66,202.24,47.37,1,0,0
254,47,1431.31,674.47,42.97,23.35,1,5,0
255,43,0.37,607.56,193.63,49.34,1,0,0
255,44,1429.78,606.45,44.42,23.40,1,5,0
255,23,785.64,630.05,18.45,10.23,1,0,0
256,43,0.50,619.00,185.76,51.35,1,0,0
256,44,1429.07,599.04,42.44,24.47,1,5,0
256,23,784.89,634.03,17.39,8.34,1,0,0
257,43,0.27,685.45,185.49,51.76,1,0,0
257,47,1434.42,663.46,42.69,23.81,1,5,0
258,43,0.46,725.02,176.85,53.10,1,0,0
258,47,1438.23,700.45,44.80,25.42,1,5,0
258,23,788.53,739.96,18.33,8.34,1,0,0
259,43,0.68,615.72,162.12,52.88,1,0,0
259,23,778.81,631.26,18.48,9.43,1,0,0
259,44,1428.32,596.82,45.43,22.54,1,5,0
260,43,0.80,573.83,150.35,49.83,1,0,0
260,23,773.83,600.65,16.35,8.39,1,0,0
260,44,1419.12,577.31,46.87,25.07,1,5,0
261,43,0.50,691.23,143.63,49.77,1,0,0
261,47,1430.27,702.51,46.06,23.90,1,5,0
262,43,0.54,687.45,136.45,51.88,1,0,0
262,47,1430.36,686.41,45.83,24.13,1,5,0
262,23,775.30,713.41,17.70,8.74,1,0,0
263,43,0.65,599.24,128.39,50.63,1,0,0
263,47,1458.63,614.78,6.27,12.56,1,3,0
263,23,773.13,625.58,18.31,8.64,1,0,0
263,44,1428.97,600.05,46.72,25.28,1,5,0
264,43,0.31,622.93,120.77,51.44,1,0,0
264,23,770.00,649.17,16.34,8.04,1,0,0
264,44,1426.93,622.62,49.50,25.12,1,5,0
265,43,0.11,682.49,114.82,52.75,1,0,0
265,23,772.36,704.16,16.52,8.28,1,0,0
265,44,1430.96,672.00,47.39,24.77,1,5,0
266,43,0.28,679.95,108.23,53.53,1,0,0
266,23,772.06,697.39,17.73,9.84,1,0,0
266,44,1431.56,663.61,47.40,25.33,1,5,0
266,47,1467.18,675.73,6.31,14.74,1,3,0
267,43,0.37,630.70,97.27,53.02,1,0,0
267,23,767.90,643.58,18.61,10.12,1,0,0
267,44,1426.97,605.99,49.20,26.07,1,5,0
268,43,0.34,648.39,93.77,52.83,1,0,0
268,23,769.78,673.88,18.87,8.91,1,0,0
268,44,1433.92,646.47,42.26,24.67,1,5,0
268,47,1471.48,656.43,7.05,17.83,1,3,0
269,43,0.11,661.68,88.10,53.40,1,0,0
269,23,772.00,689.43,17.29,8.94,1,0,0
269,44,1438.74,662.73,39.98,23.26,1,5,0
270,43,0.14,625.99,80.96,53.46,1,0,0
270,23,773.55,654.21,18.88,8.75,1,0,0
270,44,1439.68,627.91,43.41,24.63,1,5,0
270,47,1479.16,638.06,7.08,16.62,1,3,0
271,43,0.24,630.31,74.51,52.78,1,0,0
271,23,773.46,656.38,18.64,9.40,1,0,0
271,44,1440.20,629.63,42.72,25.17,1,5,0
272,43,0.03,669.94,69.04,53.60,1,0,0
272,23,775.74,695.93,18.17,8.54,1,0,0
272,44,1444.68,666.52,44.13,24.12,1,5,0
272,47,1489.15,673.97,7.55,18.74,1,3,0
273,43,-0.00,662.08,61.68,53.48,1,0,0
273,23,776.59,687.16,17.00,8.92,1,0,0
273,44,1448.18,657.09,43.39,25.07,1,5,0
273,47,1493.47,665.37,7.84,19.15,1,3,0
274,43,0.00,634.34,52.99,53.29,1,0,0
274,23,772.44,663.77,20.60,9.15,1,0,0
274,44,1445.19,638.89,45.51,25.10,1,5,0
274,47,1492.70,645.90,9.00,20.70,1,3,0
275,43,0.06,633.51,43.81,53.30,1,0,0
275,23,771.88,665.58,19.35,10.35,1,0,0
275,44,1444.59,643.64,47.14,26.61,1,5,0
275,47,1493.63,652.41,8.35,20.20,1,3,0
276,43,0.00,644.63,30.93,53.81,1,0,0
276,23,768.64,677.07,19.14,10.04,1,0,0
276,44,1443.50,654.06,46.48,26.13,1,5,0
276,47,1493.74,663.06,8.32,19.50,1,3,0
277,43,0.04,670.32,23.72,54.16,1,0,0
277,44,1445.04,672.42,48.07,25.64,1,5,0
277,47,1497.16,680.71,8.40,20.13,1,3,0
278,32,1170.55,666.74,44.82,23.90,1,5,0
279,32,1088.39,621.55,44.94,23.67,1,5,0
280,32,1080.61,594.70,45.27,26.32,1,5,0
280,50,1134.64,603.93,6.79,18.04,1,3,0
281,32,1076.94,628.10,47.41,25.87,1,5,0
281,50,1134.72,635.10,8.01,19.50,1,3,0
282,32,1082.34,627.71,47.68,26.21,1,5,0
282,50,1141.92,634.97,8.00,19.06,1,3,0
283,32,1091.83,610.48,47.29,25.44,1,5,0
283,50,1149.83,616.80,9.38,19.70,1,3,0
284,32,1097.88,605.10,45.59,25.72,1,5,0
284,50,1158.10,612.83,8.02,18.55,1,3,0
284,52,399.54,653.37,20.10,10.27,1,0,0
285,32,1095.60,612.17,47.28,25.05,1,5,0
285,50,1159.53,619.22,7.90,18.99,1,3,0
285,52,395.66,656.03,20.04,10.11,1,0,0
286,32,1093.23,622.24,48.62,25.62,1,5,0
286,50,1160.06,628.58,8.45,21.52,1,3,0
286,52,394.60,657.98,19.87,11.39,1,0,0
287,32,1092.32,618.35,49.21,25.77,1,5,0
287,50,1161.05,625.40,8.15,20.88,1,3,0
287,52,388.95,646.33,21.16,11.81,1,5,0
288,32,1092.86,604.02,46.96,26.15,1,5,0
288,50,1161.02,612.47,8.75,19.61,1,3,0
288,52,385.46,636.59,21.41,10.38,1,0,0
289,32,1096.31,637.78,49.53,26.22,1,5,0
289,50,1168.75,645.80,8.86,18.92,1,3,0
289,52,386.79,678.65,20.50,9.12,1,0,0
290,32,1099.27,652.16,49.13,26.13,1,5,0
290,52,388.67,697.63,21.54,9.65,1,0,0
291,32,1103.32,629.62,50.14,26.63,1,5,0
291,52,386.01,666.35,21.15,14.51,1,5,0
291,50,1188.52,636.84,9.55,20.72,1,3,0
292,32,1105.37,660.16,49.11,27.11,1,5,0
292,52,385.30,696.44,19.62,9.26,1,0,0
292,50,1191.79,667.02,9.70,21.75,1,3,0
293,32,1104.14,642.14,49.63,27.26,1,5,0
293,52,381.52,672.37,19.07,8.90,1,0,0
293,50,1193.29,652.40,9.12,18.98,1,3,0
294,32,1097.47,605.30,53.86,27.12,1,5,0
294,52,375.62,630.82,20.45,9.51,1,0,0
294,50,1189.44,614.38,9.44,20.45,1,3,0
295,32,1101.05,612.95,49.17,27.44,1,5,0
295,52,375.96,645.58,19.30,9.23,1,0,0
295,50,1194.43,622.32,10.00,20.56,1,3,0
296,32,1105.03,660.75,47.32,26.54,1,5,0
296,52,376.82,694.19,19.93,9.41,1,0,0
296,50,1200.56,665.97,11.41,22.99,1,3,0
297,32,1109.97,650.28,49.81,26.90,1,5,0
297,52,382.64,686.82,19.41,9.40,1,0,0
297,50,1209.24,656.29,9.81,22.51,1,3,0
298,32,1111.61,609.68,48.80,26.98,1,5,0
298,50,1211.67,615.09,9.64,22.21,1,3,0
299,32,1112.69,583.45,52.14,27.49,1,5,0
299,50,1218.47,588.53,9.99,22.68,1,3,0
299,52,388.03,630.41,19.70,9.07,1,0,0
300,32,1123.98,617.92,52.44,27.82,1,5,0
300,50,1232.79,622.71,10.03,22.77,1,3,0
300,52,396.55,670.81,21.02,9.48,1,0,0
301,32,1128.46,630.98,54.70,28.45,1,5,0
301,50,1240.83,635.08,9.78,22.96,1,3,0
301,52,399.32,687.95,21.91,10.52,1,0,0
302,32,1132.35,617.93,53.38,28.30,1,5,0
302,50,1245.53,622.78,11.05,22.89,1,3,0
302,52,400.60,672.86,20.86,9.10,1,0,0
303,32,1135.40,617.00,53.13,28.67,1,5,0
303,50,1251.05,620.63,9.98,23.59,1,3,0
303,52,402.25,670.71,20.56,11.04,1,0,0
304,32,1132.87,629.30,55.40,27.79,1,5,0
304,50,1251.90,634.49,10.45,23.04,1,3,0
304,52,399.03,672.66,19.79,9.89,1,0,0
305,32,1132.33,599.37,51.70,27.27,1,5,0
305,50,1249.36,605.87,10.40,23.11,1,3,0
305,52,391.38,631.73,22.11,9.82,1,0,0
306,32,1128.72,617.91,51.27,27.74,1,5,0
306,50,1251.90,624.32,10.41,22.65,1,3,0
307,32,1132.41,682.79,52.93,27.78,1,5,0
307,50,1259.11,687.81,11.08,23.73,1,3,0
307,52,387.66,721.17,19.61,9.21,1,0,0
308,32,1133.42,628.40,53.36,28.10,1,5,0
308,50,1262.89,635.28,10.71,22.47,1,3,0
308,52,386.66,663.51,20.09,9.79,1,0,0
309,32,1132.08,581.15,49.98,27.52,1,5,0
309,50,1265.52,588.48,10.46,22.59,1,3,0
309,52,386.04,612.32,18.82,9.02,1,0,0
310,32,1132.13,599.57,54.47,28.10,1,5,0
310,50,1269.68,604.18,11.14,25.08,1,3,0
310,52,384.92,635.54,19.70,9.20,1,0,0
311,32,1139.26,664.59,51.09,28.39,1,5,0
311,50,1280.18,669.94,10.84,24.01,1,3,0
311,52,388.11,707.41,19.73,8.94,1,0,0
312,32,1144.97,655.58,50.72,28.65,1,5,0
312,50,1289.70,660.42,11.21,24.03,1,3,0
312,52,390.90,701.53,20.95,9.48,1,0,0
313,32,1144.80,598.14,55.46,29.67,1,5,0
313,50,1292.42,602.15,11.70,25.62,1,3,0
313,52,390.18,644.18,21.22,10.73,1,0,0
314,32,1140.17,560.76,54.73,27.82,1,5,0
314,50,1293.79,563.06,11.81,24.86,1,3,0
314,52,388.93,605.80,19.18,9.15,1,0,0
315,32,1153.21,666.89,54.36,28.82,1,5,0
315,50,1311.11,669.74,11.92,25.27,1,3,0
315,52,393.01,712.48,19.34,9.27,1,0,0
316,32,1157.62,681.53,55.49,28.88,1,5,0
316,50,1321.73,684.91,11.75,25.65,1,3,0
316,52,399.80,726.57,20.88,9.14,1,0,0
317,50,1260.84,696.48,21.39,9.32,1,0,0
320,55,854.29,607.22,584.21,134.77,1,0,0
320,56,0.81,592.52,124.37,50.74,1,0,0
321,55,850.42,614.27,586.72,137.24,1,0,0
321,56,0.44,592.72,120.56,51.55,1,0,0
322,55,830.41,503.50,596.24,124.32,1,0,0
322,56,0.62,523.41,104.25,49.20,1,0,0
323,55,819.70,506.92,596.62,121.55,1,0,0
323,56,0.61,527.63,94.29,50.06,1,0,0
324,55,805.58,532.40,600.83,136.12,1,0,0
324,56,0.61,529.13,85.36,49.34,1,0,0
325,55,793.96,556.27,608.64,139.48,1,0,0
325,56,0.71,552.28,74.67,49.42,1,0,0
326,55,779.69,559.69,610.90,130.52,1,0,0
326,56,0.37,573.90,60.59,49.40,1,0,0
327,55,744.19,538.73,613.31,130.84,1,0,0
327,56,0.45,552.07,24.32,48.55,1,0,0
328,55,726.90,531.22,619.11,135.86,1,0,0
329,55,709.29,530.67,625.31,143.17,1,0,0
330,55,695.20,529.00,627.31,143.98,1,0,0
331,55,677.03,525.91,636.69,140.58,1,0,0
332,55,654.72,517.84,638.76,131.84,1,0,0
333,55,632.70,474.58,644.28,142.27,1,0,0
334,55,619.35,481.31,651.10,146.35,1,0,0
335,55,604.29,495.86,655.45,149.80,1,0,0
336,55,589.26,500.18,657.44,146.35,1,0,0
337,55,599.89,500.87,661.87,136.52,1,0,0
338,55,589.79,490.47,668.39,142.52,1,0,0
339,55,572.40,500.95,673.63,152.78,1,0,0
339,50,1229.41,636.49,33.68,11.45,1,0,0
340,55,551.82,522.72,677.84,149.29,1,0,0
341,55,535.81,528.97,685.46,128.62,1,0,0
342,55,536.15,518.33,689.75,142.47,1,0,0
343,55,514.82,521.99,709.84,169.52,1,0,0
344,55,512.23,522.59,704.17,159.33,1,0,0
345,55,483.65,483.11,707.16,137.04,1,0,0
346,55,458.54,476.29,715.29,148.67,1,0,0
347,55,466.60,473.01,716.13,152.35,1,0,0
348,55,458.74,470.31,719.10,163.81,1,0,0
349,55,441.22,465.62,728.91,165.60,1,0,0
350,55,416.90,464.35,729.56,137.96,1,0,0
351,55,402.16,450.73,732.81,144.59,1,0,0
352,55,389.04,443.45,740.13,168.25,1,0,0
353,55,370.11,484.35,751.27,162.29,1,0,0
354,55,354.41,498.18,746.99,146.68,1,0,0
355,55,320.02,482.81,758.84,146.34,1,0,0
356,55,311.11,487.09,761.61,164.69,1,0,0
357,55,283.97,505.12,764.20,163.50,1,0,0
358,55,253.71,487.77,770.59,144.94,1,0,0
358,50,1009.14,618.22,23.03,10.38,1,0,0
359,55,222.30,442.93,780.59,154.64,1,0,0
359,50,984.54,579.36,34.57,11.88,1,0,0
360,55,213.67,434.28,777.61,171.85,1,0,0
360,50,972.02,587.25,47.79,12.44,1,0,0
361,55,193.12,451.29,788.27,163.14,1,0,0
361,50,959.76,595.76,63.72,15.87,1,0,0
362,55,168.60,454.36,791.68,159.84,1,0,0
362,50,939.10,591.59,76.14,18.39,1,0,0
363,55,144.86,448.90,794.73,171.99,1,0,0
363,50,918.54,594.59,91.45,22.41,1,0,0
364,55,119.62,467.96,801.80,160.70,1,0,0
364,50,904.25,603.44,100.80,21.24,1,0,0
365,55,95.53,451.59,805.43,179.78,1,0,0
365,50,896.13,605.17,101.47,22.15,1,0,0
366,55,73.14,455.74,812.13,177.29,1,0,0
366,50,891.50,608.46,99.84,21.77,1,0,0
367,55,40.40,463.91,815.23,159.81,1,0,0
367,50,883.18,601.52,103.31,20.89,1,0,0
368,55,21.71,451.52,819.47,159.24,1,0,0
368,50,877.42,590.38,102.10,19.92,1,0,0
368,57,822.53,595.11,25.18,10.40,1,0,0
369,55,0.00,437.62,821.61,168.77,1,0,0
369,50,874.05,586.38,101.69,21.61,1,0,0
369,57,801.84,586.04,39.12,14.75,1,0,0
370,55,0.05,443.72,806.71,171.66,1,0,0
370,50,870.47,595.11,102.12,21.55,1,0,0
370,57,787.34,593.80,48.81,14.93,1,0,0
371,55,0.71,454.92,791.44,168.85,1,0,0
371,50,865.78,604.10,102.50,20.81,1,0,0
371,57,768.30,599.59,60.19,19.05,1,0,0
372,55,0.72,463.58,768.08,158.00,1,0,0
372,50,861.64,603.88,100.21,20.88,1,0,0
372,57,747.28,596.14,70.32,22.15,1,0,0
373,55,0.00,439.12,754.33,180.23,1,0,0
373,50,855.96,598.32,100.68,21.69,1,0,0
373,57,732.83,588.52,77.91,22.72,1,0,0
374,55,0.09,434.66,739.05,183.79,1,0,0
374,50,850.84,598.57,103.49,21.97,1,0,0
374,57,719.10,589.95,84.21,20.95,1,0,0
375,55,0.71,456.79,714.47,157.50,1,0,0
375,50,847.17,596.29,102.94,21.55,1,0,0
375,57,704.92,589.22,91.94,21.15,1,0,0
376,55,0.55,436.01,693.66,163.33,1,0,0
376,50,840.98,582.11,102.94,21.39,1,0,0
376,57,663.18,567.29,124.00,27.41,1,0,0
377,55,2.11,432.67,668.91,168.51,1,0,0
377,50,834.63,583.64,104.78,22.76,1,0,0
377,57,645.14,565.08,131.14,29.70,1,0,0
378,55,1.89,432.69,650.58,169.88,1,0,0
378,50,831.15,586.33,103.96,22.90,1,0,0
378,57,629.56,562.45,141.35,34.38,1,0,0
379,55,0.28,417.34,637.65,164.49,1,0,0
379,50,827.71,573.06,104.61,23.72,1,0,0
379,57,610.44,550.98,151.17,33.08,1,0,0
380,55,1.46,466.53,613.02,109.42,1,0,0
380,50,824.57,565.31,103.16,22.08,1,0,0
380,57,601.93,544.41,155.20,32.71,1,0,0
381,55,0.29,436.98,596.97,142.79,1,0,0
381,50,819.34,567.70,105.43,21.09,1,0,0
381,57,594.55,549.32,154.42,31.89,1,0,0
382,55,0.18,471.80,565.74,103.50,1,0,0
382,50,809.98,565.40,107.22,21.85,1,0,0
382,57,580.19,544.26,155.24,33.33,1,0,0
383,55,0.00,450.20,547.05,111.41,1,0,0
383,50,803.35,559.57,108.54,24.22,1,0,0
383,57,570.35,533.52,151.98,36.80,1,0,0
386,50,908.39,592.92,19.65,11.36,1,0,0
388,55,0.18,423.63,401.03,107.56,1,0,0
388,57,495.84,500.05,149.69,47.24,1,0,0
389,57,673.36,507.35,149.24,47.53,1,0,0
389,50,925.93,544.85,106.71,24.27,1,0,0
390,57,677.34,513.40,150.45,46.25,1,0,0
390,61,0.00,453.90,559.27,97.64,1,0,0
390,50,935.83,546.41,106.61,22.99,1,0,0
391,57,664.42,506.66,151.64,45.75,1,0,0
391,61,0.00,442.36,530.98,98.88,1,0,0
391,50,927.22,541.07,107.09,22.86,1,0,0
392,57,649.05,553.52,144.63,47.41,1,0,0
392,61,0.59,476.30,492.19,106.29,1,0,0
392,50,905.82,592.65,110.60,23.71,1,0,0
393,57,632.16,560.55,152.07,45.97,1,0,0
393,61,0.79,480.02,473.41,105.89,1,0,0
393,50,904.11,598.45,108.53,24.77,1,0,0
394,57,621.56,562.81,151.68,44.38,1,0,0
394,61,0.23,503.10,441.66,94.21,1,0,0
394,50,898.86,592.30,109.52,23.30,1,0,0
395,57,612.52,552.02,150.89,45.96,1,0,0
395,61,0.11,488.80,418.87,96.89,1,0,0
395,50,892.86,584.92,108.02,23.25,1,0,0
396,57,606.43,546.77,152.82,45.83,1,0,0
396,61,0.10,464.56,409.03,105.08,1,0,0
396,50,890.79,584.36,110.05,25.74,1,0,0
397,57,602.47,561.29,152.98,47.54,1,0,0
397,61,0.19,464.98,396.91,108.87,1,0,0
397,50,889.71,605.38,110.03,27.04,1,0,0
398,57,595.94,576.22,151.44,48.12,1,0,0
398,61,0.00,493.21,376.38,103.54,1,0,0
398,50,888.72,618.00,107.29,25.16,1,0,0
399,57,582.65,561.84,153.28,44.13,1,0,0
399,61,0.12,487.17,344.10,97.30,1,0,0
399,50,879.05,597.64,108.96,23.09,1,0,0
400,57,567.05,529.11,156.28,46.10,1,0,0
400,61,0.00,465.43,310.87,95.46,1,0,0
400,50,866.94,563.11,108.34,21.76,1,0,0
401,57,593.41,500.15,154.75,45.67,1,0,0
401,61,0.32,417.25,325.91,100.32,1,0,0
401,50,898.82,539.62,109.80,23.65,1,0,0
402,57,612.82,499.64,152.15,47.36,1,0,0
402,61,0.00,412.30,335.82,102.20,1,0,0
402,50,921.19,543.16,109.53,24.57,1,0,0
403,57,614.03,572.74,154.00,47.61,1,0,0
403,61,0.25,490.31,325.24,98.97,1,0,0
403,50,928.81,613.76,110.82,24.34,1,0,0
404,57,608.75,582.83,151.43,44.42,1,0,0
404,61,0.47,503.57,302.10,98.09,1,0,0
404,50,923.07,620.12,109.30,22.91,1,0,0
405,57,594.34,561.40,152.98,44.59,1,0,0
405,61,0.57,483.25,276.93,97.45,1,0,0
405,50,913.85,598.33,112.32,22.75,1,0,0
406,57,573.78,541.92,152.66,46.85,1,0,0
406,61,0.57,463.37,240.22,97.55,1,0,0
406,50,898.46,582.92,111.01,23.30,1,0,0
407,57,563.32,550.50,152.65,43.18,1,0,0
407,61,0.42,456.54,215.25,98.07,1,0,0
407,50,891.52,591.14,110.43,25.34,1,0,0
408,57,554.97,563.37,153.68,42.28,1,0,0
408,61,0.12,474.11,196.75,96.76,1,0,0
408,50,887.46,600.73,110.86,23.86,1,0,0
409,57,542.87,556.66,149.64,40.60,1,0,0
409,61,0.28,471.75,164.21,97.20,1,0,0
409,50,878.89,590.63,110.79,22.30,1,0,0
410,57,523.97,542.65,151.88,41.63,1,0,0
410,61,0.63,454.95,132.87,98.02,1,0,0
410,50,866.62,578.45,109.33,22.68,1,0,0
411,57,509.44,547.41,153.22,38.94,1,0,0
411,61,0.58,450.83,102.47,99.14,1,0,0
411,50,854.31,582.33,110.80,24.10,1,0,0
412,57,494.81,561.75,154.63,38.76,1,0,0
412,61,0.52,464.46,73.58,99.92,1,0,0
412,50,845.13,596.33,112.91,24.48,1,0,0
413,57,479.67,554.59,154.86,41.98,1,0,0
413,61,0.35,457.93,43.84,98.11,1,0,0
413,50,835.33,593.09,111.91,25.00,1,0,0
414,57,463.71,545.26,154.26,40.22,1,0,0
414,50,823.98,582.93,114.39,24.21,1,0,0
415,57,449.24,526.88,154.86,40.86,1,0,0
415,50,813.31,567.35,112.81,25.50,1,0,0
