1,1,1836.30,672.91,24.48,17.12,1,5,0
1,2,1027.49,655.11,30.56,10.42,1,1,0
1,3,1054.09,656.34,19.17,9.66,1,1,0
3,4,380.70,733.22,12.91,8.21,1,0,0
3,2,1000.97,710.66,25.78,16.62,1,5,0
4,3,975.91,644.12,24.48,16.24,1,5,0
5,3,981.81,673.02,22.95,15.83,1,5,0
5,4,359.11,684.27,11.89,7.84,1,0,0
6,4,374.69,721.20,11.60,8.21,1,0,0
6,2,995.58,712.20,23.46,17.09,1,5,0
7,4,387.14,705.25,10.77,7.84,1,0,0
7,2,1007.83,697.01,24.56,17.18,1,5,0
8,2,1017.97,687.18,24.76,16.56,1,5,0
9,2,1022.27,649.83,24.79,16.85,1,5,0
9,4,402.97,644.27,13.01,8.58,1,0,0
10,2,1023.56,618.81,23.77,16.79,1,5,0
10,4,406.45,613.36,12.12,8.96,1,0,0
11,2,1028.75,650.11,23.95,16.58,1,5,0
11,4,410.41,638.52,14.53,9.21,1,0,0
12,2,1038.78,666.39,26.54,17.45,1,5,0
12,4,462.89,656.75,13.62,6.75,1,1,0
13,2,1049.22,656.89,23.15,16.35,1,5,0
13,4,429.11,645.13,11.80,8.80,1,0,0
14,2,1058.75,656.97,27.41,17.94,1,5,0
14,4,442.37,649.57,11.95,8.31,1,0,0
15,2,1070.44,630.17,25.33,17.63,1,5,0
15,4,454.19,623.02,12.48,9.22,1,0,0
16,2,1078.17,635.32,27.59,19.44,1,5,0
16,4,464.06,630.05,12.78,8.91,1,0,0
17,2,1088.50,654.74,24.26,17.13,1,5,0
17,4,469.92,648.88,12.71,8.60,1,0,0
18,2,1095.35,666.90,25.62,17.40,1,5,0
18,4,478.51,661.70,11.99,8.64,1,0,0
19,2,1101.72,632.18,27.15,18.22,1,5,0
19,4,485.36,631.34,12.46,8.86,1,0,0
20,2,1116.05,619.61,25.88,17.42,1,5,0
21,2,1126.32,625.34,26.64,17.78,1,5,0
21,4,508.45,622.26,13.93,9.66,1,0,0
22,2,1134.68,625.51,26.25,17.88,1,5,0
22,4,518.19,621.66,12.01,9.09,1,0,0
23,2,1143.89,625.81,25.95,17.50,1,5,0
23,4,527.38,620.87,11.99,8.39,1,0,0
23,3,563.42,624.41,12.36,5.88,1,1,0
24,2,1154.71,625.90,26.26,18.05,1,5,0
24,3,538.44,621.64,12.73,8.96,1,0,0
25,2,1166.83,627.28,26.55,18.57,1,5,0
25,3,551.93,618.14,12.32,9.02,1,0,0
25,4,565.97,622.96,13.55,4.95,1,1,0
26,2,1175.66,628.35,26.09,18.55,1,5,0
26,8,1332.51,643.16,5.68,9.61,1,3,0
26,4,560.32,616.44,11.52,9.35,1,0,0
27,2,1184.75,629.43,25.32,18.00,1,5,0
28,2,1193.48,630.35,26.58,18.01,1,5,0
28,4,576.65,616.00,12.59,9.00,1,0,0
29,2,1199.83,629.98,26.82,18.86,1,5,0
29,4,614.89,622.94,12.87,5.72,1,1,0
29,3,582.74,618.36,13.12,9.58,1,0,0
29,8,1359.44,647.37,4.94,6.47,1,3,0
30,2,1209.80,629.62,26.96,19.34,1,5,0
30,4,622.83,624.02,14.06,5.47,1,1,0
30,3,592.79,620.13,11.90,8.56,1,0,0
31,2,1218.58,629.58,26.21,19.02,1,5,0
31,4,627.62,624.98,15.92,5.13,1,1,0
31,3,601.43,620.51,12.28,8.78,1,0,0
32,2,1226.99,630.75,26.21,18.93,1,5,0
32,3,608.54,622.76,13.15,9.02,1,0,0
33,2,1237.74,630.75,25.65,19.46,1,5,0
33,3,619.02,623.19,12.36,8.23,1,0,0
33,8,1398.52,646.82,4.87,8.77,1,3,0
34,2,1249.10,632.40,26.28,19.21,1,5,0
34,3,629.09,621.95,12.50,8.59,1,0,0
35,2,1256.44,632.84,26.05,19.22,1,5,0
35,3,636.76,622.94,11.68,8.48,1,0,0
35,8,1419.76,649.51,5.03,7.30,1,3,0
36,2,1267.28,632.32,25.36,18.32,1,5,0
36,3,645.54,625.23,11.90,8.43,1,0,0
36,8,1431.40,648.34,4.67,7.00,1,3,0
36,4,671.13,629.13,14.76,5.37,1,1,0
37,2,1269.69,632.08,25.25,19.67,1,5,0
37,3,646.60,629.19,13.58,9.55,1,0,0
37,8,1434.10,647.73,4.46,7.80,1,3,0
37,4,673.97,633.16,16.25,6.04,1,1,0
38,2,1282.03,632.38,26.01,19.01,1,5,0
38,8,1447.15,647.50,5.13,7.73,1,3,0
39,2,1295.07,631.26,24.80,18.95,1,5,0
39,3,670.62,629.88,12.12,8.85,1,0,0
39,4,691.23,634.61,15.59,5.15,1,1,0
40,2,1300.84,628.05,26.16,20.15,1,5,0
40,3,676.66,633.80,12.67,8.93,1,0,0
41,2,1304.31,627.87,26.09,19.20,1,5,0
41,3,678.33,640.02,12.41,9.03,1,0,0
42,2,1338.16,629.66,26.19,19.78,1,5,0
42,3,708.97,637.58,12.26,8.79,1,0,0
42,4,731.96,641.84,13.38,5.26,1,1,0
43,2,1344.05,630.85,25.34,19.58,1,5,0
43,8,1516.56,644.37,4.59,7.14,1,3,0
44,2,1353.50,630.10,25.73,19.20,1,5,0
44,3,722.04,639.14,11.84,8.77,1,0,0
45,2,1357.41,625.64,25.61,19.68,1,5,0
45,3,724.67,642.30,12.55,9.33,1,0,0
45,8,1530.56,636.70,4.65,7.32,1,3,0
46,2,1358.49,624.58,26.32,19.39,1,5,0
46,3,724.16,645.45,12.72,9.29,1,0,0
46,4,749.28,647.92,14.37,6.54,1,1,0
47,2,1358.62,623.10,26.13,19.76,1,5,0
47,3,724.70,649.00,11.81,8.46,1,0,0
48,2,1360.82,622.13,27.54,19.39,1,5,0
48,3,724.81,649.53,13.25,10.55,1,0,0
48,8,1536.75,630.25,4.46,7.72,1,3,0
49,2,1361.31,621.07,26.52,19.55,1,5,0
49,8,1536.95,628.57,4.55,7.67,1,3,0
50,2,1360.51,619.60,26.54,19.47,1,5,0
50,8,1536.95,625.65,4.62,7.94,1,3,0
50,3,723.57,652.91,12.76,9.91,1,0,0
51,2,1353.61,620.11,26.34,19.73,1,5,0
51,8,1530.57,625.49,4.79,8.05,1,3,0
51,3,716.38,656.16,12.63,8.80,1,0,0
51,4,736.98,658.99,13.10,5.28,1,1,0
52,2,1356.18,620.87,27.04,20.37,1,5,0
52,8,1534.39,628.05,4.86,8.47,1,3,0
53,2,1355.96,621.48,28.10,20.50,1,5,0
53,8,1535.73,629.28,4.89,8.45,1,3,0
53,3,715.97,653.38,12.86,9.40,1,0,0
54,2,1360.48,620.81,26.71,20.45,1,5,0
54,3,719.68,655.06,11.62,8.76,1,0,0
55,2,1362.82,621.03,28.48,20.84,1,5,0
55,3,720.86,655.90,12.93,9.06,1,0,0
55,4,742.55,658.26,12.18,6.36,1,1,0
56,2,1364.38,620.79,28.79,20.79,1,5,0
56,3,721.70,655.96,12.70,8.92,1,0,0
56,4,742.71,658.23,11.57,6.26,1,1,0
57,2,1360.68,619.64,29.04,19.99,1,5,0
57,3,719.39,658.37,11.34,8.64,1,0,0
57,4,737.75,660.44,12.67,5.94,1,1,0
57,8,1543.07,624.96,4.51,7.58,1,3,0
58,2,1358.69,619.78,28.52,21.27,1,5,0
58,3,713.39,660.19,12.81,9.12,1,0,0
58,8,1541.25,625.45,4.72,8.26,1,3,0
59,2,1359.11,620.69,28.11,20.88,1,5,0
59,3,712.68,658.46,13.79,10.33,1,0,0
59,8,1542.37,625.46,4.75,8.68,1,3,0
60,2,1359.78,622.18,27.95,20.15,1,5,0
60,3,712.15,658.73,13.79,9.82,1,0,0
61,2,1356.63,621.94,28.39,20.56,1,5,0
61,3,708.26,659.81,13.57,9.62,1,0,0
61,4,728.21,663.00,16.49,6.37,1,1,0
62,2,1349.95,627.03,29.89,21.40,1,5,0
62,3,699.64,658.63,13.48,8.40,1,0,0
62,4,719.26,659.59,14.24,6.45,1,1,0
63,2,1348.55,627.99,26.56,21.15,1,5,0
63,3,697.79,656.66,11.81,8.45,1,0,0
63,4,717.99,657.78,14.69,6.92,1,1,0
64,2,1345.29,627.69,27.31,20.99,1,5,0
64,3,692.15,658.00,12.52,8.83,1,0,0
64,4,710.18,660.50,13.98,5.88,1,1,0
64,8,1530.55,635.24,4.79,8.66,1,3,0
65,2,1346.15,627.84,28.15,20.85,1,5,0
65,3,693.02,658.30,12.54,8.77,1,0,0
65,4,709.54,660.67,12.27,5.80,1,1,0
66,2,1346.24,627.74,27.90,22.00,1,5,0
66,3,691.59,659.05,12.61,8.82,1,0,0
67,2,1352.16,627.41,27.91,21.25,1,5,0
67,3,696.19,660.34,11.65,9.28,1,0,0
67,8,1540.63,634.67,4.88,8.36,1,3,0
68,2,1362.17,623.72,27.34,20.86,1,5,0
68,4,704.16,663.76,12.32,9.80,1,0,0
69,2,1359.43,622.08,29.09,21.16,1,5,0
69,4,717.88,671.45,12.04,5.62,1,1,0
69,3,701.59,668.68,12.55,9.16,1,0,0
70,2,1358.69,624.82,29.06,21.14,1,5,0
70,4,714.76,671.46,14.57,5.82,1,1,0
70,3,699.17,668.20,12.85,9.61,1,0,0
71,2,1359.15,624.11,29.29,21.37,1,5,0
71,4,715.83,671.38,12.41,5.84,1,1,0
71,3,699.14,668.62,12.40,9.34,1,0,0
72,2,1359.90,624.30,28.88,20.85,1,5,0
72,4,712.54,671.67,14.05,5.34,1,1,0
72,3,699.01,668.58,12.23,9.23,1,0,0
73,2,1360.58,626.87,28.74,21.07,1,5,0
73,4,712.30,671.32,12.56,5.42,1,1,0
73,3,697.59,668.12,11.90,9.15,1,0,0
73,8,1554.12,632.27,4.90,7.89,1,3,0
74,2,1360.70,624.89,29.29,20.84,1,5,0
74,4,712.32,672.68,13.01,6.22,1,1,0
74,3,697.66,670.73,11.97,8.94,1,0,0
75,2,1362.20,625.35,28.83,20.84,1,5,0
75,4,712.83,674.99,13.03,6.20,1,1,0
75,3,697.99,672.69,12.27,9.14,1,0,0
76,2,1364.48,625.64,28.94,21.54,1,5,0
76,4,711.40,675.00,12.82,6.00,1,1,0
76,3,697.99,672.62,12.11,8.77,1,0,0
77,2,1367.71,623.47,28.41,22.32,1,5,0
77,4,714.34,677.69,11.57,5.09,1,1,0
77,3,700.51,673.61,11.86,9.30,1,0,0
77,8,1563.72,625.52,5.01,9.32,1,3,0
78,2,1368.07,625.74,28.62,21.70,1,5,0
78,4,713.40,675.69,11.15,5.83,1,1,0
78,3,699.91,673.18,11.20,8.88,1,0,0
79,2,1363.75,626.36,28.64,21.37,1,5,0
79,3,694.79,673.51,11.90,8.66,1,0,0
80,2,1355.47,631.37,30.37,21.57,1,5,0
80,3,685.79,673.62,12.43,9.40,1,0,0
80,8,1554.35,634.75,4.97,9.00,1,3,0
81,2,1355.61,631.74,29.18,21.50,1,5,0
81,3,684.20,672.62,11.83,8.88,1,0,0
81,8,1554.75,636.46,4.71,8.48,1,3,0
82,2,1355.82,631.39,29.83,21.52,1,5,0
82,3,683.07,673.62,11.77,9.11,1,0,0
82,8,1555.26,635.10,5.25,9.16,1,3,0
83,2,1354.60,630.81,29.62,21.48,1,5,0
83,8,1555.17,634.17,5.07,8.87,1,3,0
84,2,1350.60,630.00,30.25,21.85,1,5,0
84,8,1552.48,631.53,5.03,9.17,1,3,0
84,4,687.28,683.38,10.97,5.68,1,1,0
84,3,676.32,680.23,12.26,9.39,1,0,0
85,2,1351.66,629.84,29.20,21.10,1,5,0
85,8,1554.12,631.27,4.90,9.04,1,3,0
85,4,687.45,683.71,11.35,5.71,1,1,0
85,3,675.82,681.05,11.83,9.28,1,0,0
86,2,1347.14,630.53,29.92,22.26,1,5,0
86,8,1550.92,632.95,5.29,8.80,1,3,0
86,3,670.11,681.79,12.36,8.89,1,0,0
87,2,1345.22,633.90,28.34,21.49,1,5,0
87,8,1548.24,636.62,4.91,9.53,1,3,0
87,3,665.74,681.35,12.04,8.94,1,0,0
87,4,676.02,684.08,11.45,5.62,1,1,0
88,2,1342.06,634.81,28.41,21.82,1,5,0
88,8,1545.53,637.47,5.32,10.24,1,3,0
88,3,660.52,680.46,11.72,9.13,1,0,0
88,4,672.95,683.66,12.14,5.27,1,1,0
89,2,1341.24,635.93,29.34,22.84,1,5,0
89,8,1546.19,642.23,4.75,9.00,1,3,0
89,3,658.62,678.63,11.60,8.61,1,0,0
90,2,1339.92,637.75,30.33,22.35,1,5,0
90,8,1545.77,642.11,5.53,10.72,1,3,0
90,3,656.67,678.98,12.25,8.72,1,0,0
91,2,1335.90,637.66,31.36,22.09,1,5,0
91,8,1543.05,642.48,4.73,8.84,1,3,0
91,3,652.57,681.18,12.23,9.31,1,0,0
92,2,1339.14,636.64,30.35,22.07,1,5,0
92,8,1547.61,638.58,5.10,10.10,1,3,0
92,3,653.20,684.16,12.42,9.34,1,0,0
93,2,1341.01,634.50,30.96,22.73,1,5,0
93,8,1548.80,636.26,5.22,9.52,1,3,0
93,3,654.96,687.88,12.48,9.27,1,0,0
94,2,1343.71,634.27,29.75,22.72,1,5,0
94,8,1552.74,635.72,5.40,10.00,1,3,0
94,3,656.04,688.17,12.54,9.53,1,0,0
95,2,1348.24,635.64,30.41,22.52,1,5,0
95,3,659.62,687.50,11.39,9.26,1,0,0
96,2,1346.69,635.44,30.31,22.66,1,5,0
96,3,656.68,688.31,12.13,9.59,1,0,0
97,2,1338.12,641.09,31.23,22.63,1,5,0
97,4,647.75,687.52,13.86,9.68,1,0,0
97,8,1551.29,644.14,5.40,9.85,1,3,0
98,2,1339.15,642.48,30.90,22.31,1,5,0
98,4,647.04,685.60,12.10,9.09,1,0,0
98,8,1552.08,646.59,5.11,8.89,1,3,0
99,2,1339.92,641.43,30.77,22.39,1,5,0
99,8,1554.00,646.16,4.89,8.06,1,3,0
100,2,1343.75,641.62,30.79,22.35,1,5,0
100,3,648.79,687.24,12.80,9.73,1,0,0
101,2,1339.05,644.63,31.26,22.05,1,5,0
101,8,1554.77,648.08,5.42,10.40,1,3,0
102,2,1340.93,650.22,30.21,22.46,1,5,0
102,4,641.71,683.09,11.85,8.62,1,0,0
103,2,1347.49,650.54,30.91,22.37,1,5,0
103,4,647.52,681.24,11.99,8.76,1,0,0
103,8,1565.03,660.01,5.15,8.36,1,3,0
104,2,1350.17,649.26,32.59,23.11,1,5,0
104,4,650.31,682.54,12.25,8.95,1,0,0
105,2,1358.29,652.97,31.70,22.60,1,5,0
105,4,656.57,684.35,11.75,8.58,1,0,0
105,8,1578.73,660.80,5.40,9.25,1,3,0
106,2,1364.70,652.06,31.64,23.42,1,5,0
106,4,661.25,681.34,11.91,8.82,1,0,0
107,2,1368.44,650.52,33.75,23.60,1,5,0
107,4,664.87,683.54,12.26,9.36,1,0,0
107,8,1593.49,659.20,5.44,9.66,1,3,0
108,2,1370.62,651.20,33.03,22.44,1,5,0
108,4,665.65,683.89,12.37,9.14,1,0,0
109,2,1371.93,652.87,33.01,23.21,1,5,0
109,8,1596.83,662.14,4.93,8.31,1,3,0
110,2,1375.77,653.03,33.15,23.09,1,5,0
110,8,1603.01,661.25,5.06,9.44,1,3,0
110,4,668.08,685.30,11.84,9.01,1,0,0
111,2,1383.82,654.45,32.82,22.99,1,5,0
111,4,674.74,683.13,12.30,9.47,1,0,0
112,2,1388.66,655.33,32.91,22.62,1,5,0
112,4,676.63,683.15,11.62,8.91,1,0,0
112,8,1619.00,665.19,4.74,8.18,1,3,0
113,2,1389.93,655.69,32.97,22.89,1,5,0
113,4,679.70,683.93,11.07,9.37,1,0,0
113,8,1620.86,664.88,4.97,8.77,1,3,0
114,2,1393.81,656.50,32.34,22.45,1,5,0
114,4,681.11,684.79,11.53,9.60,1,0,0
114,8,1625.56,666.65,5.15,8.15,1,3,0
115,2,1404.70,656.46,32.83,23.10,1,5,0
115,4,688.64,684.30,11.94,9.71,1,0,0
115,8,1637.09,666.08,5.01,8.75,1,3,0
115,3,680.83,688.46,10.05,5.91,1,1,0
116,2,1416.54,655.44,33.63,22.96,1,5,0
116,4,699.52,684.56,11.55,9.10,1,0,0
117,2,1418.67,654.41,33.92,22.86,1,5,0
117,4,702.03,689.28,11.58,9.52,1,0,0
118,2,1417.87,657.50,33.64,23.19,1,5,0
118,4,699.42,690.30,12.58,9.62,1,0,0
119,2,1426.39,662.59,33.83,24.13,1,5,0
119,4,707.28,681.79,11.48,8.48,1,0,0
119,3,699.96,684.39,9.62,5.62,1,1,0
120,2,1431.91,664.65,34.82,23.72,1,5,0
120,4,712.31,680.71,10.56,8.35,1,0,0
120,8,1673.79,679.06,4.99,8.32,1,3,0
121,2,1437.22,663.49,34.47,23.72,1,5,0
121,4,713.82,683.46,11.55,8.86,1,0,0
121,8,1679.47,676.02,5.38,9.19,1,3,0
121,3,704.20,687.19,10.55,5.76,1,1,0
122,2,1442.28,663.55,36.10,24.74,1,5,0
122,4,717.65,684.52,12.76,9.15,1,0,0
123,2,1452.45,661.29,35.67,23.78,1,5,0
123,4,726.03,686.28,10.88,8.76,1,0,0
123,8,1699.23,672.16,5.64,9.56,1,3,0
124,2,1462.85,661.35,34.73,23.51,1,5,0
124,4,724.27,689.16,11.09,6.28,1,1,0
124,8,1710.85,671.38,5.35,9.35,1,3,0
125,2,1467.55,664.94,34.79,23.55,1,5,0
125,4,736.32,685.02,11.68,9.37,1,0,0
125,3,725.62,688.43,12.11,5.98,1,1,0
126,2,1475.89,668.19,35.76,24.21,1,5,0
126,4,742.15,683.92,12.17,9.08,1,0,0
126,3,730.67,687.25,12.18,5.87,1,1,0
127,2,1482.61,671.85,35.15,23.73,1,5,0
127,4,747.80,681.71,11.87,9.49,1,0,0
127,3,733.96,685.50,13.92,5.07,1,1,0
128,2,1491.56,678.05,35.87,24.05,1,5,0
128,4,754.88,677.80,12.04,9.01,1,0,0
128,8,1747.21,697.16,5.69,9.97,1,3,0
129,2,1500.41,677.14,37.71,24.98,1,5,0
129,4,761.76,678.01,12.82,8.85,1,0,0
129,8,1758.82,695.68,6.05,10.82,1,3,0
130,2,1513.68,679.30,37.13,24.16,1,5,0
130,4,772.33,679.69,12.07,9.18,1,0,0
130,3,760.38,682.85,13.14,5.71,1,1,0
131,2,1524.79,680.21,37.32,23.94,1,5,0
131,4,781.50,679.93,11.76,8.87,1,0,0
131,3,766.13,682.97,14.33,5.26,1,1,0
132,2,1532.45,678.96,36.72,24.37,1,5,0
132,4,785.67,680.53,11.81,8.84,1,0,0
132,3,772.34,683.99,13.16,5.08,1,1,0
133,2,1541.06,677.51,37.16,24.19,1,5,0
133,4,792.47,681.54,12.70,8.86,1,0,0
133,3,778.17,685.38,14.71,4.59,1,1,0
133,8,1807.33,695.76,5.54,8.59,1,3,0
134,2,1548.20,677.45,36.92,24.01,1,5,0
134,4,797.00,684.79,11.84,9.39,1,0,0
134,8,1816.57,693.25,6.10,10.39,1,3,0
135,2,1554.68,678.81,37.12,24.11,1,5,0
135,4,801.61,684.50,12.60,9.00,1,0,0
136,2,1564.67,680.34,36.93,23.99,1,5,0
136,4,809.69,681.86,12.75,9.97,1,0,0
136,3,792.65,685.71,14.17,5.52,1,1,0
136,8,1837.44,696.60,7.24,12.38,1,3,0
137,2,1573.95,678.73,37.59,24.59,1,5,0
137,4,816.77,682.71,12.17,9.03,1,0,0
138,2,1578.97,679.84,36.36,24.53,1,5,0
138,4,818.73,684.57,12.61,9.78,1,0,0
138,3,802.98,688.29,12.69,5.94,1,1,0
138,8,1855.40,696.58,6.86,10.85,1,3,0
139,2,1591.85,684.38,38.53,24.84,1,5,0
139,4,828.91,683.64,12.75,9.58,1,0,0
140,2,1603.65,687.30,38.68,24.31,1,5,0
140,4,838.10,682.68,12.29,9.27,1,0,0
140,3,818.36,685.66,15.99,5.59,1,1,0
140,8,1887.00,707.71,5.95,10.47,1,3,0
141,2,1616.62,687.37,38.81,24.78,1,5,0
141,4,847.99,683.72,12.67,9.19,1,0,0
141,8,1902.43,706.21,5.84,11.69,1,3,0
142,2,1618.71,686.14,40.56,25.48,1,5,0
142,4,849.53,685.20,11.93,9.94,1,0,0
142,8,1906.61,703.82,6.81,13.03,1,3,0
143,2,1631.58,692.49,40.91,25.23,1,5,0
143,4,858.07,683.98,13.10,9.62,1,0,0
143,3,839.45,686.59,15.98,6.91,1,1,0
144,2,1644.63,691.80,40.09,25.34,1,5,0
144,4,867.87,684.31,13.18,9.32,1,0,0
144,3,848.52,686.78,15.18,6.60,1,1,0
145,2,1656.32,687.35,40.91,25.60,1,5,0
145,4,875.93,685.16,12.98,9.18,1,0,0
146,2,1663.99,687.26,41.10,25.73,1,5,0
147,2,1680.77,687.34,41.12,25.64,1,5,0
147,3,875.28,689.03,15.15,7.79,1,1,0
147,4,894.42,687.17,13.00,9.94,1,0,0
148,2,1691.84,685.27,41.92,25.76,1,5,0
149,2,1703.05,685.06,42.26,25.93,1,5,0
149,3,889.64,691.41,14.74,7.89,1,1,0
149,4,908.10,689.93,13.58,9.43,1,0,0
150,2,1715.55,685.40,42.67,26.17,1,5,0
150,3,895.12,690.47,18.46,8.44,1,1,0
150,4,918.61,689.35,12.64,9.60,1,0,0
151,2,1728.98,685.70,42.46,26.14,1,5,0
151,3,906.31,692.72,16.33,6.41,1,1,0
151,4,928.05,689.47,12.14,10.12,1,0,0
152,2,1740.19,684.10,43.03,26.56,1,5,0
152,3,913.47,693.72,15.49,6.32,1,1,0
152,4,935.51,691.04,11.52,9.58,1,0,0
153,2,1752.65,687.53,42.62,26.29,1,5,0
153,3,916.43,694.20,18.01,6.25,1,1,0
153,4,942.69,691.39,11.86,9.83,1,0,0
154,2,1763.81,692.68,44.27,26.80,1,5,0
154,3,928.63,691.48,17.35,7.46,1,1,0
154,4,951.11,689.07,14.34,10.17,1,0,0
155,2,1772.33,693.32,44.55,26.94,1,5,0
155,3,930.02,691.69,16.47,7.20,1,1,0
155,4,955.78,689.85,12.22,9.49,1,0,0
156,2,1780.91,693.08,44.71,27.36,1,5,0
156,3,939.13,695.02,16.48,6.02,1,1,0
156,4,961.52,692.70,10.87,9.32,1,0,0
157,2,1793.11,697.09,45.30,26.61,1,5,0
157,3,942.56,693.80,17.14,6.47,1,1,0
157,4,969.50,691.48,11.32,9.59,1,0,0
158,2,1807.54,697.30,44.09,26.51,1,5,0
158,3,957.87,694.07,15.02,6.33,1,1,0
159,2,1816.51,693.60,45.36,27.21,1,5,0
159,3,964.07,695.36,13.55,6.40,1,1,0
159,4,984.85,692.53,11.37,9.46,1,0,0
160,2,1826.90,688.11,45.93,27.21,1,5,0
160,3,969.54,695.65,13.73,6.82,1,1,0
161,2,1840.35,683.11,47.43,27.65,1,5,0
162,2,1854.10,668.67,47.92,27.59,1,5,0
162,4,1008.29,694.41,14.16,10.13,1,0,0
163,2,1859.19,664.11,48.26,28.04,1,5,0
163,4,1010.90,696.70,11.72,9.13,1,0,0
164,2,1861.44,662.90,48.15,28.24,1,5,0
164,4,1009.95,697.07,12.84,9.75,1,0,0
165,2,1867.36,663.30,48.43,28.66,1,5,0
166,2,1869.39,657.28,50.07,28.63,1,5,0
166,3,1011.97,697.14,11.70,10.10,1,0,0
167,2,1868.32,663.09,49.93,29.67,1,5,0
168,2,1876.86,663.01,43.14,29.85,1,5,0
169,2,1892.14,655.46,27.86,28.67,1,5,0
170,2,1901.27,644.15,18.73,26.82,1,5,0
170,3,1007.66,704.87,13.26,5.97,1,1,0
171,2,1905.94,653.65,14.06,20.16,1,5,0
171,3,1005.57,705.27,13.64,6.12,1,1,0
171,4,1028.04,701.06,12.17,10.03,1,0,0
172,2,1756.36,633.91,46.78,28.20,1,5,0
172,3,882.34,696.58,18.62,6.00,1,1,0
172,4,903.12,692.32,11.23,10.41,1,0,0
174,10,1116.02,662.48,41.27,24.55,1,5,0
175,10,1102.78,649.61,42.25,25.72,1,5,0
175,11,237.40,708.93,12.23,10.52,1,0,0
176,10,1105.57,649.02,40.64,24.93,1,5,0
176,11,235.32,700.64,12.73,10.68,1,0,0
177,10,1121.02,684.32,42.34,25.72,1,5,0
178,10,1119.57,648.20,43.00,25.98,1,5,0
179,10,1120.63,612.12,42.46,25.93,1,5,0
179,11,245.28,655.06,12.85,11.38,1,0,0
180,10,1118.99,558.03,42.74,25.21,1,5,0
180,11,242.26,603.53,13.28,11.05,1,0,0
181,10,1116.53,582.94,43.57,26.39,1,5,0
182,10,1127.04,687.86,43.13,26.50,1,5,0
182,15,1453.82,679.09,8.64,15.15,1,3,0
183,10,1132.46,649.88,42.71,25.14,1,5,0
183,11,216.15,703.35,16.45,8.70,1,1,0
184,10,1135.74,559.33,44.26,27.11,1,5,0
184,11,224.35,609.16,16.02,6.51,1,1,0
185,10,1147.47,618.11,42.31,25.50,1,5,0
185,15,1482.91,612.46,7.87,14.71,1,3,0
186,10,1156.65,645.12,44.07,26.60,1,5,0
186,15,1495.65,636.38,7.95,13.46,1,3,0
187,10,1159.83,616.02,44.18,27.36,1,5,0
187,15,1500.83,610.07,7.09,13.76,1,3,0
187,11,235.87,693.94,18.44,7.55,1,1,0
188,10,1162.36,586.36,44.04,26.98,1,5,0
188,15,1505.25,581.82,6.70,11.88,1,3,0
188,17,262.50,661.04,12.67,10.41,1,0,0
188,11,237.98,664.87,15.53,8.11,1,1,0
189,10,1167.03,572.61,45.94,28.93,1,5,0
189,15,1513.23,562.79,7.71,13.59,1,3,0
189,17,264.82,658.62,12.68,11.27,1,0,0
190,10,1173.53,571.79,45.78,27.71,1,5,0
190,15,1522.96,559.47,7.67,14.99,1,3,0
190,17,268.95,658.83,13.09,13.30,1,0,0
191,10,1172.58,554.04,45.27,27.27,1,5,0
191,15,1525.08,550.81,7.11,11.01,1,3,0
191,11,240.23,631.52,15.40,7.39,1,1,0
192,10,1182.09,570.32,45.16,27.88,1,5,0
192,15,1537.05,564.51,8.35,14.71,1,3,0
193,10,1189.42,605.00,44.64,26.53,1,5,0
194,10,1195.61,599.22,45.99,27.01,1,5,0
194,17,277.01,677.97,12.63,12.50,1,0,0
194,15,1555.25,588.61,9.38,15.75,1,3,0
195,10,1198.33,561.54,45.90,27.58,1,5,0
195,15,1561.07,553.67,8.03,14.03,1,3,0
196,10,1204.43,541.36,46.35,27.97,1,5,0
196,11,256.82,623.35,16.56,7.69,1,1,0
196,17,280.75,618.56,13.58,11.51,1,0,0
197,10,1213.04,572.92,47.91,28.37,1,5,0
198,10,1223.54,587.86,47.24,27.73,1,5,0
198,15,1597.40,578.60,8.18,14.50,1,3,0
198,11,268.02,670.47,18.53,8.14,1,1,0
198,17,293.50,666.04,11.88,12.04,1,0,0
199,10,1226.31,571.05,47.59,27.56,1,5,0
199,11,268.72,648.81,17.76,6.73,1,1,0
199,17,291.86,644.00,13.52,11.29,1,0,0
200,10,1230.36,566.98,48.82,28.70,1,5,0
200,11,270.14,642.79,13.53,8.66,1,1,0
200,17,292.59,639.55,14.27,11.05,1,0,0
200,15,1612.27,560.90,8.27,15.17,1,3,0
201,10,1235.50,571.02,48.10,28.42,1,5,0
201,11,270.45,640.87,14.91,9.14,1,1,0
201,17,293.60,637.93,14.01,11.51,1,0,0
201,15,1620.75,565.27,8.27,16.76,1,3,0
202,10,1234.23,561.69,48.11,27.98,1,5,0
202,17,291.87,641.71,14.02,12.16,1,0,0
202,15,1621.30,551.72,7.52,14.20,1,3,0
203,10,1254.26,604.47,48.27,28.53,1,5,0
203,17,304.87,694.58,14.87,11.75,1,0,0
203,15,1645.32,588.62,8.74,17.34,1,3,0
204,10,1263.67,599.23,47.53,27.67,1,5,0
204,17,312.70,677.65,13.82,11.40,1,0,0
204,15,1660.39,590.33,7.17,12.89,1,3,0
204,11,288.58,682.94,17.70,6.85,1,1,0
205,10,1259.61,490.19,49.99,26.34,1,5,0
205,17,303.79,552.27,18.78,13.20,1,0,0
205,15,1657.47,487.47,7.91,11.98,1,3,0
206,10,1268.39,540.81,48.52,27.19,1,5,0
206,15,1671.38,530.86,8.68,13.21,1,3,0
207,10,1279.16,638.13,48.53,27.46,1,5,0
207,15,1686.69,627.19,7.81,14.08,1,3,0
207,11,298.24,721.39,14.57,8.83,1,1,0
207,17,313.95,719.61,14.38,10.01,1,0,0
208,10,1282.09,633.88,50.63,29.33,1,5,0
208,15,1692.17,627.29,8.95,16.52,1,3,0
208,17,315.83,704.12,13.90,11.68,1,0,0
209,10,1283.01,637.17,51.11,29.13,1,5,0
209,15,1697.59,631.65,8.63,16.03,1,3,0
209,17,312.35,702.25,12.87,10.30,1,0,0
209,11,289.57,705.33,17.59,7.82,1,1,0
210,10,1287.51,635.08,50.56,29.25,1,5,0
210,15,1705.38,625.16,8.64,16.70,1,3,0
210,17,313.15,707.44,13.45,11.49,1,0,0
210,11,289.19,710.49,18.81,9.78,1,1,0
211,15,1898.18,626.58,9.12,17.33,1,3,0
211,2,1453.31,634.36,53.50,29.18,1,5,0
211,3,479.76,696.01,15.23,10.62,1,0,0
214,19,1158.04,720.24,14.30,10.13,1,0,0
215,19,1167.83,743.73,14.05,10.32,1,0,0
216,19,1165.04,702.40,12.73,9.60,1,0,0
217,19,1158.57,613.16,12.37,10.23,1,0,0
218,19,1166.41,647.25,13.68,9.88,1,0,0
219,19,1171.84,694.48,14.95,10.04,1,0,0
220,19,1171.79,691.43,13.10,9.80,1,0,0
221,19,1172.38,654.32,13.52,10.25,1,0,0
221,21,1157.07,657.89,14.42,6.72,1,1,0
222,19,1167.64,628.67,13.66,10.66,1,0,0
222,21,1152.72,631.91,13.57,7.30,1,1,0
223,21,1154.37,639.61,12.12,10.78,1,0,0
224,21,1145.90,678.24,13.02,11.98,1,0,0
224,19,1130.78,681.79,13.63,7.29,1,1,0
226,21,1145.84,677.17,11.88,11.20,1,0,0
226,19,1126.28,681.04,15.93,8.40,1,1,0
227,21,1135.88,677.71,13.38,10.09,1,0,0
227,19,1119.79,681.18,12.88,6.97,1,1,0
230,21,1130.33,678.13,12.38,10.46,1,0,0
230,19,1113.23,681.80,14.29,7.58,1,1,0
231,21,1119.77,681.77,12.86,10.21,1,0,0
231,19,1104.03,684.51,14.47,7.99,1,1,0
234,21,1125.97,676.92,13.82,10.92,1,0,0
234,19,1111.49,680.58,14.06,7.56,1,1,0
235,21,1114.22,681.29,13.54,9.42,1,0,0
235,19,1100.39,684.24,13.28,6.87,1,1,0
238,21,1114.92,679.41,13.40,9.31,1,0,0
239,21,1098.33,679.20,13.73,9.70,1,0,0
239,19,1085.98,682.94,12.52,6.44,1,1,0
242,21,1108.77,676.38,13.13,10.64,1,0,0
242,19,1093.48,679.81,12.70,7.87,1,1,0
243,21,1090.86,681.16,13.32,10.39,1,0,0
243,19,1076.28,685.73,13.68,6.63,1,1,0
246,21,1094.90,676.35,14.34,10.39,1,0,0
246,19,1080.75,679.54,12.50,7.87,1,1,0
247,21,1081.63,680.29,13.47,11.11,1,0,0
247,19,1065.41,684.81,15.35,6.63,1,1,0
250,2,1321.25,505.75,66.51,33.15,1,5,0
250,3,145.36,615.02,18.29,11.60,1,0,0
251,2,1138.65,492.83,65.07,32.59,1,5,0
252,2,1103.36,522.27,63.99,32.63,1,5,0
253,2,1111.68,523.05,65.00,33.70,1,5,0
254,2,1113.47,455.74,63.10,32.32,1,5,0
254,24,1692.19,432.20,9.83,15.46,1,3,0
255,2,1147.50,494.90,65.00,34.19,1,5,0
256,2,1164.53,567.22,65.88,32.75,1,5,0
257,2,1183.39,594.77,64.69,31.42,1,5,0
257,24,1780.30,544.90,10.88,18.68,1,3,0
258,2,1182.21,494.45,64.75,31.03,1,5,0
258,24,1784.38,470.28,11.30,18.77,1,3,0
259,2,1190.81,446.99,64.85,34.46,1,5,0
259,24,1798.74,421.53,11.47,17.24,1,3,0
260,2,1212.66,540.72,65.51,33.11,1,5,0
261,2,1151.57,561.99,66.23,33.42,1,5,0
261,24,1756.41,520.27,12.13,17.93,1,3,0
262,2,1130.90,554.21,66.18,33.14,1,5,0
262,24,1738.20,516.85,9.11,16.41,1,3,0
263,2,1127.99,593.23,64.18,32.08,1,5,0
263,24,1739.19,565.60,11.41,18.29,1,3,0
264,2,1122.72,634.23,65.98,33.04,1,5,0
264,24,1737.41,607.14,10.40,19.93,1,3,0
265,2,1125.43,629.23,67.51,34.31,1,5,0
265,24,1743.02,595.59,10.14,19.79,1,3,0
266,2,1127.70,674.81,68.84,33.23,1,5,0
266,24,1747.43,629.64,10.83,20.64,1,3,0
267,2,1127.23,690.14,66.80,34.56,1,5,0
267,24,1749.18,652.40,11.38,21.01,1,3,0
268,2,1126.11,639.95,67.54,34.40,1,5,0
268,24,1750.92,614.09,10.68,19.29,1,3,0
269,2,1122.42,602.90,69.57,33.52,1,5,0
269,24,1752.18,574.66,9.93,19.02,1,3,0
270,2,1126.23,602.96,68.10,36.40,1,5,0
270,24,1755.62,569.40,10.93,20.13,1,3,0
271,2,1130.64,629.73,67.66,36.03,1,5,0
271,24,1762.00,588.53,10.95,21.13,1,3,0
272,2,1131.37,655.59,68.23,34.83,1,5,0
272,24,1765.06,612.86,11.59,20.22,1,3,0
273,2,1129.92,658.02,68.85,34.35,1,5,0
273,24,1765.93,622.95,11.90,20.91,1,3,0
274,2,1124.05,634.80,68.93,35.35,1,5,0
274,24,1763.25,609.26,10.85,20.84,1,3,0
275,2,1128.02,613.61,68.84,35.55,1,5,0
275,24,1769.84,592.38,10.82,19.74,1,3,0
276,2,1128.54,612.15,68.66,35.45,1,5,0
277,2,1128.66,624.35,69.79,35.51,1,5,0
277,24,1773.96,587.57,11.29,21.02,1,3,0
278,2,1137.49,659.93,70.15,35.47,1,5,0
278,24,1787.53,609.48,10.93,20.40,1,3,0
279,2,1144.16,671.54,70.99,35.54,1,5,0
279,24,1797.74,621.33,10.95,20.87,1,3,0
280,2,1148.22,629.50,69.88,34.13,1,5,0
280,24,1803.15,588.31,11.10,19.95,1,3,0
281,2,1145.63,570.33,69.94,36.16,1,5,0
281,24,1802.36,530.14,10.66,19.62,1,3,0
282,2,1111.70,565.10,70.11,35.73,1,5,0
282,24,1763.99,517.03,10.56,19.05,1,3,0
283,2,1107.30,590.17,72.18,37.55,1,5,0
283,24,1760.79,542.48,10.94,20.34,1,3,0
284,2,1101.06,617.62,69.63,35.69,1,5,0
284,24,1757.15,587.90,11.21,19.51,1,3,0
285,2,1097.26,633.89,69.14,34.23,1,5,0
285,24,1755.14,610.01,10.87,20.39,1,3,0
286,2,1090.48,620.95,68.34,34.05,1,5,0
287,2,1087.76,637.43,69.96,35.26,1,5,0
288,2,1092.46,683.29,70.86,35.52,1,5,0
288,24,1758.57,651.59,9.99,19.04,1,3,0
289,2,1092.66,688.57,70.26,34.86,1,5,0
289,24,1759.76,659.73,10.62,21.75,1,3,0
290,2,1088.92,644.91,70.17,34.07,1,5,0
290,24,1758.04,625.40,10.15,17.76,1,3,0
291,2,1091.84,619.52,69.69,35.66,1,5,0
291,24,1761.15,592.95,11.46,21.68,1,3,0
292,2,1096.53,635.51,70.95,35.81,1,5,0
292,24,1770.23,606.97,10.78,19.86,1,3,0
293,2,1092.42,641.52,71.02,35.15,1,5,0
293,24,1767.63,613.32,10.40,20.00,1,3,0
294,2,1091.15,630.38,71.91,35.63,1,5,0
294,24,1768.25,596.38,10.42,19.50,1,3,0
295,2,1094.07,649.47,73.45,37.14,1,5,0
296,2,1095.36,665.91,73.37,38.64,1,5,0
296,24,1775.84,624.03,10.85,19.93,1,3,0
297,2,1090.79,650.17,72.13,36.47,1,5,0
297,24,1771.26,606.68,11.20,19.88,1,3,0
298,2,1082.78,598.23,72.51,36.07,1,5,0
298,24,1763.22,551.77,10.81,20.37,1,3,0
299,2,1076.74,566.14,71.42,37.99,1,5,0
299,24,1758.26,518.67,9.80,19.70,1,3,0
300,2,1068.66,550.39,73.34,36.84,1,5,0
300,24,1750.82,504.77,10.36,17.90,1,3,0
301,2,1063.59,560.64,72.20,37.39,1,5,0
301,24,1745.29,514.18,11.67,20.52,1,3,0
302,2,1053.66,594.98,73.16,36.95,1,5,0
302,24,1736.04,551.79,10.83,20.97,1,3,0
303,2,1040.93,632.77,73.19,35.14,1,5,0
303,24,1725.17,592.19,11.45,21.22,1,3,0
304,2,1020.32,645.12,72.31,35.81,1,5,0
304,24,1703.85,615.84,10.57,20.70,1,3,0
305,2,1003.26,623.56,73.13,35.29,1,5,0
305,24,1687.01,599.52,10.71,20.43,1,3,0
306,2,984.65,608.03,72.92,35.75,1,5,0
306,24,1667.54,584.09,10.43,20.95,1,3,0
307,2,969.96,602.52,72.46,37.03,1,5,0
308,2,952.68,592.13,74.31,37.78,1,5,0
308,24,1633.75,563.74,10.47,20.37,1,3,0
309,2,936.14,591.00,73.90,36.45,1,5,0
309,24,1616.31,555.12,9.87,20.42,1,3,0
310,2,913.76,607.70,74.14,36.62,1,5,0
310,24,1592.40,568.32,10.03,19.29,1,3,0
311,2,891.24,607.11,74.33,36.99,1,5,0
311,24,1568.21,566.86,9.99,19.79,1,3,0
312,2,870.49,591.35,74.39,37.26,1,5,0
312,24,1546.54,548.89,9.97,19.89,1,3,0
313,2,835.77,579.33,77.37,40.18,1,5,0
313,24,1511.71,542.52,10.59,19.51,1,3,0
314,2,832.73,629.44,73.06,36.08,1,5,0
314,24,1511.43,604.88,10.15,17.56,1,3,0
315,2,839.87,719.63,74.67,36.13,1,5,0
315,24,1523.62,724.12,11.25,21.70,1,3,0
316,2,855.84,789.72,74.73,35.38,1,5,0
316,24,1549.56,813.86,10.34,21.82,1,3,0
317,24,1524.80,818.90,82.33,41.04,1,5,0
319,26,807.29,690.39,18.24,10.88,1,1,0
319,27,831.02,689.11,15.94,12.03,1,0,0
320,26,840.85,735.84,19.81,8.26,1,1,0
320,27,862.78,732.66,15.74,10.19,1,0,0
321,26,851.91,781.78,18.55,8.16,1,1,0
321,27,873.00,778.13,16.15,10.43,1,0,0
322,27,876.64,780.98,17.22,11.65,1,0,0
323,27,870.49,754.35,16.70,11.25,1,0,0
323,26,849.25,757.78,16.57,7.95,1,1,0
324,27,844.75,700.45,15.95,10.94,1,0,0
324,26,822.88,703.44,18.79,7.67,1,1,0
325,27,821.05,663.10,16.76,10.62,1,0,0
325,26,799.81,664.82,14.88,7.52,1,1,0
326,27,812.75,678.31,16.91,9.62,1,0,0
327,27,803.38,724.37,15.01,9.39,1,0,0
328,27,797.60,718.05,16.36,10.51,1,0,0
328,26,771.18,719.66,22.29,7.57,1,1,0
329,27,798.88,689.71,15.60,10.91,1,0,0
329,26,774.12,690.43,18.06,8.93,1,1,0
332,30,1147.37,614.61,78.66,37.80,1,5,0
333,30,1145.14,612.37,79.92,40.76,1,5,0
333,31,1904.07,551.14,12.50,22.01,1,3,0
334,30,1132.06,652.63,78.62,39.72,1,5,0
334,31,1890.02,591.99,12.34,22.27,1,3,0
335,30,1109.01,616.07,78.12,39.24,1,5,0
335,31,1866.92,574.77,11.69,21.72,1,3,0
336,30,1092.71,576.01,77.31,38.24,1,5,0
336,31,1848.05,548.68,12.24,22.18,1,3,0
337,30,1082.11,577.76,79.04,37.55,1,5,0
337,31,1837.16,548.81,13.21,21.77,1,3,0
338,30,1077.09,664.24,79.85,36.75,1,5,0
338,31,1835.16,624.80,11.81,21.38,1,3,0
339,30,1065.02,705.71,79.91,38.19,1,5,0
339,31,1823.71,664.66,11.45,21.58,1,3,0
340,30,1051.02,689.86,78.56,39.20,1,5,0
340,31,1806.36,646.97,11.88,21.60,1,3,0
341,30,1026.48,637.03,78.59,39.34,1,5,0
341,31,1779.18,590.07,10.79,18.40,1,3,0
342,30,1010.20,598.41,77.84,37.63,1,5,0
342,31,1762.37,553.23,10.89,21.38,1,3,0
343,30,999.48,597.92,80.44,37.95,1,5,0
343,31,1753.34,556.38,11.75,22.05,1,3,0
344,30,985.55,658.19,81.80,38.27,1,5,0
344,31,1739.96,615.52,10.78,21.65,1,3,0
345,30,958.82,654.23,79.26,36.33,1,5,0
345,31,1712.59,616.85,10.23,19.89,1,3,0
346,30,940.29,616.43,78.91,36.78,1,5,0
346,31,1691.91,572.81,10.48,22.27,1,3,0
347,30,923.06,623.14,80.27,39.03,1,5,0
347,31,1673.86,576.14,11.07,21.37,1,3,0
348,30,910.56,634.60,79.67,39.98,1,5,0
348,31,1663.10,594.35,10.63,21.18,1,3,0
349,30,902.79,636.38,80.90,39.23,1,5,0
349,31,1657.30,604.03,10.96,21.69,1,3,0
350,30,891.77,655.38,79.96,38.24,1,5,0
350,31,1647.32,629.96,11.30,21.58,1,3,0
351,30,876.80,682.15,80.45,37.85,1,5,0
351,31,1633.82,662.49,10.55,20.41,1,3,0
352,30,864.21,682.56,80.18,38.28,1,5,0
352,31,1621.66,662.44,10.59,22.09,1,3,0
353,30,918.10,667.38,79.72,38.04,1,5,0
353,31,1683.94,655.34,11.27,21.83,1,3,0
354,30,1039.24,671.93,80.97,37.73,1,5,0
354,31,1825.42,662.65,12.09,22.33,1,3,0
355,30,1096.59,689.49,81.29,37.28,1,5,0
355,31,1897.48,686.61,11.51,22.02,1,3,0
356,30,1113.79,708.69,82.32,37.27,1,5,0
357,30,1122.68,708.76,82.31,38.36,1,5,0
358,30,1131.81,667.62,81.34,37.92,1,5,0
359,30,1147.96,668.13,82.62,38.26,1,5,0
360,30,1168.96,721.11,82.69,37.71,1,5,0
361,30,1192.93,751.78,83.77,37.37,1,5,0
362,30,1210.32,754.01,84.10,37.12,1,5,0
363,30,1230.49,721.98,83.75,36.85,1,5,0
364,30,1258.24,681.68,85.02,39.08,1,5,0
365,30,1291.21,657.18,84.19,36.89,1,5,0
366,30,1321.95,652.31,84.40,38.85,1,5,0
367,30,1349.18,693.82,85.36,38.77,1,5,0
368,30,1376.87,716.94,88.24,39.73,1,5,0
369,30,1399.80,694.32,88.47,38.64,1,5,0
370,30,1418.44,683.88,87.16,38.40,1,5,0
371,30,1436.60,686.49,88.66,40.48,1,5,0
372,30,1460.84,684.92,90.00,41.21,1,5,0
373,30,1486.78,675.53,90.44,41.18,1,5,0
374,30,1519.06,680.70,91.57,40.51,1,5,0
375,30,1553.09,713.85,93.01,41.47,1,5,0
376,30,1581.29,722.40,95.57,43.26,1,5,0
376,32,77.41,830.10,20.65,12.73,1,0,0
377,30,1619.35,669.73,94.67,43.24,1,5,0
377,32,122.01,789.94,23.27,13.40,1,0,0
378,30,1653.28,585.70,97.95,43.47,1,5,0
378,32,162.42,679.08,19.03,12.40,1,0,0
379,30,1680.53,578.57,97.92,41.43,1,5,0
379,32,188.48,657.25,19.72,11.82,1,0,0
379,34,131.17,659.17,24.79,11.61,1,1,0
380,30,1711.73,642.95,99.26,43.15,1,5,0
380,34,158.49,704.87,20.75,8.84,1,1,0
381,30,1742.62,711.20,100.25,43.50,1,5,0
381,34,179.95,757.76,22.60,10.44,1,1,0
382,30,1780.50,766.10,102.03,43.41,1,5,0
383,30,1814.57,758.02,103.52,45.39,1,5,0
384,30,1838.94,679.99,81.06,45.21,1,5,0
385,26,399.33,677.40,16.10,11.59,1,0,0
387,36,1129.67,686.25,24.28,13.04,1,0,0
388,36,1176.04,756.00,16.43,12.46,1,0,0
390,27,525.70,863.41,19.33,13.50,1,0,0
392,37,1144.50,666.09,89.80,41.97,1,5,0
393,37,1142.11,651.91,88.15,42.74,1,5,0
394,37,1173.34,676.96,90.50,43.33,1,5,0
395,37,1191.59,694.55,90.93,43.90,1,5,0
396,37,1195.19,623.01,91.91,45.58,1,5,0
397,37,1209.71,629.29,92.51,44.93,1,5,0
398,37,1215.50,610.07,91.17,45.55,1,5,0
399,37,1220.88,600.18,92.04,44.50,1,5,0
400,37,1228.40,607.32,91.80,44.12,1,5,0
401,37,1131.86,659.77,91.28,42.35,1,5,0
402,37,1122.54,677.06,91.08,45.15,1,5,0
403,37,1132.48,636.47,92.56,44.28,1,5,0
404,37,1148.00,579.54,93.02,42.06,1,5,0
405,37,1158.24,552.21,91.30,45.07,1,5,0
406,37,1179.05,566.95,92.47,47.57,1,5,0
407,37,1202.56,585.42,92.41,46.53,1,5,0
408,37,1221.60,595.48,92.11,45.66,1,5,0
409,37,1233.25,591.18,93.71,43.64,1,5,0
410,37,1243.94,585.67,93.71,45.78,1,5,0
411,37,1207.64,585.47,91.61,44.66,1,5,0
412,37,1113.23,581.01,91.28,44.87,1,5,0
413,37,1105.89,572.61,92.55,46.60,1,5,0
414,37,1112.35,561.77,92.15,47.78,1,5,0
415,37,1119.34,518.39,93.39,48.03,1,5,0
416,37,1122.53,486.68,93.80,46.53,1,5,0
417,37,1095.86,482.85,91.87,43.28,1,5,0
418,37,1069.07,505.23,92.39,46.67,1,5,0
419,37,1046.80,556.95,91.56,43.03,1,5,0
420,37,1025.28,609.03,93.40,43.38,1,5,0
421,37,1012.78,602.08,92.30,43.28,1,5,0
422,37,993.36,592.57,93.43,44.66,1,5,0
423,37,978.87,599.15,92.81,46.12,1,5,0
423,38,1884.56,517.85,13.90,25.08,1,3,0
424,37,972.78,602.09,92.75,47.00,1,5,0
424,38,1874.31,504.99,14.43,24.27,1,3,0
425,37,969.86,583.62,92.70,48.40,1,5,0
425,38,1872.01,485.18,13.89,24.39,1,3,0
426,37,964.61,538.40,93.03,46.89,1,5,0
426,38,1870.85,455.73,13.58,23.27,1,3,0
427,37,961.27,492.21,94.74,46.71,1,5,0
427,38,1871.56,422.84,13.95,24.00,1,3,0
428,37,961.46,479.31,93.29,45.84,1,5,0
428,38,1872.84,400.80,13.74,23.68,1,3,0
429,37,959.21,512.20,96.15,47.38,1,5,0
429,38,1870.30,421.91,13.69,23.26,1,3,0
430,37,954.36,531.52,95.18,48.52,1,5,0
430,38,1865.89,452.49,14.20,23.94,1,3,0
431,37,945.24,538.08,94.67,46.79,1,5,0
431,38,1857.64,467.25,14.27,23.57,1,3,0
432,37,936.66,544.00,93.63,47.26,1,5,0
432,38,1847.82,469.87,13.92,24.32,1,3,0
433,37,927.66,570.43,93.35,46.33,1,5,0
433,38,1837.14,495.12,14.13,23.81,1,3,0
434,37,909.83,590.18,96.40,45.67,1,5,0
434,38,1818.62,520.17,14.56,25.32,1,3,0
435,37,897.13,576.97,95.57,47.56,1,5,0
435,38,1807.98,513.95,13.01,23.26,1,3,0
436,37,886.38,552.88,94.54,48.44,1,5,0
436,38,1795.08,487.60,13.33,22.89,1,3,0
437,37,874.14,533.91,95.87,48.82,1,5,0
437,38,1783.55,459.00,12.21,23.26,1,3,0
438,37,865.64,540.77,96.22,48.28,1,5,0
438,38,1773.65,455.50,12.70,22.87,1,3,0
439,37,862.74,561.77,95.86,48.00,1,5,0
439,38,1770.74,480.42,14.02,24.05,1,3,0
440,37,860.91,586.26,96.36,47.39,1,5,0
440,38,1772.30,522.12,13.41,23.85,1,3,0
441,37,861.29,611.33,96.58,45.82,1,5,0
441,38,1775.74,552.65,12.80,23.93,1,3,0
442,37,862.28,661.77,96.26,44.73,1,5,0
442,38,1778.93,604.35,12.60,24.01,1,3,0
443,37,856.35,680.44,97.96,45.98,1,5,0
443,38,1777.45,633.99,12.07,22.60,1,3,0
444,37,849.50,660.11,96.80,43.56,1,5,0
444,38,1770.10,614.79,13.43,24.05,1,3,0
445,37,842.46,590.22,98.86,48.56,1,5,0
445,38,1760.98,537.73,12.94,23.26,1,3,0
446,37,836.78,526.92,97.40,47.33,1,5,0
446,38,1753.65,451.59,12.16,19.56,1,3,0
447,37,834.08,502.67,96.45,46.18,1,5,0
447,38,1752.18,410.80,10.46,18.00,1,3,0
448,37,835.00,525.51,97.45,47.55,1,5,0
448,38,1752.86,427.06,12.72,23.74,1,3,0
449,37,835.76,574.66,96.42,45.70,1,5,0
449,38,1754.63,482.07,13.08,23.88,1,3,0
450,37,826.06,616.60,97.28,46.55,1,5,0
450,38,1751.98,560.07,12.50,21.99,1,3,0
451,37,810.88,633.84,97.66,43.84,1,5,0
451,38,1737.95,603.04,12.33,19.15,1,3,0
452,37,797.72,626.84,97.74,43.21,1,5,0
452,38,1723.55,591.17,12.23,23.30,1,3,0
453,37,787.78,614.71,99.77,45.14,1,5,0
453,38,1713.28,560.63,11.86,24.44,1,3,0
457,40,998.04,756.03,29.28,8.98,1,1,0
458,40,969.95,719.78,22.44,8.77,1,1,0
459,40,949.35,704.81,29.87,11.56,1,1,0
460,40,935.66,705.08,26.08,10.69,1,1,0
461,40,933.86,689.28,21.28,9.43,1,1,0
461,41,969.48,688.45,17.10,11.99,1,0,0
462,40,922.28,708.17,25.45,10.31,1,1,0
462,41,963.55,707.70,15.67,12.08,1,0,0
463,41,958.08,723.33,16.60,11.44,1,0,0
464,41,948.88,726.92,16.66,11.19,1,0,0
464,40,913.55,728.59,21.04,8.03,1,1,0
465,41,940.90,737.19,17.50,12.00,1,0,0
465,42,958.90,742.51,11.89,7.27,1,1,0
465,40,903.77,738.19,22.21,9.55,1,1,0
466,41,937.14,741.53,16.43,11.85,1,0,0
467,41,935.58,717.67,16.54,11.21,1,0,0
