1,1,203.44,1003.38,74.94,19.57,1,0,0
1,2,854.50,946.46,92.13,19.85,1,0,0
2,1,207.18,985.69,75.54,21.44,1,0,0
2,2,858.33,909.26,88.17,20.08,1,0,0
3,1,205.25,986.40,74.32,20.92,1,0,0
3,2,855.47,907.51,90.15,20.94,1,0,0
4,1,185.06,963.70,74.93,21.15,1,0,0
4,2,838.31,879.88,91.04,22.27,1,0,0
5,1,200.95,992.74,75.37,21.71,1,0,0
5,2,853.08,910.23,92.06,21.60,1,0,0
6,1,223.10,1015.61,79.20,20.75,1,0,0
6,2,877.48,955.69,91.39,20.42,1,0,0
7,1,235.23,987.35,75.69,19.02,1,0,0
7,2,888.72,945.53,88.59,17.69,1,0,0
8,1,236.80,931.56,74.29,18.11,1,0,0
8,2,884.00,897.04,92.16,18.10,1,0,0
9,1,235.61,854.90,75.26,18.67,1,0,0
9,2,885.38,817.66,87.79,18.45,1,0,0
10,1,219.32,874.48,75.85,18.89,1,0,0
10,2,871.09,831.17,91.77,18.51,1,0,0
11,1,238.91,967.05,77.17,20.13,1,0,0
11,2,888.54,919.32,93.81,19.42,1,0,0
12,1,269.34,1043.70,81.56,21.22,1,0,0
12,2,917.85,990.36,94.36,20.39,1,0,0
13,1,300.39,1112.79,76.98,18.96,1,0,0
13,2,945.85,1050.57,94.51,21.30,1,0,0
14,1,315.87,1125.17,68.63,18.34,1,0,0
14,2,956.43,1061.06,94.41,21.41,1,0,0
15,1,315.29,1098.15,73.21,19.54,1,0,0
15,2,958.30,1027.35,93.23,21.02,1,0,0
16,1,298.77,1020.44,72.65,18.23,1,0,0
16,2,940.34,941.46,90.49,22.28,1,0,0
17,1,263.09,880.90,73.73,19.60,1,0,0
17,2,908.18,813.09,91.56,22.04,1,0,0
18,1,244.14,840.82,76.40,19.73,1,0,0
18,2,892.28,787.31,95.02,21.32,1,0,0
19,1,251.14,950.47,75.66,20.13,1,0,0
19,2,903.68,909.81,93.44,19.23,1,0,0
20,1,248.81,1037.96,78.81,20.04,1,0,0
20,2,908.09,997.21,93.10,19.10,1,0,0
21,1,245.50,1047.16,76.89,20.50,1,0,0
21,2,902.99,995.94,92.78,20.17,1,0,0
22,1,243.66,969.19,75.41,19.69,1,0,0
22,2,896.33,910.65,94.73,20.36,1,0,0
23,1,254.43,957.35,78.04,19.14,1,0,0
23,2,908.40,907.41,95.19,22.14,1,0,0
24,1,264.74,975.98,76.39,20.62,1,0,0
24,2,917.54,925.86,93.50,20.19,1,0,0
25,1,270.43,949.82,72.63,20.20,1,0,0
25,2,919.62,881.03,92.26,20.72,1,0,0
26,1,283.60,921.13,72.18,20.33,1,0,0
26,2,925.70,840.49,93.95,23.35,1,0,0
27,1,308.99,956.06,75.45,21.31,1,0,0
27,2,952.53,884.43,91.50,23.67,1,0,0
28,1,352.96,1020.69,66.05,17.61,1,0,0
28,2,990.13,957.52,92.98,21.84,1,0,0
29,1,370.20,1030.46,67.98,18.43,1,0,0
29,2,1007.86,977.80,94.21,22.32,1,0,0
30,1,378.74,980.92,72.13,20.13,1,0,0
30,2,1014.25,942.57,91.81,18.33,1,0,0
31,1,376.08,915.85,73.51,18.20,1,0,0
31,2,1009.90,879.74,94.91,20.35,1,0,0
32,1,370.10,864.12,72.38,17.85,1,0,0
32,2,1003.67,825.34,92.92,20.24,1,0,0
33,1,357.54,873.09,72.50,18.95,1,0,0
33,2,996.05,824.93,93.04,18.76,1,0,0
34,1,359.52,919.74,73.64,19.93,1,0,0
34,2,997.99,854.26,92.31,20.88,1,0,0
35,1,403.78,1005.39,71.00,19.79,1,0,0
35,2,1036.83,937.37,92.94,22.23,1,0,0
36,1,435.95,1059.51,73.46,19.41,1,0,0
36,2,1068.17,996.60,94.25,24.26,1,0,0
37,1,450.85,1030.84,70.21,19.75,1,0,0
37,2,1079.76,976.13,91.52,21.21,1,0,0
38,1,441.86,937.67,73.11,18.01,1,0,0
38,2,1071.76,895.93,91.55,19.87,1,0,0
39,1,432.50,842.79,70.34,16.23,1,0,0
39,2,1060.43,815.76,91.87,19.03,1,0,0
40,1,420.23,802.58,71.60,16.79,1,0,0
40,2,1050.36,783.44,93.41,18.20,1,0,0
41,1,396.11,824.46,70.16,17.95,1,0,0
41,2,1029.28,789.03,94.00,19.41,1,0,0
42,1,382.04,907.83,72.38,20.09,1,0,0
42,2,1022.16,848.95,91.48,23.17,1,0,0
43,2,1044.69,975.24,91.31,21.43,1,0,0
44,2,1053.64,1012.24,94.12,21.64,1,0,0
44,1,411.28,1071.58,74.15,17.71,1,0,0
45,2,1047.63,987.66,95.43,20.57,1,0,0
45,1,407.75,1030.04,71.00,17.91,1,0,0
46,2,1039.09,922.88,93.19,18.89,1,0,0
46,1,397.42,954.37,71.24,17.64,1,0,0
47,2,1026.10,866.42,97.04,19.98,1,0,0
47,1,385.24,889.05,73.94,17.38,1,0,0
48,2,1022.40,840.18,95.23,19.04,1,0,0
48,1,379.49,862.28,72.61,17.64,1,0,0
49,2,1022.68,821.73,95.18,19.80,1,0,0
49,1,380.49,849.72,73.93,17.56,1,0,0
50,2,1036.96,835.07,95.87,20.11,1,0,0
50,1,396.26,876.44,71.94,19.25,1,0,0
51,2,1058.05,876.14,95.25,21.19,1,0,0
51,1,418.39,927.81,73.45,19.89,1,0,0
52,2,1085.81,920.27,95.39,23.38,1,0,0
52,1,449.09,980.84,72.62,20.03,1,0,0
53,2,1106.96,956.07,95.49,21.58,1,0,0
53,1,472.08,1017.44,72.24,20.48,1,0,0
54,2,1116.44,955.81,91.35,23.25,1,0,0
54,1,477.89,1020.22,71.34,21.49,1,0,0
55,2,1112.22,906.87,93.49,20.58,1,0,0
55,1,478.59,967.21,70.51,18.93,1,0,0
56,2,1099.21,839.39,93.47,20.02,1,0,0
56,1,463.60,888.98,72.96,18.67,1,0,0
57,2,1089.24,804.67,94.26,20.67,1,0,0
57,1,453.76,839.14,70.81,17.39,1,0,0
58,2,1097.91,808.24,93.71,18.98,1,0,0
58,1,461.74,826.32,70.37,17.78,1,0,0
59,2,1106.00,851.82,96.39,18.89,1,0,0
59,1,471.03,865.05,72.06,17.55,1,0,0
60,2,1117.81,846.77,92.26,18.84,1,0,0
60,1,476.26,870.98,71.21,16.89,1,0,0
61,2,1129.06,848.69,93.39,17.61,1,0,0
61,1,494.35,882.77,70.24,18.53,1,0,0
62,2,1146.99,904.48,97.06,20.32,1,0,0
62,1,517.76,941.22,68.98,17.10,1,0,0
63,2,1157.35,918.65,95.63,20.50,1,0,0
63,1,525.92,965.55,69.80,18.39,1,0,0
64,2,1159.64,905.87,94.43,21.71,1,0,0
64,1,526.34,966.15,70.66,18.36,1,0,0
65,2,1152.38,872.92,92.73,21.55,1,0,0
65,1,520.06,938.81,67.82,18.32,1,0,0
66,2,1154.73,876.16,94.16,21.23,1,0,0
66,1,521.74,936.91,70.76,18.84,1,0,0
67,2,1167.88,928.92,96.90,22.05,1,0,0
67,1,532.76,979.51,72.16,17.62,1,0,0
68,2,1179.84,946.26,95.66,22.04,1,0,0
68,1,544.78,997.15,70.62,18.67,1,0,0
69,2,1185.76,942.55,93.14,21.12,1,0,0
69,1,547.50,997.47,69.94,19.61,1,0,0
70,2,1177.21,885.82,95.39,22.35,1,0,0
70,1,544.24,951.94,70.04,18.80,1,0,0
71,2,1165.41,782.38,95.03,22.98,1,0,0
71,1,533.38,856.52,70.53,19.14,1,0,0
72,2,1185.30,806.32,95.22,22.56,1,0,0
72,1,556.28,874.59,67.87,18.77,1,0,0
73,2,1234.89,991.89,97.29,23.40,1,0,0
74,2,1277.50,937.81,97.88,25.26,1,0,0
74,1,650.57,1015.60,69.03,19.81,1,0,0
75,2,1272.88,886.94,96.74,25.09,1,0,0
75,1,647.85,973.98,67.59,19.35,1,0,0
76,2,1265.90,835.56,97.12,27.53,1,0,0
76,1,641.79,928.95,67.57,21.31,1,0,0
77,2,1266.93,820.76,96.66,27.18,1,0,0
77,1,643.52,915.01,65.95,19.65,1,0,0
78,2,1311.58,940.89,97.49,23.16,1,0,0
78,1,685.66,1018.18,67.13,20.54,1,0,0
79,2,1344.09,1025.87,100.26,22.33,1,0,0
79,1,714.84,1084.86,67.51,17.82,1,0,0
80,2,1346.63,1005.91,100.25,20.84,1,0,0
80,1,716.78,1054.77,67.77,17.48,1,0,0
81,2,1334.50,912.07,98.51,21.91,1,0,0
81,1,707.33,963.15,66.46,16.38,1,0,0
82,2,1314.79,786.83,97.27,21.02,1,0,0
82,1,687.34,836.59,67.28,16.08,1,0,0
83,2,1300.98,778.61,99.25,22.18,1,0,0
83,1,672.43,825.90,67.09,17.57,1,0,0
84,2,1301.29,881.99,98.82,21.97,1,0,0
84,1,670.33,935.93,67.09,18.06,1,0,0
85,2,1306.28,930.99,99.22,24.22,1,0,0
85,1,673.32,1003.69,70.24,17.99,1,0,0
86,2,1309.09,916.92,96.62,26.14,1,0,0
86,1,673.90,1009.12,69.86,21.58,1,0,0
87,2,1334.19,903.88,75.78,19.12,1,0,0
87,1,682.50,995.73,67.58,20.28,1,0,0
88,2,1348.31,944.68,72.99,19.84,1,0,0
88,1,685.14,1018.99,67.85,18.75,1,0,0
89,2,1343.31,928.84,74.07,20.18,1,0,0
89,1,680.17,1000.80,66.71,18.35,1,0,0
90,2,1328.62,892.08,71.86,20.80,1,0,0
90,1,669.03,960.62,67.87,19.10,1,0,0
91,1,650.80,900.14,69.74,20.04,1,0,0
92,1,649.73,907.33,65.52,18.89,1,0,0
92,2,1257.79,819.13,80.99,24.11,1,0,0
93,1,676.01,1012.80,71.04,20.81,1,0,0
93,2,1338.11,917.89,75.12,20.71,1,0,0
94,1,701.05,1079.28,68.64,19.98,1,0,0
94,2,1354.09,984.20,86.78,20.85,1,0,0
95,1,697.15,1045.79,69.15,20.63,1,0,0
95,2,1362.93,965.37,75.99,21.48,1,0,0
96,1,672.60,932.56,69.60,21.09,1,0,0
96,2,1337.94,838.01,70.96,18.99,1,0,0
97,1,630.76,780.53,67.61,18.46,1,0,0
97,2,1271.28,695.44,98.25,27.90,1,0,0
98,1,595.45,828.66,70.35,18.92,1,0,0
98,2,1241.83,746.31,99.60,27.77,1,0,0
99,1,569.23,973.31,70.17,20.36,1,0,0
99,2,1223.03,880.60,100.72,26.27,1,0,0
100,1,562.37,1057.93,72.99,22.92,1,0,0
100,2,1219.46,960.33,101.49,28.04,1,0,0
101,1,559.64,1060.77,70.88,21.13,1,0,0
101,2,1219.25,966.11,100.50,28.20,1,0,0
102,1,554.17,1016.46,71.69,21.46,1,0,0
102,2,1213.57,932.28,100.92,26.51,1,0,0
103,1,542.68,977.23,71.55,20.09,1,0,0
103,2,1203.61,909.40,100.69,23.58,1,0,0
104,1,525.44,948.53,71.42,19.24,1,0,0
104,2,1189.48,892.07,103.25,22.44,1,0,0
105,1,504.71,913.97,74.13,18.77,1,0,0
105,2,1173.48,862.56,101.77,21.05,1,0,0
106,1,488.32,870.49,73.50,18.62,1,0,0
106,2,1158.52,814.48,100.15,21.75,1,0,0
107,1,473.40,876.58,75.54,20.28,1,0,0
107,2,1147.62,817.88,99.42,23.61,1,0,0
108,1,463.48,927.99,74.79,21.15,1,0,0
108,2,1137.85,859.81,103.02,22.95,1,0,0
109,1,464.10,1014.99,74.46,20.82,1,0,0
109,2,1144.34,940.62,101.26,24.62,1,0,0
110,1,467.30,1054.65,75.62,21.79,1,0,0
110,2,1150.27,972.99,100.70,24.32,1,0,0
111,1,481.56,1066.98,76.33,20.49,1,0,0
111,2,1161.02,980.40,101.88,23.50,1,0,0
112,1,485.38,1067.94,73.78,20.18,1,0,0
112,2,1167.72,989.26,101.85,24.16,1,0,0
113,1,477.86,1035.69,74.42,21.31,1,0,0
113,2,1160.04,960.06,102.81,24.00,1,0,0
114,1,464.15,1016.84,74.85,20.80,1,0,0
114,2,1148.67,950.71,103.02,23.29,1,0,0
115,1,448.79,970.26,76.47,20.70,1,0,0
115,2,1136.18,905.92,101.79,22.02,1,0,0
116,1,432.97,878.63,77.13,21.61,1,0,0
116,2,1119.16,812.22,102.53,23.13,1,0,0
117,1,437.69,888.78,75.93,21.04,1,0,0
117,2,1124.36,828.29,102.90,22.88,1,0,0
118,1,455.67,962.83,75.01,19.33,1,0,0
118,2,1143.18,912.00,103.15,21.90,1,0,0
119,1,458.95,1000.96,73.34,18.68,1,0,0
119,2,1148.01,949.56,103.53,22.75,1,0,0
120,1,459.19,984.77,74.33,19.14,1,0,0
120,2,1147.73,929.17,103.78,21.87,1,0,0
121,1,455.88,935.74,75.42,19.18,1,0,0
121,2,1144.24,872.01,103.47,23.65,1,0,0
122,1,451.66,970.27,77.48,19.98,1,0,0
122,2,1143.64,909.91,103.46,23.89,1,0,0
123,1,449.18,997.54,76.01,19.28,1,0,0
123,2,1142.44,942.83,105.10,23.04,1,0,0
124,1,449.75,1026.45,77.20,19.66,1,0,0
124,2,1147.13,969.21,104.15,23.11,1,0,0
125,1,456.97,1052.71,75.31,19.10,1,0,0
125,2,1152.34,994.17,105.38,24.36,1,0,0
126,1,464.11,1045.85,72.77,19.74,1,0,0
126,2,1155.48,995.44,107.47,23.78,1,0,0
127,1,465.55,999.14,74.13,18.66,1,0,0
127,2,1158.51,944.68,104.40,22.40,1,0,0
128,1,463.01,926.11,74.96,18.41,1,0,0
128,2,1154.95,866.52,104.20,23.55,1,0,0
129,1,459.48,883.61,75.42,18.83,1,0,0
129,2,1152.27,834.88,103.93,22.90,1,0,0
130,1,478.25,912.38,73.06,17.53,1,0,0
130,2,1169.00,875.98,105.76,23.14,1,0,0
131,1,491.47,927.38,74.87,18.64,1,0,0
131,2,1181.68,896.25,106.44,21.96,1,0,0
132,1,498.70,913.35,73.15,17.68,1,0,0
132,2,1188.35,886.07,105.24,21.02,1,0,0
133,1,499.91,913.14,73.10,17.44,1,0,0
133,2,1192.84,891.87,105.68,21.28,1,0,0
134,1,514.31,899.29,70.44,17.33,1,0,0
134,2,1196.82,889.66,110.64,22.68,1,0,0
135,1,533.20,905.88,74.02,17.18,1,0,0
135,2,1220.08,905.05,108.06,23.37,1,0,0
136,1,566.85,895.22,69.93,15.56,1,0,0
136,2,1248.59,895.54,107.11,24.82,1,0,0
137,1,595.83,902.10,74.91,16.89,1,0,0
137,2,1278.42,914.37,106.04,22.39,1,0,0
138,1,628.97,936.31,73.30,16.64,1,0,0
138,2,1308.11,955.67,107.83,22.87,1,0,0
139,1,666.83,954.69,70.49,16.23,1,0,0
139,2,1340.90,990.97,108.66,24.01,1,0,0
140,1,696.25,944.13,70.98,17.48,1,0,0
140,2,1365.49,998.24,109.81,24.89,1,0,0
141,1,718.69,940.80,71.79,17.28,1,0,0
141,2,1390.20,1000.26,108.08,25.59,1,0,0
142,1,739.83,943.29,76.94,15.41,1,0,0
142,2,1414.65,1010.02,108.81,27.28,1,0,0
143,1,771.01,922.03,71.55,17.75,1,0,0
143,2,1437.13,992.99,110.11,27.83,1,0,0
144,1,798.17,936.03,67.83,16.84,1,0,0
144,2,1463.73,1001.29,108.91,24.58,1,0,0
145,1,826.88,931.12,67.55,16.61,1,0,0
145,2,1490.83,986.15,110.73,25.11,1,0,0
146,1,851.61,889.91,67.54,17.55,1,0,0
146,2,1519.54,934.08,107.03,22.05,1,0,0
147,1,873.66,867.05,68.82,16.63,1,0,0
147,2,1565.67,895.08,84.47,18.05,1,0,0
148,1,896.50,882.64,68.37,15.65,1,0,0
148,2,1579.94,893.23,93.95,17.96,1,0,0
149,1,913.37,896.76,67.55,14.82,1,0,0
149,2,1583.52,886.92,106.35,23.39,1,0,0
150,1,923.28,910.63,67.11,15.55,1,0,0
150,2,1596.42,889.28,104.25,21.89,1,0,0
151,1,931.38,922.51,66.41,15.95,1,0,0
151,2,1599.43,899.06,110.02,21.35,1,0,0
152,1,941.04,926.33,65.27,13.96,1,0,0
152,2,1611.73,902.97,106.43,22.17,1,0,0
153,1,951.15,918.74,62.82,14.76,1,0,0
153,2,1636.23,902.52,90.38,20.27,1,0,0
154,1,950.87,891.91,64.36,15.08,1,0,0
154,2,1618.69,882.95,109.71,21.02,1,0,0
155,1,946.39,845.94,65.75,14.95,1,0,0
155,2,1615.21,841.84,108.22,20.59,1,0,0
156,1,942.01,810.44,65.41,15.97,1,0,0
156,2,1607.95,805.86,111.44,22.41,1,0,0
157,1,943.55,809.34,65.05,15.44,1,0,0
157,2,1607.72,803.11,112.73,23.65,1,0,0
158,1,954.55,834.31,65.70,15.09,1,0,0
158,2,1622.81,834.22,110.33,20.93,1,0,0
159,1,965.29,857.87,66.16,15.20,1,0,0
159,2,1633.13,875.26,114.01,24.08,1,0,0
160,1,974.51,861.82,66.29,14.84,1,0,0
160,2,1641.46,905.94,113.78,24.64,1,0,0
161,1,986.16,830.05,65.81,17.16,1,0,0
161,2,1649.95,896.28,113.28,27.01,1,0,0
162,1,998.01,772.09,67.08,18.50,1,0,0
162,2,1661.49,840.34,114.42,28.67,1,0,0
163,1,1009.41,710.95,66.19,17.36,1,0,0
163,2,1675.25,755.56,114.97,27.27,1,0,0
164,1,1014.83,668.30,64.75,14.72,1,0,0
164,2,1681.03,671.61,111.94,19.31,1,0,0
165,1,1017.76,658.18,62.67,16.79,1,0,0
165,2,1682.64,600.94,113.99,23.96,1,0,0
166,1,1028.54,683.25,65.27,20.31,1,0,0
166,2,1689.88,572.98,113.84,31.12,1,0,0
167,1,1074.72,754.75,65.13,20.42,1,0,0
167,2,1738.51,645.13,115.38,29.82,1,0,0
168,1,1086.16,759.51,66.58,18.16,1,0,0
168,2,1759.65,702.08,117.80,25.03,1,0,0
169,1,1097.64,742.74,64.87,15.64,1,0,0
169,2,1768.74,751.36,119.58,23.00,1,0,0
170,1,1104.40,720.55,64.17,17.15,1,0,0
170,2,1772.18,792.53,118.63,29.48,1,0,0
171,1,1108.38,700.42,65.09,22.57,1,0,0
171,2,1770.89,819.36,117.79,36.11,1,0,0
172,1,1108.99,684.12,65.75,23.00,1,0,0
172,2,1768.50,824.73,116.30,38.18,1,0,0
173,1,1103.94,673.97,63.46,21.87,1,0,0
173,2,1759.95,805.49,115.72,37.82,1,0,0
174,1,1084.57,675.18,67.75,20.74,1,0,0
174,2,1749.24,774.69,117.13,32.96,1,0,0
175,1,1070.81,708.25,66.49,15.28,1,0,0
175,2,1740.83,747.81,117.18,27.76,1,0,0
176,1,1071.79,762.26,66.64,16.78,1,0,0
176,2,1742.97,740.58,117.94,22.78,1,0,0
177,1,1098.14,829.46,64.87,18.95,1,0,0
177,2,1768.05,746.89,115.58,28.00,1,0,0
178,1,1139.76,886.25,65.96,22.19,1,0,0
178,2,1809.18,773.77,116.88,33.57,1,0,0
179,1,1181.10,919.85,65.17,21.99,1,0,0
179,2,1856.14,804.37,117.04,34.01,1,0,0
180,1,1207.42,919.13,67.22,21.31,1,0,0
180,2,1890.44,828.72,120.66,30.62,1,0,0
181,1,1223.53,883.74,64.51,17.88,1,0,0
181,2,1909.54,835.67,122.16,24.74,1,0,0
182,1,1229.29,830.87,65.70,16.07,1,0,0
182,2,1919.68,820.50,123.05,25.90,1,0,0
183,1,1232.14,778.15,66.37,17.66,1,0,0
183,2,1920.89,793.44,125.57,24.83,1,0,0
184,1,1234.11,740.38,66.07,16.88,1,0,0
184,2,1923.15,770.96,124.61,26.18,1,0,0
185,1,1239.30,717.59,64.90,17.01,1,0,0
185,2,1926.84,757.88,126.22,28.00,1,0,0
186,1,1245.37,703.25,64.96,16.43,1,0,0
186,2,1935.46,749.94,124.62,26.95,1,0,0
187,1,1252.14,683.36,64.89,16.67,1,0,0
187,2,1943.35,727.77,124.85,28.90,1,0,0
188,1,1257.34,660.72,64.68,14.57,1,0,0
188,2,1949.70,691.56,124.34,26.86,1,0,0
189,1,1269.48,659.40,64.20,14.46,1,0,0
189,2,1963.54,670.76,123.88,24.84,1,0,0
190,1,1293.81,688.45,64.41,15.66,1,0,0
190,2,1990.66,670.41,124.63,25.86,1,0,0
191,1,1320.72,724.78,66.42,17.99,1,0,0
191,2,2024.67,686.92,85.78,21.62,1,0,0
192,1,1346.31,749.73,67.11,18.53,1,0,0
192,2,2056.52,702.97,130.44,26.66,1,0,0
193,1,1366.75,754.95,65.99,16.50,1,0,0
193,2,2079.76,713.85,132.52,26.05,1,0,0
194,1,1384.05,750.52,64.21,16.16,1,0,0
194,2,2098.14,726.98,134.83,26.00,1,0,0
195,1,1398.79,757.95,65.78,16.63,1,0,0
195,2,2117.60,760.28,136.69,27.69,1,0,0
196,1,1411.21,787.48,68.10,17.39,1,0,0
196,2,2132.19,810.65,139.69,29.37,1,0,0
197,1,1420.85,833.21,66.18,14.74,1,0,0
197,2,2145.18,867.72,140.79,30.15,1,0,0
198,1,1430.20,871.27,66.09,15.56,1,0,0
198,2,2159.80,907.84,139.98,29.23,1,0,0
199,2,2179.44,912.91,142.10,28.95,1,0,0
200,2,2211.04,879.76,140.78,25.06,1,0,0
201,2,2248.36,826.26,140.03,23.04,1,0,0
202,2,2286.78,765.80,143.95,26.51,1,0,0
202,1,1532.70,828.87,68.25,17.47,1,0,0
203,2,2325.31,713.03,146.48,27.65,1,0,0
203,1,1564.01,779.89,67.69,19.80,1,0,0
204,2,2360.33,671.65,147.73,25.71,1,0,0
204,1,1588.69,727.03,67.78,18.79,1,0,0
205,2,2383.22,643.73,152.79,24.05,1,0,0
205,1,1607.91,672.58,66.63,16.75,1,0,0
206,2,2394.40,630.48,155.23,21.58,1,0,0
206,1,1615.44,629.20,68.72,17.03,1,0,0
207,2,2393.52,632.35,152.70,26.12,1,0,0
207,1,1614.03,608.17,67.94,16.46,1,0,0
208,2,2369.25,662.73,155.62,27.81,1,0,0
208,1,1599.09,613.31,68.39,18.77,1,0,0
209,2,2351.18,706.89,152.21,28.72,1,0,0
209,1,1585.06,651.84,68.29,18.48,1,0,0
210,2,2347.30,761.32,151.75,29.51,1,0,0
210,1,1579.70,720.51,68.49,15.77,1,0,0
211,2,2371.94,814.92,156.18,26.80,1,0,0
211,1,1599.74,796.89,68.57,14.09,1,0,0
