1,1,148.99,572.87,103.06,29.24,1,0,0
1,2,1002.07,552.71,132.39,32.89,1,2,0
1,3,397.14,565.38,118.03,25.67,1,0,0
1,4,573.93,572.88,14.38,29.14,1,3,0
1,5,1313.63,537.70,14.31,32.23,1,3,0
2,1,0.37,563.29,146.14,29.98,1,0,0
2,2,880.19,546.44,135.11,35.60,1,2,0
2,3,263.45,557.43,118.83,27.18,1,0,0
2,4,447.15,552.66,18.47,41.62,1,3,0
2,5,1195.78,534.60,15.77,32.92,1,3,0
3,1,0.07,580.10,122.15,26.28,1,0,0
3,2,855.92,553.23,135.81,35.16,1,2,0
3,3,237.56,569.76,125.28,26.34,1,0,0
3,4,423.87,565.00,19.53,39.72,1,3,0
3,5,1178.30,535.46,15.77,35.03,1,3,0
4,1,0.34,604.25,101.48,26.60,1,0,0
4,2,836.25,569.66,137.65,35.36,1,2,0
4,3,220.56,592.80,154.36,25.41,1,0,0
4,4,408.48,586.74,17.84,39.51,1,3,0
4,5,1166.50,550.27,15.62,34.50,1,3,0
5,1,0.61,583.78,19.07,20.67,1,0,0
5,2,751.32,556.01,145.08,33.50,1,2,0
5,3,127.30,570.66,163.94,27.23,1,0,0
5,4,322.12,564.32,21.73,43.40,1,3,0
5,5,1096.64,533.06,19.99,38.48,1,3,0
6,2,731.91,569.94,146.40,33.70,1,2,0
6,3,103.74,585.94,167.34,27.06,1,0,0
6,4,300.93,581.96,17.03,40.53,1,3,0
6,5,1081.00,546.65,19.12,38.27,1,3,0
7,2,775.82,545.60,142.93,33.77,1,2,0
7,3,152.98,561.04,162.47,27.31,1,0,0
7,4,343.95,551.53,22.96,46.19,1,3,0
7,5,1117.13,526.49,17.05,36.42,1,3,0
7,1,0.65,574.24,26.27,21.16,1,0,0
8,2,674.71,578.61,142.94,35.93,1,2,0
8,3,38.16,589.93,167.91,29.64,1,0,0
8,4,238.66,581.87,23.52,49.41,1,3,0
8,5,1036.10,556.92,17.28,37.71,1,3,0
9,2,661.10,569.90,140.59,33.83,1,2,0
9,3,24.30,572.77,170.29,29.80,1,0,0
9,4,225.65,566.78,23.43,48.98,1,3,0
9,5,1028.42,548.80,17.75,38.76,1,3,0
9,1,158.94,596.10,5.31,8.09,1,3,0
10,2,656.25,571.27,141.23,34.24,1,2,0
10,3,19.33,568.58,175.52,31.53,1,0,0
10,4,224.33,565.94,22.76,48.16,1,3,0
10,5,1032.62,556.84,16.98,36.37,1,3,0
10,1,158.71,595.45,4.46,6.53,1,3,0
11,2,671.33,587.09,143.10,34.58,1,2,0
11,3,36.47,577.54,176.65,28.74,1,0,0
11,4,242.04,576.47,21.65,46.64,1,3,0
11,5,1050.25,576.17,17.54,36.13,1,3,0
12,2,834.54,579.99,97.31,26.10,1,0,0
12,5,1217.07,586.54,20.98,43.76,1,3,0
13,2,766.45,501.81,89.70,61.60,1,5,0
13,5,1044.13,537.25,61.95,28.11,1,5,0
13,6,1667.83,547.56,104.08,26.55,1,0,0
13,7,1046.82,543.72,57.55,20.98,1,0,0
14,2,831.53,622.32,73.51,57.10,1,5,0
14,5,1159.56,632.93,89.10,30.06,1,5,0
14,6,1850.40,601.46,69.27,31.92,1,0,0
14,7,1110.72,643.87,45.17,21.04,1,5,0
14,9,1436.77,629.57,105.60,22.47,1,0,0
15,5,1147.90,647.54,77.40,29.55,1,5,0
15,6,1838.90,613.63,80.57,29.93,1,0,0
15,7,1102.65,660.52,41.44,17.94,1,5,0
15,9,1426.01,642.53,103.26,22.53,1,0,0
16,5,1138.51,624.53,63.17,27.55,1,5,0
16,6,1792.60,600.18,126.89,29.93,1,0,0
16,7,1151.41,637.54,33.55,14.50,1,0,0
16,9,1387.18,618.91,94.93,24.00,1,0,0
16,2,793.36,600.98,64.85,66.01,1,5,0
17,5,1107.38,597.94,62.28,29.29,1,5,0
17,6,1754.55,589.29,144.47,29.63,1,0,0
17,7,1120.00,612.86,31.10,13.93,1,0,0
17,9,1355.27,598.72,97.09,24.52,1,0,0
17,12,1073.89,600.06,22.39,27.91,1,5,0
17,13,1092.98,614.61,15.44,12.70,1,5,0
17,2,757.42,570.26,65.56,64.36,1,5,0
18,5,997.55,633.31,65.28,28.79,1,5,0
18,6,1631.83,627.98,141.50,36.02,1,0,0
18,7,1011.36,647.47,26.25,14.87,1,0,0
18,9,1234.65,639.29,87.60,23.56,1,0,0
18,12,961.72,637.60,21.83,22.30,1,5,0
18,13,981.64,648.78,16.50,12.20,1,5,0
18,2,588.91,592.49,71.04,63.13,1,5,0
19,5,871.63,544.05,86.91,39.78,1,5,0
19,6,1548.61,599.85,129.27,32.40,1,0,0
19,9,1201.32,588.38,58.14,20.91,1,0,0
19,12,813.68,552.75,40.82,27.61,1,5,0
19,2,540.80,497.79,63.19,59.82,1,5,0
20,5,902.93,600.99,69.42,31.24,1,5,0
20,6,1536.18,620.35,134.60,27.75,1,0,0
20,9,1155.64,613.36,90.47,24.00,1,0,0
20,12,865.24,599.75,30.86,30.41,1,5,0
20,2,524.15,560.01,79.40,65.80,1,5,0
20,14,1785.90,621.94,133.43,31.13,1,0,0
20,7,918.01,616.99,32.96,14.39,1,0,0
20,13,890.59,617.44,14.93,12.40,1,5,0
21,5,1016.96,613.96,63.41,28.00,1,5,0
21,9,1270.69,622.85,93.91,25.74,1,0,0
21,12,980.64,609.45,23.64,30.89,1,5,0
21,2,635.45,579.49,69.81,56.87,1,5,0
21,14,1662.59,628.50,144.14,30.01,1,0,0
21,7,1032.10,626.92,28.73,14.31,1,0,0
21,13,1001.79,628.02,15.71,11.93,1,5,0
22,5,988.38,623.96,113.16,23.55,1,0,0
22,9,1358.63,625.17,130.88,26.78,1,0,0
22,2,694.66,612.59,25.40,33.25,1,5,0
22,14,1598.19,625.92,107.39,28.15,1,0,0
22,1,332.66,587.13,66.64,57.63,1,5,0
23,5,958.26,606.05,143.62,92.35,1,5,0
23,9,1333.83,621.76,170.10,37.34,1,2,0
23,2,585.47,623.51,121.35,30.17,1,0,0
23,12,818.08,616.50,146.16,31.57,1,0,0
23,13,963.57,612.46,21.36,54.74,1,3,0
24,9,1370.50,627.31,172.18,39.43,1,2,0
24,2,612.20,635.66,128.16,27.15,1,0,0
24,12,839.13,633.95,145.11,25.37,1,0,0
24,7,996.86,616.28,25.32,58.67,1,3,0
24,1,207.99,645.19,102.92,25.46,1,0,0
25,9,1415.96,619.23,176.41,38.98,1,2,0
25,2,655.15,629.36,128.03,25.90,1,0,0
25,12,880.28,624.70,145.96,26.80,1,0,0
25,7,1043.34,606.00,25.44,59.92,1,3,0
25,1,256.10,636.51,102.19,24.23,1,0,0
25,4,0.41,641.76,23.04,24.53,1,5,0
26,12,850.18,615.34,123.42,28.09,1,0,0
26,1,163.11,615.87,78.76,33.13,1,5,0
26,4,118.73,612.29,26.79,36.21,1,5,0
27,12,942.32,608.05,124.48,26.33,1,0,0
27,1,270.41,665.61,78.36,29.33,1,5,0
27,4,220.96,656.21,34.30,43.60,1,5,0
27,20,1768.89,522.37,150.28,62.85,1,2,0
27,22,1165.36,586.24,146.63,31.12,1,0,0
27,24,289.60,678.21,34.80,15.51,1,0,0
27,25,253.14,682.29,19.77,13.67,1,5,0
27,14,1380.06,560.23,29.07,60.52,1,3,0
27,2,565.14,644.06,90.58,23.22,1,0,0
28,12,910.48,613.51,122.63,26.17,1,0,0
28,1,229.74,647.31,79.78,35.40,1,5,0
28,4,181.05,645.17,31.95,40.74,1,5,0
28,20,1736.27,553.05,183.53,60.74,1,2,0
28,22,1132.67,599.77,145.66,28.98,1,0,0
28,24,247.86,666.71,34.94,15.23,1,0,0
28,25,210.62,670.14,20.18,13.56,1,5,0
28,14,1351.51,577.26,29.53,59.97,1,3,0
28,2,528.24,639.11,94.26,23.35,1,0,0
29,12,802.44,601.49,133.10,29.37,1,0,0
29,4,108.56,589.08,70.65,31.47,1,5,0
29,20,1643.91,607.57,215.56,55.30,1,2,0
29,22,1028.71,602.16,150.90,29.58,1,0,0
29,25,117.25,602.48,49.43,17.41,1,0,0
29,14,1267.12,578.74,35.05,64.87,1,3,0
29,2,453.69,610.37,75.17,19.60,1,0,0
30,12,817.82,600.98,132.81,27.68,1,0,0
30,4,115.61,576.31,79.27,34.30,1,5,0
30,20,1662.30,625.53,218.98,54.72,1,2,0
30,22,1041.19,607.20,148.50,31.10,1,0,0
30,25,96.14,595.20,18.50,12.73,1,5,0
30,14,1284.27,596.56,30.93,68.40,1,3,0
30,2,429.04,593.33,97.82,25.97,1,0,0
30,24,133.56,593.92,35.36,15.90,1,0,0
31,4,53.46,610.90,133.82,31.03,1,0,0
31,22,965.98,556.78,183.92,50.54,1,2,0
31,2,317.54,597.12,161.62,26.35,1,0,0
32,4,181.47,569.81,143.14,29.71,1,0,0
32,22,1072.75,530.27,190.74,51.24,1,2,0
32,2,435.45,561.22,156.00,25.86,1,0,0
32,29,1664.84,498.50,21.56,45.97,1,3,0
32,13,723.75,534.19,31.25,65.26,1,3,0
33,4,189.96,549.32,142.71,29.90,1,0,0
33,22,1090.48,516.99,189.49,48.57,1,2,0
33,2,443.83,542.53,157.32,25.85,1,0,0
33,29,1685.86,479.53,22.07,52.01,1,3,0
33,13,743.89,513.24,31.39,68.62,1,3,0
34,4,188.08,539.30,140.49,28.08,1,0,0
34,22,1094.68,496.21,189.38,51.25,1,2,0
34,2,442.66,527.51,155.67,25.98,1,0,0
34,29,1691.75,464.53,21.97,40.85,1,3,0
34,13,750.50,500.02,32.08,65.53,1,3,0
35,4,182.47,537.56,141.67,28.99,1,0,0
35,22,1096.41,490.89,192.50,51.06,1,2,0
35,2,437.34,526.16,154.09,24.72,1,0,0
35,29,1698.14,459.20,21.13,40.75,1,3,0
35,13,757.63,496.02,32.00,65.76,1,3,0
36,4,176.92,531.11,140.58,28.88,1,0,0
36,22,1098.84,486.96,191.03,53.51,1,2,0
36,2,432.29,521.54,154.98,23.58,1,0,0
36,29,1702.09,454.70,22.05,44.46,1,3,0
36,13,763.02,489.55,31.06,67.22,1,3,0
37,4,112.23,541.31,145.13,31.65,1,0,0
37,22,1067.95,492.94,189.46,54.68,1,2,0
37,2,373.96,531.67,160.36,26.37,1,0,0
37,29,1674.83,459.39,22.83,47.91,1,3,0
37,13,740.92,495.22,34.92,73.26,1,3,0
38,4,58.34,522.60,149.14,32.56,1,0,0
38,22,1035.68,496.26,189.26,54.50,1,2,0
38,2,324.97,518.84,164.00,28.08,1,0,0
38,29,1641.53,474.64,23.09,46.66,1,3,0
38,13,711.12,489.09,35.49,75.09,1,3,0
39,4,2.77,508.90,154.90,35.70,1,0,0
39,22,998.45,499.24,193.19,56.45,1,2,0
39,2,276.27,509.93,166.85,29.11,1,0,0
39,29,1606.56,483.03,22.35,49.90,1,3,0
39,13,679.20,489.27,33.83,72.80,1,3,0
41,2,281.99,506.93,23.50,49.18,1,3,0
42,4,0.82,531.06,57.66,64.47,1,2,0
42,13,529.23,514.59,22.69,45.13,1,3,0
43,12,597.00,492.14,222.96,56.00,1,2,0
43,2,318.19,462.84,47.31,93.49,1,3,0
44,34,1341.75,517.84,21.48,45.39,1,3,0
44,12,685.06,536.44,228.38,58.67,1,2,0
44,4,0.15,559.38,33.62,23.47,1,0,0
44,13,432.46,510.48,46.46,96.93,1,3,0
45,34,1366.78,497.84,22.03,44.50,1,3,0
45,12,706.95,517.57,228.37,60.68,1,2,0
45,4,0.00,549.03,57.13,22.82,1,0,0
45,13,460.76,499.36,46.37,93.28,1,3,0
46,34,1401.70,454.86,21.42,45.96,1,3,0
46,12,736.85,478.73,230.02,62.18,1,2,0
46,4,0.01,519.71,88.40,23.70,1,0,0
46,13,502.07,459.08,46.16,98.34,1,3,0
47,34,1427.27,476.97,21.14,44.31,1,3,0
47,12,757.25,501.34,230.57,64.39,1,2,0
47,4,0.01,544.30,110.14,25.85,1,0,0
47,13,532.59,488.92,44.92,92.95,1,3,0
48,34,1450.33,504.32,22.08,41.85,1,3,0
48,12,774.76,521.81,232.12,63.04,1,2,0
48,4,0.86,553.72,128.00,27.31,1,0,0
48,13,561.79,506.67,44.93,91.52,1,3,0
49,7,814.06,559.51,27.76,18.90,1,5,0
49,14,285.88,516.62,90.90,70.94,1,5,0
49,29,1568.19,542.26,109.18,28.96,1,0,0
50,36,1074.70,556.50,69.29,23.67,1,5,0
50,37,1792.53,548.89,127.26,29.81,1,0,0
50,38,1074.96,556.23,69.01,23.59,1,0,0
50,40,1055.82,566.38,19.95,14.09,1,5,0
50,41,1032.49,541.30,38.05,39.39,1,5,0
50,9,1377.56,554.47,120.65,24.40,1,0,0
50,13,488.40,523.80,99.53,63.10,1,5,0
51,37,1777.62,557.93,141.73,30.99,1,0,0
51,38,1053.85,553.96,67.45,31.33,1,5,0
51,40,1034.94,569.07,20.06,14.84,1,5,0
51,9,1363.94,561.13,118.85,25.05,1,0,0
51,13,458.41,514.84,106.70,72.84,1,5,0
52,37,1735.75,510.89,166.56,31.91,1,0,0
52,38,1026.42,512.38,69.47,32.89,1,5,0
52,40,1007.60,529.98,19.63,14.48,1,5,0
52,9,1328.85,518.85,125.12,25.17,1,0,0
52,13,424.98,476.95,108.30,75.72,1,5,0
52,36,1043.20,529.71,31.82,15.22,1,0,0
52,41,975.66,513.74,34.55,31.78,1,5,0
53,37,1700.66,518.90,170.66,32.90,1,0,0
53,38,991.87,520.35,72.66,32.16,1,5,0
53,40,972.96,537.84,18.50,13.65,1,5,0
53,9,1295.02,526.75,93.72,24.54,1,0,0
53,13,382.31,480.25,109.85,79.06,1,5,0
53,36,1007.43,537.51,34.45,14.32,1,0,0
53,41,946.37,518.39,30.83,33.62,1,5,0
54,37,1636.67,532.03,163.25,33.14,1,0,0
54,38,940.61,544.21,70.24,27.82,1,5,0
54,40,922.19,557.39,17.85,13.92,1,5,0
54,9,1242.10,545.22,123.48,23.57,1,0,0
54,13,317.54,502.25,109.28,80.33,1,5,0
54,36,959.73,557.33,27.51,14.39,1,0,0
54,41,899.44,543.96,30.77,26.92,1,5,0
54,7,867.43,543.06,38.51,28.33,1,5,0
55,37,1610.85,540.62,156.68,30.90,1,0,0
55,38,914.99,542.73,73.37,34.04,1,5,0
55,40,897.35,563.04,18.76,13.98,1,5,0
55,9,1218.56,550.48,95.37,23.82,1,0,0
55,13,283.19,508.24,113.56,78.21,1,5,0
55,36,929.64,561.02,33.07,15.12,1,0,0
55,42,1882.62,542.21,37.38,27.30,1,0,0
55,7,863.31,542.27,36.32,35.39,1,5,0
56,37,1594.20,529.78,170.03,32.00,1,0,0
56,38,901.18,521.86,69.85,34.19,1,5,0
56,40,882.93,540.89,18.24,13.46,1,5,0
56,9,1204.98,533.36,93.24,24.08,1,0,0
56,13,260.52,479.34,120.55,77.94,1,5,0
56,36,916.57,539.67,33.83,15.51,1,0,0
56,42,1868.23,533.49,51.72,29.00,1,0,0
56,41,853.55,528.65,33.41,26.56,1,5,0
57,37,1583.82,520.58,157.66,30.16,1,0,0
57,38,885.00,512.05,70.19,36.83,1,5,0
57,40,866.95,534.02,18.47,13.30,1,5,0
57,9,1193.85,527.40,91.32,22.26,1,0,0
57,13,238.74,477.94,126.98,75.32,1,5,0
57,36,897.56,521.81,43.90,26.24,1,0,0
57,42,1853.44,517.99,66.48,33.79,1,0,0
57,41,839.93,514.55,29.50,31.49,1,5,0
58,37,1577.17,540.72,160.21,32.35,1,0,0
58,38,882.49,543.81,68.03,34.53,1,5,0
58,9,1189.68,553.50,114.48,23.00,1,0,0
58,13,227.52,506.39,127.37,79.95,1,5,0
58,42,1848.87,540.02,71.13,32.45,1,0,0
58,41,832.08,540.23,33.38,36.09,1,5,0
58,7,895.53,559.96,41.23,17.77,1,0,0
59,38,1013.36,545.84,71.23,28.60,1,5,0
59,9,1323.47,548.80,92.32,24.29,1,0,0
59,13,380.28,504.94,112.18,76.43,1,5,0
59,42,1732.22,543.17,154.11,30.56,1,0,0
59,7,1030.59,559.33,32.27,14.72,1,0,0
59,40,995.14,560.16,18.97,13.84,1,5,0
59,36,967.63,543.22,30.16,31.03,1,5,0
60,38,1078.27,511.17,72.76,30.83,1,5,0
60,9,1389.26,518.65,99.47,25.10,1,0,0
60,13,451.99,463.51,107.41,82.28,1,5,0
60,42,1809.61,516.23,110.37,30.89,1,0,0
60,7,1094.94,526.70,35.29,15.20,1,0,0
60,40,1059.38,527.60,17.71,14.69,1,5,0
60,36,1032.06,511.55,30.71,30.69,1,5,0
61,38,1097.95,497.44,71.06,30.55,1,5,0
61,9,1412.74,507.57,95.10,24.12,1,0,0
61,13,460.49,443.82,115.33,81.66,1,5,0
61,42,1833.00,506.78,86.87,31.74,1,0,0
61,7,1115.35,512.42,33.43,14.86,1,0,0
61,40,1077.99,513.05,20.13,14.24,1,5,0
61,36,1053.03,495.59,26.76,31.64,1,5,0
62,38,1139.18,542.16,75.25,35.56,1,5,0
62,9,1457.56,547.41,123.88,24.94,1,0,0
62,13,501.29,503.42,112.02,87.09,1,5,0
62,42,1879.58,539.89,40.35,27.97,1,0,0
62,7,1154.02,561.21,34.89,15.77,1,0,0
62,40,1121.04,564.16,18.07,13.50,1,5,0
62,36,1095.81,542.09,28.46,35.86,1,5,0
63,38,1099.70,529.47,75.26,34.19,1,5,0
63,9,1417.89,537.08,120.26,23.83,1,0,0
63,13,463.17,476.08,105.44,94.67,1,5,0
63,42,1839.12,530.13,80.85,32.13,1,0,0
63,7,1234.00,553.80,4.59,9.49,1,3,0
63,40,1115.58,547.28,34.31,15.84,1,0,0
63,36,1055.54,531.11,27.64,32.30,1,5,0
64,38,1107.44,543.53,72.93,35.48,1,5,0
64,9,1426.20,554.43,121.50,24.88,1,0,0
64,13,469.11,500.08,101.87,82.01,1,5,0
64,42,1851.13,548.62,68.77,32.42,1,0,0
64,7,1088.49,565.06,18.25,13.31,1,5,0
64,40,1123.36,562.14,34.79,16.31,1,0,0
64,36,1065.64,542.40,26.48,36.83,1,5,0
65,38,1126.48,551.76,71.59,28.69,1,5,0
65,9,1442.50,550.80,108.37,25.89,1,0,0
65,13,468.74,518.62,117.20,76.17,1,5,0
65,42,1874.57,541.61,45.42,30.49,1,0,0
65,7,1103.81,567.08,20.48,14.12,1,5,0
65,40,1143.10,566.21,29.83,14.37,1,0,0
65,36,1078.35,550.51,36.11,31.17,1,5,0
66,38,1131.43,533.18,74.45,32.57,1,5,0
66,9,1448.71,534.11,113.20,25.02,1,0,0
66,13,473.52,496.27,118.11,85.84,1,5,0
66,42,1878.00,522.75,41.77,28.95,1,0,0
66,7,1109.98,551.76,20.75,14.13,1,5,0
66,40,1145.08,549.88,34.79,15.34,1,0,0
66,36,1087.20,532.77,26.62,34.06,1,5,0
67,38,1131.49,520.29,74.21,34.16,1,5,0
67,9,1451.09,528.49,123.55,25.44,1,0,0
67,13,477.63,476.25,110.16,82.57,1,5,0
67,42,1878.94,523.36,40.81,29.99,1,0,0
67,7,1111.77,539.78,21.26,14.57,1,5,0
67,40,1145.82,538.90,34.88,15.02,1,0,0
67,36,1086.29,523.90,30.16,30.59,1,5,0
68,38,995.22,513.29,76.00,32.46,1,5,0
68,13,322.05,469.64,116.55,78.85,1,5,0
68,42,1723.93,517.49,167.10,32.08,1,0,0
68,7,976.35,530.49,19.38,13.88,1,5,0
68,40,1006.99,529.09,38.78,16.20,1,0,0
68,36,951.02,513.40,29.25,31.45,1,5,0
68,37,1311.01,521.18,121.16,25.21,1,0,0
69,38,957.37,523.81,76.44,31.74,1,5,0
69,13,277.07,485.46,120.88,76.69,1,5,0
69,42,1682.50,522.28,166.87,31.06,1,0,0
69,7,940.71,541.63,19.47,12.89,1,5,0
69,40,973.72,539.38,36.79,15.60,1,0,0
69,36,910.31,520.40,37.19,35.18,1,5,0
69,37,1274.23,529.30,120.08,25.13,1,0,0
70,38,956.11,522.71,73.91,32.93,1,5,0
70,13,270.30,476.78,114.19,82.95,1,5,0
70,42,1676.62,526.67,148.01,30.70,1,0,0
70,7,934.13,540.01,20.64,14.78,1,5,0
70,40,971.14,539.95,33.11,15.17,1,0,0
70,36,911.60,522.77,25.09,32.93,1,5,0
70,37,1270.52,530.57,118.86,24.88,1,0,0
71,38,999.29,530.72,75.95,32.33,1,5,0
71,13,309.35,491.35,119.43,83.27,1,5,0
71,42,1727.59,526.71,150.29,29.25,1,0,0
71,7,977.31,548.53,20.64,14.03,1,5,0
71,40,1016.82,548.28,32.39,14.39,1,0,0
71,36,954.30,527.12,28.75,35.97,1,5,0
71,37,1314.65,534.61,121.20,24.53,1,0,0
72,38,1013.98,554.72,76.67,35.80,1,5,0
72,13,322.90,524.97,121.35,85.80,1,5,0
72,42,1746.85,544.36,153.87,29.28,1,0,0
72,7,995.10,576.60,19.94,14.27,1,5,0
72,40,1031.22,574.08,35.09,15.97,1,0,0
72,36,970.56,555.59,30.66,36.47,1,5,0
72,37,1331.13,558.01,122.17,24.86,1,0,0
73,38,1032.69,527.00,74.87,31.15,1,5,0
73,13,337.78,476.62,120.83,82.67,1,5,0
73,42,1768.52,533.37,151.35,31.47,1,0,0
73,7,1011.66,541.70,20.06,15.34,1,5,0
73,40,1048.98,542.19,32.51,15.35,1,0,0
73,36,983.50,525.40,32.72,32.02,1,5,0
73,37,1352.06,534.37,120.02,25.02,1,0,0
74,38,1033.61,523.39,76.08,36.86,1,5,0
74,13,333.77,464.75,122.82,90.22,1,5,0
74,42,1772.71,540.51,147.08,32.32,1,0,0
74,7,1010.89,543.73,21.49,14.68,1,5,0
74,40,1050.99,544.10,32.06,15.35,1,0,0
74,36,991.81,524.83,24.69,33.56,1,5,0
74,37,1355.09,538.71,123.22,25.77,1,0,0
75,38,1037.31,524.06,76.69,34.49,1,5,0
75,13,335.08,489.24,120.17,85.00,1,5,0
75,42,1776.54,516.88,143.46,30.70,1,0,0
75,7,1014.89,544.32,20.62,14.59,1,5,0
75,40,1052.96,542.59,33.29,15.79,1,0,0
75,36,994.03,523.93,25.09,35.58,1,5,0
75,37,1357.44,528.16,122.93,24.76,1,0,0
76,38,1046.61,535.00,77.34,35.79,1,5,0
76,13,338.96,507.45,125.46,80.62,1,5,0
76,42,1788.18,527.53,131.45,30.06,1,0,0
76,7,1022.54,556.47,21.93,14.24,1,5,0
76,40,1063.35,554.31,34.66,16.11,1,0,0
76,36,1003.03,537.61,26.90,33.77,1,5,0
76,37,1370.30,539.63,120.41,25.12,1,0,0
77,38,1089.71,532.41,77.25,32.92,1,5,0
77,13,376.83,489.09,134.00,84.05,1,5,0
77,42,1846.79,529.78,73.19,30.73,1,0,0
77,7,1065.07,549.24,23.88,15.95,1,5,0
77,40,1106.00,549.45,33.54,15.35,1,0,0
77,36,1046.63,539.67,38.13,25.79,1,5,0
77,37,1420.17,539.88,93.12,23.34,1,0,0
78,38,1113.59,528.80,74.62,34.13,1,5,0
78,13,404.05,488.64,123.05,78.28,1,5,0
78,42,1869.03,533.48,50.97,30.66,1,0,0
78,7,1092.09,547.82,20.56,14.30,1,5,0
78,40,1128.41,547.28,33.62,15.31,1,0,0
78,36,1066.30,529.04,27.35,33.22,1,5,0
78,37,1440.79,538.10,120.19,25.28,1,0,0
79,38,1104.91,529.95,75.88,33.14,1,5,0
79,13,393.28,488.94,124.95,76.33,1,5,0
79,42,1861.87,535.15,58.11,31.46,1,0,0
79,7,1083.41,547.94,20.97,14.13,1,5,0
79,40,1120.11,547.05,34.36,15.61,1,0,0
79,36,1060.51,527.69,28.03,34.33,1,5,0
79,37,1433.05,538.76,122.96,25.86,1,0,0
80,38,1098.27,506.66,76.71,36.73,1,5,0
80,13,393.91,471.18,112.88,78.14,1,5,0
80,42,1850.62,514.03,69.38,30.49,1,0,0
80,7,1076.46,528.28,21.45,14.04,1,5,0
80,40,1112.56,526.79,34.95,15.71,1,0,0
80,36,1055.08,511.18,23.18,30.34,1,5,0
80,37,1426.07,517.54,124.05,24.85,1,0,0
81,38,1041.03,530.00,74.73,34.74,1,5,0
81,13,322.47,498.74,119.37,80.39,1,5,0
81,42,1782.52,522.67,137.48,35.94,1,0,0
81,7,1020.15,549.84,19.52,14.30,1,5,0
81,40,1055.21,548.45,33.75,15.63,1,0,0
81,36,996.11,534.67,25.19,30.65,1,5,0
81,37,1365.63,532.63,117.49,28.42,1,0,0
82,38,1000.14,552.84,75.43,31.39,1,5,0
82,13,262.06,529.34,129.49,76.56,1,5,0
82,42,1737.03,535.55,175.43,30.83,1,0,0
82,7,978.66,569.08,20.69,15.20,1,5,0
82,40,1014.80,568.61,33.39,15.21,1,0,0
82,36,954.57,551.21,27.83,34.10,1,5,0
82,37,1321.50,550.54,122.99,24.63,1,0,0
83,38,984.25,462.78,73.37,31.93,1,5,0
83,13,236.39,422.90,126.67,72.42,1,5,0
83,42,1720.88,469.05,172.58,33.03,1,0,0
83,7,968.48,478.58,18.13,14.69,1,5,0
83,40,998.61,478.08,35.35,15.83,1,0,0
83,36,937.29,465.97,40.71,27.80,1,5,0
83,37,1310.38,471.03,101.27,24.87,1,0,0
84,38,938.71,512.25,77.27,33.34,1,5,0
84,13,178.73,479.17,131.70,70.74,1,5,0
84,42,1671.66,517.01,152.39,30.28,1,0,0
84,7,916.45,528.89,22.17,15.40,1,5,0
84,40,955.70,528.85,32.98,16.09,1,0,0
84,36,891.43,513.07,28.01,31.61,1,5,0
84,37,1261.62,520.75,112.88,24.73,1,0,0
85,38,974.18,515.65,75.52,31.88,1,5,0
85,13,212.73,491.70,136.73,69.41,1,5,0
85,42,1715.76,510.36,153.02,29.82,1,0,0
85,7,952.33,532.17,21.53,15.03,1,5,0
85,40,993.18,531.97,30.64,15.23,1,0,0
85,36,926.61,515.79,28.58,31.60,1,5,0
85,37,1298.95,519.58,98.53,24.49,1,0,0
86,38,982.21,529.92,76.96,34.48,1,5,0
86,13,218.25,515.29,135.49,72.32,1,5,0
86,42,1723.90,518.00,153.59,28.58,1,0,0
86,7,960.14,549.42,20.89,15.41,1,5,0
86,40,998.37,548.76,33.37,15.01,1,0,0
86,36,936.91,531.42,25.28,33.96,1,5,0
86,37,1307.88,532.24,121.83,24.18,1,0,0
87,38,983.10,511.11,76.69,31.89,1,5,0
87,13,214.40,478.84,135.09,71.15,1,5,0
87,42,1728.22,511.35,146.97,31.41,1,0,0
87,7,960.25,527.21,21.54,14.79,1,5,0
87,40,998.04,526.37,34.28,15.87,1,0,0
87,36,936.84,511.41,25.41,30.94,1,5,0
87,37,1309.84,517.15,121.42,25.12,1,0,0
88,38,977.64,478.85,76.36,33.12,1,5,0
88,13,200.42,428.81,138.46,68.93,1,5,0
88,42,1716.88,500.15,155.21,33.24,1,0,0
88,7,954.71,494.48,21.03,14.10,1,5,0
88,40,990.72,494.92,35.44,16.04,1,0,0
88,36,928.50,476.83,27.27,31.72,1,5,0
88,37,1305.96,494.91,121.01,25.92,1,0,0
89,38,970.69,470.64,76.54,33.98,1,5,0
89,13,189.24,415.89,139.72,70.47,1,5,0
89,42,1709.24,496.85,142.36,30.40,1,0,0
89,7,947.87,486.67,21.17,14.45,1,5,0
89,40,981.36,487.48,35.67,16.05,1,0,0
89,36,923.21,469.34,26.15,31.49,1,5,0
89,37,1298.15,489.14,121.48,26.17,1,0,0
90,38,995.45,487.71,78.27,38.27,1,5,0
90,13,215.00,457.29,139.70,69.31,1,5,0
90,42,1741.56,501.27,169.11,31.34,1,0,0
90,7,973.53,509.70,19.49,14.42,1,5,0
90,40,1009.16,508.70,36.63,16.69,1,0,0
90,36,943.66,492.29,33.74,32.38,1,5,0
90,37,1326.00,502.06,105.31,25.83,1,0,0
91,38,1057.46,542.32,78.59,33.37,1,5,0
91,13,278.71,505.45,136.83,69.15,1,5,0
91,42,1813.78,551.33,106.06,32.00,1,0,0
91,7,1035.05,559.01,21.71,15.41,1,5,0
91,40,1074.71,559.64,34.06,15.19,1,0,0
91,36,1004.80,540.75,33.25,33.73,1,5,0
91,37,1392.00,552.27,98.59,25.38,1,0,0
92,38,1095.62,554.26,78.62,35.84,1,5,0
92,13,321.63,514.99,130.35,72.01,1,5,0
92,42,1853.06,567.64,66.80,30.24,1,0,0
92,7,1072.22,573.55,22.97,14.96,1,5,0
92,40,1111.96,573.62,34.32,15.87,1,0,0
92,36,1045.36,557.18,26.93,32.13,1,5,0
92,37,1431.57,568.12,101.08,24.69,1,0,0
93,38,1135.62,544.40,78.89,33.93,1,5,0
93,13,361.69,518.24,131.33,72.10,1,5,0
93,42,1903.33,543.48,16.38,27.50,1,0,0
93,7,1112.82,562.07,21.54,15.78,1,5,0
93,40,1151.54,562.04,34.69,15.57,1,0,0
93,36,1087.90,548.58,32.09,30.12,1,5,0
93,37,1474.38,549.72,123.91,23.69,1,0,0
94,38,1100.88,527.18,70.54,28.16,1,5,0
94,7,1077.81,539.59,20.22,14.32,1,5,0
94,40,1115.89,541.65,27.75,13.57,1,0,0
94,36,1046.58,528.09,31.47,26.11,1,5,0
94,37,1461.60,525.14,125.18,24.47,1,0,0
95,38,1200.25,535.91,79.79,32.44,1,5,0
95,7,1176.77,552.38,21.75,16.11,1,5,0
95,40,1212.40,551.45,38.93,16.45,1,0,0
95,36,1158.41,538.69,31.39,30.19,1,5,0
95,37,1549.73,538.76,123.14,23.86,1,0,0
95,13,411.11,510.83,136.52,74.03,1,5,0
96,38,1161.56,541.81,79.56,36.32,1,5,0
96,7,1138.03,562.59,22.94,15.10,1,5,0
96,40,1172.73,559.90,39.92,17.02,1,0,0
96,36,1114.47,541.39,26.22,36.35,1,5,0
96,37,1504.06,549.98,110.87,26.09,1,0,0
96,13,371.33,513.00,138.31,74.89,1,5,0
97,38,1246.08,512.92,78.95,31.79,1,5,0
97,7,1222.98,527.46,21.45,16.65,1,5,0
97,40,1259.32,517.35,44.42,26.60,1,0,0
97,36,1205.07,519.66,32.42,24.31,1,5,0
97,13,457.97,476.85,132.88,71.95,1,5,0
97,9,1600.81,521.49,121.71,23.30,1,0,0
98,38,1264.83,526.33,79.80,33.66,1,5,0
98,7,1237.59,542.11,25.86,16.33,1,5,0
98,40,1278.11,541.98,38.42,16.92,1,0,0
98,36,1223.65,526.16,32.22,32.30,1,5,0
98,13,473.73,485.40,132.79,73.23,1,5,0
98,9,1616.71,538.19,123.08,24.11,1,0,0
99,38,1168.54,534.21,80.62,34.07,1,5,0
99,7,1143.96,552.52,22.08,14.57,1,5,0
99,40,1182.97,551.56,36.32,16.08,1,0,0
99,36,1118.88,536.13,28.09,31.58,1,5,0
99,13,375.31,509.87,130.91,64.72,1,5,0
99,37,1511.92,541.25,122.05,25.83,1,0,0
100,38,1131.80,528.99,81.44,32.35,1,5,0
100,7,1107.28,545.02,21.60,16.29,1,5,0
100,40,1148.08,544.90,36.48,16.08,1,0,0
100,36,1082.41,528.92,27.84,33.21,1,5,0
100,13,322.71,510.29,141.08,70.37,1,5,0
100,37,1474.50,529.60,113.15,23.95,1,0,0
101,38,1246.73,495.95,143.66,27.47,1,0,0
101,13,449.54,504.07,45.48,38.79,1,5,0
101,37,1491.21,488.39,128.43,30.91,1,0,0
102,13,424.58,523.40,106.47,26.15,1,0,0
102,50,820.33,511.61,99.97,26.67,1,0,0
102,4,27.53,527.23,108.41,31.01,1,5,0
102,41,0.69,541.59,22.60,18.95,1,5,0
102,36,1041.16,505.36,149.47,28.83,1,0,0
103,13,382.85,546.48,109.43,25.72,1,0,0
103,50,787.83,534.38,142.78,29.00,1,0,0
103,4,0.00,544.78,85.67,39.23,1,5,0
103,41,1.84,563.36,47.29,20.29,1,0,0
103,36,1026.84,530.88,161.09,27.46,1,0,0
104,13,377.88,520.58,109.34,24.89,1,0,0
104,50,784.48,505.12,139.03,28.14,1,0,0
104,4,0.16,527.20,80.97,32.74,1,5,0
104,41,2.22,541.50,45.39,18.17,1,0,0
104,36,1025.73,499.01,158.20,25.87,1,0,0
105,13,349.29,519.81,127.17,25.31,1,0,0
105,50,758.62,509.31,146.26,28.02,1,0,0
105,4,0.37,522.00,48.06,32.32,1,5,0
105,41,0.04,538.83,13.96,14.49,1,0,0
105,36,1000.16,506.75,160.60,27.53,1,0,0
106,50,837.54,520.69,31.41,26.21,1,5,0
106,4,46.60,474.12,115.12,82.08,1,5,0
106,9,1691.28,520.91,124.57,27.40,1,0,0
106,38,1252.24,524.45,94.63,22.48,1,0,0
107,50,923.61,534.03,27.19,33.21,1,5,0
107,4,110.09,504.55,144.77,79.46,1,5,0
107,55,949.60,550.95,22.15,15.39,1,5,0
107,9,1730.48,527.94,166.60,28.94,1,0,0
107,38,1311.09,538.10,94.42,22.94,1,0,0
107,7,1119.10,556.81,4.76,8.70,1,3,0
107,40,981.61,548.59,41.49,17.34,1,0,0
107,36,972.29,527.83,81.56,38.78,1,5,0
108,50,909.53,526.21,28.99,32.87,1,5,0
108,4,85.57,477.06,152.03,97.43,1,5,0
108,55,937.45,543.49,21.49,15.57,1,5,0
108,9,1715.17,523.73,177.04,30.49,1,0,0
108,38,1297.13,532.85,95.69,23.18,1,0,0
108,40,972.94,542.48,37.96,17.36,1,0,0
108,36,960.24,521.73,81.49,38.57,1,5,0
109,50,852.32,545.05,27.24,34.22,1,5,0
109,4,14.58,505.40,152.61,87.03,1,5,0
109,55,878.81,563.29,23.52,14.79,1,5,0
109,9,1649.42,542.98,170.30,30.37,1,0,0
109,38,1241.62,551.84,91.19,23.63,1,0,0
109,40,917.72,562.52,37.34,16.08,1,0,0
109,36,903.49,542.09,79.65,36.58,1,5,0
110,38,1278.73,527.92,141.65,27.92,1,0,0
110,36,889.91,537.01,96.64,24.16,1,0,0
110,37,1522.85,521.32,181.46,30.70,1,0,0
111,36,988.36,511.98,108.80,27.01,1,0,0
111,13,338.51,523.36,108.42,26.79,1,0,0
111,41,0.85,531.59,35.57,26.71,1,5,0
111,50,749.68,514.21,140.96,28.58,1,0,0
112,36,907.29,543.26,157.12,25.44,1,0,0
112,13,239.72,548.20,130.23,27.66,1,0,0
112,50,663.06,544.98,140.90,26.08,1,0,0
112,7,1080.27,556.58,7.65,16.34,1,3,0
113,36,875.65,488.84,161.19,26.86,1,0,0
113,13,205.05,499.08,131.28,26.76,1,0,0
113,50,631.53,491.47,144.46,28.11,1,0,0
114,36,887.06,498.28,161.65,26.82,1,0,0
114,13,218.76,511.01,110.64,26.70,1,0,0
114,50,643.42,502.00,145.99,28.05,1,0,0
115,36,894.78,463.93,76.72,37.07,1,5,0
115,4,9.08,429.05,103.20,81.80,1,5,0
115,55,869.59,483.17,27.18,16.91,1,5,0
115,9,1702.08,471.26,158.96,29.55,1,0,0
115,40,851.31,469.97,39.75,30.54,1,5,0
115,38,1288.17,476.83,98.30,23.66,1,0,0
115,7,915.92,484.15,31.22,16.05,1,0,0
116,36,911.04,502.86,77.62,39.61,1,5,0
116,55,886.85,524.19,22.40,17.89,1,5,0
116,9,1715.94,522.86,139.29,25.25,1,0,0
116,40,863.50,508.20,33.66,34.25,1,5,0
116,38,1323.38,523.01,97.75,20.16,1,0,0
116,7,925.78,523.96,36.47,17.24,1,0,0
117,36,878.70,469.05,76.52,43.85,1,5,0
117,55,858.84,497.01,22.96,16.24,1,5,0
117,9,1678.47,477.31,170.95,28.13,1,0,0
117,40,835.99,483.16,35.69,31.11,1,5,0
117,38,1276.70,487.15,83.09,22.30,1,0,0
117,4,0.31,448.35,94.32,81.74,1,5,0
118,36,921.30,514.65,81.42,34.44,1,5,0
118,55,895.64,534.02,23.80,15.38,1,5,0
118,9,1676.45,505.78,154.48,27.74,1,0,0
118,40,871.57,519.03,24.92,31.14,1,5,0
118,38,1261.30,517.73,101.54,23.95,1,0,0
118,4,6.05,471.83,157.38,102.00,1,5,0
118,7,935.41,532.28,37.00,16.44,1,0,0
119,36,922.24,488.88,73.65,31.74,1,5,0
119,55,907.85,505.99,14.46,12.26,1,5,0
119,9,1683.30,481.99,151.73,27.02,1,0,0
119,40,874.00,489.26,36.06,29.91,1,5,0
119,38,1277.09,492.37,104.85,21.48,1,0,0
119,4,12.27,438.80,147.38,97.20,1,5,0
119,7,936.48,505.66,30.27,13.99,1,0,0
120,36,917.86,452.94,79.19,32.28,1,5,0
120,55,891.42,467.94,22.40,15.15,1,5,0
120,9,1673.37,459.55,157.96,30.71,1,0,0
120,40,863.24,454.51,27.56,29.74,1,5,0
120,38,1255.94,460.71,97.78,25.31,1,0,0
120,4,1.48,388.78,150.48,100.39,1,5,0
120,7,929.40,468.23,36.25,16.42,1,0,0
121,36,906.92,434.98,79.12,35.87,1,5,0
121,55,881.31,452.76,22.02,15.12,1,5,0
121,9,1662.06,455.30,164.70,31.15,1,0,0
121,40,856.29,435.83,26.97,32.73,1,5,0
121,38,1246.60,449.95,105.71,26.39,1,0,0
121,4,2.03,362.09,137.46,100.87,1,5,0
121,7,920.66,453.31,36.91,16.35,1,0,0
122,36,880.40,463.91,81.84,36.94,1,5,0
122,55,853.29,482.67,23.41,15.60,1,5,0
122,9,1632.09,477.70,136.45,30.41,1,0,0
122,40,829.91,467.23,24.67,31.39,1,5,0
122,38,1220.65,477.65,96.38,24.84,1,0,0
122,4,0.28,397.44,106.35,103.22,1,5,0
122,7,897.23,483.36,36.07,16.71,1,0,0
123,40,777.77,495.47,95.58,26.86,1,0,0
123,41,0.48,524.71,61.01,30.44,1,5,0
124,40,708.88,499.92,95.23,25.31,1,0,0
124,13,289.08,521.02,100.24,25.97,1,0,0
124,36,947.50,485.62,160.82,27.95,1,0,0
125,40,713.10,480.25,129.19,28.17,1,0,0
125,13,294.54,491.39,105.57,25.92,1,0,0
125,36,956.74,472.85,160.89,29.23,1,0,0
126,40,682.07,457.24,80.48,31.97,1,0,0
126,36,1026.81,468.01,95.25,25.59,1,0,0
126,37,1686.02,472.05,188.79,36.68,1,0,0
126,50,626.54,454.16,31.18,33.39,1,5,0
126,55,656.08,471.86,22.66,15.68,1,5,0
126,9,1422.27,470.51,146.12,29.65,1,0,0
126,7,698.30,471.77,37.69,17.09,1,0,0
127,40,843.82,454.88,39.78,31.91,1,5,0
127,36,948.26,440.96,134.21,43.68,1,5,0
127,37,1756.20,450.37,160.55,35.61,1,0,0
127,9,1340.85,451.84,122.39,28.23,1,0,0
127,7,868.78,469.17,24.88,17.20,1,5,0
128,40,942.58,501.14,25.60,32.50,1,5,0
128,36,994.81,499.28,79.82,32.85,1,5,0
128,37,1762.72,484.54,157.09,30.99,1,0,0
128,9,1337.75,498.81,108.03,24.71,1,0,0
128,7,968.65,516.87,23.93,15.81,1,5,0
128,65,1006.22,515.27,37.42,16.76,1,0,0
128,4,60.31,456.91,170.54,103.37,1,5,0
129,40,937.21,579.40,29.79,32.25,1,5,0
129,36,991.49,578.81,79.73,33.59,1,5,0
129,37,1759.34,576.44,160.19,32.06,1,0,0
129,9,1335.25,584.86,96.53,24.70,1,0,0
129,7,964.20,595.22,24.02,15.97,1,5,0
129,65,1006.27,595.68,34.89,15.69,1,0,0
129,4,53.23,521.58,171.18,101.07,1,5,0
130,40,943.77,527.77,23.96,32.30,1,5,0
130,36,995.10,523.12,80.18,38.89,1,5,0
130,37,1763.16,536.91,156.34,33.20,1,0,0
130,9,1339.20,539.28,98.38,25.45,1,0,0
130,7,964.51,545.21,23.70,15.34,1,5,0
130,65,1012.87,544.83,32.82,16.30,1,0,0
130,4,50.14,461.16,177.29,99.73,1,5,0
131,40,941.62,516.58,33.50,29.51,1,5,0
131,36,1001.99,506.49,81.11,38.97,1,5,0
131,37,1774.73,504.44,145.27,32.15,1,0,0
131,9,1347.15,515.98,97.74,24.53,1,0,0
131,7,973.86,527.81,22.63,17.34,1,5,0
131,65,1018.55,528.17,36.52,16.33,1,0,0
131,4,59.80,462.84,178.13,99.41,1,5,0
132,40,951.72,519.11,25.44,33.81,1,5,0
132,36,1002.45,515.97,81.61,37.32,1,5,0
132,37,1773.59,518.66,145.99,30.15,1,0,0
132,9,1349.20,524.89,100.41,24.69,1,0,0
132,7,974.45,536.68,23.93,15.98,1,5,0
132,65,1016.88,535.82,37.86,16.51,1,0,0
132,4,60.02,464.76,177.14,101.39,1,5,0
133,36,997.19,541.40,142.53,29.03,1,0,0
133,9,1244.85,539.31,165.63,33.47,1,0,0
133,41,167.28,529.72,32.43,36.59,1,5,0
133,13,229.91,528.22,92.32,39.81,1,5,0
133,50,604.68,542.96,103.94,25.47,1,0,0
133,55,399.54,560.12,5.18,8.29,1,3,0
134,36,1000.02,536.83,163.99,33.40,1,0,0
134,50,759.08,553.47,137.65,29.07,1,0,0
134,55,346.63,576.06,131.58,25.49,1,0,0
135,36,975.54,566.29,77.36,34.64,1,5,0
135,40,922.26,567.05,28.73,34.17,1,5,0
135,37,1744.94,556.41,164.84,32.59,1,0,0
135,7,949.35,584.03,23.81,15.95,1,5,0
135,65,990.52,583.89,35.96,15.99,1,0,0
135,4,20.73,532.82,179.52,87.56,1,5,0
135,9,1319.55,569.50,94.70,24.83,1,0,0
136,36,1045.71,555.11,79.78,33.37,1,5,0
136,40,992.48,557.87,25.47,28.31,1,5,0
136,37,1826.21,566.05,93.60,37.89,1,0,0
136,7,1018.09,570.02,22.25,15.66,1,5,0
136,65,1055.78,571.77,38.29,15.68,1,0,0
136,4,103.73,479.48,171.95,97.43,1,5,0
136,9,1392.68,568.79,93.55,25.29,1,0,0
137,36,1035.49,515.88,81.75,40.55,1,5,0
137,40,983.62,524.17,25.46,28.70,1,5,0
137,37,1817.09,538.66,102.72,36.14,1,0,0
137,7,1009.30,536.62,21.82,16.41,1,5,0
137,65,1048.96,537.62,39.34,17.61,1,0,0
137,4,95.52,447.15,169.42,94.07,1,5,0
137,9,1384.22,537.12,99.35,26.11,1,0,0
138,36,1027.11,486.67,80.22,34.72,1,5,0
138,40,974.61,491.06,25.30,30.55,1,5,0
138,37,1805.96,487.96,114.04,32.12,1,0,0
138,7,999.37,505.14,22.47,15.19,1,5,0
138,65,1040.36,503.86,37.58,17.03,1,0,0
138,4,85.27,431.36,167.11,99.31,1,5,0
138,9,1375.50,494.71,89.97,24.23,1,0,0
139,36,1037.58,561.92,81.70,35.84,1,5,0
139,40,982.76,565.10,25.95,31.15,1,5,0
139,37,1813.81,538.20,105.72,32.48,1,0,0
139,7,1009.32,579.37,24.26,16.57,1,5,0
139,65,1050.47,580.64,37.73,16.22,1,0,0
139,4,87.16,533.14,174.83,97.65,1,5,0
139,9,1386.54,560.61,92.17,22.70,1,0,0
140,36,1034.99,552.57,81.82,34.39,1,5,0
140,40,984.15,552.74,23.80,32.88,1,5,0
140,37,1815.41,555.26,104.28,34.77,1,0,0
140,7,1008.95,570.03,22.68,15.48,1,5,0
140,65,1054.32,570.38,32.72,15.90,1,0,0
140,4,83.27,492.39,177.42,98.06,1,5,0
140,9,1383.09,561.52,98.58,25.18,1,0,0
141,36,1031.06,506.28,81.94,33.23,1,5,0
141,40,980.93,505.05,24.91,31.51,1,5,0
141,37,1811.10,519.93,108.57,36.54,1,0,0
141,7,1005.28,521.49,22.48,15.24,1,5,0
141,65,1049.50,522.84,33.16,15.97,1,0,0
141,4,83.62,432.79,172.26,95.88,1,5,0
141,9,1379.90,519.68,98.07,25.61,1,0,0
142,36,1031.33,500.92,81.52,36.54,1,5,0
142,40,980.96,501.55,25.34,34.07,1,5,0
142,37,1809.51,513.21,110.22,34.28,1,0,0
142,7,1006.15,519.11,23.15,16.60,1,5,0
142,65,1050.07,520.76,34.87,16.00,1,0,0
142,4,78.31,438.30,176.32,95.82,1,5,0
142,9,1379.03,514.55,98.53,26.15,1,0,0
143,50,817.86,536.81,136.53,36.79,1,0,0
145,50,792.14,518.98,139.98,30.83,1,0,0
145,13,0.33,516.71,77.03,32.66,1,5,0
146,50,802.00,516.43,140.74,30.17,1,0,0
146,72,395.11,519.54,102.11,26.09,1,0,0
146,73,15.19,528.51,36.17,17.32,1,0,0
146,13,0.42,504.31,88.67,41.95,1,5,0
146,41,170.96,536.72,4.41,8.38,1,3,0
146,36,1045.27,519.00,162.42,29.28,1,0,0
147,50,901.58,529.97,44.03,35.66,1,5,0
147,40,967.57,533.94,73.17,29.38,1,5,0
147,37,1743.35,519.39,124.52,28.13,1,0,0
147,7,939.97,548.70,24.58,14.51,1,5,0
147,65,982.52,548.93,37.22,13.52,1,0,0
147,9,1315.28,534.26,108.21,25.04,1,0,0
148,50,971.67,542.26,33.19,31.57,1,5,0
148,40,1025.47,541.08,80.11,32.83,1,5,0
148,37,1802.41,534.24,117.01,31.45,1,0,0
148,7,1001.83,558.49,21.32,14.87,1,5,0
148,65,1038.86,557.26,36.27,16.22,1,0,0
148,9,1374.75,543.54,121.31,25.11,1,0,0
148,4,66.81,493.70,173.55,98.66,1,5,0
149,72,362.10,523.11,122.36,26.25,1,0,0
149,73,0.30,536.11,18.00,15.25,1,0,0
149,13,0.19,522.77,52.91,29.21,1,5,0
149,36,1020.99,517.74,160.58,32.58,1,0,0
150,74,755.04,515.69,122.63,27.36,1,0,0
150,72,340.47,516.33,102.69,26.20,1,0,0
150,13,0.30,519.12,27.31,24.87,1,0,0
150,36,1001.15,513.75,161.12,30.54,1,0,0
151,74,764.57,523.52,143.77,28.42,1,0,0
151,72,350.45,529.23,103.95,25.52,1,0,0
151,13,0.31,533.49,40.37,27.22,1,0,0
151,36,1009.49,519.75,160.14,30.10,1,0,0
151,73,0.36,533.61,40.47,27.53,1,5,0
152,74,773.43,540.38,145.14,27.60,1,0,0
152,72,364.04,549.61,130.42,24.21,1,0,0
152,13,0.24,568.64,18.86,16.02,1,0,0
152,36,1021.32,535.98,160.10,27.21,1,0,0
152,73,0.12,553.57,55.64,31.80,1,5,0
153,74,775.04,533.64,136.02,28.28,1,0,0
153,72,367.90,545.18,128.32,24.16,1,0,0
153,13,0.36,566.10,20.37,16.05,1,0,0
153,36,1023.42,527.56,160.35,27.25,1,0,0
153,73,0.43,552.95,58.00,29.36,1,5,0
153,41,141.00,568.76,6.53,10.67,1,3,0
153,65,1176.97,546.92,5.75,8.23,1,3,0
154,74,779.01,512.53,141.49,28.60,1,0,0
154,72,369.86,520.83,102.02,25.24,1,0,0
154,13,0.37,538.25,21.73,15.95,1,0,0
154,36,1026.32,510.10,162.03,28.09,1,0,0
154,73,0.28,523.59,61.12,31.37,1,5,0
155,74,781.91,513.67,139.79,27.88,1,0,0
155,72,371.76,514.95,103.89,26.14,1,0,0
155,13,0.36,526.08,24.02,16.87,1,0,0
155,36,1027.87,513.56,162.96,29.94,1,0,0
155,73,0.38,513.96,61.53,29.54,1,5,0
156,74,885.21,548.15,111.19,24.76,1,0,0
156,72,474.53,542.92,26.11,25.97,1,5,0
156,9,1277.20,548.43,130.35,25.63,1,0,0
157,74,919.89,550.00,25.01,34.30,1,5,0
157,9,1314.44,554.66,129.17,24.53,1,0,0
157,50,986.83,567.39,35.51,17.08,1,0,0
157,40,972.36,553.05,78.46,31.89,1,5,0
157,37,1741.10,545.22,172.96,30.02,1,0,0
157,7,942.74,568.28,23.41,15.65,1,5,0
157,4,7.65,499.31,160.97,103.13,1,5,0
158,74,984.45,559.26,24.42,36.21,1,5,0
158,9,1383.78,557.84,126.15,25.15,1,0,0
158,50,1047.51,576.81,38.43,16.63,1,0,0
158,40,1035.22,555.14,81.46,38.52,1,5,0
158,37,1815.86,542.31,103.74,30.62,1,0,0
158,7,1009.11,578.77,23.27,15.36,1,5,0
158,4,66.57,526.09,177.46,101.50,1,5,0
159,74,987.57,554.57,25.80,36.10,1,5,0
159,9,1388.06,553.23,125.88,24.06,1,0,0
159,50,1054.62,571.93,35.84,15.89,1,0,0
159,40,1038.92,550.48,79.28,38.07,1,5,0
159,37,1819.16,538.15,100.42,29.94,1,0,0
159,7,1012.01,573.06,23.31,16.56,1,5,0
159,4,68.04,516.18,179.61,106.65,1,5,0
160,74,990.69,540.44,24.69,33.78,1,5,0
160,9,1390.63,542.30,101.25,24.49,1,0,0
160,50,1056.69,556.14,35.68,17.02,1,0,0
160,40,1043.19,537.54,80.31,36.38,1,5,0
160,37,1825.79,531.77,93.80,30.88,1,0,0
160,7,1015.33,558.12,24.27,15.33,1,5,0
160,4,71.99,487.60,180.51,108.54,1,5,0
160,65,1193.39,562.51,4.73,9.49,1,3,0
161,74,986.31,524.27,24.99,34.78,1,5,0
161,9,1387.85,529.91,99.44,25.56,1,0,0
161,50,1052.55,541.66,36.40,16.81,1,0,0
161,40,1039.51,524.58,80.34,34.20,1,5,0
161,37,1818.24,523.16,101.36,31.17,1,0,0
161,7,1010.79,542.87,24.65,15.15,1,5,0
161,4,60.95,456.33,183.73,116.97,1,5,0
161,65,1191.93,548.00,4.68,9.28,1,3,0
162,74,962.04,533.04,24.34,34.04,1,5,0
162,9,1361.48,531.87,101.27,24.57,1,0,0
162,50,1027.89,549.11,37.70,15.72,1,0,0
162,40,1014.17,530.18,80.34,35.21,1,5,0
162,37,1791.43,517.93,128.07,30.42,1,0,0
162,7,986.21,550.64,26.04,15.42,1,5,0
162,4,28.50,486.45,186.93,110.68,1,5,0
163,74,960.77,533.54,24.02,33.15,1,5,0
163,9,1360.70,533.20,101.48,24.83,1,0,0
163,50,1026.89,548.62,37.29,15.88,1,0,0
163,40,1012.21,529.56,80.60,35.78,1,5,0
163,37,1790.38,520.45,128.96,30.98,1,0,0
163,7,984.71,549.41,24.71,16.65,1,5,0
163,4,28.32,479.96,185.12,110.99,1,5,0
164,74,969.15,543.00,22.85,30.73,1,5,0
164,9,1371.62,551.17,100.22,26.14,1,0,0
164,50,1036.99,557.91,36.10,16.85,1,0,0
164,40,1021.78,542.04,78.88,33.37,1,5,0
164,37,1800.18,552.31,119.56,30.16,1,0,0
164,7,992.88,557.16,23.32,16.62,1,5,0
164,4,39.42,463.73,182.23,111.58,1,5,0
165,74,972.92,527.80,22.27,34.09,1,5,0
165,9,1372.37,536.64,101.50,25.09,1,0,0
165,50,1039.80,545.40,35.18,16.47,1,0,0
165,40,1024.93,526.16,79.27,36.40,1,5,0
165,37,1804.62,533.80,115.18,31.33,1,0,0
165,7,995.77,544.30,21.09,17.17,1,5,0
165,4,39.92,455.19,184.08,112.57,1,5,0
166,74,975.08,516.94,24.13,33.31,1,5,0
166,9,1376.48,520.56,101.10,25.44,1,0,0
166,50,1040.44,534.51,35.67,15.63,1,0,0
166,40,1024.33,513.93,81.93,36.89,1,5,0
166,37,1807.44,512.26,112.35,31.48,1,0,0
166,7,999.67,534.30,23.05,16.21,1,5,0
166,4,43.77,454.88,181.79,113.40,1,5,0
166,65,1178.57,539.23,4.76,10.13,1,3,0
167,74,975.72,520.90,25.66,32.59,1,5,0
167,9,1376.94,520.47,99.42,24.60,1,0,0
167,50,1041.77,536.67,35.58,15.57,1,0,0
167,40,1026.23,515.52,80.90,37.62,1,5,0
167,37,1808.96,508.11,110.66,30.41,1,0,0
167,7,1000.59,537.00,23.50,15.92,1,5,0
167,4,45.34,461.80,182.61,116.36,1,5,0
168,74,958.69,526.04,24.81,32.47,1,5,0
168,9,1361.37,530.24,100.74,25.28,1,0,0
168,50,1024.18,540.88,37.86,17.00,1,0,0
168,40,1008.97,523.75,83.13,34.46,1,5,0
168,37,1787.97,525.20,132.03,31.09,1,0,0
168,7,984.08,541.57,22.66,15.99,1,5,0
168,4,18.99,458.82,187.86,111.50,1,5,0
169,74,953.57,523.52,23.77,34.59,1,5,0
169,9,1355.32,538.28,99.60,26.92,1,0,0
169,50,1018.01,541.73,37.27,17.15,1,0,0
169,40,1003.76,525.35,81.80,34.35,1,5,0
169,37,1777.41,543.10,142.40,30.51,1,0,0
169,7,976.12,541.78,23.85,15.91,1,5,0
169,4,11.47,441.71,188.77,109.93,1,5,0
170,9,1289.12,522.93,166.56,31.82,1,0,0
170,41,241.23,556.02,24.28,16.65,1,5,0
170,36,1042.17,529.67,143.81,29.19,1,0,0
171,78,786.07,529.87,143.92,27.11,1,0,0
171,41,151.45,555.86,5.44,9.43,1,3,0
171,36,1031.42,526.80,160.61,28.60,1,0,0
171,13,0.34,550.39,26.06,15.89,1,0,0
171,73,0.45,535.99,63.02,30.55,1,5,0
171,72,374.02,534.96,103.53,26.15,1,0,0
172,78,797.32,532.96,140.25,24.29,1,0,0
172,41,161.12,556.07,5.07,9.01,1,3,0
172,36,1036.81,528.80,163.25,29.06,1,0,0
172,13,0.57,548.97,34.08,15.63,1,0,0
172,73,0.77,535.34,71.56,29.62,1,5,0
172,72,383.66,535.37,103.56,26.49,1,0,0
173,78,795.62,521.89,139.94,28.08,1,0,0
173,41,161.59,547.90,4.56,8.23,1,3,0
173,36,1043.52,517.69,158.45,30.82,1,0,0
173,13,0.48,540.29,34.02,17.28,1,0,0
173,73,0.39,528.42,69.06,29.53,1,5,0
173,72,383.21,527.10,103.63,25.88,1,0,0
174,78,793.82,517.24,143.54,27.06,1,0,0
174,41,0.81,527.17,71.68,28.89,1,5,0
174,36,1041.99,513.39,160.75,28.57,1,0,0
174,13,0.94,539.31,35.31,16.72,1,0,0
174,73,0.88,527.81,71.51,28.21,1,0,0
174,72,385.46,523.33,101.58,26.47,1,0,0
175,78,797.28,544.19,148.45,25.44,1,0,0
175,41,0.87,541.52,77.18,38.32,1,5,0
175,36,1039.73,539.95,163.60,27.48,1,0,0
175,72,390.78,550.42,99.67,24.36,1,0,0
176,78,792.84,546.82,152.84,27.72,1,0,0
176,36,1040.92,545.06,158.10,29.19,1,0,0
176,72,383.82,550.23,102.52,26.41,1,0,0
176,83,159.21,569.71,4.53,8.27,1,3,0
176,13,0.60,562.86,33.36,16.40,1,0,0
176,73,0.44,548.25,69.50,31.57,1,5,0
177,78,794.00,525.45,151.34,27.40,1,0,0
177,36,1041.66,522.18,159.41,29.77,1,0,0
177,72,384.81,531.77,103.29,25.51,1,0,0
177,13,0.86,546.40,34.93,16.40,1,0,0
177,73,0.71,532.43,70.96,30.42,1,5,0
177,65,1193.32,544.21,6.33,9.41,1,3,0
178,78,791.37,516.05,148.11,27.87,1,0,0
178,36,1039.91,511.33,162.08,28.68,1,0,0
178,72,382.97,525.86,103.31,26.35,1,0,0
178,13,0.77,543.82,35.29,17.24,1,0,0
178,73,0.30,529.06,71.89,32.15,1,5,0
178,83,161.18,549.17,4.55,8.19,1,3,0
179,78,790.62,524.63,149.79,26.98,1,0,0
179,36,1038.48,522.02,161.30,28.21,1,0,0
179,72,381.76,530.31,103.40,25.83,1,0,0
179,13,0.56,544.03,33.55,17.44,1,0,0
179,73,0.37,529.13,71.25,32.28,1,5,0
179,83,159.98,550.60,4.41,8.20,1,3,0
180,78,788.15,537.32,148.76,27.36,1,0,0
180,36,1034.39,535.30,162.80,29.59,1,0,0
180,72,380.88,540.80,101.84,25.97,1,0,0
180,13,0.46,552.19,31.59,17.22,1,0,0
180,73,0.80,538.38,68.42,31.36,1,5,0
180,65,1190.13,556.54,5.66,9.46,1,3,0
181,78,785.85,535.02,147.01,27.74,1,0,0
181,36,1032.79,531.47,161.60,29.23,1,0,0
181,72,378.16,541.54,101.41,25.87,1,0,0
181,13,0.29,556.37,27.03,16.66,1,0,0
181,73,0.48,543.47,63.94,29.88,1,5,0
181,65,1186.99,552.69,5.82,9.16,1,3,0
182,78,785.83,522.86,147.17,27.40,1,0,0
182,36,1033.57,518.78,158.45,28.16,1,0,0
182,72,375.36,531.09,103.27,25.48,1,0,0
182,13,0.49,547.06,23.35,16.45,1,0,0
182,73,0.50,531.29,61.56,32.44,1,5,0
183,78,786.20,526.82,147.91,27.65,1,0,0
183,36,1031.41,521.39,161.45,29.44,1,0,0
183,72,375.61,535.43,102.38,25.63,1,0,0
183,13,0.08,552.23,24.40,17.77,1,0,0
183,73,0.16,540.32,62.04,30.16,1,5,0
184,78,786.18,552.36,146.70,26.71,1,0,0
184,36,1033.95,546.59,161.53,29.73,1,0,0
184,72,379.41,558.04,101.43,26.55,1,0,0
184,13,0.33,575.75,26.95,15.85,1,0,0
184,73,0.68,560.69,66.03,31.36,1,5,0
184,83,154.57,579.83,4.28,8.56,1,3,0
184,65,1188.76,568.36,5.87,8.94,1,3,0
185,78,782.86,515.31,148.44,29.63,1,0,0
185,36,1032.93,513.88,158.59,28.39,1,0,0
185,72,369.82,521.71,108.88,25.24,1,0,0
185,13,0.41,537.11,21.19,17.81,1,0,0
185,73,0.28,515.20,61.80,40.42,1,5,0
185,65,1184.79,532.05,6.88,11.30,1,3,0
185,9,1342.43,529.04,9.48,15.04,1,3,0
186,78,774.01,503.34,143.72,28.34,1,0,0
186,36,1017.84,501.55,163.94,29.85,1,0,0
186,72,361.27,508.19,105.50,25.82,1,0,0
186,13,0.03,521.82,12.53,16.01,1,0,0
186,73,0.43,506.56,49.35,32.54,1,5,0
187,78,769.53,527.45,147.35,27.39,1,0,0
187,36,1014.35,523.88,163.88,28.84,1,0,0
187,72,357.77,533.93,104.55,25.37,1,0,0
187,13,0.06,549.43,11.94,15.50,1,0,0
187,73,0.39,533.47,43.89,32.26,1,5,0
187,65,1169.34,545.54,6.06,8.97,1,3,0
188,78,767.98,551.67,142.05,27.75,1,0,0
188,36,1013.55,547.46,161.22,26.94,1,0,0
188,72,355.86,561.91,102.82,25.23,1,0,0
188,73,0.33,566.42,41.73,32.19,1,5,0
189,78,765.25,524.74,143.08,27.73,1,0,0
189,36,1009.21,521.59,161.71,27.11,1,0,0
189,72,352.45,534.17,105.83,25.29,1,0,0
189,73,0.43,534.25,37.45,34.31,1,5,0
190,78,763.10,507.72,140.17,27.98,1,0,0
190,36,1009.43,508.92,160.92,25.99,1,0,0
190,72,350.51,511.94,101.98,25.89,1,0,0
190,73,0.28,511.19,35.72,32.08,1,5,0
190,83,123.79,533.14,4.78,8.33,1,3,0
190,65,1163.11,527.10,5.93,9.39,1,3,0
191,78,764.25,524.26,139.11,28.17,1,0,0
191,36,1007.92,524.24,163.82,26.97,1,0,0
191,72,351.28,530.84,103.28,25.56,1,0,0
191,73,0.34,529.22,36.33,33.73,1,5,0
191,83,124.62,550.61,4.56,8.64,1,3,0
192,78,761.07,531.43,139.81,27.54,1,0,0
192,36,1005.17,526.74,163.43,27.76,1,0,0
192,72,348.16,541.26,104.23,24.92,1,0,0
192,73,0.35,543.58,31.87,32.73,1,5,0
192,84,1901.29,503.27,18.49,59.58,1,3,0
192,37,1901.27,538.70,18.73,24.24,1,2,0
193,78,757.06,512.11,142.63,28.31,1,0,0
193,36,999.36,509.26,162.06,27.60,1,0,0
193,72,341.80,518.99,103.27,24.58,1,0,0
193,73,0.18,521.25,24.62,29.20,1,5,0
193,37,1889.48,527.40,30.22,27.66,1,2,0
194,78,745.17,547.03,147.75,27.03,1,0,0
194,36,991.44,543.38,162.13,24.98,1,0,0
194,72,332.41,556.94,105.79,24.64,1,0,0
194,37,1869.14,548.82,50.38,47.16,1,2,0
194,13,0.56,571.82,13.92,19.58,1,5,0
194,65,1145.36,559.75,5.98,9.56,1,3,0
195,78,744.98,534.25,144.81,27.39,1,0,0
195,36,992.79,531.46,162.19,27.07,1,0,0
195,72,331.58,541.18,107.07,24.52,1,0,0
195,37,1872.93,547.88,46.82,39.75,1,2,0
195,13,0.35,552.95,14.60,20.29,1,5,0
196,78,746.23,545.68,145.45,26.90,1,0,0
196,36,993.64,541.90,161.28,26.43,1,0,0
196,72,331.98,554.53,105.84,24.12,1,0,0
196,37,1871.81,550.00,47.93,43.35,1,2,0
196,13,0.29,566.49,14.92,21.82,1,5,0
196,83,103.66,576.77,5.28,9.45,1,3,0
197,78,730.20,497.13,149.96,28.01,1,0,0
197,36,977.51,496.63,161.80,28.05,1,0,0
197,72,313.84,498.59,104.64,26.57,1,0,0
197,37,1835.10,500.69,84.35,81.92,1,2,0
216,74,1192.54,503.05,31.82,34.25,1,5,0
216,9,1265.61,521.61,35.31,16.51,1,0,0
216,65,1221.95,520.43,22.27,16.63,1,5,0
217,86,1484.53,535.13,124.48,25.56,1,0,0
217,9,1179.03,533.38,144.04,28.83,1,0,0
217,78,786.97,541.71,94.40,25.33,1,0,0
217,72,360.69,538.08,26.23,30.43,1,5,0
218,86,1396.01,528.22,177.49,29.10,1,0,0
218,9,1144.14,537.00,152.72,27.17,1,0,0
218,87,389.06,539.31,87.91,41.93,1,5,0
218,88,404.91,563.14,40.33,17.57,1,0,0
218,89,331.24,543.55,28.63,38.93,1,5,0
218,78,758.90,546.46,95.74,24.64,1,0,0
218,72,356.57,565.54,29.14,15.53,1,5,0
219,86,1391.23,528.58,174.64,29.53,1,0,0
219,9,1141.03,532.43,150.53,27.72,1,0,0
219,87,383.05,521.46,86.14,43.94,1,5,0
219,88,399.58,548.42,38.55,16.11,1,0,0
219,89,323.97,525.70,28.55,39.63,1,5,0
219,78,751.57,536.55,94.98,24.87,1,0,0
219,72,351.59,547.89,27.02,16.54,1,5,0
220,86,1386.15,538.05,173.07,31.50,1,0,0
220,9,1138.20,536.79,147.99,27.62,1,0,0
220,87,374.83,516.12,89.11,41.14,1,5,0
220,88,392.10,539.48,40.91,16.92,1,0,0
220,89,316.34,517.12,27.31,35.91,1,5,0
220,78,746.80,534.59,94.10,25.30,1,0,0
220,72,344.75,538.15,23.94,14.44,1,5,0
221,86,1380.34,515.21,174.02,31.15,1,0,0
221,9,1129.09,514.42,153.07,28.48,1,0,0
221,87,369.35,500.83,88.10,38.29,1,5,0
221,88,385.95,521.53,39.42,16.84,1,0,0
221,89,309.48,498.28,28.66,38.68,1,5,0
221,78,739.86,514.66,95.62,25.48,1,0,0
221,72,336.69,521.17,24.77,14.94,1,5,0
222,86,1371.76,539.55,170.95,29.72,1,0,0
222,9,1124.59,544.58,148.31,28.55,1,0,0
222,87,360.05,547.09,88.78,40.28,1,5,0
222,88,376.65,569.70,39.15,16.74,1,0,0
222,89,300.81,550.78,28.08,36.89,1,5,0
222,78,733.75,553.41,93.59,25.84,1,0,0
222,72,328.57,569.86,27.50,16.84,1,5,0
223,86,1357.32,540.98,171.35,30.67,1,0,0
223,9,1111.10,544.42,146.99,25.84,1,0,0
223,87,345.99,536.60,91.60,34.73,1,5,0
223,88,360.12,552.50,42.02,17.98,1,0,0
223,89,284.87,542.04,26.63,28.69,1,5,0
223,78,714.91,545.25,100.18,24.10,1,0,0
223,72,314.79,553.43,28.99,15.93,1,5,0
224,86,1351.29,519.48,169.24,31.51,1,0,0
224,9,1103.09,523.73,147.26,26.24,1,0,0
224,87,334.44,504.23,92.70,48.49,1,5,0
224,88,357.38,535.28,36.57,16.48,1,0,0
224,89,274.45,521.28,26.48,29.92,1,5,0
224,78,709.31,525.37,97.38,23.95,1,0,0
224,72,305.30,533.07,29.35,15.53,1,5,0
225,86,1338.16,512.81,171.23,31.28,1,0,0
225,9,1090.75,518.53,148.07,27.52,1,0,0
225,87,324.85,513.57,89.13,41.72,1,5,0
225,88,340.47,536.25,42.27,17.75,1,0,0
225,89,263.51,516.54,30.81,38.44,1,5,0
225,78,700.01,524.16,95.53,25.00,1,0,0
226,86,1329.34,513.77,168.51,31.70,1,0,0
226,9,1081.58,519.48,146.81,26.38,1,0,0
226,87,313.40,516.30,89.77,37.47,1,5,0
226,88,329.79,536.81,40.42,15.90,1,0,0
226,89,254.00,515.69,27.55,37.09,1,5,0
226,78,691.42,524.36,94.41,24.40,1,0,0
226,72,281.61,536.07,29.67,16.38,1,5,0
227,86,1320.26,519.35,169.32,33.10,1,0,0
227,9,1072.22,521.34,152.12,26.34,1,0,0
227,87,303.72,501.08,90.85,41.89,1,5,0
227,88,319.68,524.82,41.09,16.90,1,0,0
227,89,244.44,503.91,28.03,35.89,1,5,0
227,78,679.76,518.78,98.69,25.40,1,0,0
227,93,1481.21,546.49,5.65,8.68,1,3,0
227,72,274.85,523.52,25.15,15.98,1,5,0
228,86,1310.89,519.01,169.10,33.25,1,0,0
228,9,1058.19,521.65,147.18,26.12,1,0,0
228,87,291.82,502.60,91.57,39.51,1,5,0
228,88,307.91,524.08,40.32,16.68,1,0,0
228,89,233.02,503.56,27.63,36.42,1,5,0
228,78,669.92,518.14,97.62,25.74,1,0,0
228,72,260.59,522.81,28.06,17.00,1,5,0
229,86,1288.30,523.94,165.39,32.39,1,0,0
229,9,1036.75,522.52,150.63,26.87,1,0,0
229,87,262.24,508.59,87.63,29.61,1,5,0
229,88,277.84,522.61,33.58,14.27,1,0,0
229,89,202.21,504.89,34.05,30.34,1,5,0
229,78,649.12,516.77,97.43,26.08,1,0,0
230,86,1303.53,515.18,166.69,30.82,1,0,0
230,9,1051.67,521.54,144.72,26.04,1,0,0
230,87,294.44,531.99,81.23,25.48,1,5,0
230,88,297.52,539.68,42.27,17.90,1,0,0
230,78,666.54,527.22,94.26,24.83,1,0,0
230,72,251.42,536.95,26.94,20.01,1,5,0
231,86,1270.77,522.92,167.27,33.13,1,0,0
231,9,1023.14,522.44,141.56,26.89,1,0,0
231,87,246.87,491.72,91.64,45.56,1,5,0
231,88,261.57,517.21,44.16,19.47,1,0,0
231,78,632.40,515.45,96.28,26.72,1,0,0
231,72,217.83,517.50,27.62,16.60,1,5,0
231,93,1428.92,549.73,5.78,9.17,1,3,0
231,89,184.10,500.11,32.03,34.68,1,5,0
232,86,1265.51,519.58,166.58,30.75,1,0,0
232,9,1013.85,522.62,142.21,27.13,1,0,0
232,87,239.20,507.01,95.30,45.05,1,5,0
232,88,256.79,532.23,41.41,18.91,1,0,0
232,78,626.53,523.37,96.44,25.71,1,0,0
232,72,209.43,533.05,27.90,16.75,1,5,0
232,89,178.59,515.26,31.08,34.81,1,5,0
233,86,1257.29,514.14,165.14,31.43,1,0,0
233,9,1007.87,523.52,141.35,26.61,1,0,0
233,87,231.56,528.63,90.57,39.43,1,5,0
233,88,243.92,549.29,44.94,17.90,1,0,0
233,78,617.04,532.36,98.52,24.78,1,0,0
233,72,200.40,550.76,28.37,16.84,1,5,0
233,89,167.57,538.20,31.55,30.51,1,5,0
234,86,1249.66,515.96,165.05,31.87,1,0,0
234,9,998.94,523.18,144.70,26.96,1,0,0
234,87,217.84,519.84,96.29,41.56,1,5,0
234,88,235.31,542.34,43.41,18.66,1,0,0
234,78,608.01,528.75,95.82,25.76,1,0,0
234,72,189.64,544.00,27.53,15.95,1,5,0
234,89,155.87,526.31,33.32,34.83,1,5,0
235,86,1240.33,520.78,164.44,31.68,1,0,0
235,9,993.68,523.00,139.74,27.90,1,0,0
235,87,209.43,505.67,94.94,42.40,1,5,0
235,88,227.14,528.42,43.19,18.86,1,0,0
235,78,596.83,522.87,100.03,25.73,1,0,0
235,72,178.38,530.19,26.09,16.04,1,5,0
235,89,147.66,509.17,30.82,37.11,1,5,0
236,86,1232.69,525.38,163.09,33.01,1,0,0
236,9,985.39,521.92,141.98,28.16,1,0,0
236,87,196.94,490.47,97.14,44.90,1,5,0
236,88,217.80,514.54,43.59,19.67,1,0,0
236,78,587.89,516.01,98.89,26.70,1,0,0
236,72,168.67,515.16,25.75,15.99,1,5,0
236,89,134.22,495.96,35.39,36.10,1,5,0
237,86,1221.01,521.14,162.71,32.66,1,0,0
237,9,974.52,524.06,136.53,26.76,1,0,0
237,87,185.40,504.90,96.52,43.38,1,5,0
237,88,202.07,528.16,44.75,19.02,1,0,0
237,78,578.19,522.80,98.18,25.26,1,0,0
237,72,157.71,529.27,25.86,15.68,1,5,0
237,89,121.86,512.54,33.87,33.51,1,5,0
237,84,1900.69,555.82,19.28,25.09,1,2,0
238,86,1211.85,515.66,164.39,30.42,1,0,0
238,9,966.29,525.98,135.65,26.18,1,0,0
238,87,178.40,533.84,94.88,41.57,1,5,0
238,88,194.54,555.87,43.97,18.50,1,0,0
238,78,567.67,537.16,99.69,25.30,1,0,0
238,72,149.68,556.34,26.66,18.08,1,5,0
238,89,114.37,540.72,33.39,35.54,1,5,0
238,84,1887.32,530.20,32.59,26.23,1,2,0
239,86,1205.99,515.12,163.65,30.88,1,0,0
239,9,960.12,526.48,133.03,25.63,1,0,0
239,87,168.97,532.24,98.30,44.22,1,5,0
239,88,189.14,556.28,43.99,18.85,1,0,0
239,78,562.68,537.22,99.69,25.65,1,0,0
239,72,141.98,559.39,27.09,15.64,1,5,0
239,89,106.75,540.76,34.81,36.05,1,5,0
239,84,1875.38,529.38,44.37,30.32,1,2,0
240,86,1191.17,522.15,163.94,32.44,1,0,0
240,9,947.16,523.74,135.32,26.39,1,0,0
240,87,154.42,506.79,96.79,40.65,1,5,0
240,88,170.50,527.66,44.85,18.83,1,0,0
240,78,548.33,521.66,100.89,26.08,1,0,0
240,72,126.69,528.78,25.83,14.42,1,5,0
240,89,88.72,512.50,34.98,32.36,1,5,0
240,37,1854.64,551.26,65.09,65.87,1,2,0
240,93,1336.24,547.55,5.05,7.48,1,3,0
241,86,1182.35,524.61,164.92,34.37,1,0,0
241,9,936.44,522.72,144.39,27.35,1,0,0
241,87,140.85,486.64,99.07,47.27,1,5,0
241,88,162.10,513.62,42.42,18.89,1,0,0
241,78,540.17,513.70,98.71,27.03,1,0,0
241,72,113.39,513.12,26.70,15.05,1,5,0
241,89,79.48,494.46,33.66,34.18,1,5,0
241,37,1838.56,553.67,80.80,82.47,1,2,0
241,93,1327.84,553.48,6.08,7.70,1,3,0
242,86,1170.97,520.69,163.64,31.31,1,0,0
242,9,920.70,524.09,144.90,27.16,1,0,0
242,87,125.75,505.83,100.11,49.18,1,5,0
242,88,144.68,534.20,46.25,19.55,1,0,0
242,78,528.75,526.24,98.44,25.83,1,0,0
242,72,100.03,535.57,26.32,16.36,1,5,0
242,89,61.49,518.96,34.79,34.32,1,5,0
242,37,1818.34,517.64,101.23,97.87,1,2,0
242,93,1325.09,545.38,6.19,9.55,1,3,0
243,86,1161.14,530.02,162.33,28.61,1,0,0
243,9,911.26,536.45,148.04,26.96,1,0,0
243,87,117.33,537.87,96.20,45.42,1,5,0
243,88,137.74,564.71,42.39,17.97,1,0,0
243,78,515.29,547.63,101.18,24.98,1,0,0
243,89,52.68,548.52,32.55,35.16,1,5,0
243,37,1797.81,517.25,121.75,93.60,1,2,0
244,86,1139.95,526.14,162.57,31.06,1,0,0
244,9,891.04,526.43,148.34,28.50,1,0,0
244,87,94.16,514.43,92.79,39.67,1,5,0
244,88,113.56,535.39,41.91,17.39,1,0,0
244,78,493.99,528.14,99.44,25.84,1,0,0
244,89,16.12,512.09,42.60,40.77,1,5,0
244,37,1767.26,531.74,152.45,94.57,1,2,0
245,86,1131.22,532.09,161.88,31.37,1,0,0
245,9,880.68,529.13,145.65,28.94,1,0,0
245,87,80.06,503.64,97.95,44.45,1,5,0
245,88,101.41,528.12,44.10,19.25,1,0,0
245,78,486.12,526.17,98.34,26.58,1,0,0
245,89,1.01,503.58,46.60,42.25,1,5,0
245,37,1754.30,544.14,165.40,96.38,1,2,0
246,86,1121.00,535.88,162.33,30.92,1,0,0
246,9,872.13,535.19,146.66,29.61,1,0,0
246,87,69.78,521.58,98.57,43.20,1,5,0
246,88,89.18,545.64,42.48,17.87,1,0,0
246,78,475.44,537.00,99.67,26.56,1,0,0
246,89,1.71,524.49,35.13,39.03,1,5,0
246,37,1737.49,540.32,182.37,95.44,1,2,0
246,72,38.03,544.93,29.43,18.02,1,5,0
246,93,1273.55,560.69,5.62,8.27,1,3,0
247,86,1108.00,528.32,160.76,29.12,1,0,0
247,9,860.82,533.01,135.51,28.34,1,0,0
247,87,32.39,535.12,117.61,41.93,1,5,0
247,88,71.87,556.56,45.03,19.32,1,0,0
247,78,458.24,542.29,102.96,25.10,1,0,0
247,37,1712.84,509.97,207.04,101.18,1,2,0
247,93,1258.99,550.09,6.19,8.96,1,3,0
248,86,1100.88,524.79,159.46,29.60,1,0,0
248,9,852.79,530.08,135.25,27.86,1,0,0
248,87,20.72,533.39,118.24,40.17,1,5,0
248,88,61.73,553.25,45.69,18.80,1,0,0
248,78,449.28,538.27,102.54,25.49,1,0,0
248,37,1699.55,504.63,220.35,105.34,1,2,0
248,93,1250.03,547.82,5.78,8.11,1,3,0
248,97,230.58,561.30,4.20,7.82,1,3,0
249,86,1085.51,525.28,160.46,30.93,1,0,0
249,9,838.89,525.41,138.98,29.71,1,0,0
249,87,24.46,504.79,101.63,49.10,1,5,0
249,88,46.45,534.87,40.49,18.51,1,0,0
249,78,436.07,528.13,100.72,25.77,1,0,0
249,37,1676.35,496.50,243.27,128.65,1,2,0
249,72,0.52,533.03,17.58,18.64,1,5,0
250,86,1070.68,526.57,159.40,31.13,1,0,0
250,9,823.47,526.36,146.83,28.58,1,0,0
250,87,5.90,505.97,98.18,46.73,1,5,0
250,88,31.02,533.96,39.09,17.57,1,0,0
250,78,418.66,527.15,102.66,26.31,1,0,0
250,37,1648.03,504.71,271.63,125.41,1,2,0
250,97,194.95,545.23,4.15,7.61,1,3,0
251,86,1063.35,526.20,158.49,29.84,1,0,0
251,9,814.33,529.80,144.61,28.84,1,0,0
251,87,1.80,534.65,92.97,36.21,1,5,0
251,88,15.80,551.72,42.75,18.60,1,0,0
251,78,407.41,538.48,102.81,25.15,1,0,0
251,37,1631.46,485.35,288.45,131.60,1,2,0
251,97,183.90,559.53,4.65,8.46,1,3,0
252,86,1048.98,526.15,156.78,29.88,1,0,0
252,9,799.59,532.48,137.84,27.60,1,0,0
252,87,0.60,548.33,74.73,30.34,1,5,0
252,88,1.64,559.13,38.73,18.76,1,0,0
252,78,390.84,543.01,103.29,24.79,1,0,0
252,37,1604.72,480.15,315.28,131.71,1,2,0
253,86,1035.39,527.09,156.96,30.19,1,0,0
253,9,787.08,529.34,140.64,27.72,1,0,0
253,87,0.35,530.07,60.27,33.11,1,5,0
253,88,0.70,546.75,20.88,16.12,1,0,0
253,78,377.39,533.00,102.62,25.68,1,0,0
253,37,1582.80,485.94,337.20,138.31,1,2,0
253,93,1182.95,549.49,6.51,9.58,1,3,0
254,86,1022.20,526.34,163.17,31.44,1,0,0
254,9,776.19,527.11,145.76,28.64,1,0,0
254,87,0.34,524.26,49.66,31.05,1,5,0
254,88,0.00,540.32,11.70,13.79,1,0,0
254,78,370.03,528.73,102.11,25.98,1,0,0
254,37,1567.67,487.71,351.85,141.95,1,2,0
255,86,1012.77,526.35,163.38,31.70,1,0,0
255,9,766.34,528.22,145.52,28.63,1,0,0
255,87,0.32,528.15,38.47,30.69,1,0,0
255,88,0.34,527.71,38.27,31.44,1,5,0
255,78,358.38,530.89,103.71,25.59,1,0,0
255,37,1551.16,481.44,368.63,147.67,1,2,0
256,86,997.64,528.11,160.11,29.80,1,0,0
256,9,749.95,530.57,143.09,28.23,1,0,0
256,87,0.40,545.78,18.68,22.49,1,5,0
256,78,340.28,537.06,102.08,25.40,1,0,0
256,37,1525.25,474.75,394.59,147.89,1,2,0
257,86,974.50,528.42,160.09,30.00,1,0,0
257,9,727.38,531.10,140.42,28.65,1,0,0
257,78,312.91,538.83,104.76,25.84,1,0,0
257,37,1488.42,471.57,431.36,152.00,1,2,0
258,86,942.83,527.18,163.23,31.17,1,0,0
258,9,696.88,528.31,142.22,30.08,1,0,0
258,78,278.87,533.59,109.52,25.58,1,0,0
258,37,1444.08,474.81,475.36,154.73,1,2,0
258,13,0.19,613.25,12.45,45.09,1,2,0
259,86,936.52,527.67,161.04,30.81,1,0,0
259,9,688.79,531.43,143.19,29.39,1,0,0
259,78,270.26,538.47,108.15,26.35,1,0,0
259,37,1430.23,468.74,489.29,156.62,1,2,0
260,86,918.55,528.31,158.82,30.61,1,0,0
260,9,670.27,531.90,140.55,28.56,1,0,0
260,78,248.14,538.73,106.28,26.10,1,0,0
260,37,1398.41,468.41,520.57,157.58,1,2,0
261,86,906.13,528.13,159.82,29.93,1,0,0
261,9,658.71,530.28,139.94,28.19,1,0,0
261,78,235.78,533.67,104.69,26.50,1,0,0
261,37,1379.70,474.49,539.39,156.02,1,2,0
262,86,867.20,530.14,161.28,29.25,1,0,0
262,9,616.92,533.94,146.78,28.69,1,0,0
262,78,191.72,540.69,107.78,26.56,1,0,0
262,37,1323.34,473.93,573.14,152.26,1,2,0
263,86,852.09,529.80,162.72,29.29,1,0,0
263,9,601.75,531.25,143.85,28.43,1,0,0
263,78,177.86,534.84,105.59,26.97,1,0,0
263,37,1305.24,486.99,568.49,143.63,1,5,0
264,86,826.13,527.69,165.83,30.00,1,0,0
264,9,579.62,523.81,145.98,28.43,1,0,0
264,78,148.05,520.59,109.44,28.09,1,0,0
264,37,1275.58,495.16,566.78,147.20,1,2,0
265,86,816.05,529.80,162.55,30.20,1,0,0
265,9,566.68,532.40,142.24,27.45,1,0,0
265,78,133.75,536.61,107.15,26.74,1,0,0
265,37,1256.43,475.72,565.00,148.99,1,2,0
265,93,968.25,552.83,5.45,8.77,1,3,0
266,86,798.77,532.50,161.93,30.41,1,0,0
266,9,547.64,540.43,150.18,28.07,1,0,0
266,78,115.33,553.56,107.43,26.36,1,0,0
266,37,1223.29,481.65,558.59,138.11,1,2,0
266,93,949.51,554.65,7.14,11.42,1,3,0
267,86,784.60,530.19,163.49,30.89,1,0,0
267,9,533.39,535.58,150.26,28.18,1,0,0
267,78,98.64,543.00,108.85,26.94,1,0,0
267,37,1206.32,486.38,553.34,138.04,1,2,0
268,86,751.16,524.05,164.66,31.24,1,0,0
268,9,498.49,520.74,146.91,29.04,1,0,0
268,78,59.72,514.33,108.36,29.21,1,0,0
268,37,1162.92,506.21,542.69,135.31,1,2,0
268,93,903.50,549.27,5.69,8.07,1,3,0
269,86,729.56,527.84,164.07,31.51,1,0,0
269,9,477.79,531.56,146.92,28.26,1,0,0
269,78,1.43,533.95,140.66,29.36,1,0,0
269,37,1133.86,498.46,540.07,132.98,1,2,0
270,86,718.86,530.67,164.55,32.84,1,0,0
270,9,465.28,538.81,148.66,28.72,1,0,0
270,78,16.89,549.29,110.64,26.88,1,0,0
270,37,1118.53,494.01,536.77,130.54,1,2,0
270,13,19.12,747.60,29.76,38.13,1,3,0
270,93,871.41,555.28,5.79,9.14,1,3,0
271,86,708.74,532.11,163.16,30.70,1,0,0
271,9,452.36,539.08,147.40,28.17,1,0,0
271,78,2.94,548.64,111.70,27.87,1,0,0
271,37,1104.00,496.34,532.76,126.31,1,2,0
272,86,693.46,527.90,161.76,31.20,1,0,0
272,9,432.99,531.14,150.25,29.32,1,0,0
272,78,0.31,536.12,81.34,28.27,1,0,0
272,37,1079.95,499.34,531.03,127.64,1,2,0
273,86,674.11,520.51,163.03,32.91,1,0,0
273,9,414.03,517.24,153.57,29.25,1,0,0
273,78,0.30,513.99,72.78,24.81,1,0,0
273,37,1058.64,505.14,525.68,133.72,1,2,0
274,86,649.29,519.83,167.98,33.12,1,0,0
274,9,392.00,516.03,150.68,30.44,1,0,0
274,78,0.42,514.83,52.89,23.95,1,0,0
274,37,1029.78,506.39,524.63,129.74,1,2,0
275,86,637.05,529.57,169.11,31.43,1,0,0
275,9,377.94,532.68,151.91,30.16,1,0,0
275,78,0.40,543.68,37.62,23.92,1,0,0
275,37,1013.22,500.98,521.99,125.68,1,2,0
276,86,621.28,539.01,164.94,30.61,1,0,0
276,9,360.78,549.19,154.42,28.90,1,0,0
276,78,0.17,565.95,14.26,25.92,1,0,0
276,37,989.23,497.21,517.71,123.29,1,2,0
276,93,771.65,558.94,5.45,9.72,1,3,0
277,86,597.19,530.45,165.54,32.28,1,0,0
277,9,328.87,536.94,160.07,30.95,1,0,0
277,78,0.71,553.74,17.97,23.79,1,0,0
277,37,959.11,498.49,520.09,127.96,1,2,0
278,86,560.26,517.07,169.60,32.98,1,0,0
278,9,294.85,513.14,159.70,30.11,1,0,0
278,37,921.29,505.28,507.46,129.60,1,2,0
279,86,540.61,518.94,167.17,32.65,1,0,0
279,9,270.37,516.12,160.74,30.46,1,0,0
279,37,892.40,503.33,504.61,128.58,1,2,0
280,86,511.55,531.16,171.42,31.52,1,0,0
280,9,240.95,536.30,167.54,28.61,1,0,0
280,37,856.78,498.95,503.33,126.22,1,2,0
281,86,487.06,530.87,173.99,30.73,1,0,0
281,9,217.13,534.67,164.31,29.64,1,0,0
281,37,829.25,500.83,502.99,125.56,1,2,0
282,86,458.50,527.16,175.05,30.28,1,0,0
282,9,186.30,527.51,171.22,29.51,1,0,0
282,37,796.65,500.66,502.41,127.27,1,2,0
283,86,434.51,523.94,173.16,32.98,1,0,0
283,9,152.33,527.06,170.01,29.87,1,0,0
283,37,764.10,500.79,499.36,126.75,1,2,0
284,86,411.41,527.32,174.74,32.94,1,0,0
284,9,128.85,532.43,166.71,29.89,1,0,0
284,37,736.60,498.51,499.69,127.53,1,2,0
285,86,376.46,522.79,174.56,32.61,1,0,0
285,9,88.93,522.89,170.89,30.95,1,0,0
285,37,696.46,499.13,497.31,127.20,1,2,0
286,86,352.27,517.51,173.32,32.84,1,0,0
286,9,60.93,516.22,171.52,30.89,1,0,0
286,37,666.83,497.84,496.59,128.30,1,2,0
287,86,303.27,532.18,179.91,32.38,1,0,0
287,9,9.29,537.10,177.48,30.82,1,0,0
287,37,613.65,501.33,498.87,126.97,1,2,0
287,93,470.03,555.77,5.45,9.37,1,3,0
288,86,262.28,522.92,165.71,32.69,1,0,0
288,9,0.63,530.36,180.00,26.02,1,0,0
288,37,546.72,497.04,514.85,129.44,1,2,0
288,93,412.82,548.11,5.68,8.67,1,3,0
289,86,228.27,521.09,169.57,33.52,1,0,0
289,9,0.56,531.28,127.70,20.88,1,0,0
289,37,513.08,497.96,535.02,128.60,1,2,0
290,86,208.14,529.84,173.38,29.88,1,0,0
290,9,0.00,539.14,121.48,21.20,1,0,0
290,37,492.89,498.97,546.81,128.60,1,2,0
291,86,146.62,540.51,187.97,32.11,1,0,0
291,9,0.46,553.49,28.30,22.38,1,0,0
291,37,437.48,502.40,500.75,130.96,1,2,0
292,86,118.13,529.87,193.83,32.90,1,0,0
292,37,406.18,496.48,506.27,135.23,1,2,0
293,86,64.12,494.90,193.99,34.28,1,0,0
293,37,347.25,484.90,504.94,134.67,1,2,0
294,86,35.86,508.29,196.37,33.90,1,0,0
294,37,316.01,489.65,508.77,134.11,1,2,0
295,86,0.74,512.94,132.84,26.15,1,0,0
295,37,196.10,485.36,518.62,136.32,1,2,0
295,93,112.44,536.90,4.96,6.47,1,3,0
296,37,84.41,522.14,533.86,136.58,1,2,0
296,93,0.07,571.09,39.17,24.42,1,0,0
297,37,41.69,517.57,538.35,135.77,1,2,0
298,37,11.34,486.81,541.85,140.50,1,2,0
299,37,0.20,528.36,435.39,143.89,1,2,0
300,37,-0.00,476.36,379.39,148.34,1,2,0
301,37,0.68,518.85,306.88,150.93,1,2,0
301,84,1837.64,469.23,31.86,69.58,1,3,0
302,37,0.80,536.06,279.08,139.60,1,2,0
302,84,1812.97,465.67,32.93,69.97,1,3,0
303,37,0.00,530.85,170.25,105.23,1,2,0
303,84,1721.93,499.79,30.37,70.50,1,3,0
304,37,0.16,554.79,124.58,105.96,1,2,0
304,84,1684.55,482.01,30.39,72.96,1,3,0
305,37,0.42,546.29,92.82,106.68,1,0,0
305,84,1659.60,488.16,30.78,72.66,1,3,0
306,37,0.33,531.22,60.24,106.55,1,2,0
306,84,1634.52,498.04,30.81,71.69,1,3,0
307,37,0.46,580.88,29.15,64.82,1,2,0
307,84,1607.97,494.76,30.64,72.21,1,3,0
308,84,1585.58,492.68,30.95,74.13,1,3,0
309,84,1549.88,498.39,29.43,72.02,1,3,0
310,84,1525.08,497.43,28.78,72.02,1,3,0
311,84,1501.44,492.94,28.63,70.73,1,3,0
312,84,1482.45,489.94,28.51,69.87,1,3,0
313,84,1456.88,497.38,28.22,69.35,1,3,0
314,84,1429.30,503.75,28.30,71.72,1,3,0
315,84,1406.53,502.45,27.64,68.91,1,3,0
316,84,1383.68,495.79,28.40,70.42,1,3,0
317,84,1361.37,499.17,29.01,71.27,1,3,0
318,84,1329.31,499.67,26.39,68.13,1,3,0
319,84,1265.88,510.05,26.09,67.18,1,3,0
320,84,1247.29,506.65,25.97,67.61,1,3,0
321,84,1230.08,502.09,25.80,64.91,1,3,0
322,84,1186.60,501.81,25.55,67.97,1,3,0
323,84,1169.89,505.85,26.30,68.29,1,3,0
323,101,1846.87,567.40,32.23,14.27,1,2,0
324,84,1152.79,505.11,25.36,68.64,1,3,0
324,101,1825.68,568.79,37.30,14.42,1,2,0
325,84,1135.16,501.26,26.70,68.97,1,3,0
325,101,1804.42,528.26,42.81,17.13,1,2,0
326,84,1119.50,499.97,26.61,69.05,1,3,0
326,101,1780.86,517.02,46.52,15.76,1,2,0
327,84,1076.96,501.95,26.46,70.34,1,3,0
327,101,1733.86,549.77,40.17,14.99,1,2,0
328,84,1068.91,501.43,26.14,70.35,1,3,0
328,101,1724.90,550.06,40.64,14.47,1,2,0
328,102,1864.12,548.97,55.85,14.89,1,0,0
329,84,1061.45,501.62,26.15,70.54,1,3,0
329,101,1716.62,544.80,40.69,13.26,1,2,0
329,102,1855.62,539.71,63.96,16.95,1,0,0
330,84,1045.23,502.68,25.13,69.17,1,3,0
330,101,1694.64,543.34,41.11,12.56,1,2,0
330,102,1837.75,539.37,77.44,14.81,1,0,0
331,84,1029.87,503.24,25.03,69.54,1,3,0
331,101,1676.74,537.93,37.27,12.31,1,2,0
331,102,1820.06,530.63,75.82,15.03,1,0,0
332,84,1011.56,504.00,25.00,69.35,1,3,0
332,101,1655.52,534.71,38.02,11.40,1,2,0
332,102,1799.19,525.03,75.77,15.30,1,0,0
333,84,993.94,503.40,24.89,68.60,1,3,0
333,101,1634.38,554.07,38.14,12.60,1,2,0
333,102,1779.02,549.97,78.13,15.21,1,0,0
334,84,979.43,501.21,25.48,69.68,1,3,0
334,101,1617.43,565.67,38.87,10.93,1,2,0
334,102,1765.33,561.97,76.85,17.09,1,0,0
335,84,964.95,504.39,25.01,69.10,1,3,0
335,101,1603.45,547.22,34.83,11.13,1,2,0
335,102,1751.39,538.62,81.16,16.04,1,0,0
336,84,955.66,505.10,26.48,71.06,1,3,0
336,101,1595.18,534.61,29.63,12.32,1,2,0
336,102,1741.64,525.29,93.12,16.88,1,0,0
337,84,939.30,504.60,26.32,70.69,1,3,0
337,101,1572.56,542.92,32.06,12.34,1,2,0
337,102,1723.01,536.60,90.17,16.57,1,0,0
337,104,1862.79,424.19,56.90,226.85,1,3,0
338,84,923.46,502.61,25.68,68.89,1,3,0
338,101,1555.87,560.00,37.61,11.72,1,2,0
338,102,1708.91,557.49,77.97,15.05,1,0,0
338,104,1838.24,426.25,81.67,255.56,1,3,0
338,105,1795.32,558.92,95.51,14.87,1,0,0
339,84,909.28,501.53,26.01,68.97,1,3,0
339,101,1538.68,561.92,36.77,11.40,1,2,0
339,102,1692.38,560.07,78.99,14.33,1,0,0
339,104,1818.43,420.04,101.55,263.49,1,3,0
339,105,1780.92,561.26,91.50,14.81,1,0,0
340,84,894.64,508.54,25.41,67.94,1,3,0
340,101,1522.90,544.32,39.14,11.19,1,2,0
340,102,1626.43,535.02,87.40,16.18,1,0,0
340,104,1793.01,388.37,126.94,263.29,1,3,0
340,105,1763.53,531.22,94.82,19.23,1,0,0
341,84,885.29,511.97,24.91,66.87,1,3,0
341,102,1618.02,529.94,85.98,15.76,1,0,0
341,104,1777.30,384.01,130.99,262.32,1,3,0
341,105,1753.90,524.06,100.41,19.67,1,0,0
342,84,871.05,505.34,24.65,70.17,1,3,0
342,102,1605.95,545.08,84.67,13.26,1,0,0
342,104,1755.42,402.28,130.58,262.36,1,3,0
342,105,1737.76,540.82,93.08,17.21,1,0,0
342,101,1496.86,550.40,34.39,11.82,1,2,0
343,84,860.88,504.49,26.74,70.67,1,3,0
343,102,1600.33,546.56,74.20,11.19,1,0,0
343,104,1739.57,399.14,126.59,265.59,1,3,0
343,105,1755.22,540.79,92.68,17.71,1,0,0
343,101,1483.01,549.62,39.98,12.96,1,2,0
344,84,848.30,510.82,25.59,66.77,1,3,0
344,102,1582.84,541.85,64.92,11.59,1,0,0
344,104,1717.59,395.30,130.40,261.50,1,3,0
344,105,1719.38,532.86,101.42,20.21,1,0,0
344,101,1470.91,545.78,37.69,11.63,1,2,0
345,84,838.76,511.38,26.04,67.92,1,3,0
345,102,1575.68,536.10,68.30,13.18,1,0,0
345,104,1700.49,388.41,132.01,260.19,1,3,0
345,105,1712.74,526.65,96.05,19.56,1,0,0
345,101,1460.05,542.98,37.50,11.42,1,2,0
346,84,818.94,512.87,27.22,64.43,1,3,0
346,102,1555.19,549.31,62.48,13.39,1,0,0
346,104,1667.98,403.52,131.08,264.49,1,3,0
346,105,1695.93,542.50,97.19,20.94,1,0,0
346,101,1442.75,552.64,35.32,12.54,1,2,0
347,84,806.81,510.16,26.20,66.61,1,3,0
347,102,1546.10,548.33,52.62,12.22,1,0,0
347,104,1647.07,399.99,130.66,266.65,1,3,0
347,105,1688.07,541.26,91.48,17.76,1,0,0
347,101,1425.40,550.86,38.14,12.12,1,2,0
348,84,801.64,513.64,25.63,64.34,1,3,0
348,102,1540.14,546.54,52.77,11.01,1,0,0
348,104,1635.75,394.50,131.81,267.68,1,3,0
348,105,1684.22,537.28,93.25,17.84,1,0,0
348,101,1418.86,548.40,36.76,11.75,1,2,0
349,84,791.03,512.37,25.41,66.65,1,3,0
349,102,1528.98,543.05,53.87,11.87,1,0,0
349,104,1618.86,389.62,132.49,269.41,1,3,0
349,105,1669.45,534.08,93.00,17.67,1,0,0
349,101,1406.79,546.87,37.14,11.74,1,2,0
350,84,781.09,512.16,27.08,68.32,1,3,0
350,102,1521.33,542.87,52.91,11.93,1,0,0
350,104,1601.69,388.90,134.30,271.48,1,3,0
350,105,1665.15,532.82,87.76,18.02,1,0,0
350,101,1396.86,547.00,36.51,11.38,1,2,0
351,84,771.06,514.62,26.15,68.47,1,3,0
351,102,1512.41,541.27,51.31,11.70,1,0,0
351,104,1586.18,389.20,130.02,268.14,1,3,0
351,105,1647.86,531.10,88.46,16.56,1,0,0
351,101,1385.56,545.18,38.15,11.93,1,2,0
352,84,756.08,506.94,26.60,67.40,1,3,0
352,102,1499.43,555.44,51.54,11.22,1,0,0
352,104,1563.87,408.48,127.16,265.23,1,3,0
352,105,1638.26,550.09,87.11,16.61,1,0,0
352,101,1369.78,554.90,37.81,12.22,1,2,0
353,84,747.39,503.51,26.60,67.32,1,3,0
353,102,1490.95,560.12,51.76,10.91,1,0,0
353,104,1549.10,410.66,125.36,266.10,1,3,0
353,105,1624.68,556.66,82.37,15.48,1,0,0
353,101,1359.72,558.75,37.70,11.76,1,2,0
354,84,742.58,514.21,26.34,67.79,1,3,0
354,102,1487.08,545.60,47.59,10.04,1,0,0
354,104,1539.24,389.45,124.47,272.28,1,3,0
354,105,1629.08,536.12,71.86,14.41,1,0,0
354,101,1355.58,547.32,36.29,11.57,1,2,0
355,84,741.14,537.51,26.75,54.74,1,3,0
355,102,1485.38,530.50,51.24,12.41,1,0,0
355,104,1528.05,375.88,130.14,268.44,1,3,0
355,105,1620.53,519.84,75.88,13.94,1,0,0
355,101,1351.11,538.26,36.73,11.92,1,2,0
355,108,1884.37,494.94,35.52,27.31,1,2,0
356,84,728.00,516.98,26.76,61.18,1,3,0
356,102,1476.75,550.20,48.48,11.46,1,0,0
356,104,1506.84,401.28,127.75,268.14,1,3,0
356,105,1607.28,542.50,83.82,15.69,1,0,0
356,101,1337.55,550.21,40.51,12.97,1,2,0
356,108,1873.71,528.49,46.25,29.41,1,2,0
357,84,704.03,538.27,25.84,60.11,1,3,0
357,102,1451.78,525.10,48.39,13.45,1,0,0
357,104,1461.91,367.53,126.84,272.48,1,3,0
357,105,1638.04,509.16,85.68,14.50,1,0,0
357,101,1311.74,535.31,38.01,11.74,1,2,0
357,108,1854.13,481.28,52.03,29.31,1,2,0
358,84,696.27,522.83,27.37,62.30,1,3,0
358,102,1447.25,538.41,54.32,13.62,1,0,0
358,104,1449.79,386.42,127.27,268.73,1,3,0
358,105,1579.57,529.40,86.51,16.58,1,0,0
358,101,1303.80,544.53,37.13,11.81,1,2,0
358,108,1843.41,508.79,61.85,30.59,1,2,0
359,84,672.42,533.98,26.36,58.58,1,3,0
359,102,1427.65,529.10,50.05,14.74,1,0,0
359,104,1408.98,380.36,126.28,269.69,1,3,0
359,105,1557.15,519.78,88.41,16.14,1,0,0
359,101,1277.90,541.26,36.89,11.24,1,2,0
359,108,1818.56,495.90,62.11,29.54,1,2,0
359,109,1880.35,515.27,15.61,7.69,1,2,0
360,84,663.40,530.32,26.95,58.58,1,3,0
360,102,1424.23,530.17,67.56,16.93,1,0,0
360,104,1392.06,383.86,126.68,271.93,1,3,0
360,105,1548.65,525.07,97.67,17.89,1,0,0
360,101,1268.27,544.15,35.56,11.07,1,2,0
360,108,1810.27,505.11,61.88,29.87,1,2,0
360,109,1871.03,526.58,15.04,6.35,1,2,0
361,84,655.22,511.80,26.94,63.36,1,3,0
361,102,1414.22,543.85,70.86,16.06,1,0,0
361,104,1377.59,403.52,121.87,266.80,1,3,0
361,105,1540.74,543.50,98.09,16.69,1,0,0
361,101,1261.28,551.75,35.65,11.63,1,2,0
361,108,1824.86,534.75,44.23,25.35,1,2,0
362,84,648.53,510.53,27.96,62.02,1,3,0
362,102,1409.60,548.94,76.05,15.86,1,0,0
362,104,1362.53,403.72,127.39,271.00,1,3,0
362,105,1537.32,548.41,97.72,18.29,1,0,0
362,101,1251.59,553.94,36.10,11.33,1,2,0
362,108,1797.49,540.37,62.13,28.35,1,2,0
362,109,1857.58,562.27,14.59,6.00,1,2,0
363,84,651.81,526.52,26.78,62.37,1,3,0
363,102,1419.34,536.45,67.04,14.22,1,0,0
363,104,1351.92,387.75,128.05,272.51,1,3,0
363,105,1541.02,529.21,93.67,18.45,1,0,0
363,101,1252.21,546.94,34.03,10.90,1,2,0
363,108,1804.68,509.81,60.58,30.04,1,2,0
364,84,644.09,515.36,26.76,60.57,1,3,0
364,102,1409.78,548.59,59.67,13.22,1,0,0
364,104,1336.30,401.64,127.52,267.60,1,3,0
364,105,1533.07,543.00,97.86,18.65,1,0,0
364,101,1242.96,551.53,36.12,12.36,1,2,0
364,108,1796.81,532.71,60.50,28.59,1,2,0
364,109,1854.50,554.63,13.75,6.54,1,2,0
365,84,629.65,509.15,27.54,64.45,1,3,0
365,102,1401.56,553.66,52.83,11.73,1,0,0
365,104,1312.92,404.82,125.48,267.64,1,3,0
365,105,1518.79,547.29,97.74,18.58,1,0,0
365,101,1228.36,552.70,35.16,12.71,1,2,0
365,108,1781.25,538.46,60.76,28.99,1,2,0
365,109,1839.51,562.11,14.47,5.42,1,2,0
366,84,613.77,525.25,27.09,61.97,1,3,0
366,102,1380.16,543.71,54.98,10.95,1,0,0
366,104,1283.03,387.99,123.86,272.59,1,3,0
366,105,1505.42,531.79,97.40,19.61,1,0,0
366,101,1212.48,547.82,38.13,12.46,1,2,0
366,108,1764.28,517.42,60.98,28.05,1,2,0
366,109,1824.50,538.45,15.30,5.54,1,2,0
366,111,1853.57,527.56,42.51,16.69,1,0,0
367,84,599.68,514.81,27.48,61.54,1,3,0
367,102,1367.54,549.53,59.97,13.72,1,0,0
367,104,1262.69,400.48,125.57,265.33,1,3,0
367,105,1492.55,543.55,97.11,19.72,1,0,0
367,101,1194.69,551.22,38.96,13.43,1,2,0
367,108,1749.92,533.79,61.61,28.65,1,2,0
367,109,1853.50,557.72,14.62,7.39,1,2,0
367,111,1841.33,546.80,40.29,16.79,1,0,0
368,84,582.78,517.65,27.71,61.11,1,3,0
368,102,1352.25,546.48,61.10,14.08,1,0,0
368,104,1238.45,402.53,122.36,263.66,1,3,0
368,105,1475.71,541.04,98.02,18.88,1,0,0
368,101,1176.62,550.32,36.65,13.81,1,2,0
368,108,1732.17,530.55,59.53,27.88,1,2,0
368,109,1790.88,551.02,14.89,6.32,1,2,0
368,111,1826.47,541.96,37.89,16.85,1,0,0
369,84,550.05,517.68,28.28,66.73,1,3,0
369,102,1322.98,540.47,66.60,16.57,1,0,0
369,104,1191.30,400.31,121.46,267.15,1,3,0
369,105,1445.96,535.80,95.41,19.39,1,0,0
369,101,1145.51,548.90,35.32,14.00,1,2,0
369,108,1699.92,522.34,59.99,28.42,1,2,0
369,111,1790.15,533.52,40.14,16.72,1,0,0
370,84,517.94,515.35,29.11,68.57,1,3,0
370,102,1293.97,543.56,65.17,15.37,1,0,0
370,104,1147.76,401.23,96.17,264.55,1,3,0
370,105,1416.49,538.67,90.33,18.50,1,0,0
370,101,1113.92,550.58,33.74,13.80,1,2,0
370,108,1668.10,525.21,56.92,28.13,1,2,0
370,111,1765.56,548.98,11.99,4.87,1,2,0
370,109,1726.86,548.06,14.13,5.37,1,2,0
371,84,529.55,503.40,27.53,66.36,1,3,0
371,102,1302.12,549.13,66.61,17.15,1,0,0
371,104,1163.66,405.19,122.90,263.86,1,3,0
371,105,1426.98,548.70,92.91,18.71,1,0,0
371,101,1122.38,550.96,36.40,15.11,1,2,0
371,108,1678.35,543.39,59.69,26.67,1,2,0
372,84,472.99,518.15,28.65,57.71,1,3,0
372,102,1251.64,544.89,64.68,16.66,1,0,0
372,104,1085.33,400.20,119.64,264.77,1,3,0
372,105,1375.77,542.60,94.21,19.22,1,0,0
372,101,1066.71,548.75,33.13,14.98,1,2,0
372,108,1624.00,534.36,57.11,26.48,1,2,0
372,111,1711.11,544.00,44.74,17.67,1,0,0
373,84,456.85,507.47,28.20,57.25,1,3,0
373,102,1238.15,551.43,62.33,14.14,1,0,0
373,104,1063.89,403.23,118.95,262.09,1,3,0
373,105,1360.89,549.21,92.93,18.89,1,0,0
373,101,1049.43,548.89,33.74,14.77,1,2,0
373,108,1606.82,545.11,58.43,26.46,1,2,0
373,111,1695.41,558.26,40.87,15.64,1,0,0
374,84,445.95,535.11,25.39,60.58,1,3,0
374,102,1228.51,539.78,63.72,14.33,1,0,0
374,104,1047.38,401.40,140.06,259.93,1,3,0
374,105,1352.25,532.41,95.47,19.22,1,0,0
374,101,1034.74,548.29,34.91,16.70,1,2,0
374,108,1600.76,515.48,56.41,27.30,1,2,0
374,109,1655.50,535.95,14.65,5.34,1,2,0
375,84,431.97,533.22,28.49,66.32,1,3,0
375,102,1215.95,541.21,64.38,13.53,1,0,0
375,104,1023.92,401.47,119.19,261.57,1,3,0
375,105,1339.53,530.05,92.50,20.44,1,0,0
375,101,1024.31,548.32,32.09,16.48,1,2,0
375,108,1584.64,512.97,57.86,27.41,1,2,0
375,109,1640.90,533.21,13.68,6.21,1,2,0
375,111,1673.95,521.77,41.68,16.54,1,0,0
376,84,420.10,515.71,28.10,58.34,1,3,0
376,102,1205.71,549.17,69.63,13.52,1,0,0
376,104,1007.97,401.22,119.31,262.71,1,3,0
376,105,1329.63,544.35,93.85,19.02,1,0,0
376,101,1013.26,548.06,29.88,15.35,1,2,0
376,108,1575.00,537.08,56.91,25.64,1,2,0
376,109,1667.75,558.63,17.67,6.60,1,2,0
376,111,1662.36,547.36,41.22,17.75,1,0,0
377,84,405.83,504.83,26.14,52.93,1,3,0
377,102,1193.23,550.20,72.29,16.42,1,0,0
377,104,985.83,405.74,119.18,257.00,1,3,0
377,105,1316.60,551.57,92.31,19.71,1,0,0
377,101,995.45,546.95,30.38,15.45,1,2,0
377,108,1560.61,552.79,57.08,23.36,1,2,0
377,109,1653.48,573.68,18.67,6.34,1,2,0
377,111,1615.58,572.28,14.02,5.29,1,2,0
378,84,398.63,529.69,27.06,59.57,1,3,0
378,102,1189.61,543.29,70.87,14.57,1,0,0
378,104,974.45,406.32,117.23,256.87,1,3,0
378,105,1311.15,537.03,93.02,18.44,1,0,0
378,101,987.73,551.21,29.36,14.55,1,2,0
378,108,1554.43,522.90,58.78,27.41,1,2,0
379,84,379.32,518.92,28.89,54.29,1,3,0
379,102,1174.72,543.54,71.67,18.83,1,0,0
379,104,941.91,403.35,118.37,258.44,1,3,0
379,105,1298.17,544.03,89.92,19.72,1,0,0
379,108,1538.06,536.57,58.09,26.82,1,2,0
379,109,1720.90,557.72,5.62,10.55,1,3,0
379,111,1630.86,559.56,17.02,5.69,1,2,0
380,84,375.40,513.15,27.95,58.61,1,3,0
380,102,1172.28,542.41,71.55,20.53,1,0,0
380,104,930.74,411.06,118.12,253.94,1,3,0
380,105,1293.96,544.46,91.21,19.60,1,0,0
380,108,1535.03,539.90,58.14,25.04,1,2,0
380,109,1717.55,558.05,5.52,11.37,1,3,0
380,111,1628.74,561.06,18.30,5.41,1,2,0
381,84,369.41,527.57,28.55,58.66,1,3,0
381,102,1168.03,539.87,68.78,18.57,1,0,0
381,104,918.86,413.07,118.14,254.36,1,3,0
381,105,1290.48,538.94,91.19,18.74,1,0,0
381,108,1531.25,528.73,55.94,24.96,1,2,0
381,109,1619.73,537.63,38.33,15.79,1,0,0
381,111,1623.74,549.23,14.07,5.17,1,2,0
381,114,1585.33,547.59,13.93,5.51,1,2,0
382,84,363.35,541.35,28.59,55.74,1,3,0
382,102,1161.52,534.98,71.96,21.85,1,0,0
382,104,906.29,411.67,117.42,254.01,1,3,0
382,105,1285.22,534.85,89.21,18.66,1,0,0
382,108,1524.76,519.16,56.25,27.21,1,2,0
382,109,1706.72,535.17,5.42,8.84,1,3,0
382,111,1616.56,538.30,19.72,6.47,1,2,0
382,114,1580.16,539.14,12.70,5.39,1,2,0
383,84,348.79,514.08,29.25,58.15,1,3,0
383,102,1150.90,538.11,71.83,22.43,1,0,0
383,104,887.18,403.63,118.68,253.29,1,3,0
383,105,1270.74,542.96,94.83,19.72,1,0,0
383,108,1513.50,536.32,56.35,26.01,1,2,0
383,109,1694.60,557.96,4.77,8.22,1,3,0
383,111,1603.75,556.24,20.34,7.81,1,2,0
383,114,1567.87,556.13,13.40,6.40,1,2,0
384,84,343.54,534.01,29.30,59.88,1,3,0
384,102,1147.12,536.29,70.58,21.73,1,0,0
384,104,871.81,412.97,116.55,255.80,1,3,0
384,105,1271.85,537.23,87.46,18.64,1,0,0
384,108,1509.17,524.15,58.37,26.01,1,2,0
385,84,336.81,531.26,28.96,58.80,1,3,0
385,102,1142.67,536.52,71.86,21.79,1,0,0
385,104,858.61,415.11,118.43,254.38,1,3,0
385,105,1265.68,538.06,90.37,18.56,1,0,0
385,108,1503.88,525.13,57.29,26.36,1,2,0
385,101,921.26,549.95,36.46,14.71,1,2,0
386,84,311.46,526.96,30.18,60.28,1,3,0
386,102,1125.68,537.86,71.34,21.37,1,0,0
386,104,814.83,406.37,118.80,257.19,1,3,0
386,105,1246.50,539.08,88.92,18.29,1,0,0
386,108,1484.55,528.49,56.36,24.79,1,2,0
386,101,902.90,549.83,28.94,14.99,1,2,0
386,111,1576.39,548.89,12.57,4.88,1,2,0
386,114,1539.11,546.67,12.99,6.13,1,2,0
387,84,303.43,532.16,29.91,56.20,1,3,0
387,102,1118.55,535.64,69.58,22.32,1,0,0
387,104,803.47,409.97,118.47,254.66,1,3,0
387,105,1240.31,537.06,89.27,18.94,1,0,0
387,108,1477.28,525.01,56.04,26.92,1,2,0
387,101,890.91,550.26,31.01,14.91,1,2,0
387,111,1568.41,546.43,17.55,6.35,1,2,0
388,84,294.38,525.65,30.74,62.84,1,3,0
388,102,1114.49,536.32,67.12,22.27,1,0,0
388,104,779.05,412.38,118.71,256.39,1,3,0
388,105,1233.96,538.60,91.52,18.54,1,0,0
388,108,1470.67,528.52,56.72,24.64,1,2,0
388,101,867.89,549.50,36.33,16.26,1,2,0
388,111,1561.01,547.78,16.72,5.69,1,2,0
388,109,1649.28,544.75,4.77,8.73,1,3,0
388,114,1525.89,546.95,13.62,5.74,1,2,0
389,84,285.06,520.53,30.88,64.60,1,3,0
389,102,1106.11,535.41,69.20,23.34,1,0,0
389,104,763.96,412.66,119.96,255.30,1,3,0
389,105,1226.58,539.51,91.32,18.72,1,0,0
389,108,1463.69,529.99,56.43,25.30,1,2,0
389,101,859.31,548.89,38.71,16.54,1,2,0
389,111,1553.90,548.75,18.89,7.17,1,2,0
389,109,1553.39,539.50,38.35,15.54,1,0,0
389,114,1516.84,548.64,12.97,6.12,1,2,0
390,84,238.90,504.47,30.94,61.68,1,3,0
390,102,1071.11,538.59,70.22,22.38,1,0,0
390,104,693.46,404.98,119.27,252.25,1,3,0
390,105,1190.01,544.90,92.77,18.20,1,0,0
390,108,1425.74,540.01,55.91,25.28,1,2,0
390,101,812.11,544.10,39.16,15.31,1,2,0
390,111,1513.44,561.09,17.29,5.97,1,2,0
390,109,1600.44,561.72,5.60,10.15,1,3,0
390,114,1479.98,560.37,11.89,4.99,1,2,0
391,84,232.83,513.76,30.78,62.55,1,3,0
391,102,1068.03,539.12,70.17,21.40,1,0,0
391,104,679.46,406.46,120.51,254.39,1,3,0
391,105,1188.43,542.88,88.80,18.43,1,0,0
391,108,1421.24,534.64,55.36,25.99,1,2,0
391,101,806.81,547.45,36.88,14.71,1,2,0
391,111,1508.77,555.96,17.81,6.25,1,2,0
391,109,1594.95,553.56,5.48,11.21,1,3,0
391,114,1474.59,554.52,12.73,5.82,1,2,0
392,84,217.45,543.61,30.24,58.74,1,3,0
392,102,1055.13,535.04,72.34,23.20,1,0,0
392,104,656.20,420.70,119.37,253.65,1,3,0
392,105,1176.36,536.39,85.67,18.43,1,0,0
392,108,1409.34,522.10,55.41,25.92,1,2,0
392,101,788.87,554.40,46.75,15.74,1,2,0
392,111,1497.92,531.30,38.17,14.05,1,0,0
392,114,1463.64,539.10,13.85,6.10,1,2,0
393,84,202.98,510.60,30.77,60.11,1,3,0
393,102,1044.91,534.98,72.30,23.66,1,0,0
393,104,638.54,407.18,120.27,252.86,1,3,0
393,105,1164.64,540.87,89.73,18.76,1,0,0
393,108,1397.51,535.19,56.76,25.10,1,2,0
393,101,774.55,545.26,43.42,15.19,1,2,0
393,114,1486.26,554.28,18.22,7.11,1,2,0
393,109,1569.10,554.55,5.83,9.48,1,3,0
394,84,190.28,498.19,29.64,59.03,1,3,0
394,102,1033.97,536.09,73.37,22.27,1,0,0
394,104,620.25,397.00,121.44,255.61,1,3,0
394,105,1153.75,543.28,90.62,19.37,1,0,0
394,108,1387.63,540.77,57.05,24.88,1,2,0
394,101,763.54,540.68,43.12,14.81,1,2,0
394,114,1474.49,561.85,16.83,5.47,1,2,0
394,111,1442.72,560.11,13.07,5.36,1,2,0
395,84,186.39,531.20,29.16,56.17,1,3,0
395,102,1032.79,536.53,72.03,22.03,1,0,0
395,104,610.24,408.41,122.10,261.00,1,3,0
395,105,1151.33,538.25,88.76,18.31,1,0,0
395,108,1385.11,527.22,54.06,25.29,1,2,0
395,101,756.11,551.05,47.41,15.24,1,2,0
395,114,1472.18,546.93,17.46,5.71,1,2,0
396,84,181.66,551.17,31.15,57.50,1,3,0
396,102,1028.93,535.63,70.74,22.77,1,0,0
396,104,597.98,420.48,122.12,260.75,1,3,0
396,105,1145.69,534.30,91.73,19.29,1,0,0
396,108,1380.53,518.54,55.44,26.36,1,2,0
396,101,750.80,558.82,45.88,13.73,1,2,0
396,114,1468.34,536.61,17.40,5.96,1,2,0
396,109,1551.99,532.12,5.30,9.21,1,3,0
396,111,1435.89,537.15,13.60,5.24,1,2,0
397,84,166.12,515.84,31.11,58.59,1,3,0
397,102,1017.72,534.55,70.85,22.97,1,0,0
397,104,576.66,406.14,121.72,255.47,1,3,0
397,105,1134.24,539.59,91.83,18.17,1,0,0
397,108,1368.72,531.97,55.09,25.63,1,2,0
397,101,735.31,546.90,46.18,13.95,1,2,0
397,109,1539.84,551.14,4.88,8.24,1,3,0
397,111,1423.84,550.97,12.86,5.67,1,2,0
398,84,157.05,511.79,31.61,55.43,1,3,0
398,102,1008.59,535.39,71.63,22.09,1,0,0
398,104,562.40,407.12,121.47,248.78,1,3,0
398,105,1128.52,539.81,87.15,17.29,1,0,0
398,108,1360.32,532.37,54.28,25.40,1,2,0
398,101,725.25,545.42,50.41,15.52,1,2,0
398,111,1415.56,550.98,13.47,5.54,1,2,0
398,114,1448.10,552.54,17.55,6.06,1,2,0
399,84,145.78,558.32,29.92,57.40,1,3,0
399,102,1001.69,535.44,70.25,23.48,1,0,0
399,104,542.27,425.85,122.40,257.04,1,3,0
399,105,1121.73,534.26,88.30,18.40,1,0,0
399,108,1353.17,516.63,54.74,26.54,1,2,0
399,101,714.58,561.15,42.89,13.52,1,2,0
399,111,1408.08,535.58,12.21,5.12,1,2,0
399,114,1439.78,532.70,17.68,7.11,1,2,0
399,109,1439.95,525.30,44.52,14.03,1,0,0
400,84,123.07,485.34,31.07,62.58,1,3,0
400,102,985.06,531.87,72.05,22.81,1,0,0
400,104,510.27,390.58,123.31,256.47,1,3,0
400,105,1104.52,540.65,91.06,17.46,1,0,0
400,108,1336.47,537.79,54.46,24.88,1,2,0
400,101,691.64,535.91,45.32,12.89,1,2,0
400,114,1420.35,559.58,17.06,6.09,1,2,0
401,84,116.85,481.22,31.87,60.82,1,3,0
401,102,982.76,531.81,70.50,22.00,1,0,0
401,104,497.73,388.25,124.30,255.07,1,3,0
401,105,1101.09,540.49,90.26,18.55,1,0,0
401,108,1332.33,540.08,54.41,25.10,1,2,0
401,101,686.48,533.65,46.78,12.85,1,2,0
401,114,1416.97,562.70,16.95,5.41,1,2,0
401,111,1386.84,561.05,13.03,4.98,1,2,0
402,84,115.09,540.76,29.86,58.89,1,3,0
402,102,981.30,535.57,70.69,21.88,1,0,0
402,104,491.14,418.01,123.30,254.76,1,3,0
402,105,1097.73,536.17,89.78,18.50,1,0,0
402,108,1330.02,522.64,55.33,27.32,1,2,0
402,101,683.33,554.14,47.87,14.55,1,2,0
403,84,109.68,563.19,30.39,59.23,1,3,0
403,102,976.59,536.31,71.91,23.49,1,0,0
403,104,477.46,434.57,129.17,253.22,1,3,0
403,105,1093.69,533.97,89.91,18.75,1,0,0
403,108,1324.98,514.33,57.30,27.66,1,2,0
403,101,677.06,563.74,49.29,14.47,1,2,0
403,111,1381.08,535.02,12.46,5.35,1,2,0
404,84,88.72,512.43,31.23,59.15,1,3,0
404,102,960.22,532.11,73.32,22.64,1,0,0
404,104,452.97,401.36,124.37,259.07,1,3,0
404,105,1081.34,536.63,89.65,17.50,1,0,0
404,108,1312.06,529.73,54.08,25.06,1,2,0
404,101,655.88,544.06,48.32,13.41,1,2,0
404,111,1365.19,548.81,14.40,5.34,1,2,0
404,109,1477.72,547.85,5.89,10.21,1,3,0
404,114,1394.78,550.52,16.26,5.33,1,2,0
405,84,75.34,476.42,31.04,61.20,1,3,0
405,102,955.23,530.51,71.65,21.87,1,0,0
405,104,434.89,384.87,124.36,256.44,1,3,0
405,105,1074.39,539.88,88.58,17.70,1,0,0
405,108,1302.41,539.65,54.93,25.13,1,2,0
405,101,641.82,530.12,46.49,13.49,1,2,0
405,111,1355.54,560.36,14.80,5.26,1,2,0
405,109,1467.93,563.22,5.62,9.45,1,3,0
405,114,1383.37,562.37,16.40,5.25,1,2,0
406,84,71.39,560.74,28.72,58.18,1,3,0
406,102,951.16,536.35,70.20,23.66,1,0,0
406,104,412.43,428.59,126.49,262.67,1,3,0
406,105,1068.21,534.08,90.42,19.88,1,0,0
406,108,1298.62,516.99,55.11,26.23,1,2,0
406,101,634.58,564.84,48.88,13.81,1,2,0
406,111,1353.79,536.01,11.69,4.89,1,2,0
406,114,1381.32,535.51,16.24,5.30,1,2,0
407,84,53.97,489.30,30.91,62.25,1,3,0
407,102,939.86,530.46,68.87,21.51,1,0,0
407,104,387.99,382.94,127.71,267.51,1,3,0
407,105,1058.11,535.77,90.77,18.57,1,0,0
407,108,1287.42,532.13,53.63,25.62,1,2,0
407,101,618.65,534.69,48.93,14.55,1,2,0
407,111,1341.85,551.24,14.05,6.06,1,2,0
407,114,1370.86,554.06,14.80,5.54,1,2,0
408,84,39.87,473.41,31.87,64.09,1,3,0
408,102,931.40,528.97,69.46,21.59,1,0,0
408,104,370.78,375.00,127.37,265.70,1,3,0
408,105,1050.21,537.24,88.38,18.30,1,0,0
408,108,1276.73,536.15,53.44,25.14,1,2,0
408,101,602.46,527.97,49.21,14.88,1,2,0
408,111,1330.44,556.74,14.09,6.32,1,2,0
408,114,1359.22,559.72,14.79,5.21,1,2,0
409,84,37.14,557.72,30.84,64.36,1,3,0
409,102,929.33,537.33,66.29,21.76,1,0,0
409,104,356.40,424.59,128.71,272.42,1,3,0
409,105,1048.26,533.08,89.39,19.48,1,0,0
409,108,1274.87,515.35,54.65,26.53,1,2,0
409,101,599.85,564.61,48.76,14.30,1,2,0
409,111,1329.91,533.17,13.20,5.89,1,2,0
410,84,31.46,547.73,30.88,62.62,1,3,0
410,102,928.95,536.63,66.18,20.41,1,0,0
410,104,344.97,416.20,128.08,272.17,1,3,0
410,105,1046.84,534.24,87.77,18.07,1,0,0
410,108,1272.62,517.83,53.96,26.56,1,2,0
410,101,593.39,559.21,49.82,14.93,1,2,0
410,111,1328.25,537.00,13.19,5.44,1,2,0
410,114,1356.21,537.30,15.94,5.24,1,2,0
411,84,21.36,485.07,31.55,63.55,1,3,0
411,102,921.68,531.20,70.17,20.56,1,0,0
411,104,326.52,373.85,129.35,273.46,1,3,0
411,105,1038.02,536.88,89.19,17.83,1,0,0
411,108,1265.92,534.24,53.22,24.97,1,2,0
411,101,580.01,531.43,52.26,15.35,1,2,0
411,111,1319.02,553.49,14.31,6.13,1,2,0
411,114,1346.88,554.23,16.91,6.66,1,2,0
411,109,1429.46,554.78,5.24,9.91,1,3,0
412,84,17.41,506.44,32.07,66.01,1,3,0
412,102,918.92,532.33,69.13,21.53,1,0,0
412,104,314.37,395.55,129.61,269.69,1,3,0
412,105,1035.84,535.72,89.32,19.04,1,0,0
412,108,1264.32,528.90,50.27,23.73,1,2,0
412,101,575.78,541.89,53.16,15.61,1,2,0
412,111,1317.45,547.64,13.94,5.12,1,2,0
412,114,1346.03,548.31,15.15,5.29,1,2,0
413,84,5.71,539.53,31.37,66.63,1,3,0
413,102,911.19,536.25,70.30,21.63,1,0,0
413,104,294.83,417.36,131.53,271.62,1,3,0
413,105,1026.17,535.37,89.37,18.86,1,0,0
413,108,1255.08,519.92,50.86,26.41,1,2,0
413,101,564.91,557.35,51.91,15.59,1,2,0
413,111,1310.01,538.49,13.29,5.88,1,2,0
413,114,1335.63,538.94,14.76,5.62,1,2,0
414,84,0.23,496.36,20.92,66.35,1,3,0
414,102,900.56,530.65,71.87,21.49,1,0,0
414,104,268.45,386.88,132.35,270.62,1,3,0
414,105,1016.36,534.56,89.87,18.38,1,0,0
414,108,1243.94,530.49,54.23,23.94,1,2,0
414,101,545.28,537.18,54.33,15.57,1,2,0
414,111,1297.43,548.35,14.82,5.93,1,2,0
414,114,1323.79,549.83,15.26,5.60,1,2,0
414,109,1405.87,548.22,5.85,9.74,1,3,0
415,84,0.42,515.39,25.97,70.50,1,3,0
415,102,905.84,532.39,67.43,22.42,1,0,0
415,104,264.51,401.96,134.32,273.13,1,3,0
415,105,1022.74,535.06,86.95,18.79,1,0,0
415,108,1250.40,525.57,53.27,24.31,1,2,0
415,101,548.40,546.97,54.48,16.85,1,2,0
416,84,0.38,533.53,28.60,71.69,1,3,0
416,102,910.07,535.62,69.16,21.26,1,0,0
416,104,257.84,416.33,134.03,273.46,1,3,0
416,105,1024.84,534.81,86.78,19.32,1,0,0
416,108,1252.53,520.30,54.45,26.32,1,2,0
416,101,550.01,556.97,53.38,15.76,1,2,0
416,111,1307.52,538.84,13.18,5.62,1,2,0
416,114,1332.32,539.25,15.20,5.70,1,2,0
417,84,0.26,513.40,15.04,66.43,1,3,0
417,102,900.59,532.03,69.66,22.06,1,0,0
417,104,237.59,397.24,134.68,272.44,1,3,0
417,105,1014.75,534.34,88.74,19.31,1,0,0
417,108,1242.73,527.76,52.83,23.27,1,2,0
417,101,536.32,544.44,53.98,15.99,1,2,0
417,109,1405.24,543.58,5.35,8.96,1,3,0
418,102,888.67,527.18,70.88,21.88,1,0,0
418,104,216.03,371.02,134.33,271.48,1,3,0
418,105,1004.05,534.13,86.66,18.47,1,0,0
418,108,1230.20,532.98,53.28,24.16,1,2,0
418,101,520.82,527.15,56.36,17.54,1,2,0
418,111,1283.85,550.75,13.29,5.97,1,2,0
419,102,893.47,535.56,68.67,20.55,1,0,0
419,104,197.79,412.97,135.31,276.65,1,3,0
419,105,1005.65,535.16,87.17,19.00,1,0,0
419,108,1235.16,521.16,52.68,26.14,1,2,0
419,101,516.21,554.96,53.97,16.13,1,2,0
419,111,1289.10,539.45,13.37,6.37,1,2,0
419,109,1394.48,535.83,6.33,10.79,1,3,0
420,102,885.52,529.69,69.66,20.47,1,0,0
420,104,177.54,372.38,136.58,277.88,1,3,0
420,105,998.14,534.80,88.55,18.28,1,0,0
420,108,1226.34,531.12,52.37,24.25,1,2,0
420,101,502.85,528.44,57.76,18.96,1,2,0
420,111,1280.15,550.65,13.34,5.43,1,2,0
420,114,1303.59,551.53,13.37,5.69,1,2,0
421,102,877.95,527.88,71.19,21.35,1,0,0
421,104,162.47,364.98,137.41,282.92,1,3,0
421,105,993.48,534.00,88.94,18.85,1,0,0
421,108,1218.98,531.95,52.36,24.60,1,2,0
421,101,493.14,527.20,57.77,17.50,1,2,0
421,111,1271.60,551.11,15.08,5.86,1,2,0
421,114,1297.06,553.10,14.83,5.65,1,2,0
421,109,1309.47,542.84,39.70,14.67,1,0,0
422,102,880.92,534.42,71.93,21.44,1,0,0
422,104,154.35,403.65,136.66,279.46,1,3,0
422,105,996.09,535.18,87.02,18.80,1,0,0
422,108,1221.46,524.33,52.76,25.42,1,2,0
422,101,491.65,549.48,56.36,17.60,1,2,0
423,102,879.02,533.26,71.22,20.70,1,0,0
423,104,135.28,397.40,139.62,280.51,1,3,0
423,105,993.37,535.13,89.42,18.38,1,0,0
423,108,1218.95,524.96,52.08,24.54,1,2,0
423,101,486.20,545.18,54.95,17.94,1,2,0
424,102,874.13,528.69,73.06,21.54,1,0,0
424,104,122.98,373.74,140.18,279.30,1,3,0
424,105,989.46,534.84,90.14,18.05,1,0,0
424,108,1215.81,530.32,51.44,24.06,1,2,0
424,101,478.75,528.53,57.58,19.82,1,2,0
424,111,1269.72,549.46,15.26,5.35,1,2,0
424,114,1291.00,551.20,14.54,5.21,1,2,0
425,102,876.23,532.54,72.83,21.78,1,0,0
425,104,118.32,387.88,140.66,282.45,1,3,0
425,105,992.83,535.68,87.92,18.26,1,0,0
425,108,1217.98,528.46,52.31,24.63,1,2,0
425,101,477.46,541.96,58.51,18.50,1,2,0
425,111,1271.93,547.58,14.79,5.43,1,2,0
425,114,1292.85,549.16,14.85,5.01,1,2,0
426,102,877.66,537.51,72.65,21.54,1,0,0
426,104,109.45,418.02,138.39,281.82,1,3,0
426,105,993.90,535.90,87.67,18.27,1,0,0
426,108,1219.75,521.41,51.66,27.45,1,2,0
426,101,476.54,558.54,58.18,18.94,1,2,0
427,102,873.99,536.23,73.66,20.12,1,0,0
427,104,97.59,408.18,139.25,281.19,1,3,0
427,105,990.86,535.54,88.75,18.49,1,0,0
427,108,1215.84,521.63,51.62,27.08,1,2,0
427,101,469.20,551.09,61.42,19.56,1,2,0
428,102,865.80,528.47,73.15,19.88,1,0,0
428,104,71.41,365.07,141.38,279.96,1,3,0
428,105,980.45,533.81,89.58,18.55,1,0,0
428,108,1206.16,531.39,50.81,24.16,1,2,0
428,101,458.34,524.49,57.74,19.23,1,2,0
428,111,1260.18,550.13,13.98,5.40,1,2,0
428,114,1281.05,551.36,13.55,5.58,1,2,0
429,102,865.42,531.45,71.43,22.21,1,0,0
429,104,62.76,390.12,141.16,284.53,1,3,0
429,105,980.21,534.49,90.87,19.23,1,0,0
429,108,1208.83,527.75,50.58,22.80,1,2,0
429,101,453.48,540.95,58.00,18.26,1,2,0
430,102,876.22,541.01,70.01,21.23,1,0,0
430,104,66.91,435.70,142.01,284.17,1,3,0
430,105,991.11,536.07,90.68,19.01,1,0,0
430,108,1218.00,518.52,51.15,25.41,1,2,0
430,101,464.08,567.82,58.24,19.12,1,2,0
430,109,1376.39,528.72,5.29,10.66,1,3,0
430,111,1272.06,536.14,13.70,5.33,1,2,0
430,114,1292.01,536.30,15.05,5.09,1,2,0
431,102,880.42,534.75,68.77,21.29,1,0,0
431,104,54.97,407.23,141.61,286.10,1,3,0
431,105,990.38,535.12,90.54,19.06,1,0,0
431,108,1217.61,522.86,50.78,24.93,1,2,0
431,101,458.25,550.92,57.22,19.50,1,2,0
432,102,864.96,529.11,73.16,18.56,1,0,0
432,104,31.74,357.31,140.81,283.07,1,3,0
432,105,980.15,533.91,89.74,18.34,1,0,0
432,108,1206.07,532.25,52.43,24.44,1,2,0
432,101,441.71,522.40,53.33,17.20,1,2,0
432,111,1259.45,550.73,14.98,6.14,1,2,0
432,114,1279.63,552.80,12.39,5.92,1,2,0
433,102,855.50,529.66,72.83,21.08,1,0,0
433,104,5.79,373.31,140.10,284.75,1,3,0
433,105,969.27,534.33,90.48,18.61,1,0,0
433,108,1194.84,530.14,53.38,22.75,1,2,0
433,101,425.64,532.70,55.46,18.01,1,2,0
433,111,1247.78,548.28,14.83,5.27,1,2,0
433,114,1268.04,549.90,14.90,4.88,1,2,0
433,109,1282.91,539.61,34.28,14.38,1,0,0
434,102,863.97,537.73,72.06,21.49,1,0,0
434,104,6.68,422.47,141.56,288.81,1,3,0
434,105,978.31,536.42,86.65,18.59,1,0,0
434,108,1204.26,519.80,51.04,26.37,1,2,0
434,101,432.11,562.08,57.46,17.42,1,2,0
434,111,1257.45,539.01,12.99,5.60,1,2,0
434,114,1276.43,539.24,12.70,5.45,1,2,0
435,102,869.37,538.92,73.00,22.90,1,0,0
435,104,6.75,435.44,141.41,289.27,1,3,0
435,105,985.41,535.89,86.57,19.18,1,0,0
435,108,1210.30,517.48,50.19,26.55,1,2,0
435,101,438.00,567.92,56.16,18.68,1,2,0
435,111,1263.60,536.01,13.67,5.52,1,2,0
435,114,1281.09,536.86,14.45,4.92,1,2,0
436,102,869.09,531.97,73.68,23.34,1,0,0
436,104,0.35,394.93,137.05,290.16,1,3,0
436,105,985.40,535.07,85.72,18.79,1,0,0
436,108,1211.12,524.68,50.92,24.73,1,2,0
436,101,438.41,545.33,53.87,18.09,1,2,0
437,102,865.19,530.69,72.50,19.73,1,0,0
437,104,0.00,365.22,121.63,286.55,1,3,0
437,105,981.14,534.93,87.73,18.03,1,0,0
437,108,1207.45,530.75,50.80,24.21,1,2,0
437,101,423.44,529.47,59.51,19.54,1,2,0
437,111,1259.35,549.76,14.29,5.27,1,2,0
437,114,1278.66,550.97,13.48,5.22,1,2,0
438,102,863.56,530.88,74.34,20.08,1,0,0
438,104,0.03,371.14,112.82,288.80,1,3,0
438,105,978.80,535.19,89.81,18.62,1,0,0
438,108,1204.79,530.48,49.71,23.45,1,2,0
438,101,419.18,534.23,59.24,18.40,1,2,0
438,111,1257.46,549.11,12.73,5.25,1,2,0
438,114,1276.38,549.63,12.92,5.38,1,2,0
439,102,859.31,532.89,73.93,21.45,1,0,0
439,104,0.00,392.62,96.51,289.30,1,3,0
439,105,976.18,534.98,88.74,19.30,1,0,0
439,108,1201.47,526.48,50.62,23.20,1,2,0
439,101,412.41,546.13,56.93,17.47,1,2,0
439,114,1290.15,534.21,34.10,14.73,1,0,0
440,102,861.83,534.98,72.39,20.98,1,0,0
440,104,0.00,399.70,87.90,290.01,1,3,0
440,105,977.81,535.29,87.58,19.32,1,0,0
440,108,1202.83,524.06,51.55,25.81,1,2,0
440,101,412.12,549.12,57.04,18.56,1,2,0
441,102,865.22,534.79,72.54,19.53,1,0,0
441,104,-0.00,394.37,83.50,292.32,1,3,0
441,105,978.86,534.79,89.34,19.76,1,0,0
441,108,1205.16,525.86,50.22,23.85,1,2,0
441,101,409.22,545.84,60.35,18.65,1,2,0
442,102,866.85,534.67,70.46,18.83,1,0,0
442,104,0.15,389.98,74.35,293.01,1,3,0
442,105,981.30,535.02,89.46,18.99,1,0,0
442,108,1206.58,527.12,50.96,23.29,1,2,0
442,101,409.01,543.84,58.72,18.80,1,2,0
442,114,1295.11,534.21,35.83,15.27,1,0,0
443,102,865.75,534.56,72.80,18.90,1,0,0
443,104,0.00,381.89,57.96,296.44,1,3,0
443,105,978.97,535.48,84.38,18.82,1,0,0
443,108,1204.63,528.19,50.22,23.09,1,2,0
443,101,402.22,542.83,56.72,17.77,1,2,0
