1,1,1862.90,569.17,56.91,29.23,1,0,0
1,2,1618.18,578.55,135.15,26.04,1,0,0
1,3,1234.11,589.73,93.76,24.15,1,0,0
1,4,1005.71,591.62,54.80,29.76,1,5,0
1,5,959.21,591.01,43.42,31.82,1,5,0
1,6,996.93,608.61,14.71,13.32,1,5,0
1,7,1013.85,603.71,33.95,16.73,1,0,0
1,8,722.91,581.10,55.78,50.51,1,5,0
2,3,1151.40,568.72,126.50,26.76,1,0,0
2,8,782.92,583.85,96.51,23.25,1,0,0
3,3,1119.35,558.87,143.34,23.46,1,0,0
3,9,529.28,582.32,115.18,23.86,1,0,0
3,15,1268.37,552.23,19.07,39.11,1,3,0
3,5,908.33,566.18,123.82,25.03,1,0,0
3,7,1086.81,571.77,24.27,14.15,1,5,0
4,3,1071.77,559.83,139.12,26.18,1,0,0
4,9,474.26,588.28,123.65,24.31,1,0,0
4,15,1218.87,551.52,20.55,42.08,1,3,0
4,16,222.48,595.39,60.63,31.48,1,5,0
4,17,168.52,593.78,48.04,34.79,1,5,0
4,18,207.82,612.41,19.48,14.90,1,5,0
4,19,238.25,608.48,40.15,16.88,1,0,0
4,5,855.75,570.59,121.70,25.41,1,0,0
4,1,1843.98,536.66,75.85,20.17,1,2,0
4,6,1033.33,572.13,24.55,16.05,1,5,0
5,3,1041.15,573.34,142.80,26.59,1,0,0
5,9,443.13,608.24,127.23,24.22,1,0,0
5,15,1197.70,565.54,19.38,40.75,1,3,0
5,16,188.78,617.38,62.07,31.84,1,5,0
5,17,134.74,614.26,49.78,36.73,1,5,0
5,18,175.31,635.00,20.08,14.75,1,5,0
5,19,205.84,631.71,36.07,16.20,1,0,0
5,5,827.80,587.11,120.82,24.56,1,0,0
5,1,1822.58,543.05,73.63,20.69,1,2,0
5,6,1006.41,587.26,25.32,15.46,1,5,0
6,3,1024.35,574.28,143.21,26.48,1,0,0
6,9,425.81,613.37,126.79,24.59,1,0,0
6,15,1186.21,565.82,18.87,39.24,1,3,0
6,16,169.27,621.52,66.94,35.21,1,5,0
6,17,113.98,622.58,50.22,36.12,1,5,0
6,18,156.50,642.18,20.03,15.30,1,5,0
6,19,187.49,638.42,30.04,16.58,1,0,0
6,5,812.00,589.59,121.26,24.66,1,0,0
6,1,1815.90,535.14,71.76,20.76,1,2,0
6,6,989.61,588.32,24.08,15.15,1,5,0
7,3,1001.76,561.41,145.74,27.79,1,0,0
7,9,399.90,607.66,132.15,25.43,1,0,0
7,15,1172.22,549.60,19.43,41.69,1,3,0
7,16,145.43,618.71,65.72,36.16,1,5,0
7,17,87.44,619.36,54.15,38.48,1,5,0
7,18,136.09,640.17,17.90,14.79,1,5,0
7,19,164.32,635.84,31.61,16.26,1,0,0
7,5,791.75,578.89,127.91,26.09,1,0,0
7,1,1801.87,515.35,73.57,20.96,1,2,0
7,6,970.19,576.98,24.26,14.82,1,5,0
8,3,972.92,559.38,145.72,28.32,1,0,0
8,9,369.11,615.14,132.39,26.63,1,0,0
8,15,1148.73,547.17,18.61,39.88,1,3,0
8,16,113.74,632.34,63.56,34.00,1,5,0
8,17,57.87,631.55,51.44,37.68,1,5,0
8,18,100.96,651.93,18.36,15.62,1,5,0
8,19,129.03,647.41,34.95,17.22,1,0,0
8,5,763.19,580.30,128.12,26.17,1,0,0
8,1,1777.38,500.56,73.79,21.55,1,2,0
8,6,941.60,576.43,24.49,14.90,1,5,0
9,3,934.46,579.57,147.90,29.30,1,0,0
9,9,326.26,640.73,135.44,29.08,1,0,0
9,15,1116.40,567.63,18.85,39.65,1,3,0
9,16,69.09,661.85,62.68,32.82,1,5,0
9,17,15.36,661.82,50.32,37.19,1,5,0
9,18,54.51,679.50,19.52,16.90,1,5,0
9,19,83.95,675.34,33.73,17.37,1,0,0
9,5,725.23,602.87,127.81,26.42,1,0,0
9,1,1744.39,515.26,73.44,21.71,1,2,0
9,6,903.41,598.08,25.56,14.45,1,5,0
10,3,895.16,598.79,147.41,28.67,1,0,0
10,9,283.31,656.64,134.10,27.12,1,0,0
10,15,1082.05,587.93,18.98,38.02,1,3,0
10,16,17.69,672.98,67.48,36.17,1,5,0
10,18,2.35,692.76,21.13,17.84,1,5,0
10,19,32.00,689.64,33.70,18.10,1,0,0
10,5,683.52,620.76,130.71,26.48,1,0,0
10,1,1710.12,537.67,73.02,22.06,1,2,0
10,6,864.40,616.46,24.02,14.74,1,5,0
11,3,865.95,610.58,146.51,29.01,1,0,0
11,9,248.31,663.28,136.20,26.28,1,0,0
11,15,1056.24,599.56,20.38,39.59,1,3,0
11,16,0.47,679.53,44.26,31.59,1,5,0
11,19,0.00,692.42,23.45,18.34,1,0,0
11,5,652.16,630.95,129.87,25.33,1,0,0
11,1,1686.64,555.77,72.18,22.51,1,2,0
11,6,833.90,627.61,24.76,14.62,1,5,0
11,21,1827.85,531.50,18.04,38.38,1,3,0
12,3,819.32,631.19,146.81,28.25,1,0,0
12,9,201.84,674.87,129.23,23.32,1,0,0
12,15,1016.22,621.81,19.61,39.35,1,3,0
12,5,603.39,649.05,131.32,25.68,1,0,0
12,1,1646.78,585.54,71.55,22.06,1,2,0
12,6,787.95,647.15,23.90,14.79,1,5,0
12,21,1781.04,564.79,17.67,36.15,1,3,0
13,3,774.46,663.94,145.37,26.86,1,0,0
13,9,262.86,705.06,13.68,18.36,1,0,0
13,15,975.18,653.37,20.75,40.21,1,3,0
13,5,553.12,679.40,129.34,25.84,1,0,0
13,1,1621.01,619.34,59.73,21.17,1,2,0
13,6,739.76,678.85,24.37,15.15,1,5,0
13,21,1738.08,601.34,16.80,34.82,1,3,0
14,3,745.07,676.78,147.92,27.41,1,0,0
14,15,952.28,665.78,19.74,40.45,1,3,0
14,5,522.94,693.44,130.23,25.67,1,0,0
14,1,1589.36,630.44,70.33,24.03,1,2,0
14,6,709.52,692.20,24.03,14.43,1,5,0
14,21,1708.94,610.58,18.37,37.35,1,3,0
15,3,713.10,677.21,147.50,27.05,1,0,0
15,15,925.09,665.22,19.18,40.23,1,3,0
15,5,488.42,694.33,132.14,25.78,1,0,0
15,1,1563.37,627.03,71.51,24.04,1,2,0
15,6,675.79,692.44,25.39,14.89,1,5,0
15,21,1679.41,609.33,17.66,35.04,1,3,0
16,3,682.30,674.18,148.94,27.10,1,0,0
16,15,900.78,660.66,19.77,40.32,1,3,0
16,5,456.19,692.21,132.80,25.82,1,0,0
16,1,1544.60,620.30,69.32,22.13,1,2,0
16,6,645.71,690.69,24.07,14.47,1,5,0
16,21,1653.26,603.70,17.03,33.54,1,3,0
16,16,26.60,723.34,45.99,25.50,1,0,0
17,3,662.16,675.64,148.43,28.36,1,0,0
17,15,885.11,660.87,19.80,41.77,1,3,0
17,5,434.54,695.37,132.76,26.23,1,0,0
17,1,1528.05,618.17,73.67,22.47,1,2,0
17,6,623.31,692.59,24.79,14.54,1,5,0
17,21,1636.15,601.19,17.65,34.39,1,3,0
17,16,1.67,728.07,92.33,26.32,1,0,0
18,3,635.81,684.27,148.89,28.05,1,0,0
18,15,864.55,669.20,20.98,41.46,1,3,0
18,5,404.71,704.37,136.47,26.37,1,0,0
18,1,1518.35,626.41,70.27,21.84,1,2,0
18,6,596.23,701.40,25.30,15.59,1,5,0
18,21,1615.05,606.68,17.91,36.46,1,3,0
18,16,0.61,737.86,96.24,24.07,1,0,0
19,3,611.94,690.47,151.01,27.90,1,0,0
19,15,848.47,673.12,20.63,43.18,1,3,0
19,5,380.95,709.61,137.76,26.64,1,0,0
19,1,1507.26,631.59,70.60,21.91,1,2,0
19,6,572.33,707.55,23.66,14.73,1,5,0
19,21,1597.73,614.34,17.93,34.63,1,3,0
19,16,0.12,741.11,95.94,24.26,1,0,0
20,3,591.09,693.60,151.15,28.30,1,0,0
20,15,832.64,676.19,20.60,43.66,1,3,0
20,5,359.17,712.86,139.53,26.65,1,0,0
20,1,1497.78,634.02,69.11,21.91,1,2,0
20,6,550.59,710.49,24.46,14.85,1,5,0
20,21,1583.23,618.04,16.65,34.26,1,3,0
20,16,0.47,744.27,60.49,22.67,1,0,0
21,3,563.68,698.59,153.13,28.56,1,0,0
21,15,811.70,682.04,20.80,42.99,1,3,0
21,5,329.96,718.23,137.99,27.05,1,0,0
21,1,1482.52,639.71,68.80,22.10,1,2,0
21,6,522.47,716.37,24.27,14.97,1,5,0
21,21,1561.98,623.87,16.45,34.90,1,3,0
21,16,0.35,748.44,27.54,21.81,1,0,0
22,3,541.04,704.20,152.83,28.79,1,0,0
22,15,794.45,688.28,20.24,42.00,1,3,0
22,5,304.08,724.07,140.44,26.49,1,0,0
22,1,1478.27,645.00,61.09,20.96,1,2,0
22,6,497.01,721.67,25.86,15.01,1,5,0
22,21,1543.84,629.50,17.16,35.13,1,3,0
23,3,511.35,709.11,153.86,29.04,1,0,0
23,15,771.06,694.97,20.35,40.55,1,3,0
23,5,268.65,730.28,144.72,26.59,1,0,0
23,1,1459.95,646.98,60.72,21.17,1,2,0
23,6,464.89,727.86,25.35,15.73,1,5,0
23,21,1521.52,630.78,16.68,35.89,1,3,0
24,3,491.24,709.95,154.85,28.64,1,0,0
24,15,756.88,691.79,20.69,43.67,1,3,0
24,5,250.31,730.79,144.93,27.14,1,0,0
24,1,1448.05,644.38,60.58,22.55,1,2,0
24,6,447.52,727.02,27.22,16.08,1,5,0
24,21,1505.95,628.10,18.73,37.16,1,3,0
25,3,465.81,712.13,156.82,28.94,1,0,0
25,15,738.56,693.77,20.80,42.62,1,3,0
25,5,225.10,733.77,144.42,27.54,1,0,0
25,1,1434.29,643.95,56.86,21.61,1,2,0
25,6,420.43,730.12,27.75,15.67,1,5,0
25,21,1489.31,627.25,17.53,36.59,1,3,0
26,3,447.44,721.15,154.91,28.61,1,0,0
26,15,723.14,700.56,21.10,44.68,1,3,0
26,5,224.35,742.82,123.70,27.69,1,0,0
26,1,1425.22,649.50,53.97,21.20,1,2,0
26,6,399.41,739.75,27.11,15.33,1,5,0
26,21,1475.83,632.82,18.21,37.25,1,3,0
27,3,424.76,731.39,158.16,29.46,1,0,0
27,15,707.43,707.71,21.64,47.50,1,3,0
27,5,222.80,751.68,101.58,26.77,1,0,0
27,1,1417.71,660.59,65.43,22.42,1,2,0
27,6,376.67,749.08,25.32,16.19,1,5,0
27,21,1463.99,645.81,20.76,35.99,1,3,0
28,3,403.13,735.49,158.60,28.52,1,0,0
28,15,690.88,713.93,22.42,48.36,1,3,0
28,5,222.29,754.26,78.43,24.90,1,0,0
28,1,1408.05,672.86,71.37,23.20,1,2,0
28,6,353.76,753.28,24.94,15.60,1,5,0
29,3,381.82,732.49,159.88,28.51,1,0,0
29,15,677.31,710.88,22.00,50.58,1,3,0
29,5,222.85,749.72,55.93,23.39,1,0,0
29,1,1400.25,677.86,73.54,23.18,1,2,0
29,6,329.81,749.22,25.20,16.13,1,5,0
30,3,364.19,732.82,161.51,29.11,1,0,0
30,15,665.74,710.30,22.10,51.46,1,3,0
30,5,222.85,749.52,39.90,23.38,1,0,0
30,1,1396.50,677.70,73.37,23.52,1,2,0
30,6,312.98,750.86,21.91,15.20,1,5,0
31,3,348.59,732.98,160.79,29.24,1,0,0
31,15,654.84,708.14,23.25,51.85,1,3,0
31,5,218.85,750.82,27.44,21.24,1,0,0
31,1,1395.18,672.77,72.16,23.27,1,2,0
32,3,333.14,733.61,160.78,29.18,1,0,0
32,15,644.97,708.32,24.32,52.11,1,3,0
32,5,214.74,751.28,18.44,20.84,1,0,0
32,1,1391.97,671.51,75.01,22.39,1,2,0
32,6,280.88,751.70,23.72,16.18,1,5,0
33,3,317.26,737.97,162.97,29.41,1,0,0
33,15,637.61,713.20,24.09,51.21,1,3,0
33,5,211.30,758.89,13.20,17.63,1,0,0
33,1,1396.84,671.41,72.95,21.59,1,2,0
33,6,263.39,757.25,24.49,15.31,1,5,0
33,16,55.59,759.22,28.90,26.18,1,0,0
34,3,307.94,735.12,166.04,29.40,1,0,0
34,15,634.98,709.93,23.97,51.96,1,3,0
34,5,209.40,756.64,12.49,15.45,1,0,0
34,1,1404.47,670.01,69.59,22.08,1,2,0
34,6,256.95,753.80,23.52,15.21,1,5,0
34,16,50.18,756.59,33.55,24.92,1,0,0
34,21,1400.87,661.36,16.15,33.49,1,3,0
35,3,300.08,731.84,169.20,29.49,1,0,0
35,15,633.27,707.83,24.14,52.01,1,3,0
35,1,1417.13,669.76,64.76,22.34,1,2,0
35,6,247.02,750.00,23.04,15.30,1,5,0
35,16,41.75,752.18,42.77,24.76,1,0,0
35,21,1404.57,661.26,15.69,34.47,1,3,0
36,3,291.20,735.22,169.81,29.74,1,0,0
36,15,631.11,713.14,24.60,52.54,1,3,0
36,1,1421.47,677.47,68.30,23.10,1,2,0
36,6,236.13,754.48,23.19,14.94,1,5,0
36,16,31.65,752.77,53.48,26.80,1,0,0
36,21,1409.19,667.19,16.57,36.34,1,3,0
37,3,286.00,735.76,168.87,29.23,1,0,0
37,15,630.15,716.05,24.56,51.52,1,3,0
37,1,1429.96,683.34,67.23,24.15,1,2,0
37,6,229.25,755.07,24.41,14.45,1,5,0
37,16,23.37,751.22,61.76,27.68,1,0,0
37,21,1409.28,673.71,19.98,35.80,1,3,0
38,3,281.03,728.27,169.05,29.55,1,0,0
38,15,629.85,709.60,24.64,51.79,1,3,0
38,1,1434.83,680.54,73.31,24.69,1,2,0
38,6,224.49,746.27,21.98,14.50,1,5,0
38,16,18.63,741.53,64.84,28.63,1,0,0
38,21,1411.99,672.81,18.01,35.17,1,3,0
39,3,276.90,729.11,170.20,30.02,1,0,0
39,15,632.01,710.11,24.29,52.23,1,3,0
39,1,1446.37,678.31,74.17,25.17,1,2,0
39,6,220.38,747.55,22.74,14.62,1,5,0
39,16,13.84,742.65,67.03,29.13,1,0,0
39,21,1416.49,672.91,17.18,33.84,1,3,0
40,3,274.68,736.74,170.06,29.87,1,0,0
40,15,634.83,715.79,25.27,53.67,1,3,0
40,1,1458.57,683.56,75.88,24.69,1,2,0
40,6,215.85,756.11,21.73,14.10,1,5,0
40,16,10.14,750.40,71.21,28.80,1,0,0
40,21,1423.19,677.49,18.46,35.03,1,3,0
41,3,272.95,736.72,169.27,29.48,1,0,0
41,15,638.26,715.87,25.92,53.46,1,3,0
41,1,1471.11,685.31,77.24,24.88,1,2,0
41,6,209.85,756.16,24.87,14.10,1,5,0
41,16,8.07,750.35,70.23,28.61,1,0,0
41,21,1429.45,677.87,19.21,36.85,1,3,0
41,22,422.60,753.25,5.94,9.30,1,3,0
42,3,273.36,729.71,169.91,29.58,1,0,0
42,15,643.41,710.31,25.91,53.56,1,3,0
42,1,1485.62,680.60,77.19,24.50,1,2,0
42,6,213.58,747.05,24.16,15.56,1,5,0
42,16,7.59,742.51,70.10,29.30,1,0,0
42,21,1436.71,674.24,18.58,35.42,1,3,0
43,3,273.36,728.65,169.88,29.62,1,0,0
43,15,648.88,706.76,26.94,55.54,1,3,0
43,1,1502.80,680.11,78.32,23.88,1,2,0
43,6,208.62,746.56,22.51,15.16,1,5,0
43,16,6.57,740.79,72.86,29.55,1,0,0
43,21,1446.93,675.49,17.58,33.89,1,3,0
44,3,273.47,729.34,170.31,30.07,1,0,0
44,15,654.72,706.78,27.33,57.55,1,3,0
44,1,1514.14,681.32,80.55,25.48,1,2,0
44,6,208.82,746.73,19.72,16.13,1,5,0
44,16,6.77,742.32,73.90,28.90,1,0,0
44,21,1454.06,676.51,17.96,35.92,1,3,0
45,3,274.59,724.95,169.51,29.88,1,0,0
45,15,659.92,702.61,27.93,58.28,1,3,0
45,1,1529.65,680.92,81.95,25.34,1,2,0
45,6,209.05,742.65,19.84,15.27,1,5,0
45,16,6.48,735.94,75.33,29.60,1,0,0
45,21,1462.30,675.50,19.39,36.12,1,3,0
46,3,271.53,727.60,170.58,29.16,1,0,0
46,15,664.13,705.09,27.47,57.92,1,3,0
46,1,1544.70,680.74,81.13,24.76,1,2,0
46,6,209.37,745.26,16.70,14.58,1,5,0
46,16,4.24,738.34,79.06,29.52,1,0,0
46,21,1468.87,675.63,18.92,36.24,1,3,0
46,22,418.87,746.64,5.26,8.67,1,3,0
47,3,269.02,734.96,169.98,29.86,1,0,0
47,15,667.23,712.27,28.92,57.54,1,3,0
47,1,1559.73,682.27,80.29,24.84,1,2,0
47,6,208.74,753.28,17.12,15.08,1,5,0
47,16,1.47,747.95,80.49,28.98,1,0,0
47,21,1475.72,677.96,18.80,36.07,1,3,0
48,3,267.85,735.90,171.77,30.27,1,0,0
48,15,674.29,713.57,28.22,58.17,1,3,0
48,1,1572.51,684.30,86.62,25.74,1,2,0
48,6,206.88,755.59,16.38,14.18,1,5,0
48,16,1.96,749.31,77.77,28.79,1,0,0
48,21,1485.49,679.86,19.13,36.45,1,3,0
49,3,268.91,727.10,173.43,30.66,1,0,0
49,15,682.55,705.76,28.20,59.26,1,3,0
49,1,1591.83,683.44,86.27,25.98,1,2,0
49,6,205.24,744.71,19.47,15.66,1,5,0
49,16,3.22,738.75,73.13,29.46,1,0,0
49,21,1496.38,678.88,18.74,35.59,1,3,0
50,3,272.15,716.30,173.39,29.65,1,0,0
50,15,691.60,693.42,29.08,62.30,1,3,0
50,1,1613.11,674.72,84.54,27.83,1,2,0
50,6,203.93,734.47,21.14,14.09,1,5,0
50,16,6.03,726.64,68.57,28.41,1,0,0
50,21,1507.07,672.93,19.29,35.36,1,3,0
51,3,274.90,721.35,174.81,30.07,1,0,0
51,15,698.28,697.15,30.66,62.06,1,3,0
51,1,1624.23,676.06,89.36,26.41,1,2,0
51,6,205.94,738.96,21.72,15.36,1,5,0
51,16,10.37,732.99,64.19,28.67,1,0,0
51,21,1516.25,672.00,20.00,36.28,1,3,0
52,3,275.05,739.21,175.01,30.94,1,0,0
52,15,705.14,713.22,29.95,63.77,1,3,0
52,1,1639.18,689.23,89.11,26.98,1,2,0
52,6,207.46,757.49,20.84,15.54,1,5,0
52,16,8.12,754.16,61.43,26.96,1,0,0
52,21,1523.75,685.50,20.33,37.02,1,3,0
52,22,426.97,758.76,5.90,8.81,1,3,0
53,16,0.74,746.00,23.41,28.28,1,0,0
53,22,324.03,710.56,32.86,70.24,1,3,0
53,4,1155.81,673.95,20.63,36.02,1,3,0
54,22,286.01,689.29,33.83,76.32,1,3,0
54,23,1254.00,656.33,76.47,27.94,1,2,0
54,4,1124.02,659.40,20.26,34.36,1,3,0
55,22,290.41,697.83,34.59,72.72,1,3,0
55,23,1263.16,656.59,82.03,28.11,1,2,0
55,4,1129.62,659.60,19.89,34.92,1,3,0
56,22,296.62,710.89,35.23,73.20,1,3,0
56,23,1280.08,676.42,82.87,27.51,1,2,0
56,4,1137.64,677.73,19.64,36.05,1,3,0
57,22,313.49,711.64,35.12,73.68,1,3,0
57,23,1303.83,684.31,83.31,26.41,1,2,0
57,4,1153.71,685.97,19.54,34.13,1,3,0
57,1,1827.41,644.67,85.25,23.60,1,1,0
58,22,327.24,707.90,36.99,77.81,1,3,0
58,23,1326.06,680.11,82.78,27.73,1,2,0
58,4,1166.41,684.78,20.47,33.59,1,3,0
58,1,1828.51,640.38,88.22,24.53,1,1,0
59,22,339.77,707.74,37.30,79.44,1,3,0
59,23,1346.15,675.02,83.24,27.82,1,2,0
59,4,1178.58,679.13,19.99,35.51,1,3,0
59,1,1832.97,633.66,86.05,25.38,1,1,0
60,22,363.48,706.19,37.59,76.30,1,3,0
60,23,1366.67,663.77,93.77,29.37,1,2,0
60,4,1200.04,670.74,19.63,35.04,1,3,0
60,1,1844.17,621.74,75.54,25.49,1,1,0
61,22,383.24,707.66,38.35,76.42,1,3,0
61,23,1401.07,659.96,84.63,28.28,1,2,0
61,4,1217.42,663.07,20.71,39.55,1,3,0
61,1,1850.42,617.14,69.51,25.21,1,1,0
62,22,402.61,707.78,38.34,77.21,1,3,0
62,23,1431.16,660.79,79.88,29.38,1,2,0
62,4,1234.19,667.59,20.62,37.60,1,3,0
62,1,1859.85,621.26,59.81,24.90,1,1,0
63,22,432.74,700.08,37.78,76.74,1,3,0
63,23,1465.26,663.88,84.21,30.43,1,2,0
63,4,1260.90,668.72,20.46,38.34,1,3,0
63,16,0.01,743.84,35.97,26.99,1,0,0
64,22,459.21,699.35,38.76,78.98,1,3,0
64,23,1496.11,665.14,87.28,31.97,1,2,0
64,4,1284.76,668.81,21.05,40.76,1,3,0
64,16,0.12,744.71,53.92,27.17,1,0,0
65,22,488.29,707.40,39.67,81.86,1,3,0
65,23,1533.03,672.94,82.75,29.88,1,2,0
65,4,1310.97,678.09,21.49,41.05,1,3,0
65,16,0.28,756.52,71.78,28.14,1,0,0
66,22,513.23,707.58,40.23,81.02,1,3,0
66,23,1563.09,674.52,88.97,32.01,1,2,0
66,4,1332.33,679.76,22.02,40.48,1,3,0
66,16,0.19,756.47,87.37,27.57,1,0,0
67,22,546.10,705.75,39.92,82.53,1,3,0
67,23,1603.79,666.47,87.27,31.76,1,2,0
67,4,1361.40,675.25,20.87,39.51,1,3,0
67,16,0.14,757.73,108.76,29.11,1,0,0
68,22,587.51,712.29,40.38,81.11,1,3,0
68,23,1650.51,663.43,92.20,33.54,1,2,0
68,4,1398.68,672.04,21.58,43.00,1,3,0
68,16,0.31,769.41,135.43,28.32,1,0,0
69,22,614.45,691.20,39.60,83.53,1,3,0
69,23,1678.88,647.38,95.29,32.29,1,2,0
69,4,1419.80,655.95,20.91,41.84,1,3,0
69,16,0.03,751.69,151.82,28.51,1,0,0
70,22,648.11,661.42,41.68,86.97,1,3,0
70,23,1719.51,613.26,96.04,33.73,1,2,0
70,4,1448.32,626.39,21.02,41.41,1,3,0
70,16,0.51,730.68,172.39,30.16,1,0,0
71,22,512.45,661.85,44.44,85.86,1,3,0
71,23,1566.90,596.85,90.93,34.15,1,2,0
71,4,1299.06,612.46,21.33,42.30,1,3,0
72,15,784.77,606.62,19.68,42.93,1,3,0
73,25,1129.08,561.74,74.19,25.25,1,1,0
73,15,650.15,611.55,21.06,43.41,1,3,0
74,25,1113.90,568.16,72.40,24.11,1,1,0
74,15,646.82,612.04,20.98,47.56,1,3,0
74,26,932.14,591.30,82.19,32.56,1,2,0
75,25,1124.11,572.59,68.41,23.36,1,1,0
75,15,659.16,610.57,23.38,49.42,1,3,0
75,26,949.54,593.32,83.83,32.64,1,2,0
76,25,1137.29,574.35,71.86,23.55,1,1,0
76,15,682.21,610.06,23.57,50.00,1,3,0
76,26,979.21,593.29,84.75,32.64,1,2,0
77,25,1150.91,591.74,72.66,24.10,1,1,0
77,15,705.61,632.36,23.80,45.34,1,3,0
77,26,1011.23,609.66,84.73,31.89,1,2,0
78,25,1153.49,584.35,72.34,24.48,1,1,0
78,15,721.01,624.13,23.29,46.57,1,3,0
78,26,1032.68,601.64,85.33,31.59,1,2,0
79,25,1158.55,571.38,68.35,23.87,1,1,0
79,15,734.19,606.17,24.03,48.88,1,3,0
79,26,1053.23,587.02,84.51,30.88,1,2,0
80,25,1162.18,570.61,70.78,23.60,1,1,0
80,15,750.15,607.22,22.83,46.61,1,3,0
80,26,1076.70,582.42,85.11,33.59,1,2,0
80,6,0.05,656.24,26.95,117.01,1,3,0
81,25,1166.36,576.86,71.00,24.57,1,1,0
81,15,766.59,613.27,23.09,46.87,1,3,0
81,26,1100.54,588.58,85.26,33.14,1,2,0
81,6,4.50,666.28,60.75,114.55,1,3,0
82,25,1174.75,579.03,72.79,23.19,1,1,0
82,15,778.98,609.60,22.55,49.59,1,3,0
82,26,1116.72,588.49,86.20,32.47,1,2,0
82,6,32.59,658.21,60.34,117.90,1,3,0
83,15,798.56,608.42,22.65,47.73,1,3,0
83,26,1145.71,581.58,85.64,35.21,1,2,0
83,6,72.99,655.18,66.05,117.00,1,3,0
84,15,819.79,610.01,22.19,44.21,1,3,0
84,26,1173.50,579.67,86.44,34.89,1,2,0
84,6,124.88,647.85,62.27,119.63,1,3,0
85,15,839.63,603.80,22.78,45.66,1,3,0
85,26,1200.05,575.38,87.70,32.79,1,2,0
85,6,169.85,641.63,61.22,118.36,1,3,0
86,15,796.24,598.13,23.80,50.51,1,3,0
86,6,144.94,643.84,65.16,122.53,1,3,0
86,25,1163.41,568.68,87.82,34.79,1,2,0
87,15,781.82,598.66,23.24,50.15,1,3,0
87,6,149.00,640.30,64.77,126.36,1,3,0
87,25,1154.71,565.84,88.84,34.58,1,2,0
88,15,791.58,600.29,22.15,46.20,1,3,0
88,6,193.51,632.74,64.68,128.79,1,3,0
88,25,1112.09,567.28,71.45,25.90,1,1,0
88,26,1174.58,560.39,86.89,35.84,1,2,0
89,15,804.86,589.14,23.46,49.28,1,3,0
89,6,234.52,613.22,62.60,134.68,1,3,0
89,25,1114.91,561.74,81.67,24.69,1,1,0
89,26,1189.72,554.75,91.95,35.30,1,2,0
90,15,815.74,582.55,22.32,45.43,1,3,0
90,6,268.89,590.49,64.84,143.55,1,3,0
90,25,1113.25,555.12,83.16,23.60,1,1,0
90,26,1210.35,543.27,86.51,35.09,1,2,0
91,15,840.68,573.28,23.46,49.50,1,3,0
91,6,332.62,588.64,63.05,139.09,1,3,0
91,25,1127.36,550.07,68.77,23.69,1,1,0
91,26,1242.11,535.04,89.97,36.15,1,2,0
92,15,864.14,566.80,23.46,52.20,1,3,0
92,6,387.27,586.32,62.24,131.53,1,3,0
92,25,1139.05,550.52,65.87,22.98,1,1,0
92,26,1269.51,534.47,91.95,35.47,1,2,0
93,15,891.53,564.56,23.13,54.04,1,3,0
93,6,452.94,583.78,62.59,130.08,1,3,0
93,25,1153.48,548.23,69.59,24.13,1,1,0
93,26,1306.54,528.54,88.98,35.36,1,2,0
94,15,913.93,570.35,22.76,52.30,1,3,0
94,6,508.10,581.61,62.62,130.63,1,3,0
94,25,1165.75,555.56,64.60,22.83,1,1,0
94,26,1334.44,532.56,90.75,35.92,1,2,0
95,25,1159.23,577.57,23.73,49.89,1,3,0
96,3,58.33,729.08,86.07,36.89,1,5,0
96,15,967.07,737.26,31.33,19.48,1,5,0
97,29,793.91,704.36,77.83,36.58,1,5,0
97,15,819.59,722.26,35.59,17.25,1,0,0
97,21,1658.56,749.59,28.62,21.19,1,5,0
97,16,95.06,627.77,119.77,91.74,1,5,0
97,25,1117.90,725.96,36.36,24.32,1,0,0
98,29,962.06,682.18,50.90,39.32,1,5,0
98,15,1006.82,707.64,21.93,14.58,1,5,0
98,25,1161.70,721.59,5.12,7.16,1,3,0
99,29,988.41,690.03,54.77,38.83,1,5,0
99,15,1038.47,715.45,21.06,15.23,1,5,0
99,25,1193.29,729.16,4.82,6.92,1,3,0
99,37,354.42,598.19,128.72,110.01,1,5,0
99,38,1795.99,735.17,123.64,32.64,1,0,0
99,39,1040.91,693.19,83.85,39.48,1,5,0
99,40,1368.21,719.77,45.02,25.22,1,0,0
99,41,1073.54,713.39,31.08,17.73,1,0,0
100,29,990.04,691.41,53.35,39.58,1,5,0
100,15,1039.45,715.69,20.47,15.89,1,5,0
100,37,348.49,600.99,130.73,114.15,1,5,0
100,38,1797.71,728.44,121.96,32.80,1,0,0
100,39,1041.49,693.71,84.48,39.85,1,5,0
100,40,1370.10,718.77,41.83,23.91,1,0,0
100,41,1074.05,714.47,32.07,17.59,1,0,0
101,29,989.64,695.81,53.49,40.64,1,5,0
101,15,1038.53,721.82,18.05,14.94,1,5,0
101,37,343.96,608.35,129.81,114.97,1,5,0
101,38,1797.85,730.37,121.79,32.81,1,0,0
101,39,1042.77,699.01,82.26,40.04,1,5,0
101,40,1368.57,720.99,40.01,25.29,1,0,0
101,41,1071.96,720.45,32.42,17.57,1,0,0
102,29,987.57,699.26,53.76,39.88,1,5,0
102,15,1035.62,723.89,20.76,15.67,1,5,0
102,37,334.16,609.60,133.35,116.38,1,5,0
102,38,1796.93,732.44,122.73,32.21,1,0,0
102,39,1040.01,701.98,83.41,39.69,1,5,0
102,40,1366.67,722.81,40.07,25.62,1,0,0
102,41,1072.07,722.49,31.35,17.95,1,0,0
103,29,989.40,682.98,55.15,39.41,1,5,0
103,15,1039.34,706.89,21.70,15.93,1,5,0
103,37,330.31,601.63,133.91,109.68,1,5,0
103,38,1801.80,712.81,117.87,32.13,1,0,0
103,39,1042.30,684.98,84.47,39.71,1,5,0
103,40,1370.60,706.35,37.03,24.41,1,0,0
103,41,1074.10,706.02,32.93,17.24,1,0,0
104,29,991.52,684.41,55.06,41.82,1,5,0
104,15,1040.00,710.70,22.42,15.89,1,5,0
104,37,326.28,605.08,134.96,108.91,1,5,0
104,38,1805.74,716.41,113.58,32.57,1,0,0
104,39,1046.92,688.44,82.46,39.65,1,5,0
104,40,1372.05,708.92,35.82,25.59,1,0,0
104,41,1075.24,709.15,32.66,17.69,1,0,0
105,29,990.57,690.91,55.91,40.42,1,5,0
105,15,1040.17,715.63,22.21,15.80,1,5,0
105,37,320.19,606.90,135.51,113.02,1,5,0
105,38,1806.49,720.18,112.86,32.07,1,0,0
105,39,1045.31,693.68,84.52,39.35,1,5,0
105,40,1374.93,712.90,33.03,25.43,1,0,0
105,41,1076.58,714.22,32.65,17.54,1,0,0
105,25,1201.58,727.31,4.99,7.81,1,3,0
106,29,990.25,697.99,57.06,40.90,1,5,0
106,15,1040.09,723.22,22.14,15.81,1,5,0
106,37,313.92,617.21,138.36,110.73,1,5,0
106,38,1808.98,726.79,110.36,32.72,1,0,0
106,39,1047.45,700.16,81.20,40.21,1,5,0
106,40,1375.92,721.62,32.04,24.28,1,0,0
106,41,1076.27,721.44,32.00,18.14,1,0,0
107,29,991.28,694.79,54.32,39.94,1,5,0
107,15,1039.63,718.83,19.57,16.11,1,5,0
107,37,305.15,619.99,138.88,107.23,1,5,0
107,38,1807.99,719.37,111.45,32.19,1,0,0
107,39,1043.67,696.67,86.06,39.77,1,5,0
107,40,1375.55,716.99,33.06,23.10,1,0,0
107,41,1075.05,717.38,33.47,17.69,1,0,0
108,29,988.59,686.89,55.89,39.22,1,5,0
108,15,1038.74,710.34,20.60,15.66,1,5,0
108,37,303.51,613.28,132.90,105.50,1,5,0
108,38,1807.57,710.91,111.95,31.03,1,0,0
108,39,1044.34,688.23,82.89,39.28,1,5,0
108,40,1374.35,706.19,34.65,24.95,1,0,0
108,41,1074.21,708.41,32.93,17.86,1,0,0
109,29,986.82,698.27,56.29,40.23,1,5,0
109,15,1036.92,722.11,19.47,16.01,1,5,0
109,37,290.02,625.30,137.07,107.34,1,5,0
109,38,1807.18,719.23,112.28,32.31,1,0,0
109,39,1044.57,699.13,81.21,40.45,1,5,0
109,40,1373.84,717.10,35.14,24.45,1,0,0
109,41,1072.05,720.35,32.78,18.19,1,0,0
110,29,984.38,697.22,55.23,40.48,1,5,0
110,15,1033.58,722.73,20.70,15.24,1,5,0
110,37,272.39,624.84,142.29,106.42,1,5,0
110,38,1805.58,719.56,113.82,31.50,1,0,0
110,39,1037.88,699.00,86.11,40.46,1,5,0
110,40,1372.46,717.26,37.25,24.93,1,0,0
110,41,1066.90,719.68,34.35,18.70,1,0,0
111,29,975.27,699.43,60.14,41.22,1,5,0
111,15,1029.03,725.45,21.33,15.36,1,5,0
111,37,257.80,627.77,145.51,106.00,1,5,0
111,38,1801.55,723.20,118.30,31.45,1,0,0
111,39,1034.98,702.11,84.39,40.26,1,5,0
111,40,1369.07,720.10,42.61,25.32,1,0,0
111,41,1064.11,722.68,33.94,18.39,1,0,0
112,29,930.68,697.59,59.03,41.31,1,5,0
112,15,983.39,723.29,21.98,15.74,1,5,0
112,37,196.86,626.16,147.71,105.23,1,5,0
112,38,1750.31,720.91,167.03,32.37,1,0,0
112,39,988.07,699.25,87.66,41.29,1,5,0
112,40,1324.02,718.91,47.92,25.61,1,0,0
112,41,1018.37,720.55,33.52,18.84,1,0,0
112,21,1900.76,735.35,19.24,18.62,1,5,0
113,29,913.32,702.34,58.74,41.42,1,5,0
113,15,964.16,728.15,22.38,15.75,1,5,0
113,37,160.36,628.15,154.47,107.50,1,5,0
113,38,1728.89,725.43,170.20,33.56,1,0,0
113,39,969.10,704.82,86.57,40.73,1,5,0
113,40,1303.36,724.29,54.72,24.98,1,0,0
113,41,1001.13,725.98,32.80,17.83,1,0,0
113,21,1877.36,734.40,40.79,24.83,1,5,0
114,29,906.99,704.78,52.63,41.52,1,5,0
114,15,953.21,730.44,21.22,15.73,1,5,0
114,37,135.39,629.51,158.80,107.68,1,5,0
114,38,1717.63,728.62,168.90,33.87,1,0,0
114,39,955.49,706.46,90.08,41.60,1,5,0
114,40,1293.01,726.76,62.44,25.60,1,0,0
114,41,988.78,728.32,35.29,18.13,1,0,0
114,21,1865.38,737.85,41.27,24.32,1,5,0
114,25,1119.05,741.22,3.88,6.88,1,3,0
115,29,900.18,709.25,55.61,42.83,1,5,0
115,15,947.68,736.76,22.77,15.48,1,5,0
115,37,124.84,635.09,159.33,108.81,1,5,0
115,38,1713.98,734.94,166.97,33.23,1,0,0
115,39,950.90,712.04,91.23,41.71,1,5,0
115,40,1291.60,732.75,64.83,26.15,1,0,0
115,41,984.01,734.45,34.39,18.13,1,0,0
115,21,1863.89,743.30,37.90,24.34,1,5,0
115,25,1114.58,747.76,4.62,7.41,1,3,0
116,29,890.07,729.29,56.48,38.37,1,5,0
116,15,943.01,751.87,22.74,15.88,1,5,0
116,37,107.31,651.34,163.38,109.86,1,5,0
116,38,1710.06,748.77,167.10,33.50,1,0,0
116,39,944.32,730.37,92.36,38.96,1,5,0
116,40,1285.34,747.72,74.26,26.39,1,0,0
116,41,979.14,750.72,34.68,17.31,1,0,0
116,21,1860.13,758.44,38.59,23.33,1,5,0
117,29,890.65,738.23,57.65,41.24,1,5,0
117,15,941.98,763.55,22.52,15.93,1,5,0
117,37,91.70,662.29,169.29,110.72,1,5,0
117,38,1711.12,759.32,162.89,33.03,1,0,0
117,39,944.35,739.44,91.42,41.15,1,5,0
117,40,1285.46,759.21,74.89,25.82,1,0,0
117,41,979.22,761.47,32.65,17.92,1,0,0
117,21,1856.06,767.16,38.19,24.20,1,5,0
117,25,1108.76,775.14,4.64,6.99,1,3,0
118,29,887.36,743.47,58.54,42.05,1,5,0
118,15,939.39,768.87,21.27,16.26,1,5,0
118,37,71.09,665.84,173.39,113.45,1,5,0
118,38,1710.84,763.67,165.32,33.33,1,0,0
118,39,941.63,745.87,91.02,40.90,1,5,0
118,40,1284.05,764.29,75.82,26.08,1,0,0
118,41,973.07,767.21,35.23,18.50,1,0,0
118,21,1856.12,769.77,41.45,26.66,1,5,0
118,25,1107.31,779.08,4.35,7.84,1,3,0
119,29,887.87,744.40,55.48,40.10,1,5,0
119,15,938.99,768.88,20.90,15.78,1,5,0
119,37,60.01,662.74,175.55,113.66,1,5,0
119,38,1711.59,765.75,164.58,32.91,1,0,0
119,39,940.91,745.57,91.70,40.83,1,5,0
119,40,1285.67,764.90,74.77,26.19,1,0,0
119,41,974.38,766.60,34.07,18.71,1,0,0
119,21,1856.88,774.19,40.49,24.14,1,5,0
119,25,1107.82,779.52,4.57,7.64,1,3,0
120,29,885.00,730.45,60.92,43.69,1,5,0
120,15,935.96,758.79,20.52,15.43,1,5,0
120,37,50.65,649.38,171.62,113.69,1,5,0
120,38,1710.96,757.57,162.97,33.88,1,0,0
120,39,939.46,734.87,90.64,40.92,1,5,0
120,40,1284.77,755.47,73.54,26.91,1,0,0
120,41,972.39,756.05,34.09,18.38,1,0,0
120,21,1855.06,766.27,39.21,24.15,1,5,0
121,29,917.12,726.19,60.16,39.90,1,5,0
121,15,973.30,751.70,18.55,14.52,1,5,0
121,37,78.60,634.67,174.96,114.52,1,5,0
121,38,1756.38,757.66,162.24,34.70,1,0,0
121,39,975.09,727.61,91.39,41.04,1,5,0
121,40,1324.66,751.08,72.01,27.05,1,0,0
121,41,1010.70,748.93,34.19,18.51,1,0,0
121,21,1900.26,773.24,19.72,19.19,1,5,0
121,25,1143.80,764.78,4.19,6.10,1,3,0
122,29,984.44,711.35,61.83,42.79,1,5,0
122,15,1037.10,736.60,24.11,17.69,1,5,0
122,37,149.93,611.75,172.19,116.96,1,5,0
122,39,1044.06,714.80,91.65,43.40,1,5,0
122,40,1398.14,744.33,72.29,27.87,1,0,0
122,41,1079.10,737.27,35.47,19.33,1,0,0
122,21,1839.44,758.23,80.06,30.65,1,0,0
122,25,1215.13,754.96,4.22,6.42,1,3,0
123,29,1005.99,706.42,54.12,42.71,1,5,0
123,15,1053.72,733.50,22.75,16.39,1,5,0
123,37,151.09,606.78,176.51,116.93,1,5,0
123,39,1058.56,711.19,91.86,41.88,1,5,0
123,40,1412.60,739.08,71.19,27.96,1,0,0
123,41,1091.42,732.85,35.15,18.59,1,0,0
123,21,1857.93,753.64,61.79,30.78,1,0,0
123,25,1228.99,750.50,4.61,6.86,1,3,0
124,29,1000.43,703.87,61.79,43.08,1,5,0
124,15,1057.02,732.58,22.21,15.11,1,5,0
124,37,139.48,599.28,179.75,120.19,1,5,0
124,39,1060.81,707.99,91.22,42.93,1,5,0
124,40,1414.89,736.70,68.62,27.65,1,0,0
124,41,1095.20,730.99,34.09,18.37,1,0,0
124,21,1862.17,751.21,57.58,31.04,1,0,0
124,25,1232.27,748.24,4.94,6.99,1,3,0
125,29,999.76,700.45,63.84,44.22,1,5,0
125,15,1057.12,729.86,21.63,15.14,1,5,0
125,37,128.02,595.85,181.91,120.72,1,5,0
125,39,1061.27,704.84,92.09,43.44,1,5,0
125,40,1416.86,734.24,64.35,27.24,1,0,0
125,41,1096.39,727.67,34.52,18.87,1,0,0
125,21,1864.53,748.64,55.12,30.09,1,0,0
125,25,1233.11,744.37,4.67,7.34,1,3,0
126,29,1000.47,699.97,65.30,44.68,1,5,0
126,15,1058.80,730.11,20.18,15.25,1,5,0
126,37,115.51,593.48,183.98,120.62,1,5,0
126,39,1061.57,705.18,91.92,43.79,1,5,0
126,40,1420.20,735.76,57.64,27.17,1,0,0
126,41,1097.88,728.23,34.37,18.86,1,0,0
126,21,1867.77,751.69,51.77,30.04,1,0,0
126,25,1234.66,744.95,4.50,7.93,1,3,0
127,29,1010.93,714.29,58.12,44.14,1,5,0
127,15,1059.67,741.26,20.84,17.64,1,5,0
127,37,105.03,604.80,186.07,123.63,1,5,0
127,39,1064.79,719.04,91.27,43.22,1,5,0
127,40,1424.41,748.57,51.09,26.20,1,0,0
127,41,1097.49,741.34,36.56,19.05,1,0,0
127,21,1874.43,763.16,45.29,30.05,1,0,0
128,29,1013.06,705.00,56.75,41.18,1,5,0
128,15,1061.82,729.83,23.64,16.90,1,5,0
128,37,90.36,592.64,191.15,124.70,1,5,0
128,39,1065.90,706.61,94.69,43.29,1,5,0
128,40,1429.21,735.85,46.05,25.99,1,0,0
128,41,1100.14,729.09,37.05,19.18,1,0,0
128,21,1879.40,750.00,40.33,29.96,1,0,0
129,29,1016.03,677.67,54.98,42.24,1,5,0
129,15,1063.64,704.09,23.49,16.45,1,5,0
129,37,73.74,564.67,196.61,127.09,1,5,0
129,39,1068.13,681.76,93.30,42.31,1,5,0
129,40,1432.76,711.19,41.27,24.70,1,0,0
129,41,1103.05,703.28,36.00,19.05,1,0,0
129,21,1882.58,723.62,37.06,30.16,1,0,0
130,29,1019.40,678.97,55.15,42.79,1,5,0
130,15,1066.75,706.21,20.88,16.10,1,5,0
130,37,63.38,553.79,197.98,138.13,1,5,0
130,39,1070.89,681.89,93.18,44.42,1,5,0
130,40,1436.82,713.83,38.25,24.56,1,0,0
130,41,1105.87,705.32,36.72,19.00,1,0,0
130,21,1887.50,727.26,31.95,29.45,1,0,0
131,29,1014.77,683.41,65.25,46.19,1,5,0
131,15,1068.44,714.73,22.60,15.09,1,5,0
131,37,48.28,562.19,201.74,136.32,1,5,0
131,39,1072.11,689.38,93.88,43.04,1,5,0
131,40,1439.70,719.99,35.10,25.04,1,0,0
131,41,1110.15,712.05,34.84,19.50,1,0,0
131,21,1894.17,734.55,25.18,30.26,1,0,0
131,25,1250.87,729.31,4.70,8.13,1,3,0
132,29,1010.19,692.55,70.95,44.93,1,5,0
132,15,1071.49,721.66,25.13,16.17,1,5,0
132,37,35.34,570.92,204.98,137.63,1,5,0
132,39,1074.13,697.08,95.57,43.39,1,5,0
132,40,1442.35,726.66,32.92,24.48,1,0,0
132,41,1110.55,719.88,36.43,19.49,1,0,0
132,21,1899.07,740.30,20.29,28.60,1,0,0
133,29,947.49,695.21,70.33,45.15,1,5,0
133,15,1006.89,724.59,23.31,16.11,1,5,0
133,37,0.13,587.12,146.24,128.04,1,5,0
133,39,1011.02,699.80,95.17,43.16,1,5,0
133,40,1379.09,729.71,25.30,22.92,1,0,0
133,41,1049.18,723.08,35.96,18.96,1,0,0
133,21,1828.49,737.98,90.76,32.65,1,0,0
133,25,1191.57,739.89,4.35,6.87,1,3,0
134,29,929.55,695.34,69.42,43.23,1,5,0
134,15,989.15,722.43,23.51,16.62,1,5,0
134,37,0.17,589.24,112.96,125.05,1,5,0
134,39,994.36,698.84,93.39,41.94,1,5,0
134,40,1359.26,726.33,24.62,22.83,1,0,0
134,41,1030.37,720.48,35.76,19.44,1,0,0
134,21,1807.28,734.10,112.24,33.26,1,0,0
135,29,924.63,676.85,71.00,43.95,1,5,0
135,15,984.52,704.65,22.73,15.93,1,5,0
135,37,0.53,570.26,90.52,127.12,1,5,0
135,39,989.97,680.90,93.61,42.67,1,5,0
135,40,1357.59,713.54,138.53,16.51,1,0,0
135,41,1026.57,703.26,36.18,18.74,1,0,0
135,21,1803.53,714.09,115.74,33.48,1,0,0
136,29,926.55,671.13,70.80,43.15,1,5,0
136,15,984.77,698.88,22.55,15.31,1,5,0
136,37,0.68,566.68,77.43,122.13,1,5,0
136,39,993.45,674.48,94.94,41.85,1,5,0
136,41,1030.47,697.18,34.83,18.70,1,0,0
136,21,1810.02,710.60,109.33,33.21,1,0,0
137,29,987.56,674.97,71.82,44.85,1,5,0
137,15,1047.04,704.25,21.18,15.06,1,5,0
137,37,0.69,559.49,138.07,130.01,1,5,0
137,39,1055.44,678.60,96.09,45.26,1,5,0
137,41,1093.35,702.94,34.24,18.99,1,0,0
137,21,1886.61,721.92,32.90,29.40,1,0,0
137,25,1239.42,719.57,4.20,7.09,1,3,0
138,29,1019.45,674.57,58.78,44.59,1,5,0
138,15,1070.14,702.73,27.68,17.12,1,5,0
138,37,0.13,561.18,146.77,134.17,1,5,0
138,39,1075.64,678.74,96.64,44.05,1,5,0
138,41,1113.64,702.13,35.46,18.57,1,0,0
139,29,1021.96,665.75,60.46,44.84,1,5,0
139,15,1074.16,694.29,24.14,16.11,1,5,0
139,37,0.57,557.88,135.47,132.13,1,5,0
139,39,1083.99,668.94,94.30,44.13,1,5,0
139,41,1120.77,693.07,35.23,18.51,1,0,0
140,29,1015.34,663.80,70.03,46.26,1,5,0
140,15,1074.31,693.73,23.17,16.19,1,5,0
140,37,0.56,559.33,117.96,134.46,1,5,0
140,39,1083.84,668.21,95.76,43.52,1,5,0
140,41,1121.92,691.91,34.61,18.35,1,0,0
141,29,1029.47,672.20,63.47,46.26,1,5,0
141,15,1078.92,701.99,23.34,16.13,1,5,0
141,37,0.58,567.55,107.26,135.17,1,5,0
141,39,1086.94,676.19,96.93,43.85,1,5,0
141,41,1124.05,700.49,36.35,18.53,1,0,0
141,42,1583.91,711.05,30.22,14.49,1,0,0
141,25,1274.54,715.02,4.46,6.72,1,3,0
142,29,1040.40,671.87,56.79,45.79,1,5,0
142,15,1080.60,701.82,20.74,15.49,1,5,0
142,37,0.42,562.79,94.51,135.89,1,5,0
142,39,1089.71,674.90,96.15,44.85,1,5,0
142,41,1126.43,699.54,35.40,19.08,1,0,0
142,42,1582.75,711.08,34.37,16.27,1,0,0
143,29,1041.13,677.28,58.49,45.88,1,5,0
143,15,1084.42,706.12,21.34,16.34,1,5,0
143,37,0.47,604.85,81.18,97.26,1,5,0
143,39,1093.22,680.64,96.47,45.49,1,5,0
143,41,1128.37,705.00,37.29,19.19,1,0,0
143,42,1582.70,715.58,39.32,18.27,1,0,0
143,25,1282.41,720.30,4.35,7.60,1,3,0
144,29,1044.97,673.06,58.18,46.09,1,5,0
144,15,1082.98,702.73,23.17,15.87,1,5,0
144,37,0.49,619.54,62.95,78.24,1,5,0
144,39,1093.72,677.07,98.03,44.35,1,5,0
144,41,1133.10,701.15,36.56,18.87,1,0,0
144,42,1583.74,713.75,43.27,16.72,1,0,0
144,25,1286.55,716.15,4.45,7.84,1,3,0
145,29,1047.51,667.86,57.31,45.35,1,5,0
145,15,1083.01,698.58,22.37,14.27,1,5,0
145,37,0.47,656.76,52.32,35.01,1,5,0
145,39,1097.22,671.00,97.82,44.74,1,5,0
145,41,1134.95,693.98,35.52,20.32,1,0,0
145,42,1605.37,706.97,25.84,18.37,1,0,0
146,29,1049.06,656.11,57.68,45.23,1,5,0
146,15,1082.69,687.11,22.61,13.95,1,5,0
146,37,0.77,639.10,37.14,36.69,1,5,0
146,39,1096.89,659.86,99.22,43.78,1,5,0
146,41,1135.63,682.43,35.34,19.81,1,0,0
146,42,1606.50,696.35,26.27,19.22,1,0,0
147,29,1049.13,657.94,58.53,46.20,1,5,0
147,15,1084.50,689.50,23.05,14.57,1,5,0
147,39,1097.26,661.77,100.10,44.95,1,5,0
147,41,1136.38,685.49,36.12,20.09,1,0,0
147,42,1582.16,701.62,53.61,17.80,1,0,0
148,29,1049.97,672.94,59.15,46.86,1,5,0
148,15,1090.50,703.94,22.95,15.44,1,5,0
148,39,1098.76,676.85,100.08,45.95,1,5,0
148,41,1137.67,701.11,37.79,20.12,1,0,0
148,42,1580.26,714.66,60.16,18.98,1,0,0
149,29,1052.27,671.98,57.23,47.11,1,5,0
149,15,1092.13,702.93,23.17,15.72,1,5,0
149,39,1099.96,674.82,100.78,47.45,1,5,0
149,41,1139.61,700.76,37.76,19.85,1,0,0
149,42,1581.85,716.26,62.56,18.86,1,0,0
149,25,1298.64,717.38,4.68,8.04,1,3,0
150,29,1052.83,663.86,60.61,47.33,1,5,0
150,15,1090.89,695.12,22.41,15.41,1,5,0
150,39,1103.08,667.74,99.89,46.25,1,5,0
150,41,1140.71,692.33,37.07,19.83,1,0,0
150,42,1583.94,707.32,63.00,18.84,1,0,0
150,25,1300.74,707.16,4.89,9.09,1,3,0
151,29,965.80,655.90,54.73,47.09,1,5,0
151,15,1004.62,686.98,22.79,15.64,1,5,0
151,39,1013.80,659.85,101.69,45.49,1,5,0
151,41,1052.50,684.00,38.77,19.71,1,0,0
151,42,1505.36,693.45,47.12,20.77,1,0,0
151,40,1411.04,687.08,141.58,27.95,1,0,0
151,21,1872.99,691.62,46.89,30.34,1,0,0
152,29,941.73,654.58,64.08,47.55,1,5,0
152,15,984.78,687.48,19.75,14.36,1,5,0
152,39,995.43,656.19,100.60,48.26,1,5,0
152,41,1034.05,683.10,36.73,19.91,1,0,0
152,42,1470.98,691.27,62.01,21.14,1,0,0
152,21,1851.12,688.81,68.84,30.96,1,0,0
153,29,941.28,666.25,62.43,48.73,1,5,0
153,15,983.94,699.49,19.76,14.71,1,5,0
153,39,995.15,671.07,99.05,45.26,1,5,0
153,41,1032.92,694.98,37.96,20.17,1,0,0
153,42,1454.99,701.57,79.51,19.97,1,0,0
153,21,1851.64,696.14,68.35,31.19,1,0,0
154,29,946.04,675.15,60.26,48.06,1,5,0
154,15,986.80,709.47,20.10,13.63,1,5,0
154,39,999.77,678.94,99.75,46.26,1,5,0
154,41,1037.92,704.02,38.78,19.49,1,0,0
154,42,1458.35,711.10,83.11,19.68,1,0,0
154,21,1860.72,706.75,58.99,30.96,1,0,0
155,29,945.47,673.37,63.24,45.68,1,5,0
155,15,988.38,704.76,21.61,13.85,1,5,0
155,39,999.01,675.57,103.79,44.77,1,5,0
155,41,1039.57,700.04,39.25,19.52,1,0,0
155,42,1481.34,704.11,65.04,21.59,1,0,0
155,21,1868.38,699.24,51.24,30.62,1,0,0
155,25,1203.12,713.53,4.60,7.81,1,3,0
156,29,946.89,659.41,64.33,49.77,1,5,0
156,15,990.29,694.06,21.37,14.84,1,5,0
156,39,1003.14,664.01,99.43,46.73,1,5,0
156,41,1040.87,689.19,38.81,20.07,1,0,0
156,21,1871.25,688.90,48.55,32.04,1,0,0
156,25,1204.73,702.86,5.20,8.72,1,3,0
156,40,1405.39,690.70,143.38,26.39,1,0,0
157,29,946.69,655.39,62.85,46.96,1,5,0
157,15,990.24,687.53,20.53,14.36,1,5,0
157,39,1003.64,658.33,98.63,45.19,1,5,0
157,41,1041.09,682.34,38.15,20.08,1,0,0
157,21,1871.98,684.04,47.81,30.82,1,0,0
157,42,1478.42,687.07,70.36,22.71,1,0,0
158,29,947.43,667.29,65.76,49.51,1,5,0
158,15,991.10,702.18,21.74,14.50,1,5,0
158,39,1006.93,675.03,98.42,44.09,1,5,0
158,41,1044.14,697.50,37.04,20.17,1,0,0
158,21,1879.22,704.76,40.51,30.13,1,0,0
158,42,1467.24,706.47,87.60,20.42,1,0,0
159,29,949.79,677.07,64.86,49.36,1,5,0
159,15,991.49,710.66,22.18,15.63,1,5,0
159,39,1007.65,681.15,100.13,46.80,1,5,0
159,41,1045.11,706.64,39.54,20.21,1,0,0
159,21,1883.49,709.33,36.00,30.42,1,0,0
159,42,1468.70,711.96,89.53,21.96,1,0,0
159,25,1211.43,721.92,4.53,7.67,1,3,0
160,29,948.06,656.77,62.19,49.13,1,5,0
160,15,991.65,690.48,21.87,15.08,1,5,0
160,39,1007.19,660.37,101.46,46.94,1,5,0
160,41,1045.27,685.52,39.36,20.65,1,0,0
160,21,1885.71,686.36,33.91,30.77,1,0,0
160,40,1414.26,686.77,145.00,26.52,1,0,0
161,29,947.16,641.74,60.48,49.05,1,5,0
161,15,992.24,674.32,21.89,15.77,1,5,0
161,39,1007.49,646.51,102.20,45.72,1,5,0
161,41,1045.14,670.68,39.94,20.54,1,0,0
161,21,1888.25,671.55,31.22,29.35,1,0,0
161,40,1418.59,669.38,142.92,27.97,1,0,0
161,25,1213.76,683.25,5.01,9.90,1,3,0
162,29,947.75,651.11,60.02,51.50,1,5,0
162,15,991.39,686.12,22.36,16.17,1,5,0
162,39,1007.67,657.00,103.93,47.08,1,5,0
162,41,1045.57,682.74,41.29,20.13,1,0,0
162,21,1892.87,683.91,26.64,29.49,1,0,0
162,40,1443.23,684.26,121.66,24.95,1,0,0
163,29,893.27,673.39,65.56,50.33,1,5,0
163,15,939.68,706.37,24.16,16.70,1,5,0
163,39,956.26,677.73,103.97,47.85,1,5,0
163,41,993.83,703.43,40.30,20.68,1,0,0
163,21,1835.37,699.27,84.05,32.35,1,0,0
163,42,1410.33,705.89,101.13,21.35,1,0,0
163,25,1166.38,716.76,4.63,8.23,1,3,0
164,25,1199.01,679.91,43.92,22.88,1,5,0
164,40,1382.93,666.64,174.10,28.46,1,0,0
165,25,1121.15,659.52,182.53,29.29,1,0,0
165,43,0.20,712.21,51.45,36.23,1,5,0
165,49,412.55,697.76,142.37,26.48,1,0,0
165,37,0.27,727.77,17.50,18.75,1,0,0
165,29,851.25,673.64,157.58,28.81,1,0,0
165,41,957.50,675.75,43.91,22.43,1,5,0
166,25,1080.54,647.89,181.43,31.11,1,0,0
166,49,366.08,691.71,144.14,27.09,1,0,0
166,29,809.06,664.72,157.56,29.59,1,0,0
166,41,914.32,666.47,46.44,22.57,1,5,0
167,25,1076.63,648.92,185.68,32.55,1,0,0
167,49,369.09,695.53,137.87,28.65,1,0,0
167,29,807.40,668.54,156.10,29.31,1,0,0
167,41,911.66,670.34,47.01,22.02,1,5,0
167,37,125.02,728.91,6.22,11.11,1,3,0
168,25,1085.19,659.68,184.96,32.09,1,0,0
168,49,364.90,704.93,148.78,28.60,1,0,0
168,29,813.43,678.74,158.91,29.44,1,0,0
168,41,917.59,680.83,46.43,21.90,1,5,0
168,37,132.29,738.74,6.10,11.09,1,3,0
169,25,1092.08,642.09,186.49,32.48,1,0,0
169,49,372.27,681.76,147.40,26.79,1,0,0
169,29,819.70,659.05,159.29,29.15,1,0,0
169,41,924.40,661.53,46.48,22.16,1,5,0
169,37,137.50,711.85,5.96,10.34,1,3,0
170,25,1180.45,638.79,189.06,31.20,1,0,0
170,49,471.23,670.37,140.84,26.96,1,0,0
170,29,908.01,652.10,160.57,28.51,1,0,0
170,41,1010.66,654.46,48.07,23.14,1,5,0
170,43,22.63,692.08,52.60,24.44,1,0,0
171,25,1259.89,651.34,189.36,32.44,1,0,0
171,49,564.41,684.78,124.80,25.06,1,0,0
171,29,983.96,664.79,159.67,28.84,1,0,0
171,41,1086.11,667.57,46.64,23.10,1,5,0
171,51,0.53,677.56,67.03,53.99,1,5,0
171,43,46.50,710.37,27.04,20.33,1,5,0
171,37,115.16,703.58,50.43,23.72,1,0,0
172,25,1288.58,673.82,191.47,31.66,1,0,0
172,49,588.35,707.09,128.49,25.77,1,0,0
172,29,1010.20,687.48,160.30,28.86,1,0,0
172,41,1113.37,689.95,46.87,23.25,1,5,0
172,51,19.95,695.82,69.89,59.58,1,5,0
172,43,73.45,734.51,27.16,19.25,1,5,0
172,52,98.49,698.69,125.73,53.60,1,5,0
172,37,143.32,726.96,50.13,23.06,1,0,0
173,25,1297.29,652.81,193.83,32.54,1,0,0
173,49,586.67,685.44,137.93,26.50,1,0,0
173,29,1018.60,666.04,161.95,29.10,1,0,0
173,41,1122.12,668.45,46.82,23.47,1,5,0
173,51,27.37,673.27,70.98,60.96,1,5,0
173,43,78.99,712.90,31.55,19.45,1,5,0
173,52,108.83,676.09,124.98,55.00,1,5,0
173,37,153.75,705.13,47.78,23.37,1,0,0
173,53,1565.18,667.27,6.23,11.15,1,3,0
174,25,1306.67,624.14,193.72,33.24,1,0,0
174,49,592.06,660.19,142.51,26.07,1,0,0
174,29,1029.31,639.48,161.54,29.20,1,0,0
174,41,1131.18,642.03,45.53,23.49,1,5,0
174,51,33.72,650.37,71.15,60.60,1,5,0
174,43,86.88,689.16,32.16,20.14,1,5,0
174,52,114.91,652.72,128.25,55.62,1,5,0
174,37,161.06,681.09,48.81,24.89,1,0,0
174,54,373.42,687.86,5.35,9.04,1,3,0
175,25,1313.77,619.23,196.45,34.19,1,0,0
175,49,602.67,657.51,137.91,26.24,1,0,0
175,29,1034.94,636.22,161.07,29.25,1,0,0
175,41,1135.43,638.70,48.61,23.79,1,5,0
175,51,38.51,648.96,70.71,61.64,1,5,0
175,43,91.20,687.73,31.68,20.79,1,5,0
175,52,119.88,650.34,128.19,56.64,1,5,0
175,37,167.82,679.65,48.29,24.92,1,0,0
176,25,1322.13,646.20,197.88,34.21,1,0,0
176,49,608.41,688.69,139.55,28.15,1,0,0
176,29,1043.91,665.02,162.09,29.76,1,0,0
176,41,1145.13,667.34,46.23,23.21,1,5,0
176,51,42.03,688.69,74.93,59.83,1,5,0
176,43,97.14,725.53,31.06,20.76,1,5,0
176,52,123.11,688.80,130.49,55.81,1,5,0
176,37,172.09,717.25,47.99,24.68,1,0,0
177,25,1327.79,659.95,198.35,35.43,1,0,0
177,49,614.11,706.07,138.34,26.75,1,0,0
177,29,1049.08,679.70,162.00,30.38,1,0,0
177,41,1149.83,682.54,46.39,22.93,1,5,0
177,51,46.63,703.87,70.60,60.65,1,5,0
177,43,96.89,741.65,32.38,21.39,1,5,0
177,52,125.12,704.15,131.29,56.67,1,5,0
177,37,172.70,732.47,51.04,26.86,1,0,0
177,53,1611.14,670.86,6.78,12.00,1,3,0
177,54,389.20,736.67,5.38,9.80,1,3,0
178,25,1327.76,648.34,199.46,35.04,1,0,0
178,49,610.21,691.68,140.62,26.76,1,0,0
178,29,1047.59,666.99,162.85,30.13,1,0,0
178,41,1148.39,669.60,47.43,22.97,1,5,0
178,51,41.51,688.04,71.04,60.66,1,5,0
178,43,92.83,725.75,31.61,21.25,1,5,0
178,52,119.96,687.99,133.71,57.88,1,5,0
178,37,169.93,717.80,50.79,25.44,1,0,0
179,25,1326.92,641.19,199.87,35.30,1,0,0
179,49,609.53,682.27,138.88,26.95,1,0,0
179,29,1046.56,659.28,163.60,29.40,1,0,0
179,41,1146.75,662.09,45.14,23.39,1,5,0
179,51,36.18,676.31,66.98,61.27,1,5,0
179,43,88.57,715.10,32.19,21.08,1,5,0
179,52,117.50,677.53,131.86,56.88,1,5,0
179,37,167.03,707.18,49.87,25.43,1,0,0
180,25,1326.50,642.54,201.44,34.72,1,0,0
180,49,608.16,681.29,139.42,26.49,1,0,0
180,29,1045.16,659.27,165.95,29.30,1,0,0
180,41,1146.53,662.38,46.26,23.35,1,5,0
180,51,31.52,673.04,69.84,62.00,1,5,0
180,43,86.01,712.40,31.54,20.62,1,5,0
180,52,113.07,673.45,133.34,58.59,1,5,0
180,37,162.00,704.06,51.57,25.35,1,0,0
180,54,383.15,709.44,5.85,10.11,1,3,0
181,25,1330.49,658.91,201.18,34.41,1,0,0
181,49,607.37,695.57,142.63,27.58,1,0,0
181,29,1048.96,675.65,164.93,29.22,1,0,0
181,41,1148.88,678.02,48.18,23.93,1,5,0
181,51,29.94,688.62,68.68,60.24,1,5,0
181,43,81.61,725.25,32.88,21.69,1,5,0
181,52,111.33,688.07,135.47,58.28,1,5,0
181,37,162.88,718.32,49.75,25.58,1,0,0
182,25,1314.80,664.79,201.80,35.46,1,0,0
182,49,586.93,704.06,146.35,28.21,1,0,0
182,29,1031.81,683.22,166.84,29.58,1,0,0
182,41,1132.14,685.56,46.60,23.64,1,5,0
182,51,3.25,697.41,73.32,62.43,1,5,0
182,43,59.24,736.65,31.88,21.51,1,5,0
182,52,87.98,698.84,136.80,58.08,1,5,0
182,37,139.98,728.78,51.17,25.37,1,0,0
182,53,1612.01,678.56,6.86,10.59,1,3,0
182,54,364.22,734.86,5.85,9.44,1,3,0
183,25,1280.04,652.80,200.10,34.33,1,0,0
183,49,550.10,695.54,146.68,27.66,1,0,0
183,29,997.47,670.95,165.97,29.95,1,0,0
183,41,1098.51,672.93,45.68,23.76,1,5,0
183,51,0.77,696.84,42.50,55.91,1,5,0
183,43,15.99,731.31,30.24,20.58,1,5,0
183,52,42.05,690.79,139.50,59.98,1,5,0
183,37,93.96,721.21,52.61,26.70,1,0,0
183,53,1577.50,664.17,6.46,10.84,1,3,0
184,25,1276.90,644.79,200.18,33.62,1,0,0
184,49,550.02,686.50,141.99,27.12,1,0,0
184,29,993.24,662.23,162.74,29.58,1,0,0
184,41,1093.78,665.35,45.54,22.68,1,5,0
184,51,0.62,695.88,35.62,46.80,1,5,0
184,52,34.95,679.96,139.40,61.12,1,5,0
184,37,84.65,712.12,53.79,26.36,1,0,0
184,53,1576.33,655.61,6.50,10.97,1,3,0
184,54,317.57,716.93,5.65,9.66,1,3,0
185,25,1276.48,633.63,199.78,34.19,1,0,0
185,49,549.28,676.32,140.53,27.21,1,0,0
185,29,991.50,651.25,163.24,30.17,1,0,0
185,41,1091.70,654.60,45.73,22.79,1,5,0
185,51,0.99,705.76,31.92,27.27,1,5,0
185,52,29.43,675.09,142.15,56.95,1,5,0
185,37,79.20,702.87,56.58,26.11,1,0,0
185,53,1577.07,644.33,6.51,11.46,1,3,0
185,54,316.16,707.52,5.33,9.20,1,3,0
186,25,1277.12,621.36,200.56,34.49,1,0,0
186,49,550.91,668.00,138.73,27.20,1,0,0
186,29,991.46,641.31,164.81,30.17,1,0,0
186,41,1092.64,644.57,44.60,22.03,1,5,0
186,51,0.72,706.14,29.35,22.50,1,5,0
186,52,25.72,667.82,143.61,59.05,1,5,0
186,37,77.61,697.61,55.71,26.53,1,0,0
186,54,315.24,701.19,5.67,9.37,1,3,0
187,25,1280.01,641.81,203.76,36.05,1,0,0
187,49,549.45,692.58,143.20,27.89,1,0,0
187,29,995.04,664.03,163.57,30.32,1,0,0
187,41,1095.50,666.86,43.92,22.33,1,5,0
187,52,25.65,692.51,145.28,62.11,1,5,0
187,37,77.06,724.74,56.37,26.40,1,0,0
187,54,316.16,725.96,5.93,10.59,1,3,0
187,43,0.79,731.23,30.10,25.00,1,5,0
187,53,1590.20,651.17,6.83,11.90,1,3,0
188,25,1284.92,643.68,206.52,36.80,1,0,0
188,49,554.61,693.69,143.05,28.72,1,0,0
188,29,1000.89,666.32,167.28,30.46,1,0,0
188,41,1100.09,668.84,45.83,23.07,1,5,0
188,52,26.31,693.71,147.12,61.37,1,5,0
188,37,79.85,724.63,56.88,27.63,1,0,0
188,43,0.71,730.30,29.18,26.02,1,5,0
188,53,1600.04,654.27,6.65,10.58,1,3,0
189,25,1286.15,620.83,208.12,36.65,1,0,0
189,49,555.12,667.61,143.41,26.69,1,0,0
189,29,1002.32,641.40,167.56,30.43,1,0,0
189,41,1101.08,644.32,46.45,23.04,1,5,0
189,52,26.78,663.68,145.91,61.38,1,5,0
189,37,80.90,695.17,55.72,27.54,1,0,0
189,51,0.43,692.06,31.12,34.09,1,5,0
189,54,321.38,699.71,5.56,9.48,1,3,0
190,25,1287.90,600.93,206.01,36.51,1,0,0
190,49,555.14,648.79,142.02,26.71,1,0,0
190,29,1001.34,620.72,166.92,30.86,1,0,0
190,41,1100.48,623.69,45.51,23.52,1,5,0
190,52,20.92,645.87,148.93,61.14,1,5,0
190,37,78.95,677.22,53.90,26.20,1,0,0
190,51,0.05,678.46,26.72,29.40,1,5,0
190,53,1608.46,610.50,6.57,12.45,1,3,0
191,25,1294.44,605.85,207.62,37.52,1,0,0
191,49,561.43,659.10,140.32,27.46,1,0,0
191,29,1005.94,629.09,167.16,30.37,1,0,0
191,41,1104.70,631.73,46.98,22.87,1,5,0
191,52,22.68,658.57,150.42,62.67,1,5,0
191,37,79.84,691.03,54.72,27.25,1,0,0
191,51,0.42,691.36,30.06,31.97,1,5,0
191,54,323.24,692.45,6.26,10.60,1,3,0
192,25,1303.41,609.44,208.56,37.83,1,0,0
192,49,568.38,666.24,141.19,27.83,1,0,0
192,29,1014.45,634.17,168.36,31.15,1,0,0
192,41,1111.54,636.92,47.04,23.27,1,5,0
192,52,29.34,669.04,149.54,63.13,1,5,0
192,37,87.06,700.84,53.11,28.41,1,0,0
192,51,0.37,694.95,34.02,39.24,1,5,0
192,54,329.57,701.34,6.32,10.54,1,3,0
192,53,1629.47,614.93,8.06,14.30,1,3,0
193,25,1306.74,598.43,209.98,35.45,1,0,0
193,49,569.91,645.40,140.87,27.53,1,0,0
193,29,1015.43,617.94,170.06,31.10,1,0,0
193,41,1115.27,621.63,45.99,22.75,1,5,0
193,52,26.67,645.15,150.82,60.62,1,5,0
193,37,84.58,675.13,55.38,27.89,1,0,0
193,51,0.63,670.19,29.72,37.27,1,5,0
193,53,1638.95,605.04,7.80,13.97,1,3,0
194,25,1308.45,592.25,207.82,36.85,1,0,0
194,49,561.72,639.96,148.73,28.07,1,0,0
194,29,1015.34,613.01,169.80,31.49,1,0,0
194,41,1112.97,616.23,47.31,23.71,1,5,0
194,52,23.36,635.52,152.80,64.29,1,5,0
194,37,79.86,668.37,58.85,28.79,1,0,0
194,53,1641.80,603.96,6.94,11.09,1,3,0
195,25,1310.19,619.50,209.44,36.81,1,0,0
195,49,569.00,670.78,142.03,27.94,1,0,0
195,29,1017.66,641.35,169.83,31.94,1,0,0
195,41,1114.67,644.90,47.73,23.04,1,5,0
195,52,18.97,668.17,155.96,64.98,1,5,0
195,37,79.38,701.45,56.39,28.33,1,0,0
195,53,1648.96,629.95,6.79,10.18,1,3,0
195,54,330.83,704.24,6.11,10.38,1,3,0
196,25,1313.05,629.22,209.96,37.24,1,0,0
196,49,572.28,679.32,140.15,27.90,1,0,0
196,29,1019.75,651.35,169.64,30.65,1,0,0
196,41,1116.29,653.84,48.49,23.87,1,5,0
196,52,17.57,677.14,155.88,64.14,1,5,0
196,37,77.09,709.46,58.76,28.58,1,0,0
196,54,331.52,712.92,6.03,10.26,1,3,0
197,25,1318.41,634.03,211.04,37.55,1,0,0
197,49,575.88,683.73,139.77,27.76,1,0,0
197,29,1024.39,655.67,169.99,31.67,1,0,0
197,41,1119.86,659.05,48.89,23.79,1,5,0
197,52,16.19,679.21,158.34,64.90,1,5,0
197,37,76.89,712.95,59.57,28.26,1,0,0
197,53,1663.42,643.21,8.18,12.61,1,3,0
198,25,1319.61,629.78,213.54,37.27,1,0,0
198,49,571.78,675.44,146.07,27.66,1,0,0
198,29,1025.95,650.28,170.37,30.45,1,0,0
198,41,1123.19,653.05,47.35,23.69,1,5,0
198,52,15.09,670.42,159.23,63.51,1,5,0
198,37,79.73,701.66,54.91,28.11,1,0,0
198,53,1671.64,643.04,6.57,9.31,1,3,0
198,43,0.38,706.32,23.93,26.95,1,5,0
198,54,334.17,705.67,6.21,10.79,1,3,0
199,25,1322.28,613.75,213.58,36.51,1,0,0
199,49,573.66,656.10,145.35,27.55,1,0,0
199,29,1027.69,632.68,170.03,30.84,1,0,0
199,41,1123.10,635.79,48.37,24.52,1,5,0
199,52,16.52,647.38,157.09,65.71,1,5,0
199,37,75.56,681.44,59.00,28.70,1,0,0
199,43,0.19,683.36,23.91,28.79,1,5,0
200,25,1324.40,618.60,213.81,37.11,1,0,0
200,49,576.40,664.35,142.43,27.89,1,0,0
200,29,1027.60,638.67,170.42,31.77,1,0,0
200,41,1123.78,642.23,48.46,23.72,1,5,0
200,52,11.41,657.00,160.34,66.56,1,5,0
200,37,73.73,691.89,57.94,28.85,1,0,0
200,43,0.19,697.87,18.71,25.09,1,5,0
200,53,1681.03,629.29,7.85,11.48,1,3,0
201,25,1325.60,634.75,214.42,37.10,1,0,0
201,49,576.83,681.73,142.71,27.99,1,0,0
201,29,1028.88,655.40,170.25,31.10,1,0,0
201,41,1124.58,658.57,48.39,24.09,1,5,0
201,52,5.92,675.38,162.78,66.87,1,5,0
201,37,69.42,709.03,59.59,30.32,1,0,0
201,43,0.07,718.56,14.74,23.13,1,5,0
201,53,1686.13,645.07,7.17,11.14,1,3,0
201,54,333.01,712.58,6.51,11.66,1,3,0
202,25,1325.74,634.01,215.94,38.46,1,0,0
202,49,576.84,683.66,141.51,28.03,1,0,0
202,29,1030.36,656.24,168.94,31.06,1,0,0
202,41,1124.74,659.34,48.53,24.23,1,5,0
202,52,2.47,678.22,163.97,65.81,1,5,0
202,37,67.68,712.29,57.65,29.00,1,0,0
202,43,0.14,719.50,14.90,24.11,1,5,0
202,53,1690.48,643.98,6.92,11.47,1,3,0
203,25,1327.93,624.25,216.25,37.92,1,0,0
203,49,573.41,672.30,144.97,27.78,1,0,0
203,29,1030.72,644.58,171.54,31.75,1,0,0
203,41,1125.58,647.95,47.58,24.90,1,5,0
203,52,1.44,666.00,162.56,66.31,1,5,0
203,37,63.46,699.81,61.09,29.81,1,0,0
203,53,1696.86,633.36,8.00,12.69,1,3,0
203,54,331.49,704.77,5.96,10.08,1,3,0
204,25,1330.32,619.11,217.90,38.76,1,0,0
204,49,578.78,670.29,139.88,28.11,1,0,0
204,29,1032.28,641.86,173.08,32.42,1,0,0
204,41,1125.98,645.55,47.77,23.96,1,5,0
204,52,0.90,665.79,162.12,67.34,1,5,0
204,37,61.92,699.82,60.55,30.92,1,0,0
204,53,1703.73,628.75,7.63,11.92,1,3,0
205,25,1334.72,630.61,215.80,38.21,1,0,0
205,49,576.36,683.79,144.73,28.31,1,0,0
205,29,1035.52,653.52,169.75,31.88,1,0,0
205,41,1128.55,656.55,48.83,24.24,1,5,0
205,52,0.46,679.95,162.05,68.19,1,5,0
205,37,58.64,714.68,62.64,30.80,1,0,0
205,53,1709.49,638.41,8.76,10.73,1,3,0
206,25,1338.98,631.60,217.21,38.50,1,0,0
206,49,581.91,684.53,141.59,28.17,1,0,0
206,29,1038.22,655.09,170.53,31.52,1,0,0
206,41,1131.38,658.44,48.53,23.82,1,5,0
206,52,0.57,680.03,163.30,68.47,1,5,0
206,37,60.27,714.83,61.91,30.68,1,0,0
206,53,1718.32,639.95,7.86,10.72,1,3,0
207,25,1340.76,615.65,218.22,37.74,1,0,0
207,49,579.44,666.76,144.78,28.13,1,0,0
207,29,1039.10,638.16,172.91,31.85,1,0,0
207,41,1132.45,641.68,48.69,23.75,1,5,0
207,52,0.58,662.98,161.12,67.50,1,5,0
207,37,59.41,696.25,62.14,31.61,1,0,0
208,25,1341.13,609.89,220.04,38.74,1,0,0
208,49,580.06,662.84,143.77,28.10,1,0,0
208,29,1040.32,633.36,172.03,31.69,1,0,0
208,41,1132.21,636.41,49.23,24.74,1,5,0
208,52,0.54,656.54,159.46,70.90,1,5,0
208,37,56.51,693.46,62.40,31.79,1,0,0
208,53,1730.21,618.60,7.71,10.70,1,3,0
209,25,1344.93,625.61,219.07,37.54,1,0,0
209,49,582.38,678.77,141.68,27.96,1,0,0
209,29,1040.16,648.77,172.41,31.42,1,0,0
209,41,1133.94,651.97,49.14,24.59,1,5,0
209,52,0.02,674.67,158.37,69.60,1,5,0
209,37,52.35,710.45,63.61,32.11,1,0,0
209,54,332.90,711.60,7.23,12.20,1,3,0
210,25,1344.10,628.45,220.41,37.42,1,0,0
210,49,578.73,679.86,144.71,28.37,1,0,0
210,29,1038.78,651.29,173.20,30.72,1,0,0
210,41,1132.87,654.32,49.74,24.10,1,5,0
210,52,0.82,674.04,153.66,69.88,1,5,0
210,37,49.06,709.61,64.60,32.84,1,0,0
210,54,331.42,713.39,5.93,10.73,1,3,0
210,53,1740.27,633.36,8.36,12.47,1,3,0
211,25,1344.15,615.73,219.30,36.98,1,0,0
211,49,571.01,661.57,149.18,28.24,1,0,0
211,29,1037.82,636.00,172.95,32.02,1,0,0
211,41,1129.99,639.23,49.73,24.67,1,5,0
211,52,0.29,652.39,148.91,68.96,1,5,0
211,37,46.02,688.61,60.47,31.27,1,0,0
211,54,328.27,692.88,5.93,11.26,1,3,0
211,53,1743.35,622.76,7.99,13.52,1,3,0
212,25,1342.29,617.26,223.58,37.99,1,0,0
212,49,571.67,661.33,147.51,28.14,1,0,0
212,29,1035.75,637.01,173.45,31.84,1,0,0
212,41,1129.52,640.66,48.46,24.44,1,5,0
212,52,0.55,646.68,144.99,72.12,1,5,0
212,37,39.26,685.16,63.38,31.58,1,0,0
212,54,325.13,692.20,5.54,10.26,1,3,0
213,25,1343.18,632.88,224.29,37.39,1,0,0
213,49,571.92,676.00,146.13,28.12,1,0,0
213,29,1034.92,652.03,175.86,31.48,1,0,0
213,41,1128.15,655.67,49.85,24.60,1,5,0
213,52,0.13,663.93,139.39,69.66,1,5,0
213,37,32.24,699.43,60.06,32.63,1,0,0
213,53,1751.24,641.27,9.14,12.68,1,3,0
214,25,1343.80,632.60,224.58,38.31,1,0,0
214,49,572.36,678.75,145.05,28.42,1,0,0
214,29,1035.66,653.89,173.96,31.35,1,0,0
214,41,1127.53,657.42,49.20,24.22,1,5,0
214,52,0.79,668.18,134.39,70.71,1,5,0
214,37,18.45,704.21,72.84,32.58,1,0,0
214,53,1756.03,640.15,9.72,13.14,1,3,0
215,25,1345.75,626.15,222.55,37.38,1,0,0
215,49,567.93,670.52,147.42,28.40,1,0,0
215,29,1035.31,645.48,176.06,31.71,1,0,0
215,41,1126.36,648.66,50.86,25.46,1,5,0
215,52,1.05,658.65,129.40,70.96,1,5,0
215,37,17.41,694.86,72.32,33.03,1,0,0
215,53,1761.52,633.13,9.04,13.32,1,3,0
215,54,317.11,700.75,5.56,11.39,1,3,0
216,25,1346.39,618.89,223.04,38.11,1,0,0
216,49,567.20,667.88,147.64,28.37,1,0,0
216,29,1036.68,639.77,174.96,32.85,1,0,0
216,41,1126.86,643.87,51.56,24.49,1,5,0
216,52,0.76,658.70,127.51,70.57,1,5,0
216,37,10.84,694.72,75.90,33.80,1,0,0
216,53,1765.24,625.28,8.55,12.24,1,3,0
216,54,316.73,700.23,5.67,10.99,1,3,0
217,25,1348.59,620.40,224.15,38.30,1,0,0
217,49,569.55,675.84,146.62,28.48,1,0,0
217,29,1037.54,644.12,176.05,32.76,1,0,0
217,41,1128.08,647.43,50.20,25.33,1,5,0
217,52,0.22,670.88,126.11,71.53,1,5,0
217,37,3.27,707.19,79.85,34.57,1,0,0
217,54,316.30,710.01,6.06,11.90,1,3,0
218,25,1349.83,624.49,225.29,38.48,1,0,0
218,49,570.11,680.46,145.15,28.61,1,0,0
218,29,1038.10,648.54,176.71,31.92,1,0,0
218,41,1129.18,651.59,50.12,24.81,1,5,0
218,52,0.30,676.61,121.71,70.06,1,5,0
218,37,5.40,712.07,72.68,34.01,1,0,0
218,54,313.63,714.18,6.50,12.29,1,3,0
218,53,1779.57,626.58,8.53,12.90,1,3,0
219,25,1349.99,629.55,228.36,37.43,1,0,0
219,49,570.74,681.74,144.97,28.74,1,0,0
219,29,1037.90,651.46,177.20,32.34,1,0,0
219,41,1127.70,654.40,51.70,25.62,1,5,0
219,52,0.80,673.88,119.89,71.25,1,5,0
219,37,4.41,711.45,72.29,33.99,1,0,0
219,54,313.29,715.40,5.94,11.18,1,3,0
220,25,1350.25,620.52,228.77,37.61,1,0,0
220,49,564.06,670.36,150.21,28.43,1,0,0
220,29,1037.15,641.43,179.46,32.86,1,0,0
220,41,1126.76,645.12,51.39,25.07,1,5,0
220,52,0.33,660.29,114.61,71.36,1,5,0
220,37,2.03,698.25,68.94,33.10,1,0,0
220,53,1790.47,625.79,7.84,11.66,1,3,0
221,25,1350.19,608.56,229.47,37.88,1,0,0
221,49,562.56,659.30,150.36,28.03,1,0,0
221,29,1036.94,630.24,179.64,32.57,1,0,0
221,41,1126.86,633.76,50.57,24.89,1,5,0
221,52,0.13,649.15,111.09,71.33,1,5,0
221,37,1.30,686.76,65.78,33.82,1,0,0
222,25,1353.57,619.46,230.84,38.27,1,0,0
222,49,568.89,671.72,145.19,28.06,1,0,0
222,29,1039.04,641.56,180.98,33.12,1,0,0
222,41,1128.79,645.29,50.42,25.38,1,5,0
222,52,0.40,667.65,108.95,66.00,1,5,0
222,37,0.86,700.29,66.93,33.50,1,0,0
222,53,1802.68,622.86,8.87,13.26,1,3,0
223,25,1355.38,625.60,230.97,37.35,1,0,0
223,49,562.84,677.55,149.34,28.73,1,0,0
223,29,1038.60,647.26,182.17,32.51,1,0,0
223,41,1128.48,650.57,51.03,25.41,1,5,0
223,52,0.37,679.23,103.78,61.95,1,5,0
223,37,0.61,707.35,57.68,33.99,1,0,0
223,53,1809.51,627.20,8.61,12.89,1,3,0
223,54,305.49,711.00,6.38,12.20,1,3,0
224,25,1356.76,614.31,231.44,38.36,1,0,0
224,49,564.14,665.80,148.56,28.71,1,0,0
224,29,1038.38,636.45,181.72,32.97,1,0,0
224,41,1129.01,640.31,50.74,24.99,1,5,0
224,52,0.22,667.34,100.92,61.66,1,5,0
224,37,0.52,694.98,55.50,33.42,1,0,0
224,53,1814.88,616.42,9.31,13.45,1,3,0
224,54,305.01,698.78,6.54,12.42,1,3,0
225,25,1356.95,617.97,232.80,38.33,1,0,0
225,49,561.70,669.58,150.04,28.94,1,0,0
225,29,1039.11,639.56,183.06,33.66,1,0,0
225,41,1128.45,643.89,51.44,25.11,1,5,0
225,52,0.40,677.20,96.50,55.60,1,5,0
225,37,0.45,698.10,49.92,33.96,1,0,0
225,54,303.04,703.33,6.19,11.51,1,3,0
226,25,1355.95,614.95,232.62,38.41,1,0,0
226,49,561.12,667.14,148.65,28.66,1,0,0
226,29,1036.94,637.06,179.00,33.70,1,0,0
226,41,1124.93,640.95,52.88,25.65,1,5,0
226,52,0.32,676.71,92.84,54.32,1,5,0
226,37,0.29,697.29,44.88,33.30,1,0,0
226,54,299.33,700.56,6.42,12.60,1,3,0
226,53,1823.60,617.41,8.51,12.91,1,3,0
227,25,1356.52,611.04,233.66,38.46,1,0,0
227,49,560.68,665.47,148.82,29.00,1,0,0
227,29,1037.41,634.26,181.62,33.42,1,0,0
227,41,1126.02,638.01,52.74,25.46,1,5,0
227,52,0.17,676.99,88.62,54.76,1,5,0
227,37,0.28,698.91,42.78,32.30,1,0,0
227,54,298.48,698.14,6.82,14.45,1,3,0
228,25,1360.89,613.02,235.07,39.50,1,0,0
228,49,561.82,669.90,148.66,29.39,1,0,0
228,29,1039.16,637.57,182.56,33.94,1,0,0
228,41,1127.98,641.45,52.76,25.43,1,5,0
228,52,0.24,685.52,87.72,51.13,1,5,0
228,37,0.45,703.68,38.05,31.47,1,0,0
228,53,1838.86,612.92,8.83,13.44,1,3,0
229,25,1364.40,618.03,235.18,39.87,1,0,0
229,49,563.02,678.13,149.62,29.49,1,0,0
229,29,1041.06,643.53,184.56,33.96,1,0,0
229,41,1130.12,647.41,54.07,26.14,1,5,0
229,52,0.45,699.29,86.35,48.20,1,5,0
229,37,0.19,714.60,35.05,31.58,1,0,0
229,53,1846.68,613.65,9.44,16.09,1,3,0
229,54,299.31,713.53,6.33,13.21,1,3,0
230,25,1365.77,617.94,237.11,40.38,1,0,0
230,49,562.96,675.53,149.82,29.16,1,0,0
230,29,1043.41,642.54,185.43,33.68,1,0,0
230,41,1130.73,646.01,53.24,26.73,1,5,0
230,52,0.18,694.69,84.71,46.63,1,5,0
230,37,0.38,708.56,37.24,32.33,1,0,0
230,53,1852.90,616.07,9.76,15.24,1,3,0
231,25,1367.36,607.51,236.50,38.91,1,0,0
231,49,557.78,659.98,153.26,28.36,1,0,0
231,29,1043.32,630.18,185.44,32.46,1,0,0
231,41,1129.79,633.56,53.73,26.27,1,5,0
231,52,0.34,677.00,78.60,46.16,1,5,0
231,37,0.35,693.20,30.09,29.22,1,0,0
231,53,1859.75,607.74,9.24,14.45,1,3,0
231,54,296.91,694.20,5.98,10.96,1,3,0
232,25,1367.74,599.88,236.46,37.94,1,0,0
232,49,558.08,650.17,151.95,28.56,1,0,0
232,29,1041.77,620.46,186.28,33.00,1,0,0
232,41,1129.37,623.66,53.30,26.75,1,5,0
232,52,0.59,668.50,74.06,44.12,1,5,0
232,37,0.40,686.58,26.16,25.44,1,0,0
232,53,1865.37,600.73,8.99,13.25,1,3,0
232,54,293.49,683.03,6.40,12.21,1,3,0
233,25,1370.44,619.07,237.61,39.09,1,0,0
233,49,560.85,674.02,148.95,28.79,1,0,0
233,29,1041.88,642.85,186.37,33.04,1,0,0
233,41,1129.23,646.44,53.72,26.34,1,5,0
233,52,0.58,691.48,68.26,46.84,1,5,0
233,37,0.59,713.61,18.92,23.24,1,0,0
233,53,1874.42,620.09,8.93,13.24,1,3,0
233,54,291.38,706.68,6.82,12.81,1,3,0
234,25,1371.81,612.02,237.58,38.83,1,0,0
234,49,562.35,668.78,146.37,28.80,1,0,0
234,29,1041.77,636.55,186.79,33.45,1,0,0
234,41,1128.88,640.39,53.26,25.62,1,5,0
234,52,0.28,689.85,64.07,45.14,1,5,0
234,54,289.03,702.68,6.53,12.55,1,3,0
235,25,1374.99,611.16,238.15,38.93,1,0,0
235,49,561.12,667.63,148.55,29.13,1,0,0
235,29,1043.82,636.08,185.65,33.31,1,0,0
235,41,1131.74,639.70,52.87,25.49,1,5,0
235,52,0.33,688.68,62.13,45.09,1,5,0
235,54,290.10,701.86,6.86,12.38,1,3,0
235,53,1889.45,608.31,10.65,14.77,1,3,0
236,25,1375.74,603.68,240.46,41.85,1,0,0
236,49,557.98,664.49,152.54,29.34,1,0,0
236,29,1049.43,630.91,181.64,33.22,1,0,0
236,41,1130.28,634.14,55.31,26.71,1,5,0
236,52,0.40,686.75,58.16,45.50,1,5,0
236,54,288.53,700.88,6.03,11.95,1,3,0
236,53,1896.85,599.62,9.58,15.65,1,3,0
236,37,0.52,712.89,14.39,18.50,1,0,0
237,25,1377.74,599.08,241.10,42.24,1,0,0
237,49,560.02,660.83,150.02,29.60,1,0,0
237,29,1048.36,627.26,183.48,32.89,1,0,0
237,41,1131.06,630.23,55.42,26.29,1,5,0
237,52,0.39,683.26,54.35,45.23,1,5,0
237,53,1905.86,596.84,10.16,14.23,1,3,0
238,25,1382.71,622.42,243.30,42.66,1,0,0
238,49,561.18,683.77,151.16,29.24,1,0,0
238,29,1051.34,650.87,185.11,32.98,1,0,0
238,41,1134.17,653.97,54.90,26.13,1,5,0
238,52,0.07,706.97,50.92,44.71,1,5,0
238,54,287.37,718.59,7.21,13.58,1,3,0
239,25,1380.37,605.06,244.47,41.82,1,0,0
239,49,554.17,662.03,154.77,29.09,1,0,0
239,29,1049.48,630.83,184.57,33.74,1,0,0
239,41,1131.09,634.65,54.61,26.85,1,5,0
239,52,0.19,683.39,44.64,42.91,1,5,0
240,25,1380.31,586.67,245.46,42.70,1,0,0
240,49,556.57,642.97,149.95,28.97,1,0,0
240,29,1048.13,613.36,184.25,33.67,1,0,0
240,41,1130.20,618.02,53.72,25.57,1,5,0
240,52,0.08,663.49,38.13,42.66,1,5,0
240,53,1815.30,598.06,7.30,10.01,1,3,0
240,54,279.98,677.32,6.63,12.15,1,3,0
241,25,1382.78,611.86,246.83,40.87,1,0,0
241,49,558.20,666.34,147.83,28.57,1,0,0
241,29,1048.40,636.41,187.94,33.60,1,0,0
241,41,1130.17,640.79,55.98,25.82,1,5,0
241,52,0.74,694.47,31.26,34.23,1,5,0
241,54,277.20,699.67,7.01,12.85,1,3,0
242,25,1383.01,615.76,248.64,41.55,1,0,0
242,49,559.21,669.42,146.06,29.09,1,0,0
242,29,1047.45,640.70,188.22,33.07,1,0,0
242,41,1130.77,645.02,53.68,25.72,1,5,0
242,52,0.42,698.39,23.81,31.61,1,5,0
242,54,273.88,701.14,7.28,13.27,1,3,0
243,25,1386.41,611.76,246.96,39.55,1,0,0
243,49,552.24,663.85,152.64,28.41,1,0,0
243,29,1047.81,635.15,187.33,33.48,1,0,0
243,41,1130.36,639.07,56.74,26.30,1,5,0
243,52,0.54,698.54,20.38,25.08,1,5,0
243,54,273.26,695.50,6.39,14.29,1,3,0
244,25,1384.81,605.12,248.96,39.85,1,0,0
244,49,547.28,661.26,155.02,28.37,1,0,0
244,29,1046.44,629.89,186.84,33.34,1,0,0
244,41,1128.69,633.66,55.68,26.51,1,5,0
244,52,0.47,698.68,14.56,25.06,1,5,0
244,54,270.22,694.51,6.52,13.93,1,3,0
245,25,1217.34,598.94,240.05,39.39,1,0,0
245,49,377.59,660.94,155.52,29.86,1,0,0
245,29,886.34,625.14,185.91,34.36,1,0,0
245,41,965.10,630.12,56.29,24.99,1,5,0
245,52,80.00,698.76,7.56,14.34,1,3,0
248,51,44.52,592.66,10.09,15.90,1,3,0
250,53,1659.45,596.91,10.73,16.74,1,3,0
250,25,1094.84,613.78,236.67,38.18,1,0,0
250,49,213.39,681.45,168.93,29.77,1,0,0
250,29,759.26,641.13,189.88,33.59,1,0,0
250,41,833.35,647.59,49.56,23.44,1,5,0
251,25,1019.26,615.25,186.32,34.38,1,0,0
251,54,216.01,689.23,6.36,12.08,1,3,0
252,25,1054.63,605.27,193.55,34.88,1,0,0
252,57,1401.09,578.05,257.07,41.94,1,0,0
252,58,548.40,641.03,154.33,30.27,1,0,0
252,59,1131.28,609.30,57.55,27.47,1,5,0
253,25,1057.69,623.10,192.68,34.04,1,0,0
253,57,1405.02,595.97,258.28,41.70,1,0,0
253,58,550.17,658.36,154.40,29.88,1,0,0
253,59,1135.31,626.66,56.93,27.45,1,5,0
254,25,1050.33,612.64,192.11,34.15,1,0,0
254,57,1399.09,584.49,258.59,42.14,1,0,0
254,58,538.49,648.72,157.93,29.69,1,0,0
254,59,1127.45,616.36,56.65,27.31,1,5,0
255,25,1044.02,604.85,193.33,34.02,1,0,0
255,57,1393.67,577.58,259.10,41.75,1,0,0
255,58,529.67,639.77,159.98,29.42,1,0,0
255,59,1121.20,608.31,57.50,27.68,1,5,0
255,54,239.27,678.53,7.33,11.60,1,3,0
256,25,1040.27,600.72,196.53,34.72,1,0,0
256,57,1391.45,573.77,259.98,41.45,1,0,0
256,58,523.59,636.16,162.46,29.68,1,0,0
256,59,1117.93,603.97,58.27,28.06,1,5,0
257,25,1042.94,615.88,195.33,35.70,1,0,0
257,57,1395.59,585.83,260.50,43.03,1,0,0
257,58,528.39,655.60,158.16,31.47,1,0,0
257,59,1119.77,620.78,58.89,27.52,1,5,0
257,54,233.65,697.06,6.56,13.23,1,3,0
258,25,1046.31,639.20,198.52,36.77,1,0,0
258,57,1401.02,607.95,261.12,43.79,1,0,0
258,58,528.18,681.46,162.29,31.08,1,0,0
258,59,1123.95,644.31,58.15,27.94,1,5,0
259,25,1046.87,604.86,198.52,35.81,1,0,0
259,57,1400.19,577.41,262.22,42.90,1,0,0
259,58,526.32,641.91,162.18,30.24,1,0,0
259,59,1121.67,608.45,57.70,28.75,1,5,0
259,54,232.57,680.75,6.71,12.76,1,3,0
260,25,1046.96,588.19,197.67,35.74,1,0,0
260,57,1401.31,559.34,264.16,43.01,1,0,0
260,58,529.39,625.54,156.53,29.55,1,0,0
260,59,1121.44,591.50,58.63,28.57,1,5,0
260,54,230.97,664.63,7.28,12.98,1,3,0
261,25,1050.08,620.04,200.00,36.55,1,0,0
261,57,1405.03,590.29,266.38,43.77,1,0,0
261,58,518.75,659.93,171.13,31.53,1,0,0
261,59,1125.03,624.88,57.32,27.96,1,5,0
261,52,231.29,701.06,6.88,12.52,1,3,0
262,25,1053.41,630.97,199.77,36.88,1,0,0
262,57,1409.70,601.31,266.77,43.56,1,0,0
262,58,524.37,670.07,166.39,31.31,1,0,0
262,59,1128.09,635.27,58.47,28.64,1,5,0
262,52,231.73,708.66,7.51,14.65,1,3,0
263,51,0.38,615.82,36.37,31.44,1,0,0
265,62,1384.38,412.63,127.80,25.18,1,1,0
265,54,123.62,576.07,10.95,19.68,1,3,0
266,62,1366.66,420.52,130.81,25.97,1,1,0
266,54,101.19,554.95,10.70,19.59,1,3,0
267,62,1377.06,415.04,132.89,24.97,1,1,0
267,54,113.31,555.08,12.24,19.20,1,3,0
268,62,1398.60,425.26,127.30,24.78,1,1,0
268,54,134.58,565.16,10.81,19.39,1,3,0
269,62,1407.91,422.24,131.70,25.18,1,1,0
269,54,150.65,577.30,10.86,18.21,1,3,0
270,62,1421.59,418.54,129.88,24.58,1,1,0
271,62,1437.81,410.17,125.48,25.10,1,1,0
271,54,173.19,559.68,11.12,18.12,1,3,0
273,64,856.14,632.48,49.55,26.27,1,5,0
273,29,215.21,671.01,175.04,33.03,1,0,0
273,25,783.66,626.82,198.14,37.42,1,0,0
274,57,1368.90,599.91,278.75,45.33,1,0,0
274,58,463.43,675.94,159.83,31.96,1,0,0
274,59,1067.34,640.90,61.94,26.09,1,5,0
275,66,1044.65,627.31,206.77,38.02,1,0,0
275,57,1417.18,592.37,281.74,47.22,1,0,0
275,58,508.16,671.72,162.81,30.74,1,0,0
275,59,1114.16,632.57,60.21,29.26,1,5,0
275,52,184.78,712.05,9.20,16.86,1,3,0
276,66,1039.06,604.98,205.68,38.08,1,0,0
276,57,1413.98,570.86,279.11,45.28,1,0,0
276,58,501.53,649.54,162.67,30.54,1,0,0
276,59,1108.63,610.19,61.25,29.29,1,5,0
276,52,177.56,693.93,8.18,13.91,1,3,0
277,66,1036.62,614.45,204.45,37.99,1,0,0
277,57,1411.94,579.85,280.13,45.92,1,0,0
277,58,494.99,659.51,166.86,31.89,1,0,0
277,59,1106.56,619.42,60.84,29.49,1,5,0
277,52,172.71,702.75,7.54,14.46,1,3,0
278,66,1035.64,632.64,208.07,39.05,1,0,0
278,57,1415.16,598.36,281.40,46.23,1,0,0
278,58,497.72,678.52,163.34,31.39,1,0,0
278,59,1106.09,638.88,61.99,28.70,1,5,0
278,52,169.17,722.20,8.05,14.90,1,3,0
279,66,1040.72,624.78,207.86,37.66,1,0,0
279,57,1421.69,589.53,283.24,46.61,1,0,0
279,58,500.07,668.49,164.33,31.62,1,0,0
279,59,1112.27,629.56,60.98,29.26,1,5,0
279,52,172.92,711.16,7.86,15.41,1,3,0
280,66,1041.29,635.64,212.91,39.21,1,0,0
280,57,1423.86,600.22,283.90,47.41,1,0,0
280,58,495.43,681.87,170.71,32.69,1,0,0
280,59,1113.03,641.85,63.06,29.37,1,5,0
280,52,171.74,726.38,8.51,15.55,1,3,0
281,66,1035.58,642.60,210.51,39.64,1,0,0
281,57,1416.58,606.65,284.98,48.43,1,0,0
281,58,489.06,689.05,168.08,32.73,1,0,0
281,59,1104.36,649.10,64.84,29.09,1,5,0
281,52,159.50,733.88,8.54,15.86,1,3,0
282,66,1016.43,636.23,212.08,38.77,1,0,0
282,57,1397.29,602.76,285.23,47.24,1,0,0
282,58,466.19,679.86,169.44,31.05,1,0,0
282,59,1085.26,641.65,63.69,30.01,1,5,0
282,52,134.40,721.94,8.45,15.37,1,3,0
283,66,1004.40,633.11,211.17,38.47,1,0,0
283,57,1387.01,601.53,285.30,46.17,1,0,0
283,58,453.82,675.29,168.67,32.02,1,0,0
283,59,1072.51,638.92,63.92,29.47,1,5,0
284,66,1005.51,650.65,211.63,38.69,1,0,0
284,57,1390.02,617.11,286.61,47.24,1,0,0
284,58,458.06,693.33,164.14,31.69,1,0,0
284,59,1074.48,656.19,61.29,29.97,1,5,0
284,52,113.40,734.97,8.12,15.56,1,3,0
286,62,1723.26,416.20,120.17,25.54,1,1,0
287,68,389.01,545.65,10.63,21.05,1,3,0
287,62,1634.02,410.79,128.61,25.68,1,1,0
288,68,383.52,561.86,10.62,20.88,1,3,0
288,62,1625.00,402.04,128.71,26.27,1,1,0
289,68,398.74,549.24,10.12,20.92,1,3,0
289,62,1637.61,400.75,131.67,26.76,1,1,0
290,68,399.60,551.67,10.11,20.64,1,3,0
290,62,1644.16,407.80,126.47,26.03,1,1,0
291,68,404.32,548.78,10.45,20.73,1,3,0
291,62,1647.72,406.04,125.20,26.02,1,1,0
292,62,1670.91,395.74,123.65,25.97,1,1,0
293,62,1690.33,397.71,123.03,25.55,1,1,0
293,68,443.19,537.70,10.95,21.29,1,3,0
294,62,1704.11,392.60,119.79,24.49,1,1,0
294,68,455.88,529.60,11.27,23.01,1,3,0
295,62,1712.45,386.82,119.27,24.49,1,1,0
295,68,468.19,531.98,10.53,21.04,1,3,0
296,62,1722.04,383.65,114.98,23.61,1,1,0
296,68,480.78,535.62,10.79,21.40,1,3,0
297,62,1732.14,384.52,119.13,23.84,1,1,0
297,68,488.32,531.30,12.03,24.59,1,3,0
298,62,1739.04,387.52,120.12,24.43,1,1,0
298,68,496.47,519.76,11.44,21.39,1,3,0
299,62,1744.30,375.05,117.41,24.36,1,1,0
299,68,501.51,513.00,10.97,22.03,1,3,0
300,62,1753.54,363.46,115.67,27.62,1,1,0
300,68,507.84,529.20,10.56,20.01,1,3,0
301,62,1761.17,370.13,110.60,28.74,1,1,0
301,68,515.25,524.69,10.12,19.17,1,3,0
302,62,1767.58,375.43,108.49,23.84,1,1,0
302,68,522.60,507.35,10.52,16.75,1,3,0
303,62,1772.18,367.10,108.65,25.30,1,1,0
303,68,532.49,519.37,10.63,18.18,1,3,0
304,62,1782.20,365.77,103.17,25.03,1,1,0
304,68,541.28,533.33,10.56,20.23,1,3,0
305,62,1787.29,379.30,111.47,22.06,1,1,0
305,68,549.79,516.56,10.95,21.40,1,3,0
306,62,1795.10,392.29,113.02,19.12,1,1,0
306,68,559.36,509.71,11.19,20.31,1,3,0
307,62,1799.88,394.84,115.43,20.13,1,1,0
307,68,566.64,527.51,11.85,19.38,1,3,0
308,51,50.70,682.33,79.94,35.40,1,5,0
308,25,0.81,669.63,249.24,52.18,1,0,0
309,64,841.86,668.06,61.49,30.35,1,5,0
309,66,777.44,657.74,243.81,45.17,1,0,0
309,57,1194.68,620.35,303.96,49.62,1,0,0
309,58,254.42,710.43,97.76,32.28,1,0,0
310,66,959.37,629.50,229.93,40.05,1,0,0
310,57,1378.96,597.20,314.61,47.91,1,0,0
310,59,1015.64,635.88,69.06,31.48,1,5,0
311,66,995.29,622.53,231.50,39.44,1,0,0
311,57,1418.15,590.47,319.29,47.82,1,0,0
311,71,404.16,661.59,178.48,29.31,1,0,0
311,59,1051.62,628.39,69.44,31.73,1,5,0
312,66,991.47,638.59,231.49,39.31,1,0,0
312,57,1416.01,607.06,318.87,48.00,1,0,0
312,71,406.37,678.03,171.27,32.14,1,0,0
312,59,1047.59,644.50,69.59,31.96,1,5,0
312,52,1.03,719.50,7.99,16.18,1,3,0
313,66,988.10,676.60,234.62,39.67,1,0,0
313,57,1416.47,647.90,321.78,46.87,1,0,0
313,71,453.08,712.09,120.51,30.20,1,0,0
313,59,1043.54,682.38,72.36,32.37,1,5,0
314,66,990.25,656.99,236.86,39.22,1,0,0
314,57,1420.62,634.83,324.38,45.30,1,0,0
314,71,399.54,685.02,175.37,30.47,1,0,0
314,59,1045.55,662.31,71.29,32.51,1,5,0
315,66,994.89,635.15,234.70,39.48,1,0,0
315,57,1424.90,619.58,325.20,41.56,1,0,0
315,71,398.93,659.02,179.36,30.58,1,0,0
315,59,1048.78,640.79,72.10,32.35,1,5,0
316,66,1000.07,644.39,236.09,39.29,1,0,0
316,57,1432.69,623.64,326.39,43.48,1,0,0
316,71,432.16,673.94,151.66,29.92,1,0,0
316,59,1053.60,649.01,72.16,32.92,1,5,0
317,66,1008.42,670.28,235.63,40.25,1,0,0
317,57,1443.71,647.73,327.64,45.22,1,0,0
317,71,452.13,701.37,138.38,29.71,1,0,0
317,59,1061.90,675.64,71.45,32.82,1,5,0
317,52,0.83,731.69,8.48,19.41,1,3,0
318,66,1012.18,661.89,238.67,39.42,1,0,0
318,57,1449.50,642.05,330.98,43.39,1,0,0
318,71,423.57,689.06,170.43,31.93,1,0,0
318,59,1066.71,666.80,70.12,33.34,1,5,0
318,52,1.13,721.90,9.61,17.26,1,3,0
319,66,1015.95,617.93,238.06,39.46,1,0,0
319,57,1453.64,597.65,332.08,44.14,1,0,0
319,71,419.89,646.64,177.08,30.04,1,0,0
319,59,1068.24,622.31,73.03,34.00,1,5,0
319,52,3.35,677.37,10.68,18.38,1,3,0
320,66,1021.15,630.93,240.37,40.60,1,0,0
320,57,1461.41,607.19,335.22,44.76,1,0,0
320,71,427.44,664.29,173.73,30.94,1,0,0
320,59,1074.31,635.70,73.76,33.80,1,5,0
320,52,6.73,698.15,9.40,19.71,1,3,0
321,66,1027.15,651.27,237.17,40.42,1,0,0
321,57,1466.64,620.68,335.03,48.13,1,0,0
321,71,439.13,688.63,164.77,32.91,1,0,0
321,59,1077.77,657.03,71.68,32.75,1,5,0
322,66,1032.76,655.97,238.24,40.07,1,0,0
322,57,1474.26,625.92,337.69,47.82,1,0,0
322,71,433.51,693.72,175.25,32.69,1,0,0
322,59,1083.23,661.17,70.46,33.35,1,5,0
322,52,8.91,730.09,10.07,20.50,1,3,0
323,66,1029.65,621.15,242.71,39.57,1,0,0
323,57,1475.80,592.08,339.32,47.09,1,0,0
323,71,426.46,658.19,181.46,31.42,1,0,0
323,59,1082.74,625.83,71.39,33.72,1,5,0
323,52,8.26,696.03,9.91,19.14,1,3,0
324,66,1033.09,604.55,242.33,40.47,1,0,0
324,57,1479.51,571.87,339.29,49.62,1,0,0
324,71,429.72,644.22,179.55,32.89,1,0,0
324,59,1082.15,610.58,74.45,32.72,1,5,0
324,52,7.58,686.14,9.59,19.24,1,3,0
325,66,1035.43,630.23,245.07,42.16,1,0,0
325,57,1484.66,591.47,341.59,52.81,1,0,0
325,71,439.78,677.66,171.72,33.18,1,0,0
325,59,1086.91,636.64,73.71,33.73,1,5,0
325,52,6.15,722.49,10.11,20.68,1,3,0
326,66,1036.06,630.36,245.13,41.94,1,0,0
326,57,1486.97,593.14,344.49,52.35,1,0,0
326,71,433.94,675.30,177.27,33.02,1,0,0
326,59,1087.64,636.04,73.51,34.30,1,5,0
326,52,3.00,718.05,10.87,20.00,1,3,0
327,66,1034.99,617.87,246.97,41.99,1,0,0
327,57,1488.75,581.68,344.45,52.22,1,0,0
327,71,437.04,662.69,173.19,32.45,1,0,0
327,59,1087.14,624.17,74.45,34.21,1,5,0
327,52,1.17,706.10,10.04,19.68,1,3,0
328,66,1035.10,616.47,246.30,41.87,1,0,0
328,57,1489.08,579.76,345.86,52.39,1,0,0
328,71,434.61,662.30,173.40,32.26,1,0,0
328,59,1086.32,623.61,72.87,33.67,1,5,0
329,66,1035.00,623.54,245.03,41.13,1,0,0
329,57,1490.09,586.19,346.65,51.87,1,0,0
329,71,429.65,666.62,176.32,33.34,1,0,0
329,59,1086.25,629.50,72.88,33.92,1,5,0
330,66,1036.32,630.88,247.51,41.49,1,0,0
330,57,1494.37,594.36,349.11,51.83,1,0,0
330,71,430.33,674.93,176.59,32.49,1,0,0
330,59,1087.18,636.81,73.56,33.91,1,5,0
331,66,1042.48,639.05,247.30,42.34,1,0,0
331,57,1499.36,600.39,350.87,53.56,1,0,0
331,71,432.41,686.15,175.64,32.64,1,0,0
331,59,1087.29,646.01,73.42,34.35,1,5,0
332,66,1039.81,612.45,248.43,43.13,1,0,0
332,57,1497.73,573.54,353.64,54.39,1,0,0
332,71,425.77,661.76,179.00,31.28,1,0,0
332,59,1085.60,620.17,74.23,34.33,1,5,0
333,66,1043.23,611.67,249.03,43.64,1,0,0
333,57,1501.88,569.56,356.27,56.56,1,0,0
333,71,434.23,663.55,173.45,33.25,1,0,0
333,59,1088.39,619.67,75.63,34.70,1,5,0
334,66,1042.54,623.51,250.39,42.97,1,0,0
334,57,1504.32,581.78,357.81,55.72,1,0,0
334,71,432.26,672.50,172.35,33.63,1,0,0
334,59,1087.67,630.47,74.88,35.00,1,5,0
335,66,1042.53,619.17,251.16,42.38,1,0,0
335,57,1506.79,580.10,358.39,53.71,1,0,0
335,71,427.42,664.88,177.61,32.74,1,0,0
335,59,1086.60,625.97,73.32,34.31,1,5,0
336,66,1044.09,613.78,252.39,42.86,1,0,0
336,57,1510.15,575.51,360.48,54.13,1,0,0
336,71,430.42,659.61,174.10,33.05,1,0,0
336,59,1088.29,621.04,73.93,34.74,1,5,0
337,66,1048.81,630.09,251.80,43.24,1,0,0
337,57,1517.82,589.62,363.10,55.48,1,0,0
337,71,431.95,676.62,176.57,33.74,1,0,0
337,59,1092.12,636.82,75.16,35.14,1,5,0
338,66,1050.52,632.16,254.92,43.63,1,0,0
338,57,1519.97,593.72,364.86,54.47,1,0,0
338,71,433.53,679.11,175.39,34.61,1,0,0
338,59,1094.17,640.20,76.78,34.81,1,5,0
339,66,1050.96,620.08,255.53,43.63,1,0,0
339,57,1521.90,581.06,366.23,55.54,1,0,0
339,71,426.35,666.07,182.16,33.41,1,0,0
339,59,1093.55,628.33,77.29,34.38,1,5,0
340,66,1049.12,600.00,255.71,44.12,1,0,0
340,57,1522.75,559.37,367.03,55.29,1,0,0
340,71,426.17,649.92,179.45,32.43,1,0,0
340,59,1091.19,607.51,78.44,35.79,1,5,0
341,66,1052.19,621.16,257.37,45.27,1,0,0
341,57,1527.99,577.61,370.21,58.08,1,0,0
341,71,435.38,672.22,172.19,34.05,1,0,0
341,59,1095.05,629.92,78.01,35.36,1,5,0
342,66,1053.88,635.92,258.79,46.51,1,0,0
342,57,1534.77,592.24,369.69,58.14,1,0,0
342,71,432.83,689.71,177.11,35.88,1,0,0
342,59,1095.80,646.46,78.01,34.66,1,5,0
343,66,1052.70,605.70,261.48,45.07,1,0,0
343,57,1536.01,563.08,374.88,57.77,1,0,0
343,71,425.61,655.67,183.21,34.66,1,0,0
343,59,1095.55,615.00,77.21,34.73,1,5,0
344,66,1054.09,598.59,260.62,45.54,1,0,0
344,57,1537.13,557.10,376.04,57.15,1,0,0
344,71,426.19,649.04,182.06,34.30,1,0,0
344,59,1095.18,607.69,77.69,35.12,1,5,0
345,66,1058.29,614.28,261.32,45.88,1,0,0
345,57,1540.96,571.64,378.60,57.82,1,0,0
345,71,436.25,667.42,172.51,35.18,1,0,0
345,59,1097.80,624.37,78.04,35.12,1,5,0
346,66,1060.13,633.99,263.56,46.83,1,0,0
346,57,1548.50,587.28,371.27,61.12,1,0,0
346,71,433.55,688.81,178.25,34.80,1,0,0
346,59,1101.59,645.19,78.89,34.91,1,5,0
347,66,1059.90,609.71,264.74,46.20,1,0,0
347,57,1549.90,567.28,369.63,58.42,1,0,0
347,71,430.93,661.36,179.21,34.46,1,0,0
347,59,1101.19,620.08,78.89,35.14,1,5,0
348,57,1583.02,615.16,301.28,46.69,1,0,0
348,59,958.27,655.56,163.20,31.60,1,0,0
349,57,1742.75,618.67,176.51,47.23,1,0,0
349,59,1097.71,654.12,162.30,34.15,1,0,0
349,72,1786.51,625.75,95.89,38.76,1,5,0
349,51,179.88,703.97,26.68,12.22,1,0,0
350,57,1774.29,608.90,144.76,48.02,1,0,0
350,59,1120.68,644.63,128.81,34.39,1,0,0
350,72,1815.32,616.68,99.27,39.34,1,5,0
350,51,206.79,692.87,27.10,12.40,1,0,0
351,57,1766.51,601.61,152.86,48.07,1,0,0
351,59,1117.58,634.49,126.33,33.52,1,0,0
351,72,1810.99,610.30,95.35,38.17,1,5,0
351,51,195.35,677.86,28.81,13.08,1,0,0
352,57,1778.84,635.84,141.10,43.48,1,0,0
352,59,1127.61,666.00,125.41,31.73,1,0,0
352,72,1823.82,640.43,94.92,38.18,1,5,0
352,51,202.08,705.95,29.76,12.45,1,0,0
352,74,687.13,691.85,9.88,21.19,1,3,0
353,57,1781.00,643.38,139.00,44.28,1,0,0
353,59,1129.38,675.18,125.98,34.78,1,0,0
353,72,1828.08,648.86,91.34,37.26,1,5,0
353,51,201.26,723.75,30.53,14.17,1,0,0
353,74,685.32,706.77,9.90,21.37,1,3,0
354,57,1781.16,626.40,138.84,45.97,1,0,0
354,59,1126.77,661.09,127.07,33.18,1,0,0
354,72,1823.42,634.30,95.91,37.13,1,5,0
354,51,198.14,709.99,30.79,13.21,1,0,0
354,74,681.68,692.40,9.86,21.57,1,3,0
355,57,1776.93,613.80,143.02,48.09,1,0,0
355,59,1120.72,652.26,128.56,34.38,1,0,0
355,72,1819.93,622.88,98.02,37.47,1,5,0
355,51,192.73,703.41,29.52,12.98,1,0,0
355,74,675.01,685.82,9.95,21.33,1,3,0
356,57,1774.87,615.10,144.87,49.46,1,0,0
356,59,1117.49,652.81,128.34,34.10,1,0,0
356,72,1818.74,625.42,96.80,37.64,1,5,0
356,51,186.60,701.20,29.88,13.50,1,0,0
356,74,668.08,682.86,10.78,23.71,1,3,0
357,57,1775.02,615.80,144.89,48.88,1,0,0
357,59,1114.17,652.96,130.59,33.66,1,0,0
357,72,1819.24,625.21,96.97,38.22,1,5,0
357,51,183.26,699.93,28.70,13.89,1,0,0
357,74,664.05,683.82,10.08,21.92,1,3,0
357,76,385.14,699.41,6.12,10.19,1,3,0
358,57,1776.11,630.13,143.89,48.14,1,0,0
358,59,1118.98,664.87,125.20,33.26,1,0,0
358,72,1819.45,638.93,97.39,38.66,1,5,0
358,51,179.25,708.03,30.39,14.17,1,0,0
358,74,659.27,694.79,9.84,21.16,1,3,0
358,76,382.79,709.26,5.69,10.04,1,3,0
359,57,1780.73,633.09,139.27,48.69,1,0,0
359,59,1117.74,669.09,126.64,33.81,1,0,0
359,72,1822.66,643.19,91.90,37.73,1,5,0
359,51,175.43,714.97,31.66,14.59,1,0,0
359,74,656.52,700.44,10.75,22.34,1,3,0
359,76,567.61,712.22,4.99,9.02,1,3,0
360,57,1711.00,580.40,208.23,56.31,1,0,0
360,59,1215.34,630.54,86.82,35.90,1,5,0
360,52,38.22,721.99,11.45,18.84,1,3,0
360,66,1191.99,621.57,272.64,45.98,1,0,0
360,71,555.12,670.54,130.94,33.35,1,0,0
361,66,1084.87,561.44,356.92,61.74,1,0,0
361,71,617.61,628.51,77.73,36.17,1,5,0
362,66,985.39,558.07,350.00,61.42,1,0,0
362,71,505.79,626.53,83.71,35.75,1,5,0
362,78,476.20,611.31,283.10,51.66,1,0,0
363,66,957.12,560.11,351.66,64.12,1,0,0
363,71,471.29,632.79,91.01,37.17,1,5,0
363,78,440.81,615.96,285.52,55.89,1,0,0
364,66,959.91,569.48,353.89,65.62,1,0,0
364,71,473.80,645.97,89.61,36.65,1,5,0
364,78,443.43,627.66,286.45,56.84,1,0,0
365,66,966.33,564.32,353.59,64.04,1,0,0
365,71,476.81,636.55,91.70,37.21,1,5,0
365,78,445.24,619.67,289.60,56.13,1,0,0
366,66,964.32,545.79,354.73,63.61,1,0,0
366,71,473.13,615.70,90.28,37.64,1,5,0
366,78,443.14,599.68,288.70,54.73,1,0,0
367,66,966.93,541.66,356.50,63.33,1,0,0
367,71,474.86,611.68,91.07,37.84,1,5,0
367,78,441.78,596.20,292.51,55.20,1,0,0
368,66,977.50,562.81,358.21,65.60,1,0,0
368,71,483.03,636.68,91.63,39.30,1,5,0
368,78,447.80,620.48,297.41,56.62,1,0,0
369,66,984.83,566.30,358.87,63.37,1,0,0
369,71,487.46,635.97,91.21,38.06,1,5,0
369,78,453.10,620.01,296.29,55.22,1,0,0
370,66,989.86,556.32,358.69,63.75,1,0,0
370,71,487.85,627.91,92.47,37.21,1,5,0
370,78,459.92,610.41,290.30,55.45,1,0,0
371,66,995.04,560.85,360.33,63.72,1,0,0
371,71,490.61,632.03,91.60,38.48,1,5,0
371,78,460.65,616.59,295.19,56.04,1,0,0
372,66,1002.22,571.52,363.69,62.07,1,0,0
372,71,496.42,637.79,92.18,38.22,1,5,0
372,78,467.30,623.00,293.96,53.54,1,0,0
373,66,1006.80,566.18,363.38,58.90,1,0,0
373,71,499.99,624.62,89.59,37.36,1,5,0
373,78,468.59,610.97,294.83,52.25,1,0,0
374,66,1011.86,559.43,364.81,62.77,1,0,0
374,71,500.98,618.95,91.70,39.66,1,5,0
374,78,473.12,608.07,295.88,52.34,1,0,0
375,66,1023.39,591.86,366.94,60.45,1,0,0
375,71,511.45,651.72,90.22,38.78,1,5,0
375,78,481.93,638.87,296.66,52.67,1,0,0
376,66,1029.91,598.07,368.31,59.79,1,0,0
376,71,514.03,653.73,91.77,39.55,1,5,0
376,78,485.75,643.47,299.11,50.84,1,0,0
378,57,1646.10,596.63,273.90,58.83,1,0,0
378,66,1091.09,631.68,291.39,44.36,1,0,0
378,71,403.94,664.72,151.05,33.74,1,0,0
379,57,1711.30,622.08,207.52,59.84,1,0,0
379,66,1142.72,655.36,297.34,43.94,1,0,0
379,71,461.68,684.43,148.04,33.46,1,0,0
379,59,1162.91,662.22,90.98,37.43,1,5,0
380,57,1723.68,621.24,195.82,60.02,1,0,0
380,66,1153.27,653.97,298.82,43.38,1,0,0
380,71,462.05,678.86,158.30,33.61,1,0,0
380,59,1172.87,659.92,92.37,37.11,1,5,0
381,57,1729.51,624.77,189.81,57.57,1,0,0
381,66,1152.52,655.40,302.80,44.05,1,0,0
381,71,463.45,682.56,156.85,33.85,1,0,0
381,59,1177.39,662.78,89.56,36.42,1,5,0
381,51,221.31,716.13,4.74,7.24,1,3,0
382,57,1739.84,629.23,179.64,60.76,1,0,0
382,66,1163.60,662.56,298.51,45.37,1,0,0
382,71,465.57,693.36,157.86,34.13,1,0,0
382,59,1183.83,671.01,89.61,37.05,1,5,0
383,57,1746.18,615.79,173.25,59.06,1,0,0
383,66,1165.87,645.78,300.25,44.94,1,0,0
383,71,467.77,672.26,157.90,34.05,1,0,0
383,59,1186.34,653.89,89.90,37.35,1,5,0
384,57,1751.61,611.85,167.87,59.00,1,0,0
384,66,1169.29,642.47,301.66,44.73,1,0,0
384,71,465.57,668.99,162.20,34.12,1,0,0
384,59,1182.17,649.16,96.72,38.19,1,5,0
385,57,1743.71,625.91,175.76,58.84,1,0,0
385,66,1160.05,652.98,303.04,45.90,1,0,0
385,71,456.89,678.09,159.72,33.84,1,0,0
385,59,1174.00,660.22,95.70,38.60,1,5,0
386,57,1722.70,631.00,197.24,58.58,1,0,0
386,66,1139.46,657.71,300.96,45.66,1,0,0
386,71,428.51,682.07,163.48,33.98,1,0,0
386,59,1154.63,665.22,92.95,38.23,1,5,0
386,51,184.68,714.63,4.91,7.00,1,3,0
387,57,1724.78,614.37,194.98,57.02,1,0,0
387,66,1139.04,636.78,303.04,44.33,1,0,0
387,71,430.99,655.51,160.60,34.58,1,0,0
387,59,1151.45,642.85,96.94,38.53,1,5,0
388,57,1735.69,604.14,183.79,55.87,1,0,0
388,66,1142.94,626.37,307.53,43.52,1,0,0
388,71,433.03,644.98,161.67,34.18,1,0,0
388,59,1153.74,632.96,98.91,37.25,1,5,0
389,57,1748.90,620.97,170.64,56.53,1,0,0
389,66,1152.46,644.28,309.10,45.74,1,0,0
389,71,445.74,665.91,157.52,34.86,1,0,0
389,59,1169.27,652.59,93.81,37.85,1,5,0
390,57,1766.10,625.58,153.11,57.56,1,0,0
390,66,1164.13,650.97,312.85,45.76,1,0,0
390,71,457.52,673.23,156.35,35.43,1,0,0
390,59,1179.60,658.20,96.53,38.65,1,5,0
390,51,206.33,705.67,4.59,8.02,1,3,0
391,57,1778.13,609.34,141.55,57.61,1,0,0
391,66,1174.86,632.11,309.33,47.78,1,0,0
391,71,463.42,656.13,157.25,34.98,1,0,0
391,59,1182.53,639.81,102.74,40.47,1,5,0
392,57,1793.62,612.48,125.79,57.69,1,0,0
392,66,1187.76,637.57,310.59,47.11,1,0,0
392,71,471.54,664.23,160.38,34.21,1,0,0
392,59,1191.62,645.69,105.98,39.71,1,5,0
393,57,1813.42,623.56,105.96,56.90,1,0,0
393,66,1200.26,652.15,315.51,47.25,1,0,0
393,71,484.53,682.51,159.21,33.87,1,0,0
393,59,1208.08,659.25,102.85,41.08,1,5,0
394,57,1827.64,612.89,92.01,56.00,1,0,0
394,66,1211.37,636.72,315.09,47.59,1,0,0
394,71,493.25,664.17,159.99,34.14,1,0,0
394,59,1216.86,645.22,105.26,39.85,1,5,0
395,57,1842.09,609.14,77.71,55.32,1,0,0
395,66,1222.24,631.21,315.42,47.39,1,0,0
395,71,499.45,656.81,163.34,34.15,1,0,0
395,59,1228.36,639.59,102.58,39.72,1,5,0
396,57,1854.70,607.16,65.23,53.85,1,0,0
396,66,1233.25,631.34,315.20,47.62,1,0,0
396,71,506.86,659.76,162.80,34.94,1,0,0
396,59,1241.10,639.44,100.88,39.75,1,5,0
397,57,1872.52,622.22,47.35,56.28,1,0,0
397,66,1242.00,651.81,321.23,47.75,1,0,0
397,71,520.03,685.32,160.22,34.41,1,0,0
397,59,1250.42,659.40,103.73,40.90,1,5,0
398,57,1890.08,624.69,29.80,47.49,1,0,0
398,66,1256.45,641.18,322.78,47.97,1,0,0
398,71,530.77,670.16,158.85,33.78,1,0,0
398,59,1261.70,648.89,103.30,41.04,1,5,0
399,57,1902.38,606.68,17.62,41.65,1,0,0
399,66,1263.58,615.72,325.61,48.06,1,0,0
399,71,537.49,642.54,160.70,34.88,1,0,0
399,59,1271.38,622.85,103.33,41.55,1,5,0
400,66,1275.88,627.50,328.89,45.76,1,0,0
400,71,548.04,654.01,160.56,34.49,1,0,0
400,59,1283.28,634.06,104.47,40.30,1,5,0
401,66,1286.69,655.65,331.79,45.75,1,0,0
401,71,558.47,682.03,158.47,33.77,1,0,0
401,59,1296.27,662.71,102.40,40.56,1,5,0
402,66,1296.75,665.79,331.90,46.08,1,0,0
402,71,565.09,689.01,160.50,34.49,1,0,0
402,59,1307.15,670.64,101.22,41.71,1,5,0
403,66,1307.57,646.00,331.62,47.63,1,0,0
403,71,572.83,669.46,160.44,34.50,1,0,0
403,59,1315.54,654.74,103.57,39.57,1,5,0
404,66,1316.09,633.85,336.36,47.38,1,0,0
404,71,582.90,658.87,159.02,34.59,1,0,0
404,59,1323.87,639.62,105.63,42.27,1,5,0
405,66,1332.17,641.38,337.01,46.61,1,0,0
405,71,592.69,666.70,161.08,34.60,1,0,0
405,59,1339.64,646.51,104.57,43.00,1,5,0
406,66,1344.31,642.15,340.67,46.06,1,0,0
406,71,605.53,670.25,157.85,34.21,1,0,0
406,59,1350.14,647.28,108.41,42.10,1,5,0
407,66,1357.25,659.12,343.10,46.99,1,0,0
407,71,615.33,686.78,159.22,34.19,1,0,0
407,59,1363.24,665.14,108.80,42.25,1,5,0
408,66,1372.48,658.30,345.46,46.65,1,0,0
408,71,626.58,682.62,160.03,34.18,1,0,0
408,59,1377.70,664.22,109.08,41.92,1,5,0
409,66,1379.64,630.93,348.24,44.85,1,0,0
409,71,630.31,650.88,159.19,34.93,1,0,0
409,59,1382.76,634.38,109.51,43.44,1,5,0
410,66,1382.96,599.50,350.45,47.47,1,0,0
410,71,638.52,626.18,156.02,34.96,1,0,0
410,59,1388.52,605.21,108.93,43.19,1,5,0
411,66,1397.94,626.97,352.26,50.25,1,0,0
411,71,645.30,667.42,160.75,34.93,1,0,0
411,59,1406.09,635.64,105.34,42.38,1,5,0
412,66,1405.92,644.90,353.20,51.21,1,0,0
412,71,653.05,692.66,157.19,34.93,1,0,0
412,59,1413.73,655.69,106.39,42.47,1,5,0
413,66,1410.42,620.15,353.96,52.15,1,0,0
413,71,656.66,669.77,155.43,34.78,1,0,0
413,59,1416.41,630.76,109.04,43.23,1,5,0
414,66,1412.57,586.26,357.01,56.04,1,0,0
414,71,653.70,640.01,159.62,35.78,1,0,0
414,59,1419.39,597.74,108.33,44.01,1,5,0
415,66,1419.33,577.13,357.64,58.62,1,0,0
415,71,657.97,638.90,159.70,37.13,1,0,0
415,59,1424.22,590.44,111.37,44.65,1,5,0
416,66,1418.70,583.09,361.07,57.82,1,0,0
416,71,658.52,644.37,159.12,36.97,1,0,0
416,59,1424.19,597.59,111.63,43.44,1,5,0
417,66,1424.46,585.15,359.99,59.05,1,0,0
417,71,659.61,649.30,158.03,37.54,1,0,0
417,59,1428.04,599.09,109.25,44.61,1,5,0
418,66,1427.33,593.24,364.44,59.97,1,0,0
418,71,662.69,657.77,157.21,37.13,1,0,0
418,59,1431.43,608.59,111.33,43.54,1,5,0
419,66,1429.61,597.83,368.25,60.56,1,0,0
419,71,664.87,660.32,156.34,37.31,1,0,0
419,59,1436.35,613.36,111.19,43.36,1,5,0
420,66,1430.66,587.54,367.17,58.43,1,0,0
420,71,661.19,646.34,158.28,37.19,1,0,0
420,59,1434.02,599.65,115.60,45.78,1,5,0
421,66,1437.26,582.91,369.02,58.44,1,0,0
421,71,660.62,641.58,161.87,37.36,1,0,0
421,59,1441.40,595.53,114.85,45.79,1,5,0
422,66,1442.42,574.45,370.65,63.48,1,0,0
422,71,668.17,644.45,157.79,37.47,1,0,0
422,59,1445.56,590.57,114.74,45.49,1,5,0
423,66,1445.41,574.04,373.00,64.37,1,0,0
423,71,667.65,645.98,157.00,38.21,1,0,0
423,59,1450.73,590.59,111.37,46.18,1,5,0
423,51,418.82,695.51,4.26,7.91,1,3,0
424,66,1451.34,577.83,374.06,62.67,1,0,0
424,71,670.31,643.83,156.52,37.48,1,0,0
424,59,1455.57,592.41,114.00,46.60,1,5,0
425,66,1455.98,587.11,380.20,56.94,1,0,0
425,71,668.02,640.07,161.45,36.91,1,0,0
425,59,1462.29,598.35,112.77,45.62,1,5,0
425,51,421.99,682.66,4.63,7.40,1,3,0
426,66,1463.51,592.84,378.35,56.69,1,0,0
426,71,671.55,638.99,160.56,36.44,1,0,0
426,59,1468.07,603.14,113.40,45.13,1,5,0
426,51,424.80,679.10,4.47,7.26,1,3,0
427,66,1465.40,594.40,385.02,54.58,1,0,0
427,71,673.43,638.18,162.01,36.07,1,0,0
427,59,1470.32,600.54,117.84,47.76,1,5,0
428,51,413.53,655.16,17.90,31.74,1,3,0
429,51,338.46,644.70,29.91,16.50,1,0,0
429,59,1368.13,636.19,173.18,39.02,1,0,0
430,51,351.00,651.29,37.97,16.62,1,0,0
430,87,783.17,664.68,6.03,12.42,1,3,0
430,88,390.58,653.73,33.70,15.95,1,0,0
430,59,1423.18,644.05,174.26,39.86,1,0,0
430,71,712.68,648.26,16.14,34.89,1,3,0
431,51,363.44,665.08,38.23,17.63,1,0,0
431,88,400.85,667.77,34.36,16.57,1,0,0
431,59,1435.00,658.85,177.08,39.21,1,0,0
431,71,719.40,662.85,16.44,35.00,1,3,0
432,51,360.09,671.17,38.23,16.67,1,0,0
432,88,398.51,673.17,31.94,15.82,1,0,0
432,59,1435.06,658.23,177.09,39.11,1,0,0
432,71,712.72,666.55,16.18,34.98,1,3,0
433,51,357.17,648.21,39.63,17.24,1,0,0
433,88,394.86,650.57,33.09,15.85,1,0,0
433,59,1436.81,629.14,173.29,37.92,1,0,0
433,71,706.75,641.27,16.58,35.68,1,3,0
434,51,362.40,660.08,38.47,15.83,1,0,0
434,88,400.33,661.79,32.18,15.63,1,0,0
434,59,1441.83,640.96,174.85,39.44,1,0,0
434,71,707.45,652.12,17.56,36.86,1,3,0
434,87,792.53,669.26,5.93,11.52,1,3,0
435,51,364.90,699.01,47.05,18.07,1,0,0
435,88,406.64,701.58,30.01,16.30,1,0,0
435,59,1447.57,674.73,178.44,38.56,1,0,0
435,71,708.15,690.01,17.21,38.31,1,3,0
435,87,796.48,705.92,5.85,12.05,1,3,0
436,51,367.07,671.97,41.66,16.12,1,0,0
436,88,410.91,673.71,27.52,15.42,1,0,0
436,59,1452.80,657.83,176.45,38.74,1,0,0
436,71,706.38,664.82,16.77,38.01,1,3,0
437,51,372.76,668.91,37.69,16.39,1,0,0
437,88,411.82,671.14,29.92,15.66,1,0,0
437,59,1455.25,660.27,182.53,39.75,1,0,0
437,71,706.63,664.69,17.37,37.65,1,3,0
438,51,377.35,668.70,38.12,16.85,1,0,0
438,88,414.51,671.25,32.68,16.14,1,0,0
438,59,1464.52,661.73,180.23,39.87,1,0,0
438,71,706.90,663.29,17.45,39.49,1,3,0
438,87,807.89,682.72,5.91,11.21,1,3,0
439,51,382.60,663.82,36.88,16.63,1,0,0
439,88,419.48,665.75,30.99,16.24,1,0,0
439,59,1472.63,652.87,178.01,38.91,1,0,0
439,71,708.02,656.20,18.06,39.76,1,3,0
440,51,383.12,664.42,38.64,16.59,1,0,0
440,88,421.90,666.19,31.80,16.35,1,0,0
440,59,1479.60,652.97,176.31,39.38,1,0,0
440,71,708.07,657.12,18.42,39.31,1,3,0
441,51,388.84,673.17,36.32,16.63,1,0,0
441,88,424.37,675.06,33.81,16.04,1,0,0
441,59,1480.07,661.28,182.75,40.01,1,0,0
441,71,708.60,663.31,18.98,42.73,1,3,0
441,87,821.05,686.11,5.54,10.47,1,3,0
442,51,394.64,674.39,39.11,17.41,1,0,0
442,88,430.97,676.99,30.91,16.04,1,0,0
442,59,1482.60,660.68,186.77,39.64,1,0,0
442,71,709.50,665.85,18.90,41.03,1,3,0
443,51,394.66,668.84,38.71,17.18,1,0,0
443,88,433.83,670.97,30.51,16.20,1,0,0
443,59,1490.04,656.62,183.94,39.34,1,0,0
443,71,708.54,659.77,19.40,41.29,1,3,0
443,87,827.79,679.36,6.66,13.09,1,3,0
444,51,401.09,662.29,37.16,17.46,1,0,0
444,88,436.89,664.68,32.00,16.51,1,0,0
444,59,1496.92,652.54,184.57,40.03,1,0,0
444,71,709.70,655.07,19.01,40.33,1,3,0
444,87,832.23,675.62,5.84,11.18,1,3,0
445,51,407.33,663.54,37.01,17.18,1,0,0
445,88,442.96,666.08,31.04,16.24,1,0,0
445,59,1506.64,655.95,182.53,40.36,1,0,0
445,71,710.87,656.46,19.69,41.09,1,3,0
446,51,410.98,664.31,36.05,16.94,1,0,0
446,88,446.78,666.26,31.63,16.64,1,0,0
446,59,1512.08,656.39,184.85,40.18,1,0,0
446,71,712.04,657.43,20.32,41.03,1,3,0
446,87,842.98,678.54,5.52,10.39,1,3,0
447,51,420.92,664.71,35.49,17.62,1,0,0
447,88,453.60,667.41,31.31,16.77,1,0,0
447,59,1517.87,656.69,188.53,40.22,1,0,0
447,71,714.50,658.40,20.35,41.25,1,3,0
447,87,849.98,676.47,6.63,12.92,1,3,0
469,93,1427.78,649.35,40.25,19.02,1,0,0
469,96,1462.94,652.91,31.40,16.60,1,0,0
469,59,1619.01,632.41,30.94,62.71,1,3,0
471,96,1627.33,676.74,40.39,18.39,1,0,0
471,59,1665.06,680.58,29.36,16.56,1,0,0
486,59,1778.88,692.61,5.97,10.45,1,3,0
486,93,1291.67,670.85,41.80,19.12,1,0,0
487,87,1021.10,690.91,30.46,16.00,1,0,0
488,102,976.92,646.78,41.64,89.00,1,3,0
488,87,1004.75,688.44,37.96,17.98,1,0,0
489,102,945.07,622.01,41.61,92.40,1,3,0
489,87,989.13,667.18,39.72,17.50,1,0,0
490,102,923.57,624.82,42.54,95.72,1,3,0
490,87,984.76,673.38,39.17,17.32,1,0,0
490,104,1418.78,676.25,5.63,10.08,1,3,0
490,93,963.16,669.45,38.07,21.47,1,0,0
491,102,906.51,641.10,44.11,100.07,1,3,0
491,87,983.55,691.30,40.02,18.07,1,0,0
491,104,1421.03,699.75,4.78,8.59,1,3,0
491,93,963.02,688.02,38.82,21.61,1,0,0
492,102,885.18,652.79,46.84,105.25,1,3,0
492,87,981.78,706.82,42.27,17.26,1,0,0
492,104,1216.63,717.38,4.90,7.63,1,3,0
492,93,962.17,702.70,40.69,22.15,1,0,0
493,102,861.49,627.86,47.79,106.37,1,3,0
493,87,981.23,683.03,38.93,16.90,1,0,0
493,104,1215.00,692.32,5.35,8.28,1,3,0
493,93,958.22,678.33,42.85,22.16,1,0,0
493,71,854.06,685.08,23.99,14.37,1,0,0
494,102,833.60,614.50,48.85,109.77,1,3,0
494,87,978.90,670.67,36.38,17.92,1,0,0
494,93,953.03,665.23,43.56,23.90,1,0,0
494,105,1416.84,679.44,5.47,10.19,1,3,0
495,102,808.64,619.04,50.30,113.34,1,3,0
495,87,975.54,678.08,37.77,17.98,1,0,0
495,93,951.97,674.24,41.57,22.01,1,0,0
496,102,782.35,623.00,51.94,115.38,1,3,0
496,87,972.73,681.56,39.89,18.11,1,0,0
496,93,950.41,678.31,43.39,21.70,1,0,0
497,102,749.47,616.58,53.20,124.23,1,3,0
497,87,970.55,680.58,40.47,18.00,1,0,0
497,93,948.41,677.36,43.19,21.64,1,0,0
498,102,710.56,615.18,57.28,127.91,1,3,0
498,87,970.92,681.33,39.95,17.51,1,0,0
498,93,947.67,677.65,44.46,21.88,1,0,0
499,102,668.19,608.90,60.96,134.32,1,3,0
499,87,968.04,679.95,36.96,18.30,1,0,0
499,93,944.60,676.73,42.83,21.83,1,0,0
500,102,637.77,607.71,61.93,137.87,1,3,0
500,87,966.50,679.56,36.90,18.07,1,0,0
500,93,943.62,676.14,40.36,21.84,1,0,0
500,71,999.77,684.25,21.91,13.05,1,0,0
501,102,594.85,604.81,65.86,142.67,1,3,0
501,87,964.24,680.11,37.30,18.17,1,0,0
501,93,940.62,676.39,40.59,22.06,1,0,0
501,105,1408.44,685.25,6.19,11.75,1,3,0
502,102,548.47,592.84,69.50,153.57,1,3,0
502,87,960.77,678.37,38.85,18.03,1,0,0
502,93,937.74,673.10,42.06,23.45,1,0,0
502,105,1407.02,685.49,5.75,11.69,1,3,0
502,71,998.22,685.38,20.37,11.48,1,0,0
503,102,676.47,596.99,70.35,152.83,1,3,0
503,87,1136.59,682.16,38.31,17.74,1,0,0
503,105,1598.11,694.24,5.89,8.94,1,3,0
503,71,1118.54,678.76,36.98,21.36,1,0,0
510,110,1702.96,689.63,24.59,12.20,1,0,0
510,102,718.60,552.68,90.88,206.60,1,3,0
510,105,1631.82,679.32,42.37,21.82,1,0,0
511,110,1674.75,678.30,23.92,12.07,1,0,0
511,102,586.82,528.76,96.01,212.89,1,3,0
511,105,1623.96,670.49,38.83,18.58,1,0,0
512,110,1670.03,677.20,24.37,12.58,1,0,0
512,102,477.03,498.15,101.88,233.63,1,3,0
512,105,1595.25,665.95,45.68,22.74,1,0,0
513,110,1674.16,722.05,24.43,12.68,1,0,0
513,102,345.38,494.02,109.14,261.40,1,3,0
513,105,1599.04,710.39,42.33,21.59,1,0,0
514,110,1671.70,733.40,24.50,12.12,1,0,0
514,102,204.05,534.64,120.34,251.67,1,3,0
514,105,1591.58,721.91,47.40,22.17,1,0,0
515,110,1661.39,687.16,24.08,12.42,1,0,0
515,102,23.41,484.31,129.80,264.57,1,3,0
515,105,1582.02,675.48,44.87,22.77,1,0,0
516,110,1656.66,680.02,24.11,12.59,1,0,0
516,105,1598.57,672.57,40.52,18.02,1,0,0
516,104,0.00,633.02,12.72,55.72,1,3,0
516,71,1576.30,668.39,42.62,21.70,1,0,0
517,110,1653.85,718.00,24.34,11.97,1,0,0
517,105,1596.42,708.01,39.05,19.82,1,0,0
517,71,1571.85,705.70,43.52,21.31,1,0,0
518,110,1650.45,717.73,24.77,12.31,1,0,0
518,105,1591.52,707.94,38.77,20.11,1,0,0
518,71,1565.85,705.92,45.87,22.22,1,0,0
519,110,1646.01,693.75,25.00,12.79,1,0,0
519,105,1587.29,685.91,37.29,18.42,1,0,0
519,71,1561.81,682.06,44.08,22.60,1,0,0
520,110,1639.01,679.33,24.71,12.65,1,0,0
520,105,1578.71,670.92,38.16,18.70,1,0,0
520,71,1553.20,667.81,44.25,21.67,1,0,0
521,105,1445.46,684.50,24.64,12.09,1,0,0
521,87,1384.64,675.89,37.51,17.85,1,0,0
524,119,691.66,563.14,194.53,44.83,1,0,0
525,119,671.46,595.49,196.68,45.00,1,0,0
525,120,1861.04,532.79,58.53,40.94,1,0,0
526,119,662.07,652.43,198.29,44.71,1,0,0
526,120,1859.94,578.01,59.76,39.01,1,0,0
527,119,668.58,649.62,197.94,45.63,1,0,0
527,120,1872.23,546.12,47.27,64.37,1,0,0
527,121,0.21,708.24,22.97,36.98,1,0,0
528,119,676.42,629.21,197.85,44.37,1,0,0
528,120,1888.36,566.48,31.26,35.03,1,0,0
529,119,688.44,616.75,198.70,44.08,1,0,0
529,120,1906.43,566.73,13.29,32.56,1,0,0
530,119,699.82,637.60,200.46,43.65,1,0,0
531,119,709.90,655.52,200.67,42.79,1,0,0
533,51,580.44,563.33,134.97,65.05,1,5,0
535,126,1109.35,477.27,444.33,79.50,1,0,0
535,127,166.81,550.24,541.72,87.62,1,0,0
535,128,330.23,561.58,173.29,68.48,1,5,0
536,126,1124.39,462.47,442.56,84.47,1,0,0
536,127,182.24,551.59,539.19,93.67,1,0,0
536,128,351.80,562.82,170.90,70.71,1,5,0
537,126,1147.94,447.75,441.28,88.96,1,0,0
537,127,211.40,542.53,534.28,99.30,1,0,0
537,128,376.39,559.66,175.01,70.89,1,5,0
538,126,1182.83,457.03,447.05,82.87,1,0,0
538,127,248.35,535.26,534.24,93.24,1,0,0
538,128,416.33,548.86,172.74,69.51,1,5,0
539,126,1208.55,463.92,445.91,79.42,1,0,0
539,127,273.73,538.54,534.17,91.22,1,0,0
539,128,447.62,551.15,168.39,67.75,1,5,0
540,126,1228.83,462.39,446.33,78.51,1,0,0
540,127,294.35,537.39,531.78,91.64,1,0,0
540,128,468.72,549.74,169.73,66.05,1,5,0
541,126,1250.73,449.68,447.97,87.62,1,0,0
541,127,320.26,537.77,527.47,96.48,1,0,0
541,128,496.64,553.09,166.62,68.65,1,5,0
542,126,1269.91,449.78,449.05,88.94,1,0,0
542,127,340.14,540.95,526.26,96.95,1,0,0
542,128,517.58,557.28,167.06,68.44,1,5,0
543,126,1293.35,465.03,452.39,77.56,1,0,0
543,127,362.70,532.20,525.66,84.00,1,0,0
543,128,541.50,539.04,168.28,67.14,1,5,0
544,126,1307.97,461.38,452.25,78.87,1,0,0
544,127,379.88,532.74,524.25,86.21,1,0,0
544,128,561.48,539.99,165.02,67.65,1,5,0
545,126,1328.16,447.49,452.56,86.21,1,0,0
545,127,400.64,536.11,520.69,96.11,1,0,0
545,128,583.92,546.92,166.56,69.41,1,5,0
546,126,1342.00,447.95,456.64,84.02,1,0,0
546,127,416.35,535.90,520.45,94.12,1,0,0
546,128,601.90,547.07,166.87,67.77,1,5,0
547,126,1364.06,454.78,458.15,79.24,1,0,0
547,127,435.92,529.39,521.62,87.27,1,0,0
547,128,624.67,536.61,167.45,68.49,1,5,0
548,126,1384.63,453.74,461.41,79.24,1,0,0
548,127,456.82,527.75,521.76,87.44,1,0,0
548,128,648.31,535.44,168.43,68.02,1,5,0
549,126,1397.71,448.44,460.21,79.66,1,0,0
549,127,466.14,524.95,524.36,87.59,1,0,0
549,128,666.41,531.36,164.32,69.96,1,5,0
550,126,1416.96,437.94,463.24,85.01,1,0,0
550,127,487.76,526.53,521.31,92.10,1,0,0
550,128,688.71,535.55,163.63,69.57,1,5,0
551,126,1440.63,438.79,466.26,81.97,1,0,0
551,127,509.45,523.12,521.47,94.41,1,0,0
551,128,712.79,531.90,162.94,70.14,1,5,0
552,121,0.54,763.27,17.58,42.89,1,0,0
