1,1,877.77,555.26,347.62,117.25,1,5,0
1,2,1227.51,554.05,133.11,93.07,1,5,0
1,3,676.50,664.51,185.13,55.06,1,0,0
1,4,1485.43,544.44,109.99,66.12,1,5,0
1,5,1329.24,584.85,119.06,46.24,1,5,0
1,6,314.55,711.48,46.24,88.52,1,3,0
1,7,1415.92,578.18,48.05,43.27,1,5,0
2,1,843.37,558.12,347.20,117.34,1,5,0
2,2,1193.39,563.26,134.15,89.45,1,5,0
2,3,641.67,667.06,187.01,55.61,1,0,0
2,4,1491.84,549.22,134.53,54.38,1,5,0
2,5,1294.30,590.48,119.83,46.45,1,5,0
2,6,269.12,717.44,47.17,82.56,1,3,0
2,7,1382.63,584.35,48.65,43.69,1,5,0
3,1,791.33,567.05,300.57,115.54,1,5,0
3,2,1149.64,568.99,128.05,88.97,1,5,0
3,3,586.92,673.43,185.93,54.54,1,0,0
3,4,1439.28,557.63,137.18,55.41,1,5,0
3,5,1244.58,598.66,118.27,45.10,1,5,0
3,6,196.34,719.77,50.49,80.23,1,3,0
3,7,1331.36,592.44,48.71,43.85,1,5,0
4,1,740.73,572.19,300.53,113.20,1,5,0
4,2,1126.50,575.67,101.21,85.68,1,5,0
4,3,532.01,677.51,186.39,54.94,1,0,0
4,4,1347.34,568.40,106.15,63.47,1,5,0
4,5,1195.42,604.94,117.69,44.87,1,5,0
4,6,121.48,724.97,50.10,75.03,1,3,0
4,7,1281.11,599.23,48.26,42.95,1,5,0
5,1,726.90,573.06,306.09,113.68,1,5,0
5,2,1122.47,575.26,97.09,87.11,1,5,0
5,3,523.87,678.64,185.97,54.47,1,0,0
5,4,1339.32,569.14,104.75,64.06,1,5,0
5,5,1185.83,606.86,117.76,44.64,1,5,0
5,6,107.66,725.29,52.02,74.71,1,3,0
5,7,1272.30,600.74,48.53,42.53,1,5,0
6,1,698.27,574.53,312.35,114.68,1,5,0
6,2,1088.39,581.40,106.99,81.80,1,5,0
6,3,494.78,681.02,185.60,53.73,1,0,0
6,4,1315.16,574.85,102.23,62.29,1,5,0
6,5,1161.58,610.62,118.11,44.54,1,5,0
6,6,69.41,725.44,53.79,74.56,1,3,0
6,7,1247.47,604.47,48.52,42.97,1,5,0
7,1,661.37,579.98,335.82,112.71,1,5,0
7,2,1055.10,584.34,68.58,44.97,1,5,0
7,3,452.28,684.45,189.23,53.01,1,0,0
7,4,1276.43,582.75,103.91,62.37,1,5,0
7,5,1132.82,617.69,109.66,44.40,1,5,0
7,6,7.65,723.99,55.25,76.01,1,3,0
7,7,1209.11,610.82,48.02,43.45,1,5,0
8,1,646.35,580.07,349.21,113.02,1,5,0
8,2,1040.91,585.59,68.60,40.70,1,5,0
8,3,434.95,684.88,193.06,52.82,1,0,0
8,4,1260.36,584.87,102.78,62.93,1,5,0
8,5,1137.74,620.37,88.61,43.84,1,5,0
8,6,0.00,719.79,38.35,80.21,1,3,0
8,7,1192.82,614.33,47.60,42.32,1,5,0
9,1,621.18,583.82,353.48,112.16,1,5,0
9,2,988.08,585.54,99.44,95.09,1,5,0
9,3,408.97,687.78,187.37,52.06,1,0,0
9,4,1276.68,587.67,132.18,54.43,1,5,0
9,5,1130.25,623.51,68.99,42.79,1,5,0
9,7,1169.14,617.29,48.77,43.25,1,5,0
10,1,569.56,588.75,360.49,112.39,1,5,0
10,2,932.26,600.39,87.20,86.23,1,5,0
10,3,356.98,693.30,187.71,49.05,1,0,0
10,4,1187.90,595.68,102.74,62.19,1,5,0
10,7,1126.59,636.63,43.65,29.87,1,5,0
11,1,543.32,592.96,360.33,109.78,1,5,0
11,2,908.22,598.22,111.20,91.56,1,5,0
11,3,325.35,697.84,180.40,46.46,1,0,0
11,4,1163.87,599.36,102.59,61.88,1,5,0
11,7,1127.53,653.25,17.69,14.00,1,5,0
12,1,526.23,590.17,361.01,112.59,1,5,0
12,2,891.27,598.03,127.67,92.28,1,5,0
12,3,306.83,694.59,187.64,48.74,1,0,0
12,4,1148.79,600.71,103.15,62.16,1,5,0
13,1,482.49,592.63,363.87,104.92,1,5,0
13,2,852.50,599.01,133.90,92.88,1,5,0
13,3,256.95,691.18,194.90,47.02,1,0,0
13,4,1153.17,608.53,126.93,51.89,1,5,0
13,5,954.80,640.86,62.58,41.77,1,5,0
14,1,474.82,591.95,364.94,103.87,1,5,0
14,2,844.47,599.35,135.06,92.51,1,5,0
14,3,248.68,689.31,198.59,45.83,1,0,0
14,4,1146.26,609.37,125.79,52.85,1,5,0
14,5,946.30,640.62,70.98,42.50,1,5,0
15,1,448.17,588.44,367.84,103.27,1,5,0
15,2,821.91,600.09,135.64,91.27,1,5,0
15,3,219.26,682.85,194.51,43.19,1,0,0
15,4,1130.82,614.44,117.89,51.99,1,5,0
15,5,924.79,641.47,90.06,43.08,1,5,0
15,7,1122.71,628.88,57.91,40.90,1,5,0
16,1,417.63,582.84,370.38,98.20,1,5,0
16,2,790.47,598.99,138.03,89.47,1,5,0
16,3,186.07,670.17,201.59,37.89,1,0,0
16,4,1121.12,619.95,100.23,52.02,1,5,0
16,5,895.99,642.31,115.72,41.78,1,5,0
16,7,1120.77,657.34,30.66,15.43,1,5,0
17,1,394.24,569.65,368.94,102.45,1,5,0
17,2,768.56,596.21,139.09,89.14,1,5,0
17,3,159.60,658.14,207.80,37.42,1,0,0
17,4,1118.36,622.19,83.32,52.58,1,5,0
17,5,875.10,641.25,120.78,41.78,1,5,0
17,7,1119.14,663.68,14.43,11.70,1,5,0
17,9,962.64,636.14,44.50,43.75,1,5,0
18,1,334.30,545.18,376.78,106.18,1,5,0
18,2,714.65,587.32,138.42,89.01,1,5,0
18,3,94.99,625.62,219.07,20.09,1,0,0
18,4,1108.41,636.52,39.49,43.55,1,5,0
18,5,822.19,634.76,120.57,43.30,1,5,0
18,7,976.57,649.99,23.47,26.86,1,5,0
18,9,910.43,632.82,46.57,44.79,1,5,0
19,1,328.33,543.34,377.02,106.49,1,5,0
19,2,708.96,586.46,139.85,89.00,1,5,0
19,3,90.87,621.64,216.40,25.32,1,0,0
19,4,1107.04,634.98,36.36,45.67,1,5,0
19,5,817.56,634.00,120.11,43.35,1,5,0
19,7,972.51,649.54,26.53,27.20,1,5,0
19,9,906.10,632.80,47.25,44.50,1,5,0
20,1,309.42,529.88,380.34,115.68,1,5,0
20,2,691.65,585.23,139.75,86.85,1,5,0
20,3,68.95,609.58,218.99,28.55,1,0,0
20,4,1101.73,665.68,25.05,15.85,1,5,0
20,5,801.86,631.39,118.92,44.00,1,5,0
20,7,956.48,639.82,36.79,35.93,1,5,0
20,9,890.90,630.91,46.17,44.83,1,5,0
21,1,292.92,528.07,382.48,111.19,1,5,0
21,2,677.40,580.15,141.17,88.65,1,5,0
21,3,53.08,599.72,214.57,21.91,1,0,0
21,4,1093.92,661.07,21.65,20.20,1,5,0
21,5,788.04,628.18,120.18,44.72,1,5,0
21,7,944.17,639.74,41.56,34.65,1,5,0
21,9,877.81,629.99,45.68,43.02,1,5,0
22,1,289.16,519.69,383.53,117.16,1,5,0
22,2,673.94,574.35,141.14,92.20,1,5,0
22,3,49.05,590.26,216.54,25.19,1,0,0
22,4,1075.41,653.30,38.76,27.18,1,5,0
22,5,785.15,624.96,120.00,46.00,1,5,0
22,7,938.21,653.92,28.13,18.32,1,5,0
22,9,874.73,625.08,46.20,46.33,1,5,0
23,1,293.65,519.01,385.37,117.03,1,5,0
23,2,679.53,574.69,141.05,92.15,1,5,0
23,3,56.55,590.12,207.33,25.67,1,0,0
23,4,1087.91,627.41,34.71,53.24,1,5,0
23,5,790.59,625.57,119.38,46.03,1,5,0
23,9,880.31,625.60,47.12,46.23,1,5,0
24,1,304.37,520.43,382.03,117.31,1,5,0
24,2,687.57,575.52,142.89,92.00,1,5,0
24,3,66.33,591.15,211.09,24.14,1,0,0
24,4,1005.25,627.40,126.73,54.24,1,5,0
24,5,800.35,625.95,118.58,46.61,1,5,0
24,9,889.83,626.03,44.50,46.51,1,5,0
25,1,311.56,521.63,383.62,116.66,1,5,0
25,2,695.14,576.23,142.68,92.09,1,5,0
25,3,73.80,592.09,218.30,25.48,1,0,0
25,4,1013.51,627.97,125.20,54.08,1,5,0
25,5,806.40,626.32,119.65,47.15,1,5,0
25,9,897.07,625.49,36.93,47.34,1,5,0
26,1,354.18,529.94,380.77,114.85,1,5,0
26,2,735.10,576.30,141.96,95.91,1,5,0
26,3,154.69,602.45,176.91,17.74,1,0,0
26,4,1053.57,629.85,128.19,53.65,1,5,0
26,5,847.17,630.91,97.20,44.65,1,5,0
27,1,364.25,531.62,382.51,113.50,1,5,0
27,2,746.29,577.03,142.28,96.30,1,5,0
27,3,167.60,603.67,172.09,19.04,1,0,0
27,4,1066.46,630.49,124.61,53.18,1,5,0
27,5,858.26,631.88,88.54,44.53,1,5,0
28,1,414.14,543.14,377.88,108.03,1,5,0
28,2,794.55,584.69,140.25,93.10,1,5,0
28,3,220.71,619.80,176.14,17.79,1,0,0
28,4,1065.56,618.21,105.48,63.37,1,5,0
29,1,427.72,543.84,376.81,108.63,1,5,0
29,2,807.59,584.25,138.94,94.39,1,5,0
29,3,234.70,625.15,172.94,16.01,1,0,0
29,4,1077.43,617.11,105.45,64.59,1,5,0
29,10,1124.64,629.84,130.61,52.47,1,5,0
30,1,460.42,548.00,376.12,107.77,1,5,0
30,2,837.21,583.38,115.34,96.10,1,5,0
30,3,268.78,630.48,174.73,15.64,1,0,0
30,4,1108.78,616.91,106.55,63.91,1,5,0
30,10,1155.42,628.82,132.21,51.98,1,5,0
31,1,479.58,551.56,373.91,105.45,1,5,0
31,2,855.96,588.92,117.76,90.43,1,5,0
31,3,289.58,633.24,168.72,15.51,1,0,0
31,4,1127.72,617.25,107.60,63.10,1,5,0
31,10,1174.91,628.29,132.17,52.20,1,5,0
31,11,1057.18,635.59,50.82,45.65,1,5,0
32,1,491.33,551.50,373.82,105.51,1,5,0
32,2,866.77,586.70,117.42,93.47,1,5,0
32,3,301.14,634.75,168.66,15.57,1,0,0
32,4,1139.73,616.73,107.74,63.54,1,5,0
32,10,1186.16,628.22,132.85,52.56,1,5,0
32,11,1067.36,635.63,51.03,45.79,1,5,0
33,1,520.69,554.32,370.92,103.96,1,5,0
33,2,896.17,586.80,119.02,94.44,1,5,0
33,3,332.68,636.87,170.79,14.47,1,0,0
33,4,1169.80,617.14,108.99,63.11,1,5,0
33,10,1217.96,628.00,132.36,52.53,1,5,0
33,11,1098.87,634.93,49.09,46.91,1,5,0
34,1,532.03,553.13,370.99,105.30,1,5,0
34,2,905.79,585.65,118.25,95.00,1,5,0
34,3,343.99,636.78,171.12,14.81,1,0,0
34,4,1181.12,617.18,108.89,63.42,1,5,0
34,10,1228.55,628.56,133.31,52.37,1,5,0
34,11,1059.38,638.34,83.65,43.78,1,5,0
35,1,548.60,552.64,371.10,105.60,1,5,0
35,2,940.42,587.04,102.47,94.88,1,5,0
35,3,363.49,636.63,169.48,14.81,1,0,0
35,4,1198.52,616.99,108.72,63.78,1,5,0
35,10,1246.30,628.20,134.21,53.09,1,5,0
35,11,1062.83,638.46,97.39,43.80,1,5,0
36,1,574.45,552.75,363.88,104.71,1,5,0
36,2,979.97,584.38,116.46,99.61,1,5,0
36,3,390.51,634.74,168.17,14.72,1,0,0
36,4,1225.10,617.42,109.73,64.52,1,5,0
36,10,1274.11,629.52,135.68,53.20,1,5,0
36,11,1069.66,638.94,116.88,44.48,1,5,0
36,13,1154.02,634.73,50.17,48.42,1,5,0
37,1,599.06,552.29,364.42,103.27,1,5,0
37,2,1002.85,582.70,116.78,100.79,1,5,0
37,3,418.58,631.85,166.88,14.68,1,0,0
37,4,1250.37,618.69,110.08,65.41,1,5,0
37,10,1299.08,631.50,137.14,53.29,1,5,0
37,11,1089.55,639.36,121.84,45.07,1,5,0
37,13,1178.92,636.67,49.65,47.51,1,5,0
38,1,622.69,550.34,364.09,103.78,1,5,0
38,2,1025.74,585.68,116.98,98.05,1,5,0
38,3,441.49,628.90,166.80,13.89,1,0,0
38,4,1273.88,620.66,111.19,65.66,1,5,0
38,10,1323.07,633.21,137.24,54.43,1,5,0
38,11,1109.72,639.70,124.44,45.83,1,5,0
38,13,1202.56,638.80,49.71,46.87,1,5,0
39,1,636.23,550.65,366.60,103.40,1,5,0
39,2,1040.97,583.86,114.45,100.26,1,5,0
39,3,453.53,627.70,164.86,14.05,1,0,0
39,4,1287.50,622.40,112.72,64.84,1,5,0
39,10,1337.86,633.85,137.20,55.33,1,5,0
39,11,1123.78,640.41,123.66,45.99,1,5,0
39,13,1216.61,639.87,49.93,46.44,1,5,0
40,1,644.82,550.80,367.77,103.00,1,5,0
40,2,1048.22,583.77,116.59,100.97,1,5,0
40,3,462.93,627.18,167.08,14.54,1,0,0
40,4,1296.94,621.87,112.03,65.66,1,5,0
40,10,1345.41,634.17,138.95,55.22,1,5,0
40,11,1130.92,640.27,125.45,46.27,1,5,0
40,13,1225.07,639.86,48.33,46.69,1,5,0
41,1,661.25,552.68,371.74,102.15,1,5,0
41,2,1039.35,586.05,141.84,99.11,1,5,0
41,3,474.81,629.57,167.68,14.91,1,0,0
41,4,1314.64,622.22,114.21,65.06,1,5,0
41,10,1364.71,633.18,139.44,55.86,1,5,0
41,11,1149.98,640.43,126.83,46.10,1,5,0
41,13,1242.87,638.85,50.55,47.72,1,5,0
42,1,668.38,554.04,368.22,101.65,1,5,0
42,2,1073.05,589.48,116.77,94.78,1,5,0
42,3,490.97,634.84,163.12,13.93,1,0,0
42,4,1324.30,620.09,113.49,65.20,1,5,0
42,10,1374.19,631.15,140.65,55.26,1,5,0
42,11,1158.93,639.89,125.01,45.61,1,5,0
42,13,1252.05,637.94,50.07,47.28,1,5,0
43,1,671.40,553.13,365.07,104.27,1,5,0
43,2,1076.89,585.82,117.62,97.81,1,5,0
43,3,494.27,636.82,163.23,14.93,1,0,0
43,4,1329.43,616.53,113.95,66.67,1,5,0
43,10,1380.06,628.61,139.62,55.29,1,5,0
43,11,1162.26,638.72,128.17,45.99,1,5,0
43,13,1257.83,637.07,49.16,46.91,1,5,0
44,1,679.82,558.41,334.45,102.23,1,5,0
44,2,1084.61,582.88,120.61,97.97,1,5,0
44,3,503.06,644.82,166.31,17.64,1,0,0
44,4,1340.02,610.51,115.20,65.04,1,5,0
44,10,1392.35,619.08,139.15,55.85,1,5,0
44,11,1172.15,634.56,128.00,45.88,1,5,0
44,13,1266.61,631.77,51.40,47.39,1,5,0
45,1,681.07,559.15,333.06,108.95,1,5,0
45,2,1090.33,582.16,118.99,95.27,1,5,0
45,3,507.03,654.88,161.94,20.78,1,0,0
45,4,1343.70,600.42,117.01,65.36,1,5,0
45,11,1175.19,628.36,128.86,46.77,1,5,0
45,13,1270.58,624.96,52.24,46.76,1,5,0
46,1,677.45,565.90,335.40,111.39,1,5,0
46,2,1092.46,581.31,115.87,94.04,1,5,0
46,3,504.74,665.97,163.50,25.09,1,0,0
46,4,1342.00,588.80,117.34,68.75,1,5,0
46,11,1173.34,622.04,129.33,48.11,1,5,0
46,13,1268.83,617.02,52.87,48.24,1,5,0
47,1,673.04,566.86,333.35,115.13,1,5,0
47,2,1086.17,576.82,117.16,98.34,1,5,0
47,3,498.95,671.88,161.59,26.80,1,0,0
47,4,1337.24,584.66,119.02,68.58,1,5,0
47,11,1166.55,619.76,129.92,48.51,1,5,0
47,13,1263.50,614.81,51.92,47.54,1,5,0
48,1,668.11,565.55,332.95,119.14,1,5,0
48,2,1080.02,576.78,119.06,97.35,1,5,0
48,3,496.15,676.72,160.29,27.59,1,0,0
48,4,1378.74,582.64,148.05,59.36,1,5,0
48,11,1162.94,617.53,130.02,49.29,1,5,0
48,13,1259.53,611.84,51.63,48.99,1,5,0
49,1,637.24,572.89,348.24,124.44,1,5,0
49,2,1064.88,577.23,107.75,95.68,1,5,0
49,3,466.12,689.10,158.92,32.90,1,0,0
49,4,1307.06,576.06,116.36,69.84,1,5,0
49,11,1136.84,615.23,129.40,50.24,1,5,0
49,13,1233.45,610.24,51.59,49.59,1,5,0
50,1,626.55,575.74,359.61,126.31,1,5,0
50,2,1049.00,575.80,113.07,97.01,1,5,0
50,3,456.14,691.64,157.98,33.25,1,0,0
50,4,1340.20,572.91,147.18,61.68,1,5,0
50,11,1131.38,615.48,123.44,50.67,1,5,0
50,13,1222.76,610.36,52.28,49.36,1,5,0
51,1,568.40,580.00,392.63,126.68,1,5,0
51,2,958.66,582.23,119.67,105.43,1,5,0
51,3,396.46,698.94,155.78,31.03,1,0,0
51,4,1245.29,580.20,116.04,71.34,1,5,0
51,11,1079.80,620.18,127.92,48.87,1,5,0
51,13,1171.45,614.47,52.91,49.06,1,5,0
52,1,552.32,581.21,394.15,125.70,1,5,0
52,2,945.80,583.26,116.37,105.89,1,5,0
52,3,380.19,698.68,154.69,31.08,1,0,0
52,4,1229.66,585.01,117.70,69.95,1,5,0
52,11,1062.51,623.49,128.85,46.39,1,5,0
52,13,1152.36,616.31,57.58,49.66,1,5,0
53,1,479.78,580.81,397.22,119.76,1,5,0
53,2,880.64,591.80,146.10,101.07,1,5,0
53,3,305.00,691.08,158.76,28.64,1,0,0
53,4,1210.66,597.40,144.21,58.80,1,5,0
54,1,459.68,582.01,399.42,117.29,1,5,0
54,2,860.97,591.33,149.14,102.07,1,5,0
54,3,285.09,689.10,157.98,29.65,1,0,0
54,4,1147.51,596.52,116.02,69.68,1,5,0
54,13,974.55,639.75,52.86,43.20,1,5,0
55,1,404.94,580.56,403.53,118.94,1,5,0
55,2,811.91,591.94,151.76,103.30,1,5,0
55,3,225.74,690.10,162.82,27.98,1,0,0
55,4,1155.44,605.11,133.90,57.47,1,5,0
55,13,928.20,636.76,98.50,49.26,1,5,0
56,1,373.94,581.93,406.05,119.33,1,5,0
56,2,784.86,598.96,151.67,97.73,1,5,0
56,3,189.16,689.88,164.83,29.30,1,0,0
56,4,1141.81,606.91,119.84,57.58,1,5,0
56,13,901.01,637.96,123.70,50.29,1,5,0
56,11,1132.51,624.95,54.27,43.52,1,5,0
57,1,352.82,582.05,409.24,119.71,1,5,0
57,2,764.64,594.92,153.94,102.40,1,5,0
57,3,168.49,690.09,165.82,29.80,1,0,0
57,4,1144.75,607.00,99.06,58.75,1,5,0
57,13,882.36,638.49,135.93,50.05,1,5,0
57,15,977.01,634.13,47.70,47.54,1,5,0
57,11,1133.23,646.60,34.87,21.64,1,5,0
58,1,264.70,581.64,424.73,125.80,1,5,0
58,2,688.74,599.43,154.34,102.84,1,5,0
58,3,84.59,694.97,166.23,28.85,1,0,0
58,13,806.88,642.73,135.73,50.67,1,5,0
58,15,980.27,648.21,39.28,30.08,1,5,0
58,11,1127.21,640.74,43.04,26.75,1,5,0
59,1,245.16,582.63,425.76,125.60,1,5,0
59,2,670.89,600.24,155.40,102.98,1,5,0
59,3,64.02,695.60,167.57,29.60,1,0,0
59,13,788.28,643.60,137.37,50.77,1,5,0
59,15,963.28,614.33,55.15,65.15,1,5,0
59,11,1126.12,653.95,29.00,12.77,1,5,0
59,16,891.24,638.88,52.53,50.68,1,5,0
60,1,195.51,586.96,431.08,121.53,1,5,0
60,2,627.13,600.12,157.68,105.90,1,5,0
60,3,12.44,697.21,169.75,28.48,1,0,0
60,13,748.12,646.03,136.91,50.74,1,5,0
60,15,923.57,613.03,91.55,68.93,1,5,0
60,16,850.08,640.88,54.63,50.98,1,5,0
61,1,167.57,586.94,434.56,122.38,1,5,0
61,2,604.29,606.44,156.63,100.67,1,5,0
61,3,0.91,696.95,152.26,26.10,1,0,0
61,13,725.83,647.73,134.72,50.71,1,5,0
61,15,900.53,618.13,111.94,65.87,1,5,0
61,16,826.95,642.96,53.05,50.25,1,5,0
62,1,148.74,584.50,437.43,124.08,1,5,0
62,2,587.51,602.62,158.32,104.97,1,5,0
62,3,0.83,695.67,134.62,25.00,1,0,0
62,13,709.84,648.46,137.36,50.66,1,5,0
62,15,885.78,617.79,121.45,67.70,1,5,0
62,16,810.90,642.16,54.71,51.54,1,5,0
63,1,106.51,581.31,440.73,122.51,1,5,0
63,2,550.28,601.80,158.74,103.93,1,5,0
63,3,0.00,689.64,93.40,23.48,1,0,0
63,13,674.14,648.18,138.29,50.82,1,5,0
63,15,851.89,618.04,118.20,67.92,1,5,0
63,16,777.90,644.74,53.60,49.29,1,5,0
64,1,67.64,574.76,445.34,119.81,1,5,0
64,2,516.93,597.58,159.16,103.28,1,5,0
64,3,0.49,680.87,57.51,19.59,1,0,0
64,13,641.01,644.49,139.67,51.70,1,5,0
64,15,820.62,616.25,119.05,68.71,1,5,0
64,16,745.48,641.10,54.83,51.09,1,5,0
65,1,33.73,561.29,451.64,121.54,1,5,0
65,2,486.45,591.72,164.73,103.07,1,5,0
65,13,616.69,639.97,138.20,51.14,1,5,0
65,15,795.89,612.54,119.19,69.24,1,5,0
65,16,719.67,635.95,55.25,52.08,1,5,0
66,1,9.42,548.35,451.10,120.10,1,5,0
66,2,462.95,582.55,166.86,104.06,1,5,0
66,13,596.77,633.73,138.88,51.02,1,5,0
66,15,776.04,610.41,119.59,67.23,1,5,0
66,16,698.57,631.50,55.23,51.09,1,5,0
67,1,0.79,527.10,446.31,123.09,1,5,0
67,2,449.08,569.63,166.60,106.10,1,5,0
67,13,581.34,625.16,138.70,50.84,1,5,0
67,15,762.97,603.52,119.50,69.68,1,5,0
67,16,685.96,623.41,54.29,52.09,1,5,0
68,1,1.36,515.11,442.03,126.39,1,5,0
68,2,443.57,566.66,167.23,104.02,1,5,0
68,13,576.14,620.13,140.39,51.70,1,5,0
68,15,759.23,601.88,120.16,69.43,1,5,0
68,16,682.57,620.29,52.97,51.19,1,5,0
68,18,814.33,612.37,141.03,59.71,1,5,0
69,1,1.34,507.31,442.80,129.46,1,5,0
69,2,441.32,564.87,166.58,102.30,1,5,0
69,13,574.25,617.36,141.18,52.02,1,5,0
69,15,757.21,600.57,121.48,69.13,1,5,0
69,16,680.44,617.27,53.63,51.99,1,5,0
69,18,812.29,611.21,142.11,60.11,1,5,0
70,1,0.89,486.98,450.86,135.46,1,5,0
70,2,446.17,544.67,167.94,112.58,1,5,0
70,13,581.53,607.83,138.14,54.43,1,5,0
70,15,763.35,594.43,119.69,71.14,1,5,0
70,16,685.88,609.02,52.71,53.33,1,5,0
70,18,816.18,607.78,141.19,60.88,1,5,0
71,1,0.54,482.82,458.53,137.74,1,5,0
71,2,451.39,543.50,166.52,112.12,1,5,0
71,13,585.13,606.70,141.04,54.48,1,5,0
71,15,768.81,594.02,119.67,71.40,1,5,0
71,16,691.50,608.46,51.00,52.56,1,5,0
71,18,822.47,607.54,135.87,60.60,1,5,0
72,1,24.37,477.59,458.99,136.99,1,5,0
72,2,479.08,541.87,166.04,110.84,1,5,0
72,13,612.56,603.93,140.21,54.75,1,5,0
72,15,795.12,594.29,119.01,70.32,1,5,0
72,16,718.21,607.50,51.39,51.51,1,5,0
73,1,39.62,474.93,454.26,138.40,1,5,0
73,2,490.55,540.94,163.26,111.98,1,5,0
73,13,621.82,603.46,141.25,55.50,1,5,0
73,15,805.82,593.92,118.97,71.02,1,5,0
73,16,728.88,607.31,52.56,52.24,1,5,0
73,7,0.00,565.24,36.86,16.78,1,0,0
74,1,46.44,474.49,451.67,139.49,1,5,0
74,2,496.06,539.09,164.51,113.52,1,5,0
74,13,628.76,603.39,138.58,55.68,1,5,0
74,15,811.62,593.98,118.13,70.94,1,5,0
74,16,733.68,606.99,52.62,52.44,1,5,0
74,7,0.00,564.32,43.86,16.64,1,0,0
75,1,81.85,474.12,453.15,138.92,1,5,0
75,2,528.54,537.23,164.53,115.64,1,5,0
75,13,661.23,603.75,139.31,56.10,1,5,0
75,16,766.25,607.54,52.11,52.63,1,5,0
75,7,0.18,558.76,75.23,16.83,1,0,0
75,18,842.69,594.47,102.93,71.00,1,5,0
76,1,107.04,476.38,449.69,136.75,1,5,0
76,2,551.00,536.35,163.62,117.04,1,5,0
76,13,683.71,604.65,138.85,56.16,1,5,0
76,16,789.59,608.64,51.32,52.47,1,5,0
76,7,0.11,559.13,93.55,15.06,1,0,0
76,18,865.01,593.73,78.42,71.13,1,5,0
76,11,1050.63,646.89,18.94,27.68,1,5,0
77,1,124.12,476.41,449.10,137.30,1,5,0
77,2,566.94,542.29,162.48,112.24,1,5,0
77,13,698.88,605.26,138.41,56.18,1,5,0
77,16,802.90,608.71,53.72,53.31,1,5,0
77,7,0.00,558.04,115.64,16.51,1,0,0
77,18,881.12,596.79,61.45,68.83,1,5,0
77,11,1050.28,647.28,27.52,29.01,1,5,0
78,1,168.61,478.35,450.27,138.77,1,5,0
78,2,606.75,543.90,162.75,112.60,1,5,0
78,13,740.01,606.98,136.37,56.80,1,5,0
78,16,841.31,608.50,54.83,55.76,1,5,0
78,7,6.82,562.19,152.16,16.97,1,0,0
78,18,919.06,644.63,20.50,19.84,1,5,0
78,11,1047.84,620.90,72.62,56.55,1,5,0
79,1,204.65,484.13,444.25,136.96,1,5,0
79,2,638.68,548.70,162.62,111.67,1,5,0
79,13,770.34,610.58,136.22,56.22,1,5,0
79,16,874.79,614.46,51.89,52.94,1,5,0
79,7,46.24,567.22,144.73,17.09,1,0,0
79,18,1046.76,663.34,26.06,11.85,1,5,0
79,11,1047.58,618.72,106.54,59.58,1,5,0
80,1,212.99,487.01,445.28,135.45,1,5,0
80,2,646.76,553.61,162.10,108.09,1,5,0
80,13,778.98,612.17,135.41,55.59,1,5,0
80,16,882.54,614.95,44.50,54.00,1,5,0
80,7,55.09,570.32,141.88,17.37,1,0,0
80,11,1049.16,617.86,113.91,61.34,1,5,0
80,4,913.51,640.27,24.50,29.15,1,5,0
81,1,285.06,505.70,436.38,130.29,1,5,0
81,2,713.49,559.11,161.18,111.42,1,5,0
81,16,842.14,620.26,96.82,54.00,1,5,0
81,7,135.10,591.18,139.67,16.79,1,0,0
81,11,1082.60,621.19,148.89,61.77,1,5,0
82,1,301.86,511.23,434.61,128.53,1,5,0
82,2,731.95,562.57,157.98,110.05,1,5,0
82,16,860.56,622.57,78.84,52.13,1,5,0
82,7,152.64,598.72,138.97,15.56,1,0,0
82,11,1101.44,621.68,148.58,61.67,1,5,0
82,18,1047.47,609.70,121.88,70.78,1,5,0
83,1,344.53,520.45,433.35,124.18,1,5,0
83,2,772.71,567.78,164.04,107.60,1,5,0
83,7,202.79,606.38,133.56,16.86,1,0,0
83,11,1140.55,620.42,151.12,62.14,1,5,0
83,18,1087.71,608.79,123.62,70.29,1,5,0
84,1,389.88,520.92,431.87,125.40,1,5,0
84,2,812.67,566.98,128.71,108.67,1,5,0
84,7,248.96,613.70,134.75,16.44,1,0,0
84,11,1183.33,619.44,152.10,61.96,1,5,0
84,18,1128.44,608.29,124.97,71.48,1,5,0
84,16,1048.87,621.94,55.90,57.20,1,5,0
85,1,452.22,528.43,428.44,119.73,1,5,0
85,2,873.16,567.41,135.35,109.25,1,5,0
85,7,313.65,617.09,131.21,16.47,1,0,0
85,11,1247.00,619.31,153.96,62.79,1,5,0
85,18,1191.02,604.78,128.12,75.78,1,5,0
85,16,1107.21,627.61,57.63,52.94,1,5,0
86,1,467.99,528.31,426.33,120.36,1,5,0
86,2,890.10,566.51,131.70,111.03,1,5,0
86,7,328.44,617.47,131.46,15.77,1,0,0
86,11,1264.07,619.81,153.65,64.01,1,5,0
86,18,1206.36,607.26,128.80,74.21,1,5,0
86,16,1122.15,629.10,57.99,52.45,1,5,0
86,19,1017.22,628.11,143.98,53.50,1,5,0
87,1,503.85,523.57,428.88,125.04,1,5,0
87,2,929.59,567.51,155.70,114.54,1,5,0
87,7,366.28,614.52,131.84,16.44,1,0,0
87,11,1300.39,622.65,157.22,65.06,1,5,0
87,18,1242.63,610.37,129.28,74.84,1,5,0
87,16,1158.70,628.72,56.97,55.03,1,5,0
87,19,1053.69,629.30,142.62,54.72,1,5,0
88,1,528.58,523.61,425.93,125.19,1,5,0
88,2,977.58,568.49,133.37,114.94,1,5,0
88,7,394.56,612.02,128.92,17.09,1,0,0
88,11,1329.00,625.78,156.41,65.04,1,5,0
88,18,1268.68,613.00,130.15,75.39,1,5,0
88,16,1185.08,631.98,55.89,53.83,1,5,0
88,19,1080.60,631.26,140.63,54.49,1,5,0
89,1,545.20,522.41,412.49,126.83,1,5,0
89,2,993.91,569.64,135.15,114.80,1,5,0
89,7,412.81,610.93,127.42,17.26,1,0,0
89,11,1345.75,627.75,158.92,65.32,1,5,0
89,18,1287.19,613.48,131.76,75.78,1,5,0
89,16,1201.68,632.36,59.21,55.12,1,5,0
89,19,1096.15,631.85,140.62,55.33,1,5,0
90,1,559.82,526.21,411.27,123.57,1,5,0
90,2,1011.53,565.95,132.80,119.04,1,5,0
90,7,427.42,610.91,127.20,16.28,1,0,0
90,11,1360.45,628.02,160.76,66.27,1,5,0
90,18,1302.90,614.54,131.60,76.86,1,5,0
90,16,1218.84,632.39,57.27,55.72,1,5,0
90,19,1112.72,631.95,143.93,56.05,1,5,0
91,1,579.30,524.35,407.29,125.09,1,5,0
91,2,1028.73,568.55,134.57,117.05,1,5,0
91,7,443.78,611.93,128.52,16.78,1,0,0
91,11,1381.19,628.06,161.40,66.24,1,5,0
91,18,1322.31,613.61,132.79,77.44,1,5,0
91,16,1236.48,632.69,59.26,56.02,1,5,0
91,19,1126.42,632.22,146.70,56.19,1,5,0
92,1,582.24,528.66,409.20,121.05,1,5,0
92,2,1032.94,568.92,135.93,116.98,1,5,0
92,7,449.05,612.93,128.52,16.82,1,0,0
92,11,1384.10,628.02,163.53,66.04,1,5,0
92,18,1326.30,613.24,132.49,78.13,1,5,0
92,16,1241.83,632.71,57.70,55.76,1,5,0
92,19,1133.98,632.20,145.83,56.13,1,5,0
93,1,594.95,530.54,413.89,119.09,1,5,0
93,2,1047.16,569.99,136.96,115.18,1,5,0
93,7,461.47,619.86,127.56,16.54,1,0,0
93,11,1402.69,623.14,163.99,67.06,1,5,0
93,18,1344.16,611.12,134.08,76.58,1,5,0
93,16,1258.19,631.22,60.21,55.77,1,5,0
93,19,1149.60,631.36,145.78,55.56,1,5,0
94,1,602.96,535.13,418.05,116.97,1,5,0
94,2,1052.58,568.96,140.41,115.18,1,5,0
94,7,468.69,624.93,128.89,17.62,1,0,0
94,11,1415.86,618.79,161.48,66.06,1,5,0
94,18,1353.15,609.46,137.13,73.53,1,5,0
94,16,1267.67,627.93,60.67,56.92,1,5,0
94,19,1159.18,629.40,147.45,55.27,1,5,0
95,1,604.51,536.00,415.27,116.60,1,5,0
95,2,1051.73,569.40,142.93,114.51,1,5,0
95,7,470.51,627.21,129.15,16.84,1,0,0
95,11,1414.22,617.13,165.22,66.50,1,5,0
95,16,1269.85,628.43,60.59,55.75,1,5,0
95,19,1159.94,628.90,147.87,55.44,1,5,0
96,1,606.65,537.90,427.60,119.14,1,5,0
96,2,1057.03,568.15,143.12,114.37,1,5,0
96,7,470.58,637.45,131.32,17.52,1,0,0
96,11,1418.51,608.20,168.29,67.41,1,5,0
96,16,1274.61,623.96,60.51,56.35,1,5,0
96,19,1164.86,625.43,149.79,56.03,1,5,0
97,1,604.49,543.11,416.76,118.65,1,5,0
97,2,1059.72,560.23,139.42,121.04,1,5,0
97,7,467.34,644.57,132.29,19.31,1,0,0
97,11,1419.37,601.10,169.19,67.95,1,5,0
97,16,1274.65,619.16,61.76,57.17,1,5,0
97,19,1162.37,623.08,151.62,55.92,1,5,0
98,1,594.75,544.30,416.82,123.66,1,5,0
98,2,1054.03,561.19,139.23,118.77,1,5,0
98,7,459.11,652.41,130.32,20.05,1,0,0
98,11,1421.86,595.36,160.75,66.97,1,5,0
98,16,1268.06,616.98,63.48,55.03,1,5,0
98,19,1155.86,619.56,151.72,56.88,1,5,0
98,18,1355.93,587.51,139.77,77.90,1,5,0
99,1,578.83,551.42,417.75,120.99,1,5,0
99,2,1037.45,565.49,140.49,114.59,1,5,0
99,7,440.16,659.40,132.23,20.89,1,0,0
99,16,1255.14,614.54,62.66,57.01,1,5,0
99,19,1141.07,618.01,154.34,57.47,1,5,0
99,18,1341.78,586.44,140.59,76.03,1,5,0
100,1,559.32,553.86,438.73,122.38,1,5,0
100,2,1014.89,564.46,146.64,116.27,1,5,0
100,7,422.17,661.96,131.72,22.36,1,0,0
100,16,1238.61,614.13,62.71,57.34,1,5,0
100,19,1126.22,617.83,151.63,57.81,1,5,0
100,18,1325.21,584.82,141.38,77.13,1,5,0
101,1,543.40,554.37,446.01,122.35,1,5,0
101,2,980.52,565.58,167.20,115.88,1,5,0
101,7,407.41,661.61,131.33,23.24,1,0,0
101,16,1224.63,615.09,62.90,57.17,1,5,0
101,19,1110.49,618.61,152.34,58.07,1,5,0
101,18,1311.90,584.72,140.15,78.69,1,5,0
102,1,526.69,551.99,440.88,123.60,1,5,0
102,2,968.37,565.40,166.55,120.12,1,5,0
102,7,392.08,661.95,128.61,21.18,1,0,0
102,16,1210.76,616.27,64.50,56.81,1,5,0
102,19,1096.13,620.03,153.55,57.73,1,5,0
102,18,1297.62,586.91,140.68,77.88,1,5,0
103,1,482.44,551.99,452.50,121.77,1,5,0
103,2,924.01,566.87,137.90,118.78,1,5,0
103,7,341.02,659.67,135.11,20.14,1,0,0
103,16,1173.13,618.23,64.28,56.34,1,5,0
103,19,1062.62,621.98,152.67,56.65,1,5,0
103,18,1259.98,588.39,140.53,79.67,1,5,0
104,1,458.65,551.59,453.86,122.67,1,5,0
104,2,904.42,566.72,136.77,119.67,1,5,0
104,7,315.33,659.85,136.66,19.56,1,0,0
104,16,1154.19,618.24,63.31,57.63,1,5,0
104,19,1039.80,622.36,157.29,58.45,1,5,0
104,18,1298.76,595.34,170.38,70.38,1,5,0
105,1,449.44,551.30,458.00,122.22,1,5,0
105,2,897.65,567.61,137.73,118.82,1,5,0
105,7,305.24,659.48,137.64,19.41,1,0,0
105,16,1147.20,618.87,63.79,57.35,1,5,0
105,19,1032.83,623.01,157.26,57.66,1,5,0
105,18,1233.38,591.12,141.33,78.07,1,5,0
106,1,434.98,551.20,457.35,123.61,1,5,0
106,2,883.88,567.62,138.23,119.52,1,5,0
106,7,289.06,660.70,138.70,18.62,1,0,0
106,16,1134.26,618.01,63.66,59.04,1,5,0
106,19,1020.22,623.72,151.23,54.79,1,5,0
106,18,1279.28,596.84,172.04,69.92,1,5,0
107,1,425.96,551.23,459.88,123.01,1,5,0
107,2,876.18,565.32,136.85,122.13,1,5,0
107,7,281.34,660.20,138.47,19.85,1,0,0
107,16,1127.67,619.83,62.04,57.53,1,5,0
107,19,1011.58,623.95,150.53,47.59,1,5,0
107,18,1271.41,597.05,170.95,70.21,1,5,0
108,1,389.49,550.67,462.39,127.55,1,5,0
108,2,845.34,562.01,133.67,126.62,1,5,0
108,7,245.29,663.15,139.43,19.21,1,0,0
108,16,1098.46,619.01,61.82,59.12,1,5,0
108,19,983.91,624.60,122.16,28.99,1,5,0
108,18,1243.45,597.99,171.65,69.85,1,5,0
109,1,382.95,551.67,464.16,126.36,1,5,0
109,2,839.30,567.15,137.14,121.68,1,5,0
109,7,235.70,663.08,139.96,19.60,1,0,0
109,16,1092.38,618.82,62.61,58.50,1,5,0
109,19,978.16,624.67,121.07,29.54,1,5,0
109,18,1234.92,597.63,173.70,69.99,1,5,0
110,1,348.81,542.14,472.67,127.05,1,5,0
110,2,812.35,567.73,157.84,119.75,1,5,0
110,7,202.66,654.01,140.28,18.09,1,0,0
110,16,1067.54,620.53,63.15,60.98,1,5,0
110,19,955.01,624.53,124.35,42.26,1,5,0
110,18,1213.10,602.73,172.31,69.15,1,5,0
