1,1,551.44,764.09,219.20,57.42,1,1,0
1,2,1844.80,741.04,119.30,26.72,1,1,0
1,3,2194.87,730.87,49.35,23.29,1,1,0
1,4,1196.89,765.71,114.43,28.44,1,1,0
1,5,873.21,781.38,86.37,26.62,1,2,0
1,6,2013.31,742.29,83.82,20.82,1,1,0
1,7,471.92,787.18,81.64,35.62,1,2,0
1,8,1410.11,750.91,89.86,34.06,1,1,0
1,9,1480.95,751.74,85.06,30.80,1,1,0
1,10,1605.97,762.63,34.75,11.89,1,2,0
1,11,2127.92,748.88,27.73,7.68,1,2,0
1,12,1410.86,782.50,8.14,6.65,1,4,0
1,13,1381.88,784.25,7.62,6.39,1,4,0
1,14,1078.01,796.62,6.78,5.80,1,4,0
1,15,1014.90,798.33,7.13,5.73,1,4,0
1,16,2424.99,736.83,20.12,7.64,1,2,0
2,1,518.23,736.56,220.38,55.60,1,1,0
2,2,1823.18,754.55,118.27,25.99,1,1,0
2,3,2169.72,753.84,49.08,23.24,1,1,0
2,4,1172.70,759.13,117.23,26.66,1,1,0
2,5,845.22,763.02,85.71,26.79,1,2,0
2,6,1989.94,760.05,83.34,20.86,1,1,0
2,7,434.71,755.65,85.96,36.16,1,2,0
2,8,1387.33,749.89,87.67,34.22,1,1,0
2,9,1451.88,752.09,93.90,31.75,1,1,0
2,10,1581.10,766.93,36.33,12.23,1,2,0
2,11,2102.46,768.74,27.39,8.62,1,2,0
2,12,1507.17,782.39,6.88,4.92,1,4,0
2,13,1333.82,781.60,7.98,6.51,1,4,0
2,14,1074.19,783.21,6.96,5.59,1,4,0
2,15,1011.61,783.47,6.48,5.71,1,4,0
2,16,2394.73,767.63,20.19,6.75,1,2,0
3,1,469.30,722.70,227.84,56.62,1,1,0
3,2,1786.98,770.86,115.92,25.80,1,1,0
3,3,2128.73,778.00,48.21,22.73,1,1,0
3,4,1139.57,760.24,115.77,25.71,1,1,0
3,5,803.68,756.33,85.43,25.92,1,2,0
3,6,1951.97,779.44,82.20,21.15,1,1,0
3,7,384.09,739.09,88.13,36.89,1,2,0
3,8,1352.48,755.62,88.49,34.28,1,1,0
3,9,1420.89,760.38,92.26,30.83,1,1,0
3,10,1544.57,776.33,36.68,12.53,1,2,0
3,11,2062.24,790.21,26.70,8.95,1,2,0
3,13,1297.43,784.60,7.76,6.41,1,4,0
3,14,1155.94,784.47,6.66,5.56,1,4,0
3,18,1268.29,785.29,7.40,6.05,1,4,0
4,1,397.79,728.28,236.66,58.58,1,1,0
4,2,1734.35,767.66,115.06,26.02,1,1,0
4,3,2070.34,771.37,46.76,23.34,1,1,0
4,4,1089.18,762.01,113.32,25.78,1,1,0
4,5,744.18,761.00,87.64,26.33,1,2,0
4,6,1896.47,775.59,80.95,20.46,1,1,0
4,7,311.19,743.91,87.54,40.13,1,2,0
4,8,1301.20,756.12,89.30,34.26,1,1,0
4,9,1367.23,759.67,98.47,31.30,1,1,0
4,10,1495.60,775.28,34.82,12.97,1,2,0
4,11,2005.87,784.88,26.19,8.73,1,2,0
4,14,1029.26,784.04,6.66,5.33,1,4,0
4,15,983.06,783.33,6.69,5.29,1,4,0
4,16,2286.36,789.44,12.65,6.06,1,2,0
5,1,315.21,726.52,247.17,59.40,1,1,0
5,2,1674.49,769.14,113.22,25.61,1,1,0
5,3,2004.96,773.96,47.04,22.54,1,1,0
5,4,1029.55,762.19,117.73,26.17,1,1,0
5,5,675.32,759.87,96.04,27.35,1,2,0
5,6,1834.79,777.19,79.74,20.28,1,1,0
5,7,228.04,741.59,88.87,41.50,1,2,0
5,8,1243.06,756.21,89.22,34.96,1,1,0
5,9,1311.77,760.09,96.01,31.49,1,1,0
5,10,1439.21,776.03,35.74,12.86,1,2,0
5,14,995.91,785.36,7.19,5.39,1,4,0
5,26,852.04,782.26,7.40,5.77,1,4,0
5,15,899.13,783.03,7.21,5.83,1,4,0
5,16,2216.80,791.48,12.82,6.03,1,2,0
6,1,229.37,703.12,257.87,61.95,1,1,0
6,2,1615.92,776.17,111.07,25.61,1,1,0
6,3,1940.08,787.65,44.71,22.45,1,1,0
6,4,969.61,754.32,112.93,25.33,1,1,0
6,5,602.54,742.82,101.38,28.35,1,2,0
6,6,1772.55,787.84,78.51,20.27,1,1,0
6,7,145.02,714.61,90.49,42.67,1,2,0
6,8,1185.81,752.30,88.68,35.33,1,1,0
6,9,1243.88,757.91,106.28,32.83,1,1,0
6,10,1381.13,777.22,34.99,12.63,1,2,0
6,14,1156.80,781.87,7.57,6.74,1,4,0
6,26,787.49,769.37,6.85,5.40,1,4,0
6,12,1386.86,788.56,8.62,7.36,1,4,0
6,13,1187.56,782.99,8.32,7.29,1,4,0
6,18,1355.80,789.27,8.15,6.89,1,4,0
6,11,1877.21,799.21,25.21,8.43,1,2,0
7,1,147.96,686.70,272.57,66.02,1,1,0
7,2,1562.30,777.37,111.69,26.75,1,1,0
7,3,1881.95,792.29,46.22,22.84,1,1,0
7,4,914.75,748.20,114.33,26.17,1,1,0
7,5,536.84,731.29,105.55,29.57,1,2,0
7,6,1718.09,790.76,76.56,20.34,1,1,0
7,7,57.33,697.01,96.07,45.18,1,2,0
7,8,1132.28,748.44,87.16,35.08,1,1,0
7,9,1192.85,754.72,108.68,33.44,1,1,0
7,10,1329.01,775.35,35.09,13.17,1,2,0
7,14,1237.68,783.59,8.30,6.37,1,4,0
7,13,1155.50,780.83,7.50,6.60,1,4,0
7,15,1018.27,774.85,8.12,6.79,1,4,0
7,16,2081.79,816.05,14.78,6.12,1,2,0
8,1,89.26,666.75,277.51,68.70,1,1,0
8,2,1530.10,765.22,108.08,27.18,1,1,0
8,3,1846.06,781.03,42.85,22.80,1,1,0
8,4,877.09,732.94,113.80,26.86,1,1,0
8,5,488.52,715.11,103.14,29.61,1,2,0
8,6,1683.81,779.16,74.67,20.27,1,1,0
8,7,3.03,679.06,92.76,44.03,1,2,0
8,8,1097.78,734.44,89.99,35.79,1,1,0
8,9,1162.83,742.24,105.04,33.51,1,1,0
8,10,1293.96,763.11,34.91,12.55,1,2,0
8,13,1141.33,767.81,7.53,6.99,1,4,0
8,15,806.82,751.71,7.54,5.55,1,4,0
8,26,757.69,749.44,7.02,5.26,1,4,0
8,11,1782.65,791.38,26.32,8.97,1,2,0
9,1,39.98,643.92,289.10,71.98,1,1,0
9,2,1506.55,747.28,110.14,27.06,1,1,0
9,3,1821.74,762.66,45.40,24.19,1,1,0
9,4,851.57,714.50,119.43,26.93,1,1,0
9,5,453.76,694.37,110.52,30.67,1,2,0
9,6,1660.40,761.67,75.92,20.58,1,1,0
9,7,1.02,662.18,45.16,39.19,1,2,0
9,8,1074.88,716.03,88.09,35.51,1,1,0
9,9,1134.89,722.93,111.64,34.48,1,1,0
9,10,1272.20,744.94,33.88,12.24,1,2,0
9,13,1074.31,748.30,7.77,6.77,1,4,0
9,15,806.89,734.06,7.86,5.71,1,4,0
9,26,682.18,727.75,6.63,5.75,1,4,0
9,14,1138.66,750.31,7.30,6.56,1,4,0
10,1,2.46,627.79,291.67,70.54,1,1,0
10,2,1486.38,743.01,109.31,26.92,1,1,0
10,3,1800.02,762.29,45.50,22.83,1,1,0
10,4,827.95,703.46,121.44,27.34,1,1,0
10,5,422.17,679.62,107.29,31.09,1,2,0
10,6,1639.85,758.98,75.24,20.12,1,1,0
10,7,0.47,640.06,28.00,38.13,1,2,0
10,8,1052.33,707.93,89.87,35.47,1,1,0
10,9,1120.06,715.37,106.89,34.29,1,1,0
10,10,1251.83,737.64,33.65,12.76,1,2,0
10,13,931.17,731.88,8.21,6.68,1,4,0
10,15,754.27,720.20,8.40,5.44,1,4,0
11,1,0.35,634.71,251.30,68.19,1,1,0
11,2,1460.59,730.04,108.18,26.57,1,1,0
11,3,1771.78,744.20,45.85,22.95,1,1,0
11,4,797.63,699.25,121.57,26.59,1,1,0
11,5,382.62,680.71,109.31,30.54,1,2,0
11,6,1613.25,743.48,75.06,19.74,1,1,0
11,8,1023.53,699.90,91.96,36.10,1,1,0
11,9,1087.82,707.18,113.38,33.78,1,1,0
11,10,1225.35,728.43,32.45,12.31,1,2,0
11,13,1045.52,732.99,7.51,6.77,1,4,0
11,15,774.06,720.05,8.27,5.59,1,4,0
11,16,1967.02,767.39,13.51,5.96,1,2,0
11,11,1710.78,754.79,24.40,9.17,1,2,0
11,14,1090.76,734.99,7.15,5.89,1,4,0
12,1,0.40,704.83,206.72,61.83,1,1,0
12,2,1435.08,721.16,107.76,25.82,1,1,0
12,3,1745.70,719.42,42.32,22.93,1,1,0
12,4,767.41,726.23,121.56,27.55,1,1,0
12,5,341.19,731.04,111.09,29.93,1,2,0
12,6,1587.86,727.14,74.42,19.67,1,1,0
12,8,998.98,715.55,90.11,35.55,1,1,0
12,9,1062.96,718.04,111.57,32.24,1,1,0
12,10,1197.89,734.42,32.63,11.78,1,2,0
12,13,993.67,748.58,8.34,7.19,1,4,0
12,15,769.89,750.87,8.81,6.07,1,4,0
12,16,1937.23,733.66,15.08,6.17,1,2,0
12,11,1685.01,735.06,22.23,8.00,1,2,0
12,14,1060.19,749.36,7.01,6.10,1,4,0
12,26,611.96,752.14,7.10,5.81,1,4,0
13,1,0.62,736.16,162.69,57.17,1,1,0
13,2,1406.92,718.82,108.68,26.19,1,1,0
13,3,1716.70,711.99,44.18,23.01,1,1,0
13,4,735.52,737.19,126.92,28.93,1,1,0
13,5,296.51,750.40,113.12,30.96,1,2,0
13,6,1559.48,722.57,73.76,19.50,1,1,0
13,8,969.43,721.81,89.67,37.27,1,1,0
13,9,1033.11,723.50,112.71,33.28,1,1,0
13,10,1170.30,737.48,35.46,12.59,1,2,0
13,15,709.99,765.29,7.67,5.29,1,4,0
13,16,1906.65,721.07,16.58,6.73,1,2,0
13,29,626.14,767.18,7.80,5.66,1,4,0
13,34,548.19,769.39,6.95,5.07,1,4,0
13,26,598.73,768.34,7.63,5.18,1,4,0
13,12,1206.17,749.37,7.38,5.92,1,4,0
14,1,1.14,696.62,125.76,54.36,1,1,0
14,2,1386.23,733.13,109.61,26.51,1,1,0
14,3,1695.27,737.44,45.22,23.02,1,1,0
14,4,710.81,726.15,128.79,26.90,1,1,0
14,5,260.75,720.78,121.20,30.42,1,2,0
14,6,1539.24,742.60,74.04,19.38,1,1,0
14,8,946.65,718.51,92.01,37.23,1,1,0
14,9,1011.65,723.43,113.76,33.31,1,1,0
14,10,1141.20,753.04,7.00,6.76,1,4,0
14,15,710.16,751.04,7.47,5.68,1,4,0
14,16,1883.16,753.04,17.15,7.30,1,2,0
14,29,626.02,749.35,8.88,5.30,1,4,0
14,34,545.73,749.23,7.39,5.51,1,4,0
14,26,596.78,749.74,6.92,5.52,1,4,0
14,12,1171.45,751.89,10.32,6.34,1,4,0
14,13,963.44,753.41,7.78,7.02,1,4,0
14,11,1633.42,752.08,22.94,7.73,1,2,0
15,1,0.56,691.13,103.56,46.14,1,1,0
15,2,1381.25,745.69,108.65,26.14,1,1,0
15,3,1688.83,755.22,43.30,22.60,1,1,0
15,4,701.60,724.74,126.35,27.32,1,1,0
15,5,244.24,710.65,120.54,32.09,1,2,0
15,6,1533.15,756.72,73.27,19.64,1,1,0
15,8,939.08,721.98,91.09,37.08,1,1,0
15,9,1005.20,727.89,114.31,34.10,1,1,0
15,15,802.31,752.08,7.46,6.50,1,4,0
15,29,832.57,752.04,8.88,6.80,1,4,0
15,12,1143.96,748.42,32.87,12.13,1,2,0
15,13,865.26,752.33,8.39,7.38,1,4,0
15,11,1628.48,767.75,22.17,7.58,1,2,0
16,1,1.24,732.71,116.44,51.65,1,1,0
16,2,1399.30,746.26,109.61,26.12,1,1,0
16,3,1709.22,746.13,43.40,23.50,1,1,0
16,4,717.19,747.54,129.76,28.18,1,1,0
16,5,256.19,749.10,117.30,31.20,1,2,0
16,6,1552.11,752.78,72.34,19.93,1,1,0
16,8,955.26,737.45,92.73,37.30,1,1,0
16,9,1020.05,741.35,115.65,33.02,1,1,0
16,12,1157.99,758.27,33.02,12.48,1,2,0
17,1,0.40,733.80,150.76,55.50,1,1,0
17,2,1432.29,742.74,110.25,26.05,1,1,0
17,4,752.03,748.34,127.21,28.09,1,1,0
17,5,290.50,752.16,115.71,31.27,1,2,0
17,6,1586.52,748.54,73.38,19.77,1,1,0
17,8,987.67,737.23,91.60,36.87,1,1,0
17,9,1051.77,740.08,118.24,33.31,1,1,0
17,12,1190.38,756.83,34.60,12.45,1,2,0
17,16,1744.08,741.60,44.68,22.50,1,1,0
18,1,0.96,709.16,198.15,57.88,1,1,0
18,2,1475.51,745.83,112.18,26.28,1,1,0
18,4,796.52,739.11,123.36,28.01,1,1,0
18,5,338.16,734.45,116.12,31.65,1,2,0
18,8,1030.05,731.78,91.83,37.40,1,1,0
18,9,1092.86,736.58,120.20,33.28,1,1,0
18,12,1187.88,768.18,7.24,4.91,1,4,0
18,16,1791.87,749.49,47.15,23.31,1,1,0
18,18,1728.40,764.16,22.99,7.44,1,2,0
18,14,1089.62,766.94,7.23,6.23,1,4,0
18,10,982.33,765.05,8.69,7.15,1,4,0
18,15,951.36,765.04,10.43,7.29,1,4,0
18,29,1042.66,766.64,7.62,6.72,1,4,0
18,13,786.70,765.19,8.03,5.99,1,4,0
18,3,1631.61,753.91,74.97,20.28,1,1,0
19,1,0.86,698.03,261.99,61.19,1,1,0
19,4,851.28,732.11,125.16,28.16,1,1,0
19,5,398.91,727.49,116.60,31.66,1,2,0
19,8,1082.36,725.63,96.38,37.13,1,1,0
19,9,1150.40,730.03,119.51,33.45,1,1,0
19,12,1293.33,758.96,11.64,7.21,1,4,0
19,16,1852.82,743.79,48.20,23.40,1,1,0
19,38,1288.83,749.16,32.86,11.37,1,2,0
19,39,2049.74,760.16,17.15,8.33,1,2,0
19,18,1789.13,758.57,22.54,8.01,1,2,0
19,14,1036.59,758.54,8.60,7.37,1,4,0
19,15,975.09,758.15,8.44,7.04,1,4,0
19,13,813.84,757.96,8.39,6.36,1,4,0
19,3,1688.96,748.12,76.52,20.30,1,1,0
19,6,1533.70,740.13,111.11,26.46,1,1,0
20,1,67.88,730.77,322.77,66.94,1,1,0
20,4,970.42,736.01,124.43,29.34,1,1,0
20,5,523.27,748.52,110.59,31.92,1,2,0
20,8,1199.76,721.68,95.00,37.77,1,1,0
20,9,1268.73,722.45,117.00,34.24,1,1,0
20,12,1395.88,752.22,6.56,6.02,1,4,0
20,16,1816.36,721.53,77.89,20.85,1,1,0
20,38,1404.85,737.28,34.16,12.84,1,2,0
20,39,1986.41,710.97,51.94,24.14,1,1,0
20,18,1918.08,728.95,23.88,8.30,1,2,0
20,15,869.18,766.15,6.75,5.42,1,4,0
20,13,774.08,768.04,7.20,5.43,1,4,0
20,3,1651.67,717.63,118.25,27.64,1,1,0
20,11,1428.67,750.36,7.92,6.00,1,4,0
20,2,1442.75,750.14,7.09,5.76,1,4,0
20,10,802.31,766.87,7.13,5.93,1,4,0
21,1,85.79,731.50,321.77,66.75,1,1,0
21,4,985.33,737.19,123.73,28.82,1,1,0
21,5,537.39,749.44,112.72,31.76,1,2,0
21,8,1214.00,722.38,95.95,37.30,1,1,0
21,9,1285.63,723.43,116.34,33.97,1,1,0
21,12,1443.88,750.64,8.50,6.13,1,4,0
21,16,1832.82,722.05,78.56,20.64,1,1,0
21,38,1419.58,737.62,33.68,12.58,1,2,0
21,39,2003.53,712.00,53.33,23.63,1,1,0
21,15,918.08,766.20,7.75,6.00,1,4,0
21,13,789.52,769.15,7.18,5.09,1,4,0
21,3,1667.96,718.54,119.02,27.42,1,1,0
21,46,14.15,754.12,75.42,42.92,1,2,0
21,11,1425.25,752.13,8.17,5.50,1,4,0
21,2,1458.32,750.71,7.12,5.79,1,4,0
21,10,838.85,767.47,6.97,5.41,1,4,0
21,29,1227.05,758.01,7.29,6.60,1,4,0
21,14,947.16,765.63,7.03,5.52,1,4,0
22,1,97.42,730.68,321.49,66.33,1,1,0
22,4,997.70,737.67,122.83,28.95,1,1,0
22,5,549.06,749.35,110.54,31.24,1,2,0
22,8,1226.27,723.79,96.76,37.42,1,1,0
22,9,1298.73,725.05,115.23,34.01,1,1,0
22,16,1845.91,725.53,80.31,20.76,1,1,0
22,39,2018.23,715.66,53.78,24.11,1,1,0
22,15,902.10,766.80,7.12,5.26,1,4,0
22,13,802.95,769.25,7.08,5.20,1,4,0
22,3,1682.36,721.44,118.07,27.28,1,1,0
22,46,29.80,754.68,68.72,40.85,1,2,0
22,10,851.35,767.87,6.68,5.35,1,4,0
22,29,1262.33,759.77,7.65,6.19,1,4,0
22,14,929.57,766.49,7.74,5.76,1,4,0
22,18,1950.10,734.10,23.66,7.28,1,2,0
23,1,115.52,715.17,321.74,65.96,1,1,0
23,4,1018.22,732.40,124.24,29.15,1,1,0
23,5,568.58,738.31,113.95,31.24,1,2,0
23,8,1246.85,720.66,96.92,37.78,1,1,0
23,9,1317.25,722.44,118.10,34.57,1,1,0
23,16,1872.47,728.70,79.73,21.24,1,1,0
23,39,2045.28,720.68,54.21,24.20,1,1,0
23,3,1706.33,723.80,118.60,26.50,1,1,0
23,46,53.01,738.96,63.23,39.84,1,2,0
23,10,846.12,761.18,6.39,5.98,1,4,0
23,29,1259.31,756.22,7.44,6.81,1,4,0
23,14,1002.93,760.36,7.30,6.26,1,4,0
23,18,1975.02,737.41,24.74,7.48,1,2,0
23,6,1493.42,752.19,6.87,5.52,1,4,0
23,12,1459.23,752.89,8.41,5.81,1,4,0
23,38,1477.14,752.28,7.70,5.84,1,4,0
23,11,1196.92,756.67,7.95,6.81,1,4,0
23,2,1444.95,753.09,7.00,5.89,1,4,0
24,1,107.50,726.15,326.04,68.63,1,1,0
24,4,1020.71,740.98,121.31,29.52,1,1,0
24,5,566.72,749.76,110.90,31.84,1,2,0
24,8,1248.95,727.59,96.32,38.28,1,1,0
24,9,1320.72,729.43,117.92,34.70,1,1,0
24,16,1876.74,734.07,80.73,21.03,1,1,0
24,39,2050.75,725.09,54.65,24.14,1,1,0
24,3,1710.96,729.20,119.21,27.89,1,1,0
24,46,44.96,753.61,63.66,39.07,1,2,0
24,29,1236.87,764.32,8.49,7.34,1,4,0
24,14,977.37,768.77,7.99,5.57,1,4,0
24,51,1170.70,765.30,8.50,7.20,1,4,0
24,52,2265.28,735.88,20.32,8.40,1,2,0
24,12,1458.37,747.09,34.98,11.63,1,2,0
24,11,1137.70,765.89,8.05,7.18,1,4,0
24,2,1285.83,764.05,8.23,6.89,1,4,0
24,15,950.03,768.48,8.34,6.15,1,4,0
25,1,85.64,734.20,333.61,71.39,1,1,0
25,4,1012.85,744.31,122.98,29.29,1,1,0
25,5,551.01,756.52,115.24,32.07,1,2,0
25,8,1242.39,728.21,95.74,38.26,1,1,0
25,9,1311.52,729.50,120.21,35.82,1,1,0
25,16,1867.69,730.30,80.59,20.98,1,1,0
25,39,2040.55,720.58,54.12,24.20,1,1,0
25,3,1702.66,726.81,119.04,27.80,1,1,0
25,46,24.92,762.78,63.63,40.31,1,2,0
25,29,1299.90,764.68,7.24,6.44,1,4,0
25,51,1127.31,768.44,9.19,7.33,1,4,0
25,52,2255.59,730.62,18.95,8.36,1,2,0
25,12,1448.94,746.54,35.65,11.52,1,2,0
25,2,1251.80,765.59,7.53,6.65,1,4,0
25,13,763.53,776.56,7.38,5.73,1,4,0
25,6,1452.47,758.42,9.82,7.14,1,4,0
26,1,60.90,742.98,334.51,71.27,1,1,0
26,4,999.20,747.88,124.21,29.52,1,1,0
26,5,533.51,762.19,113.38,32.63,1,2,0
26,8,1228.55,731.22,95.91,38.23,1,1,0
26,9,1298.61,731.32,120.14,35.86,1,1,0
26,16,1854.65,729.72,78.87,20.91,1,1,0
26,39,2026.36,719.08,54.42,24.39,1,1,0
26,3,1690.06,726.83,117.69,27.54,1,1,0
26,46,2.54,770.65,66.45,41.55,1,2,0
26,29,1331.45,766.00,6.85,5.69,1,4,0
26,51,1239.40,768.87,7.89,6.41,1,4,0
26,52,2243.22,727.98,16.45,8.66,1,2,0
26,12,1436.89,747.56,33.04,11.75,1,2,0
26,2,1286.30,767.02,7.61,6.33,1,4,0
26,13,707.80,783.73,7.09,5.56,1,4,0
26,6,1350.64,765.83,7.16,5.28,1,4,0
26,34,661.61,784.78,8.13,6.02,1,4,0
26,10,770.38,781.34,6.97,5.59,1,4,0
26,18,1957.97,737.11,26.04,7.91,1,2,0
26,15,822.21,780.47,6.93,5.91,1,4,0
27,1,31.06,750.06,342.09,72.36,1,1,0
27,4,982.09,754.85,127.24,29.42,1,1,0
27,5,511.02,770.25,114.10,32.47,1,2,0
27,8,1212.89,737.59,97.80,39.41,1,1,0
27,9,1284.31,738.92,120.31,35.20,1,1,0
27,16,1836.85,736.36,80.19,20.92,1,1,0
27,39,2009.45,725.07,52.99,24.22,1,1,0
27,3,1672.88,732.46,118.49,28.00,1,1,0
27,46,1.82,770.47,48.52,49.42,1,2,0
27,29,1428.18,767.25,8.25,5.75,1,4,0
27,51,1445.84,766.66,7.54,5.96,1,4,0
27,52,2222.73,734.84,17.28,6.63,1,2,0
27,12,1421.04,755.02,33.26,12.03,1,2,0
27,6,1412.22,768.30,7.26,5.74,1,4,0
27,10,751.17,789.20,6.27,5.94,1,4,0
27,15,850.61,785.66,7.36,5.93,1,4,0
27,38,1460.81,766.61,7.44,6.01,1,4,0
27,14,963.55,782.99,7.66,5.61,1,4,0
27,11,982.30,782.30,7.68,5.72,1,4,0
28,1,0.77,751.41,301.05,69.97,1,1,0
28,4,931.63,764.22,127.92,29.93,1,1,0
28,5,445.85,774.67,120.39,33.17,1,2,0
28,8,1163.92,750.09,98.85,39.54,1,1,0
28,9,1240.52,751.42,117.34,36.08,1,1,0
28,16,1787.62,755.34,79.05,20.86,1,1,0
28,39,1956.78,746.65,54.03,24.23,1,1,0
28,3,1625.95,751.05,116.69,27.30,1,1,0
28,29,1381.22,782.51,8.17,6.10,1,4,0
28,51,1414.18,781.85,7.01,5.84,1,4,0
28,12,1373.81,768.90,33.19,12.65,1,2,0
28,6,1364.78,783.12,7.28,5.95,1,4,0
28,10,721.86,796.68,7.49,5.75,1,4,0
28,38,1398.33,782.02,7.40,5.98,1,4,0
28,11,910.83,792.99,7.66,6.31,1,4,0
28,2,1268.84,785.37,7.05,5.88,1,4,0
28,13,581.62,800.21,7.17,5.55,1,4,0
28,18,1887.91,764.17,23.18,7.63,1,2,0
29,1,0.35,745.60,174.28,66.31,1,1,0
29,4,844.02,763.04,129.50,30.52,1,1,0
29,5,328.38,769.81,131.09,33.97,1,2,0
29,8,1082.44,751.07,97.77,38.84,1,1,0
29,9,1159.48,752.82,118.46,35.92,1,1,0
29,16,1703.02,760.93,75.85,20.31,1,1,0
29,39,1867.42,752.46,53.58,24.31,1,1,0
29,3,1544.73,755.36,113.98,26.48,1,1,0
29,29,1317.47,783.89,8.39,6.08,1,4,0
29,12,1291.94,769.47,34.03,13.39,1,2,0
29,6,1333.15,783.79,7.34,5.64,1,4,0
29,38,1300.00,784.67,8.21,5.78,1,4,0
29,2,1283.84,785.04,7.19,5.79,1,4,0
29,18,1800.55,769.06,23.53,8.08,1,2,0
29,52,2068.18,766.35,18.82,6.57,1,2,0
29,14,1064.86,788.01,8.37,7.31,1,4,0
30,1,0.77,757.28,108.84,49.63,1,1,0
30,4,801.76,761.74,130.82,29.18,1,1,0
30,5,271.56,765.94,137.49,34.58,1,2,0
30,8,1044.85,748.34,97.84,38.81,1,1,0
30,9,1122.28,749.69,117.72,36.82,1,1,0
30,16,1665.66,759.75,74.59,19.72,1,1,0
30,39,1827.99,751.00,54.02,23.90,1,1,0
30,3,1508.11,753.64,113.92,26.46,1,1,0
30,12,1256.19,769.74,33.71,11.86,1,2,0
30,6,1282.50,781.60,7.33,5.93,1,4,0
30,38,1125.21,784.79,8.04,5.85,1,4,0
30,2,1189.33,784.15,7.12,5.04,1,4,0
30,18,1761.81,768.41,22.68,7.57,1,2,0
30,52,2026.91,765.45,18.52,6.34,1,2,0
30,14,1077.25,785.29,8.34,6.78,1,4,0
30,34,684.36,789.53,7.06,5.80,1,4,0
30,15,777.15,788.46,7.93,6.57,1,4,0
30,10,654.59,789.99,6.79,6.03,1,4,0
30,11,744.96,788.91,8.08,6.18,1,4,0
30,13,522.46,792.17,6.82,5.61,1,4,0
31,4,770.86,760.28,130.40,29.90,1,1,0
31,5,224.77,764.67,140.31,35.24,1,2,0
31,8,1015.40,747.45,100.23,39.13,1,1,0
31,9,1094.86,749.19,121.04,36.73,1,1,0
31,16,1639.61,758.63,74.73,20.31,1,1,0
31,39,1799.94,751.18,52.67,23.49,1,1,0
31,3,1481.01,752.99,114.66,26.72,1,1,0
31,12,1228.90,768.65,32.96,11.98,1,2,0
31,6,1253.70,781.18,7.35,5.91,1,4,0
31,38,1094.00,784.20,6.35,6.20,1,4,0
31,2,1141.88,783.94,7.24,5.38,1,4,0
31,18,1736.61,768.10,22.86,7.17,1,2,0
31,52,2001.29,765.15,15.57,5.95,1,2,0
31,14,994.83,785.26,9.22,7.33,1,4,0
31,59,1219.76,782.12,6.98,6.01,1,4,0
31,15,744.86,788.32,8.39,6.61,1,4,0
31,11,684.44,789.26,7.11,5.64,1,4,0
31,46,0.05,752.05,59.28,54.37,1,1,0
31,29,1269.94,781.34,6.89,5.56,1,4,0
32,4,763.04,759.43,132.36,30.25,1,1,0
32,5,212.00,763.94,140.17,35.03,1,2,0
32,8,1008.53,747.22,99.16,38.64,1,1,0
32,9,1088.37,748.12,119.82,36.92,1,1,0
32,16,1632.61,758.51,75.02,20.40,1,1,0
32,39,1793.17,750.86,52.38,23.68,1,1,0
32,3,1475.48,752.83,113.05,26.72,1,1,0
32,12,1221.92,768.54,34.50,11.50,1,2,0
32,6,1154.58,783.13,7.26,5.11,1,4,0
32,38,1041.72,784.20,8.42,6.58,1,4,0
32,2,1090.70,783.31,8.91,6.40,1,4,0
32,18,1728.30,767.94,21.23,7.04,1,2,0
32,52,1989.28,764.99,18.09,6.31,1,2,0
32,14,1015.13,784.73,8.10,6.69,1,4,0
32,59,1174.08,783.32,6.99,5.10,1,4,0
32,15,916.07,784.85,8.77,7.12,1,4,0
32,46,0.50,751.74,44.81,53.89,1,1,0
32,34,880.71,785.52,8.16,7.00,1,4,0
32,10,556.93,789.61,7.00,5.75,1,4,0
32,13,526.53,790.03,6.56,5.82,1,4,0
33,4,738.84,756.63,131.99,30.36,1,1,0
33,5,174.29,761.88,145.00,35.66,1,2,0
33,8,987.59,743.67,102.68,39.16,1,1,0
33,9,1068.95,745.07,120.15,37.01,1,1,0
33,16,1614.30,755.52,73.61,19.94,1,1,0
33,39,1773.79,746.99,52.29,24.01,1,1,0
33,3,1457.01,749.37,113.10,27.25,1,1,0
33,12,1203.08,764.97,34.35,11.75,1,2,0
33,38,992.34,781.99,8.47,6.99,1,4,0
33,2,1044.54,780.80,7.98,7.04,1,4,0
33,18,1709.97,764.30,23.79,7.50,1,2,0
33,15,965.36,782.05,8.61,6.95,1,4,0
33,34,855.49,784.15,8.65,6.70,1,4,0
33,10,611.63,785.21,8.30,5.29,1,4,0
33,13,707.89,785.06,8.94,6.01,1,4,0
33,11,675.18,785.48,9.02,5.54,1,4,0
34,4,711.15,753.42,134.56,29.44,1,1,0
34,5,124.62,758.79,150.27,36.10,1,2,0
34,8,963.19,739.94,99.78,39.02,1,1,0
34,9,1044.39,740.61,121.16,37.43,1,1,0
34,16,1592.34,749.79,73.23,21.27,1,1,0
34,39,1751.49,742.52,52.62,23.91,1,1,0
34,3,1434.56,744.88,114.99,27.25,1,1,0
34,12,1179.24,760.60,34.62,11.80,1,2,0
34,38,897.84,778.80,9.43,7.61,1,4,0
34,2,1017.66,775.52,8.67,7.18,1,4,0
34,34,864.83,778.93,9.86,7.61,1,4,0
34,10,579.00,782.84,7.38,5.31,1,4,0
34,13,676.76,781.32,8.95,5.88,1,4,0
34,11,614.95,782.77,8.51,5.80,1,4,0
35,4,688.44,753.76,135.37,30.01,1,1,0
35,5,86.21,759.99,154.80,37.58,1,2,0
35,8,945.30,739.68,100.73,39.34,1,1,0
35,9,1027.79,740.71,120.45,37.54,1,1,0
35,16,1575.56,749.56,72.49,20.08,1,1,0
35,39,1734.63,741.30,50.88,23.76,1,1,0
35,3,1418.54,744.03,113.64,27.34,1,1,0
35,12,1162.37,760.66,34.15,11.84,1,2,0
35,38,802.76,780.59,8.83,7.15,1,4,0
35,10,405.51,785.60,6.56,5.74,1,4,0
35,13,690.21,783.06,7.97,5.91,1,4,0
35,11,551.11,784.39,9.03,5.53,1,4,0
35,59,1148.80,774.97,7.82,6.30,1,4,0
35,18,1668.50,758.40,23.10,7.63,1,2,0
36,4,654.64,761.67,139.47,31.82,1,1,0
36,5,29.70,774.74,160.51,38.48,1,2,0
36,8,914.47,745.12,108.09,40.57,1,1,0
36,9,1005.92,745.59,115.82,38.08,1,1,0
36,16,1550.72,749.89,73.86,20.26,1,1,0
36,39,1708.54,739.96,53.75,24.07,1,1,0
36,3,1393.68,745.96,113.58,27.60,1,1,0
36,12,1135.34,764.41,35.44,12.19,1,2,0
36,38,808.71,786.81,9.17,8.03,1,4,0
36,10,389.20,798.39,8.02,5.48,1,4,0
36,13,653.64,791.35,9.02,7.04,1,4,0
36,11,450.93,797.19,7.86,5.46,1,4,0
36,59,1062.86,782.03,7.30,5.51,1,4,0
36,18,1644.64,757.45,22.16,7.44,1,2,0
36,6,994.26,782.80,7.75,6.34,1,4,0
36,52,1902.84,751.86,16.07,5.94,1,2,0
36,14,1042.08,782.20,7.41,5.77,1,4,0
36,15,913.84,784.95,8.37,6.19,1,4,0
36,2,885.57,785.43,8.83,7.20,1,4,0
36,34,843.54,786.46,10.20,8.41,1,4,0
37,4,630.30,759.63,141.50,31.79,1,1,0
37,5,0.97,767.88,151.60,39.59,1,2,0
37,8,896.01,744.53,109.24,40.76,1,1,0
37,9,992.50,745.07,111.04,38.59,1,1,0
37,16,1534.32,753.08,73.22,20.09,1,1,0
37,39,1691.95,743.88,51.37,24.34,1,1,0
37,3,1377.73,748.38,113.42,27.17,1,1,0
37,12,1117.95,765.69,36.45,12.01,1,2,0
37,38,746.30,787.75,8.91,7.27,1,4,0
37,10,199.40,799.13,7.29,5.09,1,4,0
37,13,588.28,791.68,8.08,6.11,1,4,0
37,11,521.00,792.50,7.82,6.06,1,4,0
37,59,998.71,782.34,7.50,6.97,1,4,0
37,66,551.51,791.87,9.40,6.15,1,4,0
37,6,948.07,783.67,7.86,6.44,1,4,0
37,14,1044.81,782.46,7.12,5.43,1,4,0
37,15,863.70,784.95,9.70,7.84,1,4,0
37,2,819.96,785.29,9.46,7.96,1,4,0
37,34,784.04,785.59,10.21,7.92,1,4,0
37,26,166.61,800.41,8.18,6.02,1,4,0
38,4,637.29,752.63,140.56,30.34,1,1,0
38,5,1.15,750.39,141.02,39.66,1,2,0
38,8,907.96,741.46,104.04,40.50,1,1,0
38,9,996.68,743.97,118.71,38.02,1,1,0
38,16,1548.47,760.22,73.25,19.76,1,1,0
38,39,1707.99,753.45,53.66,24.01,1,1,0
38,3,1391.77,752.70,114.80,27.11,1,1,0
38,12,1129.29,765.30,35.45,12.11,1,2,0
38,38,627.72,782.27,9.36,6.17,1,4,0
38,10,195.81,782.65,7.57,5.04,1,4,0
38,13,548.05,782.21,10.08,5.64,1,4,0
38,11,483.23,782.38,8.10,5.43,1,4,0
38,59,980.72,780.30,8.15,6.67,1,4,0
38,66,517.06,781.69,8.72,5.89,1,4,0
38,6,896.89,780.26,8.89,6.91,1,4,0
38,14,1030.27,780.73,7.68,6.22,1,4,0
38,15,866.63,780.34,9.45,7.55,1,4,0
38,2,785.91,780.37,9.90,7.54,1,4,0
38,34,822.29,780.90,9.53,7.53,1,4,0
38,26,356.11,782.83,8.14,5.44,1,4,0
38,18,1639.92,769.13,23.09,7.82,1,2,0
38,52,1897.76,768.69,18.11,6.61,1,2,0
39,4,658.40,756.54,141.91,31.99,1,1,0
39,5,1.01,758.31,160.19,40.48,1,2,0
39,8,928.57,745.23,105.65,40.00,1,1,0
39,9,1020.43,746.20,116.06,38.76,1,1,0
39,16,1572.35,760.36,72.24,20.10,1,1,0
39,39,1732.21,752.90,52.34,23.84,1,1,0
39,3,1413.89,753.71,115.01,26.86,1,1,0
39,12,1149.77,767.69,34.00,12.44,1,2,0
39,10,174.67,792.10,8.66,6.30,1,4,0
39,59,946.46,784.60,8.25,6.55,1,4,0
39,6,917.08,784.73,8.52,6.41,1,4,0
39,14,1029.15,783.44,7.87,7.08,1,4,0
39,15,886.58,784.93,9.44,7.51,1,4,0
39,2,769.06,784.94,8.45,7.46,1,4,0
39,34,806.47,785.01,10.50,7.90,1,4,0
39,18,1663.67,769.10,20.37,7.36,1,2,0
39,52,1922.02,767.85,20.49,6.59,1,2,0
40,4,699.23,763.71,141.93,32.14,1,1,0
40,5,28.18,772.72,171.67,40.23,1,2,0
40,8,968.05,749.75,104.37,41.44,1,1,0
40,9,1058.62,750.14,118.11,39.46,1,1,0
40,16,1615.45,759.60,72.94,20.16,1,1,0
40,39,1776.77,750.41,52.44,23.99,1,1,0
40,3,1455.57,753.99,116.20,27.26,1,1,0
40,12,1191.34,771.17,34.48,12.58,1,2,0
40,10,260.66,801.09,9.16,5.32,1,4,0
40,59,1037.79,788.61,8.24,6.68,1,4,0
40,14,1065.27,788.22,8.74,6.72,1,4,0
40,2,645.16,795.73,9.22,6.47,1,4,0
40,34,843.98,791.44,10.15,8.09,1,4,0
40,18,1706.15,768.48,20.85,7.13,1,2,0
40,52,1970.37,764.21,19.21,6.74,1,2,0
40,38,578.03,796.59,8.52,6.31,1,4,0
40,13,481.04,798.31,8.02,5.53,1,4,0
40,11,418.89,799.31,8.20,5.82,1,4,0
40,66,451.15,798.40,8.16,6.33,1,4,0
40,26,389.55,799.26,7.68,5.78,1,4,0
41,4,715.56,764.63,139.33,32.39,1,1,0
41,5,44.85,775.30,169.67,39.87,1,2,0
41,8,981.97,750.56,105.38,41.22,1,1,0
41,9,1072.47,751.04,118.97,39.21,1,1,0
41,16,1629.29,759.02,72.96,20.27,1,1,0
41,39,1792.33,749.93,53.76,24.10,1,1,0
41,3,1468.93,753.94,117.26,27.26,1,1,0
41,12,1203.67,771.46,35.19,13.20,1,2,0
41,59,1000.16,790.29,9.23,7.06,1,4,0
41,14,1102.91,788.53,7.46,6.44,1,4,0
41,2,657.79,797.26,9.50,6.35,1,4,0
41,34,939.05,792.25,9.08,7.36,1,4,0
41,18,1721.96,767.74,21.98,7.23,1,2,0
41,52,1987.10,761.42,18.86,7.93,1,2,0
41,75,739.99,797.12,7.81,6.22,1,4,0
41,38,590.80,798.79,10.01,6.15,1,4,0
41,13,464.52,800.48,8.48,6.20,1,4,0
41,66,432.50,800.99,8.76,5.60,1,4,0
41,26,403.31,801.18,7.64,5.88,1,4,0
41,6,818.38,795.53,9.27,7.03,1,4,0
41,15,969.12,791.45,8.85,6.92,1,4,0
42,4,749.55,763.57,137.80,32.66,1,1,0
42,5,79.99,775.30,168.99,40.38,1,2,0
42,8,1016.06,748.64,105.27,41.34,1,1,0
42,9,1106.71,748.81,117.31,39.73,1,1,0
42,16,1666.74,755.21,73.85,20.66,1,1,0
42,39,1831.32,745.81,54.86,24.35,1,1,0
42,3,1505.14,750.41,118.04,27.59,1,1,0
42,12,1237.76,768.95,35.05,12.88,1,2,0
42,59,1001.45,789.49,8.84,7.15,1,4,0
42,14,1202.68,784.97,7.86,5.38,1,4,0
42,2,623.77,797.42,9.72,6.45,1,4,0
42,34,971.27,790.53,8.77,7.18,1,4,0
42,18,1759.97,764.02,21.55,7.43,1,2,0
42,52,2030.44,757.41,19.10,7.85,1,2,0
42,75,690.24,796.04,10.00,6.45,1,4,0
42,38,497.94,799.85,7.54,6.04,1,4,0
42,13,466.49,801.21,8.12,5.45,1,4,0
42,66,438.23,801.19,6.84,5.46,1,4,0
42,76,1222.98,784.34,7.68,6.15,1,4,0
42,15,1032.99,788.74,8.69,6.78,1,4,0
43,4,785.20,763.15,133.61,32.42,1,1,0
43,5,110.83,773.48,167.54,39.69,1,2,0
43,8,1051.31,748.10,105.38,41.86,1,1,0
43,9,1145.55,748.64,117.02,39.54,1,1,0
43,16,1708.60,756.38,73.10,20.23,1,1,0
43,39,1874.66,746.66,56.57,25.02,1,1,0
43,3,1542.78,750.55,120.65,28.20,1,1,0
43,12,1275.39,769.50,33.92,12.60,1,2,0
43,59,1003.04,790.13,9.39,7.39,1,4,0
43,14,1172.01,785.06,8.03,6.83,1,4,0
43,2,529.51,799.02,7.77,6.19,1,4,0
43,34,1033.99,789.37,8.49,6.98,1,4,0
43,18,1800.72,765.66,22.33,7.08,1,2,0
43,52,2077.08,759.46,19.73,7.29,1,2,0
43,75,720.55,796.27,8.63,6.36,1,4,0
43,38,469.73,800.26,7.26,5.64,1,4,0
43,13,499.13,799.83,7.75,5.55,1,4,0
43,76,1237.45,785.31,7.56,5.68,1,4,0
43,15,1065.21,788.73,8.42,6.48,1,4,0
43,6,845.78,793.22,7.62,6.88,1,4,0
44,4,797.92,750.51,134.18,32.99,1,1,0
44,5,109.90,756.17,170.03,39.97,1,2,0
44,8,1066.83,738.39,105.79,40.73,1,1,0
44,9,1160.11,739.29,116.97,39.60,1,1,0
44,16,1724.83,750.60,74.94,21.15,1,1,0
44,39,1893.75,741.83,57.45,24.74,1,1,0
44,3,1559.56,743.88,121.17,28.55,1,1,0
44,12,1290.14,761.10,34.37,11.89,1,2,0
44,59,931.35,781.05,9.78,7.77,1,4,0
44,14,1075.82,779.44,9.87,7.26,1,4,0
44,2,595.79,784.25,8.02,5.71,1,4,0
44,34,1014.03,779.89,9.65,7.41,1,4,0
44,18,1819.58,759.57,22.79,8.10,1,2,0
44,75,694.91,783.68,8.87,5.68,1,4,0
44,38,450.73,785.43,8.60,5.59,1,4,0
44,13,567.08,784.89,7.40,5.28,1,4,0
44,76,1274.13,775.97,8.03,6.58,1,4,0
44,15,1046.08,779.74,8.74,6.80,1,4,0
44,6,855.12,783.64,7.68,5.63,1,4,0
44,11,297.83,790.82,7.28,5.79,1,4,0
45,4,799.93,751.42,135.46,32.53,1,1,0
45,5,97.54,754.51,175.93,40.64,1,2,0
45,8,1069.56,739.89,102.23,40.30,1,1,0
45,9,1163.73,740.72,116.36,39.76,1,1,0
45,16,1731.28,754.73,75.74,20.88,1,1,0
45,39,1900.65,746.61,59.05,24.97,1,1,0
45,3,1567.18,747.81,120.60,28.18,1,1,0
45,12,1294.32,762.86,33.64,12.11,1,2,0
45,59,855.17,784.08,7.60,5.69,1,4,0
45,14,1107.85,779.36,9.11,7.22,1,4,0
45,2,594.22,783.36,8.12,5.96,1,4,0
45,34,933.24,779.62,9.88,7.89,1,4,0
45,18,1827.26,764.35,21.79,7.22,1,2,0
45,75,693.89,783.48,8.62,5.66,1,4,0
45,38,626.96,783.49,8.22,5.64,1,4,0
45,13,564.87,783.93,7.68,5.51,1,4,0
45,6,771.75,782.33,10.25,6.19,1,4,0
45,81,663.11,783.16,8.67,6.22,1,4,0
46,4,791.95,750.63,136.74,33.03,1,1,0
46,5,74.38,755.33,176.10,41.13,1,2,0
46,8,1064.39,738.48,107.29,41.00,1,1,0
46,9,1161.53,739.22,114.96,40.08,1,1,0
46,16,1729.04,751.89,74.30,20.82,1,1,0
46,39,1897.22,742.80,60.85,25.29,1,1,0
46,3,1563.34,745.37,121.27,28.34,1,1,0
46,12,1290.34,761.20,34.07,12.60,1,2,0
46,59,884.29,782.35,8.56,6.65,1,4,0
46,14,1073.40,779.18,9.26,7.37,1,4,0
46,2,582.78,784.16,8.85,5.93,1,4,0
46,34,962.91,780.92,10.18,7.63,1,4,0
46,18,1823.75,760.76,22.85,8.22,1,2,0
46,75,720.81,783.07,10.07,6.61,1,4,0
46,38,615.26,783.99,8.68,5.58,1,4,0
46,13,550.78,784.88,7.65,5.55,1,4,0
46,6,804.89,783.37,8.35,6.20,1,4,0
46,76,1274.23,776.58,7.76,7.50,1,4,0
46,15,1041.69,779.55,8.87,6.88,1,4,0
47,4,766.34,749.75,138.58,33.19,1,1,0
47,5,15.25,754.31,192.23,42.77,1,2,0
47,8,1041.10,738.10,109.75,41.06,1,1,0
47,9,1138.45,738.27,117.78,40.94,1,1,0
47,16,1709.47,751.71,73.61,20.66,1,1,0
47,39,1876.99,742.81,60.37,25.00,1,1,0
47,3,1544.50,744.64,120.67,28.62,1,1,0
47,12,1269.93,761.46,33.74,12.40,1,2,0
47,59,898.53,780.41,10.67,7.83,1,4,0
47,2,548.93,784.73,7.79,5.68,1,4,0
47,34,983.25,779.95,9.78,7.38,1,4,0
47,18,1802.01,759.53,23.44,8.97,1,2,0
47,75,775.08,782.73,8.81,6.35,1,4,0
47,38,582.98,784.14,8.39,5.43,1,4,0
47,13,518.84,784.84,7.61,5.34,1,4,0
47,6,818.59,783.07,8.14,5.88,1,4,0
47,76,1272.22,774.41,9.77,7.18,1,4,0
47,52,2078.68,755.47,21.54,9.25,1,2,0
47,81,688.54,783.35,8.86,6.19,1,4,0
48,4,728.37,753.78,142.14,33.42,1,1,0
48,5,0.86,753.40,149.26,44.21,1,2,0
48,8,1008.92,741.56,111.91,42.33,1,1,0
48,9,1106.29,742.29,118.69,42.17,1,1,0
48,16,1676.79,758.89,72.96,20.38,1,1,0
48,39,1843.84,750.93,58.17,24.66,1,1,0
48,3,1512.84,751.80,119.80,27.54,1,1,0
48,12,1238.20,765.91,33.70,12.81,1,2,0
48,59,899.58,784.30,10.19,7.93,1,4,0
48,34,1014.07,783.13,9.13,7.13,1,4,0
48,18,1769.06,768.16,22.92,7.94,1,2,0
48,75,947.84,784.67,9.75,7.87,1,4,0
48,38,647.02,785.39,10.31,6.76,1,4,0
48,6,980.86,784.02,8.64,6.41,1,4,0
48,76,1220.73,781.51,7.70,6.11,1,4,0
48,52,2041.34,765.93,21.42,7.40,1,2,0
48,81,690.20,785.43,10.71,6.04,1,4,0
48,14,1073.30,782.65,8.71,6.99,1,4,0
48,15,1043.05,783.46,9.09,6.59,1,4,0
49,4,694.73,753.33,145.07,33.68,1,1,0
49,5,0.42,754.88,96.37,40.95,1,2,0
49,8,978.54,742.48,113.95,42.60,1,1,0
49,9,1084.08,742.87,112.50,42.47,1,1,0
49,16,1649.22,761.20,72.19,20.46,1,1,0
49,39,1814.94,753.42,58.52,25.14,1,1,0
49,3,1486.33,753.96,118.54,27.55,1,1,0
49,12,1208.48,767.32,34.38,12.67,1,2,0
49,59,866.63,785.36,11.20,8.31,1,4,0
49,34,1012.62,784.51,8.90,6.47,1,4,0
49,75,949.24,784.18,9.08,6.60,1,4,0
49,38,608.67,785.57,10.04,6.68,1,4,0
49,6,982.83,784.50,9.38,6.92,1,4,0
49,76,1233.37,782.22,7.70,6.46,1,4,0
49,52,2011.28,768.66,20.73,6.89,1,2,0
49,81,653.87,785.26,11.43,5.73,1,4,0
49,84,1191.36,783.36,8.31,6.03,1,4,0
49,85,1075.37,752.46,37.64,31.82,1,1,0
49,14,1122.23,783.39,7.98,5.73,1,4,0
49,15,1043.17,783.87,8.09,6.66,1,4,0
49,13,500.52,785.51,8.46,5.52,1,4,0
50,4,642.55,747.36,145.33,34.13,1,1,0
50,8,934.56,738.06,115.47,42.29,1,1,0
50,9,1035.61,739.57,119.84,41.49,1,1,0
50,16,1607.38,759.27,70.57,20.17,1,1,0
50,39,1771.97,752.07,58.38,24.91,1,1,0
50,3,1444.85,750.87,118.66,27.73,1,1,0
50,12,1167.85,763.29,36.17,12.91,1,2,0
50,59,816.99,780.35,11.11,8.08,1,4,0
50,34,966.81,779.70,9.33,7.23,1,4,0
50,75,901.79,779.87,9.05,6.70,1,4,0
50,38,598.01,780.16,11.24,6.31,1,4,0
50,6,867.26,780.52,10.08,7.44,1,4,0
50,52,1963.92,767.60,21.89,7.83,1,2,0
50,81,645.68,781.02,8.89,6.81,1,4,0
50,15,998.68,779.59,9.04,7.11,1,4,0
50,13,513.19,781.42,8.57,5.50,1,4,0
50,29,1696.93,768.86,22.14,7.83,1,2,0
50,46,0.70,754.38,18.27,32.68,1,2,0
50,26,370.97,780.82,7.80,5.63,1,4,0
50,66,339.61,780.49,7.81,6.03,1,4,0
50,11,242.34,781.33,7.96,5.16,1,4,0
50,2,403.30,780.74,8.30,5.87,1,4,0
51,4,637.00,739.76,150.28,35.64,1,1,0
51,8,930.50,737.89,112.02,41.68,1,1,0
51,9,1032.81,740.84,119.64,41.86,1,1,0
51,16,1607.40,772.83,71.87,19.97,1,1,0
51,39,1772.02,768.57,58.91,25.11,1,1,0
51,3,1445.00,760.80,118.47,29.05,1,1,0
51,12,1165.16,766.87,34.78,13.09,1,2,0
51,34,963.54,779.23,9.81,7.39,1,4,0
51,75,931.54,778.88,10.06,7.69,1,4,0
51,52,1962.11,788.12,21.84,7.99,1,2,0
51,81,636.59,774.54,8.46,6.15,1,4,0
51,15,993.81,779.65,9.37,7.14,1,4,0
51,13,469.68,769.71,8.86,6.53,1,4,0
51,29,1696.70,783.87,21.22,7.39,1,2,0
51,26,293.49,766.65,8.72,5.62,1,4,0
51,66,262.24,766.27,8.05,5.45,1,4,0
51,11,230.63,765.56,9.05,5.25,1,4,0
51,76,1189.21,781.88,7.16,6.49,1,4,0
51,84,1169.01,781.59,7.60,6.22,1,4,0
51,85,1075.37,781.07,7.87,5.99,1,4,0
51,14,1123.74,782.46,7.74,5.34,1,4,0
52,4,660.58,731.36,147.14,35.08,1,1,0
52,8,952.83,731.66,113.61,42.25,1,1,0
52,9,1059.42,736.20,118.15,42.05,1,1,0
52,16,1633.81,773.21,72.38,20.28,1,1,0
52,39,1800.78,770.64,58.87,25.19,1,1,0
52,3,1471.54,760.35,118.50,28.91,1,1,0
52,12,1190.11,763.60,34.09,12.03,1,2,0
52,34,953.41,773.25,9.49,6.65,1,4,0
52,75,882.40,769.33,11.56,8.91,1,4,0
52,52,1993.71,792.09,21.10,8.17,1,2,0
52,81,657.16,764.78,9.20,6.44,1,4,0
52,15,1018.04,774.21,8.66,7.00,1,4,0
52,13,490.03,758.04,9.00,6.70,1,4,0
52,29,1723.30,784.98,22.29,7.39,1,2,0
52,59,790.54,767.74,10.14,8.00,1,4,0
52,38,523.52,759.74,10.35,5.91,1,4,0
52,6,830.57,768.52,11.13,8.52,1,4,0
52,46,0.64,718.99,17.63,32.00,1,2,0
53,4,723.57,732.07,140.63,34.81,1,1,0
53,8,1011.39,730.20,111.68,42.57,1,1,0
53,9,1117.26,734.05,117.91,42.49,1,1,0
53,16,1697.01,767.85,73.39,20.71,1,1,0
53,39,1867.11,764.88,60.97,24.98,1,1,0
53,3,1530.79,755.73,121.68,28.41,1,1,0
53,12,1248.63,761.60,35.45,12.44,1,2,0
53,52,2065.22,785.00,20.26,7.21,1,2,0
53,81,623.04,761.28,9.93,7.32,1,4,0
53,59,803.36,767.34,9.24,6.42,1,4,0
53,38,584.65,761.15,8.83,6.44,1,4,0
53,6,847.63,767.51,10.71,7.76,1,4,0
53,18,1788.20,779.97,21.10,7.04,1,2,0
53,5,0.34,716.59,85.59,39.44,1,2,0
53,66,215.21,752.40,7.26,5.06,1,4,0
54,4,771.52,737.79,143.87,35.35,1,1,0
54,8,1060.50,733.78,114.11,43.31,1,1,0
54,9,1165.75,737.85,119.38,42.05,1,1,0
54,16,1749.70,768.38,74.29,20.73,1,1,0
54,39,1923.74,764.99,61.70,25.31,1,1,0
54,3,1581.55,757.03,123.60,29.07,1,1,0
54,12,1297.45,764.19,35.18,12.82,1,2,0
54,52,2127.10,784.15,21.75,7.91,1,2,0
54,81,673.13,768.60,10.31,6.88,1,4,0
54,59,718.76,769.37,10.30,6.18,1,4,0
54,38,562.82,766.31,9.23,5.83,1,4,0
54,18,1841.69,780.28,22.32,7.33,1,2,0
54,5,0.32,710.82,143.39,54.70,1,2,0
54,26,465.30,764.23,8.49,6.25,1,4,0
54,15,1023.14,775.29,10.50,7.19,1,4,0
54,13,497.55,765.02,8.53,5.86,1,4,0
55,4,805.39,741.35,143.61,34.69,1,1,0
55,8,1092.55,736.39,118.19,42.80,1,1,0
55,9,1196.65,739.15,118.40,42.48,1,1,0
55,16,1784.55,768.51,73.67,20.80,1,1,0
55,39,1960.30,764.22,63.12,25.66,1,1,0
55,3,1614.76,757.35,124.99,29.07,1,1,0
55,12,1329.44,765.79,35.52,12.60,1,2,0
55,52,2162.51,782.50,24.56,9.37,1,2,0
55,81,560.56,769.42,8.35,6.38,1,4,0
55,59,595.81,769.62,9.23,6.00,1,4,0
55,38,530.56,769.16,8.20,5.49,1,4,0
55,18,1877.71,780.48,21.55,6.88,1,2,0
55,5,0.82,723.84,180.13,47.68,1,2,0
55,26,466.48,768.48,9.32,5.86,1,4,0
55,15,1019.31,777.27,9.50,8.27,1,4,0
55,13,500.82,768.73,8.49,6.28,1,4,0
55,2,310.53,765.67,7.21,5.33,1,4,0
55,76,1236.27,780.16,8.32,6.39,1,4,0
55,84,1152.89,779.14,8.80,7.28,1,4,0
55,85,1190.20,746.21,35.10,32.57,1,1,0
55,14,1285.63,781.29,7.82,5.68,1,4,0
56,4,839.31,744.03,142.36,34.72,1,1,0
56,8,1125.82,738.30,110.23,41.99,1,1,0
56,9,1230.41,740.30,117.64,43.00,1,1,0
56,16,1820.91,768.04,75.20,21.01,1,1,0
56,39,1999.60,763.17,63.10,26.05,1,1,0
56,3,1650.83,757.15,125.40,29.07,1,1,0
56,12,1362.75,766.61,33.20,12.79,1,2,0
56,52,2207.95,782.27,23.08,7.68,1,2,0
56,81,631.50,773.58,9.43,5.73,1,4,0
56,59,702.30,774.89,9.04,5.71,1,4,0
56,18,1915.23,780.04,22.37,6.88,1,2,0
56,5,14.40,728.11,205.21,48.20,1,2,0
56,15,1123.26,780.35,8.94,7.45,1,4,0
56,91,1364.97,781.96,7.26,6.30,1,4,0
56,76,1269.67,781.74,7.66,6.12,1,4,0
56,84,1185.65,780.41,8.74,7.11,1,4,0
56,85,1222.83,747.59,37.80,32.77,1,1,0
56,14,1318.72,782.56,7.93,5.73,1,4,0
56,34,1153.92,780.19,8.96,6.96,1,4,0
56,6,829.32,776.41,8.71,7.11,1,4,0
57,4,892.24,745.86,138.98,35.08,1,1,0
57,8,1176.60,739.34,119.13,43.11,1,1,0
57,9,1286.33,741.56,115.47,42.45,1,1,0
57,16,1880.93,767.37,75.81,20.99,1,1,0
57,39,2062.75,761.86,65.10,26.42,1,1,0
57,3,1705.56,757.29,127.81,29.30,1,1,0
57,12,1415.49,767.41,33.92,12.89,1,2,0
57,52,2275.03,781.97,22.37,7.27,1,2,0
57,5,88.37,734.98,195.06,45.70,1,2,0
57,15,1139.29,782.07,9.18,6.69,1,4,0
57,91,1396.30,782.59,8.13,6.65,1,4,0
57,76,1267.33,782.29,8.83,7.03,1,4,0
57,84,1206.25,782.07,8.98,7.07,1,4,0
57,85,1275.76,748.40,40.00,32.97,1,1,0
57,14,1347.46,783.10,7.77,5.96,1,4,0
57,34,1174.37,781.96,9.12,7.57,1,4,0
57,6,928.67,780.97,8.18,6.16,1,4,0
57,75,1012.32,780.62,9.97,7.45,1,4,0
58,4,1000.85,749.11,135.71,35.84,1,1,0
58,8,1282.01,742.13,121.84,43.41,1,1,0
58,9,1392.47,743.36,116.57,43.46,1,1,0
58,16,2003.19,769.68,79.14,21.30,1,1,0
58,39,2102.60,780.87,24.37,7.44,1,2,0
58,3,1822.84,758.83,132.72,30.23,1,1,0
58,12,1504.77,785.23,8.19,6.35,1,4,0
58,52,2194.75,764.15,72.04,26.13,1,1,0
58,5,214.76,739.78,185.21,44.88,1,2,0
58,15,1073.41,784.76,7.85,5.97,1,4,0
58,91,1429.94,785.24,8.00,6.51,1,4,0
58,76,1279.67,784.89,9.20,6.95,1,4,0
58,84,1207.41,784.63,10.35,7.94,1,4,0
58,85,1380.13,752.06,40.85,33.57,1,1,0
58,14,1343.75,784.99,9.14,7.39,1,4,0
58,34,1156.42,784.65,9.87,8.02,1,4,0
58,6,900.01,781.75,8.84,6.57,1,4,0
58,94,1526.69,784.92,8.16,6.66,1,4,0
58,75,944.25,782.95,9.29,6.14,1,4,0
58,13,420.80,781.67,7.32,5.50,1,4,0
58,59,673.91,780.42,8.49,5.87,1,4,0
59,4,1147.99,752.86,136.43,36.19,1,1,0
59,9,1430.62,743.78,122.85,44.05,1,1,0
59,16,1990.83,756.63,141.23,31.09,1,1,0
59,39,2291.45,776.91,26.87,9.18,1,2,0
59,12,1530.44,752.28,43.22,33.84,1,1,0
59,52,2185.66,765.84,83.62,22.32,1,1,0
59,5,386.16,748.35,175.08,45.11,1,2,0
59,91,1391.08,787.45,9.65,7.69,1,4,0
59,76,1262.43,786.81,10.20,8.71,1,4,0
59,14,1355.15,787.20,10.44,9.10,1,4,0
59,94,1683.06,785.51,8.16,6.83,1,4,0
59,75,978.80,785.72,8.82,7.08,1,4,0
59,95,1545.45,743.93,118.10,44.99,1,1,0
59,29,1675.45,769.22,37.31,14.74,1,2,0
59,26,555.55,789.52,7.47,6.26,1,4,0
59,18,1957.19,782.97,6.06,5.12,1,4,0
60,9,1535.22,732.28,124.11,45.65,1,1,0
60,16,2115.61,726.37,150.83,33.29,1,1,0
60,39,2321.00,730.29,88.60,23.08,1,1,0
60,12,1637.65,740.60,49.84,34.77,1,1,0
60,5,496.46,772.51,172.03,44.47,1,2,0
60,91,1407.64,783.77,9.83,8.31,1,4,0
60,76,1320.73,787.51,9.01,7.01,1,4,0
60,14,1366.17,784.05,10.30,8.07,1,4,0
60,94,1721.47,773.47,8.33,6.62,1,4,0
60,75,929.65,797.20,7.40,5.57,1,4,0
60,95,1656.14,729.00,119.84,46.25,1,1,0
60,97,2541.52,730.67,18.48,15.71,1,1,0
60,98,0.39,750.45,269.89,90.32,1,1,0
60,29,1789.32,752.63,35.27,14.82,1,2,0
60,18,1844.12,768.19,8.71,6.08,1,4,0
60,8,1251.60,751.52,136.80,37.06,1,1,0
60,85,1460.04,781.94,10.21,8.11,1,4,0
60,34,1191.44,789.45,9.36,6.72,1,4,0
60,6,902.89,797.85,7.17,5.79,1,4,0
61,9,1586.58,720.84,126.07,46.08,1,1,0
61,16,2174.66,695.60,158.11,35.61,1,1,0
61,39,2389.73,695.06,89.35,23.76,1,1,0
61,12,1688.08,727.17,50.30,32.61,1,1,0
61,5,541.58,790.09,169.40,47.36,1,2,0
61,91,1413.90,779.28,10.45,8.34,1,4,0
61,76,1329.52,785.39,7.58,6.56,1,4,0
61,94,1771.45,757.48,8.90,7.19,1,4,0
61,75,1058.13,799.80,8.37,6.53,1,4,0
61,95,1712.69,713.91,121.24,47.04,1,1,0
61,97,2502.57,701.96,30.81,9.92,1,2,0
61,98,0.36,780.44,312.82,96.04,1,1,0
61,29,1803.30,756.20,8.30,6.98,1,4,0
61,18,1831.36,753.39,9.14,6.42,1,4,0
61,8,1300.34,747.75,136.11,38.64,1,1,0
61,85,1586.72,768.72,9.81,7.29,1,4,0
61,34,1194.47,791.69,8.60,7.02,1,4,0
61,3,1845.13,735.76,35.42,14.64,1,2,0
61,15,1091.03,798.40,7.78,5.81,1,4,0
61,84,1124.20,795.72,9.02,6.89,1,4,0
62,9,1590.69,715.85,130.08,45.63,1,1,0
62,16,2185.74,696.34,156.12,35.25,1,1,0
62,39,2398.54,698.49,89.76,24.98,1,1,0
62,12,1702.72,722.71,48.06,34.64,1,1,0
62,5,532.68,772.51,172.97,46.90,1,2,0
62,91,1462.74,769.89,10.81,9.29,1,4,0
62,94,1889.72,747.59,7.76,6.85,1,4,0
62,75,1004.83,791.00,7.42,6.31,1,4,0
62,95,1729.97,709.44,110.46,46.58,1,1,0
62,98,0.63,763.38,301.98,87.82,1,1,0
62,29,1812.32,752.69,8.61,5.88,1,4,0
62,18,1840.63,750.84,8.26,6.52,1,4,0
62,8,1303.41,739.60,138.60,39.20,1,1,0
62,85,1555.24,765.39,9.43,6.80,1,4,0
62,3,1851.18,730.89,36.53,15.00,1,2,0
62,15,975.02,791.84,7.77,6.24,1,4,0
62,84,1159.27,785.04,8.14,5.90,1,4,0
62,6,836.44,798.15,8.17,5.70,1,4,0
63,9,1564.43,723.72,129.61,44.93,1,1,0
63,16,2156.74,720.48,155.47,33.89,1,1,0
63,39,2367.32,725.80,88.83,23.78,1,1,0
63,12,1669.40,731.05,48.46,33.80,1,1,0
63,5,488.99,756.50,177.97,46.12,1,2,0
63,91,1569.57,769.32,10.64,7.71,1,4,0
63,94,1864.92,761.09,8.70,7.30,1,4,0
63,75,1061.48,781.63,7.60,5.57,1,4,0
63,95,1693.02,721.07,123.96,46.28,1,1,0
63,98,1.00,735.10,248.00,85.18,1,1,0
63,29,1732.88,766.20,8.58,6.42,1,4,0
63,18,1761.30,765.33,8.69,6.66,1,4,0
63,85,1603.45,769.19,10.59,6.91,1,4,0
63,3,1824.88,745.17,36.54,13.93,1,2,0
63,15,1027.76,782.34,8.12,6.25,1,4,0
63,84,1168.89,779.39,10.25,6.98,1,4,0
63,6,917.41,784.99,6.94,5.35,1,4,0
63,81,685.84,793.27,7.86,5.93,1,4,0
63,4,1276.55,740.37,139.76,38.43,1,1,0
63,14,1530.23,770.85,10.56,7.78,1,4,0
63,97,2477.60,735.80,30.20,9.51,1,2,0
64,9,1526.38,724.13,131.85,44.97,1,1,0
64,16,2112.86,728.30,151.86,33.60,1,1,0
64,39,2426.98,747.04,29.37,9.10,1,2,0
64,12,1631.11,733.50,49.88,32.69,1,1,0
64,5,431.14,743.13,182.32,48.18,1,2,0
64,91,1601.73,769.03,10.33,7.76,1,4,0
64,94,1827.54,764.82,8.75,7.22,1,4,0
64,95,1656.66,723.06,122.77,46.78,1,1,0
64,98,1.37,730.78,177.68,70.52,1,1,0
64,29,1751.11,767.88,8.30,6.15,1,4,0
64,18,1779.01,766.63,8.06,6.65,1,4,0
64,85,1634.62,768.62,9.55,6.86,1,4,0
64,3,1783.39,748.04,33.98,14.10,1,2,0
64,15,1019.37,776.09,7.94,6.40,1,4,0
64,104,1666.49,768.76,8.45,6.20,1,4,0
64,4,1237.85,737.55,141.35,39.04,1,1,0
64,14,1566.95,769.45,10.20,7.28,1,4,0
64,97,2543.43,738.65,16.57,17.75,1,1,0
64,59,613.92,785.32,6.70,5.95,1,4,0
64,52,2318.81,735.52,86.02,23.74,1,1,0
64,26,631.32,784.62,8.41,5.95,1,4,0
64,76,1398.69,772.35,10.69,8.86,1,4,0
65,9,1489.81,713.23,131.01,45.66,1,1,0
65,16,2074.17,718.48,147.03,32.40,1,1,0
65,39,2379.50,736.52,28.80,9.29,1,2,0
65,12,1593.15,722.73,48.30,31.34,1,1,0
65,5,377.23,730.51,185.93,48.95,1,2,0
65,95,1622.78,711.45,120.69,47.30,1,1,0
65,98,0.33,719.33,113.91,68.65,1,1,0
65,3,1745.02,736.94,34.94,15.15,1,2,0
65,15,979.50,764.72,8.28,5.91,1,4,0
65,4,1201.04,725.14,141.47,38.78,1,1,0
65,97,2495.13,716.65,64.67,28.48,1,1,0
65,52,2273.84,726.03,84.53,22.39,1,1,0
65,26,771.19,767.68,6.91,5.44,1,4,0
65,76,1362.45,760.80,11.20,9.54,1,4,0
65,34,1319.06,761.13,10.87,8.94,1,4,0
65,8,1418.84,759.91,9.86,8.40,1,4,0
65,75,1088.07,763.57,9.55,6.81,1,4,0
65,84,1270.81,763.39,8.78,7.38,1,4,0
65,6,915.52,765.39,8.11,5.93,1,4,0
65,81,802.57,766.51,7.99,5.60,1,4,0
66,9,1440.78,709.21,131.23,45.42,1,1,0
66,16,2018.24,713.17,144.34,33.37,1,1,0
66,39,2315.83,732.14,28.64,8.75,1,2,0
66,12,1544.84,718.41,48.06,32.63,1,1,0
66,5,300.19,726.83,195.31,50.41,1,2,0
66,95,1574.13,707.40,119.65,47.12,1,1,0
66,3,1697.97,734.41,33.76,14.21,1,2,0
66,15,1035.23,760.25,8.92,7.36,1,4,0
66,4,1151.90,721.33,141.39,39.31,1,1,0
66,97,2429.73,711.40,84.18,29.10,1,1,0
66,52,2212.70,720.90,84.43,23.07,1,1,0
66,76,1448.64,755.67,10.19,7.62,1,4,0
66,8,1483.42,755.34,9.97,7.42,1,4,0
66,75,1129.66,760.38,8.81,7.01,1,4,0
66,2,0.14,734.15,23.78,51.48,1,1,0
66,29,1718.70,750.22,8.60,7.13,1,4,0
66,18,1766.03,749.99,8.08,5.92,1,4,0
66,85,1695.32,751.16,9.14,7.40,1,4,0
66,104,1667.28,751.82,8.75,6.25,1,4,0
66,14,1552.33,752.97,10.04,7.24,1,4,0
66,59,515.48,769.70,7.16,6.00,1,4,0
67,9,1392.35,713.34,132.76,45.40,1,1,0
67,16,1964.14,724.06,142.05,31.32,1,1,0
67,12,1496.25,723.40,49.75,32.16,1,1,0
67,5,220.42,722.50,204.56,49.99,1,2,0
67,95,1528.01,712.72,118.14,47.24,1,1,0
67,3,1648.19,742.28,33.09,13.42,1,2,0
67,15,942.07,761.32,8.63,6.92,1,4,0
67,4,1101.98,722.90,143.47,39.48,1,1,0
67,97,2366.89,723.83,82.41,27.96,1,1,0
67,52,2154.15,732.04,82.51,22.79,1,1,0
67,104,1671.66,756.88,9.14,7.00,1,4,0
67,91,1646.27,756.77,9.03,7.45,1,4,0
67,26,685.15,761.11,7.20,5.90,1,4,0
67,84,1321.99,760.21,10.46,8.67,1,4,0
67,6,907.45,761.38,8.80,7.14,1,4,0
67,81,714.05,761.34,7.26,6.23,1,4,0
68,9,1358.64,710.59,132.85,46.11,1,1,0
68,16,1928.18,727.36,139.98,32.16,1,1,0
68,12,1462.26,721.89,50.43,32.18,1,1,0
68,5,155.77,706.21,213.72,52.31,1,2,0
68,95,1496.25,711.36,116.81,47.79,1,1,0
68,3,1613.32,741.78,33.34,13.44,1,2,0
68,15,943.70,753.56,10.30,7.07,1,4,0
68,4,1066.51,716.97,141.50,39.81,1,1,0
68,97,2325.57,731.34,79.27,28.26,1,1,0
68,52,2115.64,737.89,80.54,22.21,1,1,0
68,91,1640.03,757.31,8.65,6.68,1,4,0
68,26,642.19,751.51,8.11,5.48,1,4,0
68,84,1288.17,756.58,11.47,9.02,1,4,0
68,6,867.54,753.30,8.95,6.78,1,4,0
68,81,791.42,752.63,8.27,5.97,1,4,0
68,34,1229.63,755.41,11.13,9.72,1,4,0
68,39,2212.79,749.90,26.63,8.36,1,2,0
68,75,1135.32,755.34,9.30,7.62,1,4,0
68,14,1614.59,756.34,8.93,7.16,1,4,0
68,59,546.50,750.02,8.17,5.75,1,4,0
69,9,1343.53,712.40,134.43,45.49,1,1,0
69,16,1913.11,727.98,141.26,31.93,1,1,0
69,12,1448.01,723.28,53.36,31.67,1,1,0
69,5,118.31,708.28,216.52,53.70,1,2,0
69,95,1482.86,713.05,116.60,47.96,1,1,0
69,3,1599.89,741.92,32.67,13.57,1,2,0
69,15,972.21,756.20,10.25,7.23,1,4,0
69,4,1051.25,718.99,140.91,39.34,1,1,0
69,97,2309.38,731.79,80.86,27.81,1,1,0
69,52,2100.24,738.58,78.95,21.75,1,1,0
69,26,674.92,753.71,9.65,6.43,1,4,0
69,84,1354.77,758.56,10.76,8.32,1,4,0
69,6,847.19,755.41,10.10,7.52,1,4,0
69,81,807.42,755.70,9.37,6.97,1,4,0
69,39,2197.06,750.02,28.35,8.37,1,2,0
69,14,1576.35,758.41,8.97,6.86,1,4,0
69,59,646.83,753.69,8.68,6.25,1,4,0
69,76,1390.42,758.37,9.42,8.07,1,4,0
69,8,1549.57,758.28,8.65,7.01,1,4,0
69,104,1675.40,758.83,7.91,5.66,1,4,0
70,9,1343.98,714.66,133.60,46.02,1,1,0
70,16,1916.16,726.74,140.00,31.69,1,1,0
70,12,1449.43,725.48,53.43,32.63,1,1,0
70,5,100.38,720.79,219.51,53.23,1,2,0
70,95,1486.46,714.08,113.67,48.11,1,1,0
70,3,1602.67,742.52,32.95,13.62,1,2,0
70,15,968.53,761.31,9.69,7.69,1,4,0
70,4,1048.64,723.52,143.19,39.88,1,1,0
70,97,2313.10,727.56,79.68,28.31,1,1,0
70,52,2101.52,735.66,80.47,22.59,1,1,0
70,84,1354.12,761.00,10.80,8.36,1,4,0
70,6,842.24,761.34,8.77,7.56,1,4,0
70,39,2198.47,747.73,23.92,7.27,1,2,0
70,8,1578.08,760.00,9.30,6.58,1,4,0
70,104,1678.03,759.31,6.92,5.78,1,4,0
70,38,341.88,767.73,9.62,6.27,1,4,0
70,34,1212.80,760.86,12.13,10.35,1,4,0
70,75,1165.70,761.10,10.64,8.93,1,4,0
71,9,1373.06,717.67,134.95,46.35,1,1,0
71,16,1954.41,728.45,140.64,32.07,1,1,0
71,12,1480.56,727.45,54.93,33.06,1,1,0
71,5,104.10,724.89,224.21,55.03,1,2,0
71,95,1522.40,715.82,112.14,49.42,1,1,0
71,3,1494.65,763.79,11.18,7.47,1,4,0
71,15,991.61,767.66,9.69,6.72,1,4,0
71,4,1076.22,727.02,143.76,39.95,1,1,0
71,97,2358.98,727.83,83.46,29.48,1,1,0
71,52,2143.45,736.71,78.75,22.24,1,1,0
71,84,1344.87,765.41,11.23,7.83,1,4,0
71,6,861.63,766.77,10.98,7.53,1,4,0
71,39,2238.42,748.77,27.66,8.13,1,2,0
71,8,1524.28,763.81,9.95,7.66,1,4,0
71,104,1642.06,761.42,9.11,8.03,1,4,0
71,38,531.78,767.15,9.19,6.23,1,4,0
71,34,1239.25,766.41,12.33,8.86,1,4,0
71,75,1142.34,767.53,9.41,7.22,1,4,0
71,29,1636.04,745.68,30.61,12.66,1,2,0
71,91,1585.21,763.75,9.30,6.85,1,4,0
71,26,688.00,767.49,8.90,5.88,1,4,0
71,81,821.45,767.30,9.11,6.41,1,4,0
71,14,1558.38,763.71,9.28,7.08,1,4,0
71,59,626.94,767.43,10.02,5.61,1,4,0
71,76,1424.51,764.83,10.22,8.04,1,4,0
72,9,1389.58,715.84,136.93,47.16,1,1,0
72,16,1975.27,717.64,143.34,32.68,1,1,0
72,12,1499.40,725.58,57.23,32.58,1,1,0
72,5,98.29,741.19,232.47,60.25,1,2,0
72,95,1542.91,712.46,112.37,50.25,1,1,0
72,3,1442.19,763.61,10.25,7.47,1,4,0
72,15,951.68,772.56,11.18,8.09,1,4,0
72,4,1090.69,729.79,145.33,41.50,1,1,0
72,97,2385.64,711.56,86.68,29.86,1,1,0
72,52,2165.72,724.36,80.26,23.44,1,1,0
72,84,1318.37,766.74,12.38,9.40,1,4,0
72,39,2262.62,734.48,27.12,8.60,1,2,0
72,8,1478.61,763.22,10.45,7.50,1,4,0
72,34,1255.11,767.78,12.16,8.87,1,4,0
72,75,1206.89,768.35,11.53,8.56,1,4,0
72,29,1655.29,741.16,28.32,14.40,1,2,0
72,91,1607.36,759.84,9.35,6.98,1,4,0
72,81,762.75,776.55,9.53,6.81,1,4,0
72,14,1576.69,760.00,10.04,7.36,1,4,0
72,76,1362.06,765.32,10.79,7.56,1,4,0
72,18,1738.47,756.74,7.57,6.18,1,4,0
73,9,1375.31,713.81,138.66,47.54,1,1,0
73,16,1961.43,704.53,143.27,33.97,1,1,0
73,12,1486.87,722.56,55.07,31.66,1,1,0
73,5,64.18,764.08,232.06,60.60,1,2,0
73,95,1529.67,707.71,109.34,50.52,1,1,0
73,3,1430.28,762.71,10.40,7.83,1,4,0
73,15,933.32,780.20,11.14,7.63,1,4,0
73,4,1074.90,732.19,146.63,43.49,1,1,0
73,97,2369.05,693.62,84.93,28.35,1,1,0
73,52,2150.69,708.96,79.09,22.77,1,1,0
73,84,1348.82,765.61,10.21,7.47,1,4,0
73,39,2244.48,717.98,27.33,8.59,1,2,0
73,29,1640.61,734.64,26.95,13.64,1,2,0
73,81,773.92,785.52,10.21,7.29,1,4,0
73,76,1392.52,763.39,11.09,8.52,1,4,0
73,18,1727.74,749.22,8.87,6.23,1,4,0
73,6,854.45,783.22,9.94,7.26,1,4,0
73,104,1654.29,751.48,9.76,7.95,1,4,0
73,38,617.73,791.16,8.26,6.05,1,4,0
73,26,710.98,787.20,10.63,7.64,1,4,0
73,59,648.47,789.60,8.37,6.59,1,4,0
74,9,1363.00,713.08,136.98,48.58,1,1,0
74,16,1948.79,701.82,141.13,33.25,1,1,0
74,12,1473.52,722.02,52.31,31.62,1,1,0
74,5,32.01,770.48,243.27,62.50,1,2,0
74,95,1518.24,706.24,107.58,51.12,1,1,0
74,3,1417.74,761.20,11.27,8.43,1,4,0
74,15,1024.37,778.62,11.41,7.83,1,4,0
74,4,1063.94,733.83,148.67,43.99,1,1,0
74,97,2351.85,687.57,87.98,29.06,1,1,0
74,52,2137.01,704.06,78.23,23.74,1,1,0
74,39,2229.30,713.02,28.46,9.35,1,2,0
74,29,1627.65,732.73,30.49,14.42,1,2,0
74,76,1379.31,763.23,11.07,8.54,1,4,0
74,6,919.62,782.93,10.31,6.96,1,4,0
74,104,1667.26,750.23,8.94,6.90,1,4,0
74,38,501.44,799.66,9.12,5.99,1,4,0
74,13,303.38,813.17,10.68,7.14,1,4,0
74,8,1455.25,759.69,10.73,8.22,1,4,0
74,34,1293.44,767.94,11.87,8.90,1,4,0
74,75,1229.35,769.56,12.71,10.05,1,4,0
74,14,1585.48,753.25,10.35,6.71,1,4,0
75,9,1347.41,713.69,138.90,48.82,1,1,0
75,16,1930.65,699.24,141.50,34.23,1,1,0
75,12,1458.23,722.42,51.89,31.88,1,1,0
75,5,7.70,774.91,244.45,64.71,1,2,0
75,95,1503.07,706.46,107.38,51.14,1,1,0
75,15,1006.49,781.28,10.46,7.68,1,4,0
75,4,1047.05,735.52,147.21,43.84,1,1,0
75,97,2332.19,685.33,86.47,28.88,1,1,0
75,52,2117.52,702.07,78.15,23.53,1,1,0
75,29,1611.60,732.30,30.10,14.42,1,2,0
75,6,902.10,785.75,10.64,8.10,1,4,0
75,104,1651.80,750.01,8.56,6.72,1,4,0
75,38,580.22,800.14,8.37,5.67,1,4,0
75,34,1277.11,768.69,12.18,9.22,1,4,0
75,75,1213.17,771.30,12.78,9.99,1,4,0
75,14,1570.31,753.32,10.54,6.95,1,4,0
75,84,1363.83,764.08,10.78,8.63,1,4,0
75,81,778.38,791.09,9.79,7.22,1,4,0
75,26,675.79,795.70,9.97,7.26,1,4,0
75,59,641.27,797.89,9.70,5.99,1,4,0
76,9,1326.53,714.04,139.75,48.60,1,1,0
76,16,1908.30,697.34,140.95,34.74,1,1,0
76,12,1437.96,722.20,57.34,32.01,1,1,0
76,5,0.80,778.73,218.87,64.98,1,2,0
76,95,1482.81,706.12,108.39,51.64,1,1,0
76,15,1039.36,781.13,9.74,7.62,1,4,0
76,4,1025.34,736.72,148.41,43.77,1,1,0
76,97,2304.59,683.42,85.99,28.75,1,2,0
76,52,2093.88,699.93,77.19,24.11,1,1,0
76,29,1591.22,733.29,28.85,13.10,1,2,0
76,6,931.47,785.49,9.83,7.03,1,4,0
76,34,1300.33,767.72,10.54,7.67,1,4,0
76,75,1143.67,775.75,10.58,8.65,1,4,0
76,14,1605.28,749.87,9.03,7.67,1,4,0
76,121,1088.72,778.61,9.92,8.11,1,4,0
76,84,1381.80,763.12,10.48,7.82,1,4,0
76,81,878.85,787.81,9.71,7.95,1,4,0
76,59,615.08,800.72,9.70,6.06,1,4,0
76,94,2305.30,683.72,85.30,28.30,1,1,0
76,18,1780.50,735.05,6.06,5.60,1,4,0
76,3,1344.33,764.56,10.69,8.89,1,4,0
76,76,1419.54,760.47,10.79,8.30,1,4,0
76,8,1485.05,757.30,8.92,7.84,1,4,0
77,9,1320.53,715.10,104.69,51.48,1,1,0
77,16,1906.27,717.13,72.62,22.63,1,1,0
77,15,1021.86,779.05,11.45,9.20,1,4,0
77,4,1161.93,720.94,139.54,48.76,1,1,0
77,52,2104.88,702.42,77.50,27.96,1,1,0
77,6,913.08,783.71,11.21,7.58,1,4,0
77,34,1255.24,768.21,10.70,8.33,1,4,0
77,75,1217.07,769.67,10.50,7.96,1,4,0
77,81,861.68,785.16,11.26,7.43,1,4,0
77,59,515.84,797.63,10.41,6.93,1,4,0
77,18,1732.61,712.96,130.70,32.38,1,1,0
77,3,1273.08,729.57,56.17,34.17,1,1,0
77,76,1426.05,742.26,28.15,14.44,1,2,0
77,8,1513.54,757.28,7.62,6.21,1,4,0
77,85,1988.80,726.36,24.31,8.80,1,2,0
77,39,2297.31,714.85,28.83,8.43,1,2,0
77,13,406.23,801.68,9.52,6.27,1,4,0
77,38,480.40,800.17,9.84,5.92,1,4,0
77,26,747.23,789.43,10.92,7.31,1,4,0
78,16,1961.18,723.05,72.88,26.90,1,1,0
78,15,1005.18,783.03,11.47,8.09,1,4,0
78,4,1035.20,731.11,142.26,48.22,1,1,0
78,52,2142.60,736.63,23.05,8.22,1,2,0
78,6,958.04,784.78,12.22,9.56,1,4,0
78,34,1301.95,753.08,27.15,15.07,1,2,0
78,75,1147.52,740.06,66.21,33.91,1,1,0
78,81,835.43,787.36,13.15,9.50,1,4,0
78,59,542.78,796.28,10.47,7.22,1,4,0
78,18,1771.29,736.15,68.46,21.63,1,1,0
78,3,1198.79,725.97,102.74,51.39,1,1,0
78,122,714.33,744.15,155.29,45.89,1,1,0
78,13,400.80,800.22,10.40,6.34,1,4,0
78,38,449.70,799.16,9.49,7.06,1,4,0
78,26,775.87,790.24,11.24,8.48,1,4,0
78,104,1605.01,729.95,125.22,31.28,1,1,0
78,121,1090.91,780.46,10.75,7.76,1,4,0
79,15,1016.45,776.13,9.97,8.68,1,4,0
79,4,919.10,726.30,146.18,49.14,1,1,0
79,6,887.36,776.94,11.74,8.35,1,4,0
79,34,1191.26,754.30,26.83,14.69,1,2,0
79,75,1150.53,774.43,8.42,6.95,1,4,0
79,81,838.04,778.25,13.92,9.87,1,4,0
79,59,528.01,781.64,11.66,7.52,1,4,0
79,18,1839.07,737.35,69.49,26.79,1,1,0
79,3,1087.20,724.75,103.06,51.32,1,1,0
79,122,586.64,730.43,162.68,48.97,1,1,0
79,13,401.97,781.98,10.48,7.67,1,4,0
79,38,464.38,781.06,12.47,7.04,1,4,0
79,26,766.73,779.23,11.68,9.37,1,4,0
79,123,349.65,782.99,11.15,6.69,1,4,0
79,104,1655.89,746.77,64.89,21.11,1,1,0
79,121,1086.05,774.89,9.07,7.53,1,4,0
79,91,1731.06,756.03,23.24,9.08,1,2,0
79,95,1493.83,737.70,122.01,30.44,1,1,0
79,85,2011.25,753.27,26.95,8.24,1,2,0
80,15,936.25,730.40,57.72,34.38,1,1,0
80,4,816.78,718.04,150.07,49.03,1,1,0
80,6,913.48,768.36,11.48,8.40,1,4,0
80,75,1108.95,768.97,9.06,7.58,1,4,0
80,81,830.15,767.55,10.98,8.87,1,4,0
80,59,529.78,766.34,13.40,8.24,1,4,0
80,18,1899.25,766.20,27.59,8.32,1,2,0
80,3,988.70,718.67,103.06,52.17,1,1,0
80,122,468.93,714.43,171.87,49.88,1,1,0
80,13,403.92,765.01,11.08,7.14,1,4,0
80,38,469.55,765.73,12.70,7.72,1,4,0
80,26,779.35,768.01,13.44,8.11,1,4,0
80,123,336.77,763.30,12.20,7.27,1,4,0
80,121,1092.86,751.27,28.84,14.37,1,2,0
80,126,595.04,766.88,12.47,8.75,1,4,0
80,127,271.12,763.16,11.69,7.49,1,4,0
80,128,166.03,760.56,10.80,8.25,1,4,0
80,130,654.58,767.21,12.94,10.07,1,4,0
80,131,110.71,760.59,11.32,6.95,1,4,0
80,91,1735.46,747.55,68.42,26.61,1,1,0
80,46,14.42,758.61,14.34,8.65,1,4,0
80,12,1397.06,741.45,119.85,30.65,1,1,0
80,29,1556.23,752.61,64.96,21.50,1,1,0
80,14,1629.61,764.99,23.18,7.57,1,2,0
81,15,844.37,730.63,58.01,33.75,1,1,0
81,4,718.66,717.48,157.03,49.74,1,1,0
81,6,960.00,769.67,10.03,7.09,1,4,0
81,81,818.58,769.20,11.09,8.26,1,4,0
81,59,546.24,767.04,13.84,10.05,1,4,0
81,18,1808.58,768.65,26.42,8.83,1,2,0
81,3,897.02,719.04,104.95,52.78,1,1,0
81,122,356.96,711.10,178.55,52.18,1,1,0
81,13,415.96,765.71,13.12,8.12,1,4,0
81,38,484.01,766.80,13.65,9.13,1,4,0
81,26,775.22,768.68,11.90,8.37,1,4,0
81,123,352.14,764.61,12.83,7.83,1,4,0
81,121,1002.09,751.73,31.58,14.51,1,2,0
81,126,625.55,767.50,13.51,10.31,1,4,0
81,128,140.67,760.39,11.68,8.76,1,4,0
81,130,678.59,767.71,13.80,8.88,1,4,0
81,131,79.55,760.11,12.90,7.56,1,4,0
81,9,1311.47,742.88,119.17,31.30,1,1,0
81,76,1469.60,754.73,63.11,21.41,1,1,0
81,8,1541.23,766.59,22.84,8.31,1,2,0
81,104,1646.63,749.82,64.97,27.05,1,1,0
82,15,791.39,735.28,60.12,34.27,1,1,0
82,4,663.91,722.66,157.93,50.76,1,1,0
82,6,949.13,754.14,34.31,15.40,1,2,0
82,59,560.41,774.50,16.11,10.48,1,4,0
82,18,1758.01,766.19,25.10,7.89,1,2,0
82,3,842.87,722.76,107.16,53.63,1,1,0
82,122,288.32,718.20,180.11,54.12,1,1,0
82,26,761.56,774.31,11.24,9.02,1,4,0
82,121,1021.04,773.68,7.91,6.86,1,4,0
82,131,56.91,771.91,13.66,8.69,1,4,0
82,9,1264.55,742.84,119.30,31.12,1,1,0
82,76,1421.99,753.68,62.24,21.37,1,1,0
82,8,1493.53,765.22,23.60,7.35,1,2,0
82,104,1598.25,746.93,65.50,27.31,1,1,0
83,15,767.64,732.11,61.35,32.61,1,1,0
83,4,637.17,718.93,161.38,50.76,1,1,0
83,6,927.36,750.36,35.00,15.41,1,2,0
83,18,1737.72,759.85,26.44,8.67,1,2,0
83,3,822.30,718.46,104.14,54.07,1,1,0
83,122,255.36,716.10,185.41,54.20,1,1,0
83,121,945.58,769.23,10.17,8.39,1,4,0
83,9,1244.88,737.88,119.43,31.52,1,1,0
83,76,1402.93,749.36,62.09,20.69,1,1,0
83,8,1473.68,759.66,23.23,8.79,1,2,0
83,104,1577.92,741.26,66.16,27.22,1,1,0
83,81,912.82,769.48,11.21,7.71,1,4,0
83,38,443.73,772.51,15.45,10.27,1,4,0
83,123,378.78,772.21,13.43,9.71,1,4,0
84,15,751.41,735.76,68.61,35.77,1,1,0
84,4,621.87,723.01,160.06,51.44,1,1,0
84,6,913.21,754.34,35.18,15.47,1,2,0
84,18,1726.17,761.13,23.03,8.61,1,2,0
84,3,809.99,723.68,103.54,53.63,1,1,0
84,122,233.55,721.03,191.32,55.87,1,1,0
84,121,958.74,772.66,9.53,7.24,1,4,0
84,9,1234.74,740.80,119.28,31.07,1,1,0
84,76,1392.63,751.38,60.45,21.14,1,1,0
84,104,1567.98,743.26,66.44,26.75,1,1,0
84,38,506.45,777.65,14.56,10.27,1,4,0
84,123,353.73,778.59,13.05,8.62,1,4,0
84,127,277.65,779.34,13.37,8.21,1,4,0
84,46,132.20,778.79,13.40,8.43,1,4,0
84,13,420.02,778.16,15.02,9.76,1,4,0
84,128,208.70,777.97,13.23,8.56,1,4,0
84,59,564.75,776.32,15.02,9.98,1,4,0
84,26,760.13,775.23,12.10,8.44,1,4,0
84,131,55.27,777.17,14.93,8.88,1,4,0
85,15,748.55,734.28,66.28,34.73,1,1,0
85,4,616.76,721.78,163.71,51.96,1,1,0
85,6,909.21,752.32,35.85,15.49,1,2,0
85,18,1722.64,754.85,26.46,8.74,1,2,0
85,3,807.05,720.63,101.38,54.24,1,1,0
85,122,226.31,721.16,189.16,56.35,1,1,0
85,9,1232.41,736.88,119.13,31.16,1,1,0
85,76,1390.77,747.35,60.54,20.58,1,1,0
85,104,1566.25,737.70,64.22,27.10,1,1,0
85,38,497.04,777.53,15.22,10.55,1,4,0
85,123,341.72,778.83,14.16,8.90,1,4,0
85,46,119.12,779.41,13.39,8.76,1,4,0
85,13,410.82,778.31,14.21,9.40,1,4,0
85,128,195.65,779.55,13.43,8.63,1,4,0
85,26,829.35,773.36,9.31,7.10,1,4,0
85,81,894.94,772.23,10.59,7.51,1,4,0
86,15,742.23,733.37,65.90,35.95,1,1,0
86,4,610.08,722.43,163.82,51.56,1,1,0
86,6,904.42,751.89,35.36,14.80,1,2,0
86,18,1719.31,751.85,28.78,8.55,1,2,0
86,3,801.58,719.48,100.93,56.07,1,1,0
86,122,215.46,722.81,196.22,56.64,1,1,0
86,9,1230.31,735.10,119.02,31.07,1,1,0
86,76,1387.84,745.40,61.13,20.74,1,1,0
86,104,1563.96,734.89,64.56,27.23,1,1,0
86,38,484.76,778.65,16.44,10.60,1,4,0
86,46,103.34,783.15,12.59,8.77,1,4,0
86,13,396.18,780.06,15.60,9.88,1,4,0
86,128,179.62,781.60,14.73,9.38,1,4,0
86,26,826.11,774.20,9.75,6.62,1,4,0
86,81,889.27,772.27,10.41,7.57,1,4,0
86,130,702.29,775.78,11.03,8.36,1,4,0
86,127,251.01,782.88,14.09,7.77,1,4,0
86,59,544.50,777.28,14.97,9.59,1,4,0
86,131,23.34,782.52,14.42,9.07,1,4,0
87,15,734.38,735.36,71.30,36.95,1,1,0
87,4,602.85,724.29,161.45,52.35,1,1,0
87,6,900.34,753.70,37.20,15.14,1,2,0
87,18,1718.60,752.37,26.79,8.36,1,2,0
87,3,792.89,722.51,101.50,55.22,1,1,0
87,122,202.41,724.72,196.37,58.24,1,1,0
87,9,1226.95,736.38,119.61,31.61,1,1,0
87,76,1385.47,746.32,61.01,21.07,1,1,0
87,104,1561.43,736.01,66.02,26.99,1,1,0
87,38,469.42,782.48,15.27,10.73,1,4,0
87,13,379.76,784.00,13.80,9.69,1,4,0
87,128,159.46,785.20,14.27,9.29,1,4,0
87,130,690.21,777.78,13.55,8.79,1,4,0
87,127,232.02,785.69,13.62,8.98,1,4,0
87,59,531.79,780.92,13.92,8.67,1,4,0
87,84,1454.96,755.38,23.17,9.21,1,2,0
87,126,641.91,778.81,12.88,7.96,1,4,0
87,123,309.31,785.08,14.52,9.43,1,4,0
88,15,727.66,729.69,72.21,35.06,1,1,0
88,4,595.37,717.20,168.16,53.36,1,1,0
88,6,895.94,749.13,36.26,14.93,1,2,0
88,18,1715.67,750.46,26.72,8.39,1,2,0
88,3,789.64,714.83,96.14,57.47,1,1,0
88,122,191.33,717.55,194.78,58.34,1,1,0
88,9,1223.84,732.47,119.94,31.57,1,1,0
88,76,1383.75,742.98,60.83,21.07,1,1,0
88,104,1559.45,733.25,65.62,26.94,1,1,0
88,38,453.28,775.62,15.78,11.02,1,4,0
88,13,361.68,776.94,16.47,9.93,1,4,0
88,128,138.10,777.87,14.81,9.16,1,4,0
88,130,767.18,768.97,12.42,9.67,1,4,0
88,127,210.93,778.61,13.57,8.46,1,4,0
88,84,1451.88,752.84,23.56,8.48,1,2,0
88,126,630.26,772.07,13.87,8.95,1,4,0
88,123,291.45,777.53,13.92,9.43,1,4,0
88,121,965.72,768.01,8.25,7.12,1,4,0
88,131,58.31,779.12,14.70,8.39,1,4,0
89,15,726.38,733.22,71.68,37.77,1,1,0
89,4,591.26,722.38,171.14,53.63,1,1,0
89,6,895.86,752.40,38.45,15.62,1,2,0
89,18,1718.32,752.19,26.98,8.75,1,2,0
89,3,785.33,719.48,96.53,57.32,1,1,0
89,122,181.72,723.26,196.30,58.47,1,1,0
89,9,1225.51,736.17,120.24,31.32,1,1,0
89,76,1385.32,746.14,59.76,21.00,1,1,0
89,104,1561.99,736.07,66.65,27.24,1,1,0
89,38,441.66,781.30,16.55,11.33,1,4,0
89,13,348.35,783.34,14.75,10.01,1,4,0
89,130,761.41,775.04,12.04,9.25,1,4,0
89,127,195.85,785.29,13.80,8.88,1,4,0
89,84,1454.09,754.70,24.09,9.11,1,2,0
89,126,622.63,778.36,13.36,8.35,1,4,0
89,123,276.73,783.89,13.75,9.22,1,4,0
89,131,40.17,785.08,14.24,10.13,1,4,0
89,46,121.26,784.17,15.62,9.85,1,4,0
89,59,507.09,779.87,15.25,9.37,1,4,0
90,15,723.24,731.82,68.66,36.41,1,1,0
90,4,587.37,720.66,171.48,54.61,1,1,0
90,6,892.27,750.51,40.83,15.52,1,2,0
90,18,1719.56,746.23,27.11,8.30,1,2,0
90,3,784.90,717.45,91.92,57.64,1,1,0
90,122,173.31,723.63,199.13,58.88,1,1,0
90,9,1226.21,731.38,119.93,31.97,1,1,0
90,76,1385.79,741.04,59.80,20.54,1,1,0
90,104,1563.26,729.80,67.29,27.53,1,1,0
90,38,428.43,783.19,14.49,10.41,1,4,0
90,13,333.55,784.69,13.62,9.89,1,4,0
90,130,759.13,774.48,11.00,8.62,1,4,0
90,84,1454.32,750.64,23.13,7.92,1,2,0
90,126,559.93,779.08,14.00,9.53,1,4,0
90,123,260.13,785.71,13.56,10.16,1,4,0
90,46,101.96,786.64,14.33,10.21,1,4,0
90,59,494.62,779.98,15.18,9.95,1,4,0
90,121,960.65,769.40,8.72,7.24,1,4,0
91,15,717.06,735.91,70.50,36.69,1,1,0
91,4,577.87,723.40,173.06,55.74,1,1,0
91,6,889.90,753.93,38.79,16.16,1,2,0
91,18,1715.65,750.59,26.45,8.80,1,2,0
91,3,776.55,721.42,91.96,57.40,1,1,0
91,122,155.67,726.86,203.61,59.70,1,1,0
91,9,1223.15,736.15,119.57,31.26,1,1,0
91,76,1383.21,745.42,59.47,20.72,1,1,0
91,104,1559.88,734.39,68.29,27.14,1,1,0
91,38,478.17,784.00,14.60,9.50,1,4,0
91,130,702.18,779.13,13.48,7.96,1,4,0
91,84,1450.62,753.30,24.67,10.25,1,2,0
91,126,599.36,781.61,12.69,8.60,1,4,0
91,123,236.03,788.88,13.75,9.86,1,4,0
91,46,75.33,790.46,16.49,10.82,1,4,0
91,59,542.98,782.45,14.03,9.87,1,4,0
91,121,953.32,773.23,9.04,7.17,1,4,0
91,26,825.34,776.56,9.70,7.97,1,4,0
91,81,892.84,774.50,10.06,8.26,1,4,0
91,131,0.81,793.17,9.55,9.62,1,4,0
92,15,700.89,732.43,70.93,36.45,1,1,0
92,4,559.37,720.25,175.27,55.18,1,1,0
92,6,876.74,751.38,40.22,16.59,1,2,0
92,18,1704.91,750.51,28.54,8.16,1,2,0
92,3,761.90,717.41,90.97,59.83,1,1,0
92,122,128.86,722.58,209.46,59.90,1,1,0
92,9,1212.93,733.78,118.89,32.45,1,1,0
92,76,1372.10,744.38,58.57,20.83,1,1,0
92,104,1550.67,733.22,66.83,27.82,1,1,0
92,38,450.62,779.99,15.06,10.33,1,4,0
92,130,632.90,777.17,11.92,8.72,1,4,0
92,84,1440.46,752.77,23.97,10.08,1,2,0
92,126,575.82,779.04,13.24,8.52,1,4,0
92,123,279.11,784.96,14.26,9.38,1,4,0
92,46,38.78,786.63,15.76,10.01,1,4,0
92,59,518.56,779.66,14.31,10.08,1,4,0
92,127,202.33,785.41,14.59,9.69,1,4,0
92,13,379.33,783.61,15.01,10.59,1,4,0
93,15,676.57,733.33,73.44,38.29,1,1,0
93,4,534.67,721.50,175.19,56.39,1,1,0
93,6,856.03,753.19,41.02,16.11,1,2,0
93,18,1688.04,750.70,28.33,8.48,1,2,0
93,3,739.00,719.75,89.84,58.69,1,1,0
93,122,94.48,724.63,210.25,61.74,1,1,0
93,9,1195.38,735.06,119.35,31.75,1,1,0
93,76,1355.01,745.50,57.90,20.67,1,1,0
93,104,1532.91,733.70,67.81,28.00,1,1,0
93,38,482.93,782.30,15.84,10.65,1,4,0
93,130,698.50,776.37,12.12,9.00,1,4,0
93,84,1421.86,753.43,25.46,10.02,1,2,0
93,126,653.00,778.98,13.23,7.82,1,4,0
93,46,69.85,790.35,15.61,10.24,1,4,0
93,59,543.86,781.23,13.84,8.75,1,4,0
93,127,236.28,788.43,15.38,11.07,1,4,0
93,13,413.45,783.61,15.91,10.67,1,4,0
93,81,886.21,773.39,11.00,8.20,1,4,0
94,15,650.36,739.46,70.92,35.62,1,1,0
94,4,503.89,725.14,177.04,56.19,1,1,0
94,6,834.00,757.10,38.17,16.21,1,2,0
94,18,1665.61,753.47,27.50,9.37,1,2,0
94,3,710.32,722.93,91.30,59.34,1,1,0
94,122,51.10,728.21,216.27,62.34,1,1,0
94,9,1173.17,738.84,120.35,32.03,1,1,0
94,76,1333.77,748.52,57.92,20.35,1,1,0
94,104,1511.71,737.30,67.60,27.56,1,1,0
94,38,505.74,785.35,15.35,9.33,1,4,0
94,130,709.17,781.26,12.01,8.19,1,4,0
94,84,1399.81,757.14,26.22,9.48,1,2,0
94,126,619.51,783.17,13.77,7.91,1,4,0
94,59,564.80,784.54,13.91,9.39,1,4,0
94,127,187.94,793.81,15.55,9.44,1,4,0
94,81,788.03,779.07,11.57,7.90,1,4,0
94,128,107.81,793.92,15.34,9.55,1,4,0
94,121,889.06,776.80,8.43,8.23,1,4,0
94,26,826.62,777.30,10.40,9.23,1,4,0
94,131,15.72,794.38,16.81,10.87,1,4,0
94,123,295.44,791.28,16.86,11.23,1,4,0
95,15,634.42,725.75,71.35,34.85,1,1,0
95,4,487.27,709.59,178.67,56.51,1,1,0
95,6,818.89,746.42,41.01,16.51,1,2,0
95,18,1656.08,755.57,26.39,9.23,1,2,0
95,3,694.24,710.18,89.52,59.87,1,1,0
95,122,22.74,704.54,223.10,64.24,1,1,0
95,9,1163.82,734.20,119.95,32.20,1,1,0
95,76,1323.88,746.70,57.61,20.65,1,1,0
95,104,1502.82,737.18,66.80,27.91,1,1,0
95,38,482.52,769.39,13.90,9.37,1,4,0
95,130,690.68,768.37,13.61,8.86,1,4,0
95,84,1390.73,756.39,24.17,8.80,1,2,0
95,126,597.36,768.51,14.58,8.85,1,4,0
95,59,542.93,769.51,12.81,9.68,1,4,0
95,81,733.85,769.09,11.11,8.00,1,4,0
95,135,645.41,768.46,14.12,9.13,1,4,0
95,121,901.80,767.95,8.92,6.75,1,4,0
95,26,771.17,768.14,12.95,7.91,1,4,0
95,123,343.35,769.39,16.32,10.25,1,4,0
95,13,418.67,769.36,15.58,11.62,1,4,0
96,15,680.37,711.47,71.52,35.89,1,1,0
96,4,531.81,693.20,178.48,56.57,1,1,0
96,6,866.08,736.14,38.48,15.93,1,2,0
96,18,1705.24,765.16,28.88,8.85,1,2,0
96,3,740.79,696.12,81.24,60.99,1,1,0
96,122,74.69,675.83,213.87,64.82,1,1,0
96,9,1209.65,731.70,122.59,33.18,1,1,0
96,76,1372.45,747.83,55.63,20.20,1,1,0
96,104,1552.61,743.84,68.09,28.17,1,1,0
96,38,451.81,749.23,15.46,11.36,1,4,0
96,130,684.30,753.27,13.62,9.56,1,4,0
96,84,1438.01,758.51,24.96,9.57,1,2,0
96,126,579.13,751.72,13.42,9.70,1,4,0
96,59,516.74,750.71,14.87,9.19,1,4,0
96,81,775.70,756.14,9.87,7.69,1,4,0
96,135,634.95,752.31,14.36,8.29,1,4,0
96,121,943.33,758.33,9.45,7.19,1,4,0
96,26,810.60,754.82,12.42,9.67,1,4,0
96,123,294.27,747.63,16.50,11.37,1,4,0
96,13,376.11,747.44,16.45,10.56,1,4,0
96,127,181.85,745.84,15.86,9.84,1,4,0
97,15,744.40,717.45,68.89,37.49,1,1,0
97,4,598.51,703.97,178.30,55.88,1,1,0
97,6,871.51,761.27,11.58,9.06,1,4,0
97,3,803.86,703.08,78.15,60.84,1,1,0
97,122,147.39,694.50,208.92,63.33,1,1,0
97,9,1272.63,730.27,122.06,33.28,1,1,0
97,104,1617.36,737.21,69.57,27.88,1,1,0
97,38,436.09,761.10,17.09,11.28,1,4,0
97,130,694.77,761.75,14.06,8.94,1,4,0
97,126,577.80,761.93,14.71,8.85,1,4,0
97,59,512.27,761.48,15.98,11.43,1,4,0
97,81,789.14,761.58,13.99,9.22,1,4,0
97,135,639.61,762.14,13.52,9.24,1,4,0
97,121,942.73,761.31,10.27,8.30,1,4,0
97,26,832.45,763.63,10.06,7.44,1,4,0
97,123,244.14,763.15,16.43,10.39,1,4,0
97,13,355.55,762.93,16.86,11.31,1,4,0
97,127,163.51,761.70,15.02,10.04,1,4,0
97,29,1435.69,744.46,55.34,20.62,1,1,0
97,14,1774.20,757.18,27.96,9.21,1,2,0
97,8,1501.42,754.22,23.67,9.43,1,2,0
97,46,71.38,759.76,16.80,11.23,1,4,0
98,15,826.13,723.16,68.81,36.87,1,1,0
98,4,684.08,707.65,181.00,56.62,1,1,0
98,6,868.29,765.30,13.74,9.22,1,4,0
98,3,884.97,706.28,75.04,60.29,1,1,0
98,122,242.73,704.33,202.60,61.64,1,1,0
98,104,1703.26,733.03,70.29,28.55,1,1,0
98,38,437.71,769.45,16.66,11.95,1,4,0
98,130,719.91,766.38,13.84,9.73,1,4,0
98,126,592.83,766.95,15.74,12.25,1,4,0
98,59,516.94,767.54,17.08,11.00,1,4,0
98,81,774.99,766.03,13.29,9.08,1,4,0
98,135,657.60,767.50,14.75,9.27,1,4,0
98,121,950.89,765.44,11.53,8.39,1,4,0
98,26,823.11,765.90,13.62,9.28,1,4,0
98,123,248.53,770.29,15.57,9.50,1,4,0
98,127,161.10,769.03,15.24,10.74,1,4,0
98,136,1009.97,743.01,36.81,15.96,1,2,0
98,137,913.44,766.63,9.97,7.67,1,4,0
98,139,989.90,763.65,11.23,8.31,1,4,0
98,29,1517.55,741.86,56.71,20.85,1,1,0
98,14,1862.65,752.05,31.57,8.77,1,2,0
98,8,1584.80,752.33,24.90,8.62,1,2,0
98,46,81.58,768.55,14.67,10.73,1,4,0
98,75,1055.64,763.99,9.67,7.81,1,4,0
98,12,1353.79,729.78,121.79,32.86,1,1,0
99,15,900.20,728.11,70.71,38.85,1,1,0
99,4,761.14,717.00,176.84,55.56,1,1,0
99,3,960.92,712.29,71.24,61.58,1,1,0
99,122,327.76,716.70,198.40,61.34,1,1,0
99,104,1783.62,733.44,72.14,28.88,1,1,0
99,38,403.26,782.98,15.17,10.32,1,4,0
99,126,591.09,776.76,16.40,11.55,1,4,0
99,59,510.58,780.66,16.94,11.34,1,4,0
99,135,665.34,776.56,15.40,11.10,1,4,0
99,123,238.75,781.24,16.26,11.60,1,4,0
99,127,159.71,781.70,16.20,10.92,1,4,0
99,136,1085.10,748.86,36.17,16.26,1,2,0
99,137,895.16,773.71,12.62,10.14,1,4,0
99,14,1950.53,752.48,25.52,7.90,1,2,0
99,8,1593.44,744.45,57.30,21.01,1,1,0
99,46,76.16,782.98,14.90,10.34,1,4,0
99,75,1023.09,771.48,11.45,8.91,1,4,0
99,95,1429.49,732.91,121.56,32.87,1,1,0
99,131,0.62,782.97,8.11,7.48,1,4,0
99,18,1661.03,753.98,26.07,9.70,1,2,0
99,13,324.60,782.69,15.41,9.99,1,4,0
100,15,943.28,732.26,70.58,40.53,1,1,0
100,4,808.14,722.57,173.00,56.52,1,1,0
100,3,1006.46,715.30,67.19,61.83,1,1,0
100,122,374.84,732.69,197.65,62.26,1,1,0
100,104,1835.74,719.20,74.24,29.47,1,1,0
100,38,443.36,798.76,14.72,9.96,1,4,0
100,126,550.55,794.31,17.11,11.16,1,4,0
100,123,279.89,800.40,17.07,11.21,1,4,0
100,136,1130.57,749.65,36.64,16.34,1,2,0
100,14,2001.31,735.20,27.33,8.84,1,2,0
100,8,1643.30,733.84,56.77,21.21,1,1,0
100,95,1477.41,725.95,122.99,33.51,1,1,0
100,13,364.73,799.44,15.54,10.16,1,4,0
100,130,705.95,786.13,16.06,12.33,1,4,0
100,81,771.10,785.10,14.69,10.57,1,4,0
100,26,832.71,782.26,13.65,10.09,1,4,0
101,15,955.40,740.79,68.74,38.36,1,1,0
101,4,818.74,731.13,179.12,57.76,1,1,0
101,3,1018.31,723.70,64.08,60.73,1,1,0
101,122,385.00,747.01,195.19,61.75,1,1,0
101,104,1852.74,717.42,74.45,29.31,1,1,0
101,38,443.34,813.42,14.00,9.77,1,4,0
101,126,552.46,807.73,16.86,11.32,1,4,0
101,123,276.24,816.95,17.06,11.27,1,4,0
101,136,1142.47,755.40,37.72,17.31,1,2,0
101,14,2020.97,731.58,24.48,8.61,1,2,0
101,8,1658.22,734.00,57.76,21.55,1,1,0
101,95,1491.84,727.29,123.75,33.93,1,1,0
101,13,362.88,814.53,17.06,11.21,1,4,0
101,130,711.07,797.36,16.97,12.62,1,4,0
101,26,840.62,792.30,12.81,10.37,1,4,0
101,34,1214.00,775.61,8.71,6.84,1,4,0
101,128,115.73,824.71,17.03,9.99,1,4,0
101,121,993.62,784.63,13.08,9.54,1,4,0
101,139,1077.40,781.96,10.64,7.79,1,4,0
101,135,634.21,801.60,15.99,11.14,1,4,0
101,127,199.02,819.70,15.92,11.29,1,4,0
101,46,31.23,826.05,16.88,10.09,1,4,0
101,75,1040.41,784.72,9.01,7.21,1,4,0
102,15,934.15,733.47,69.47,40.07,1,1,0
102,4,793.68,721.98,178.15,57.51,1,1,0
102,3,996.53,716.29,61.59,62.69,1,1,0
102,122,351.37,730.33,199.56,62.92,1,1,0
102,104,1834.30,724.55,75.59,28.82,1,1,0
102,123,318.93,798.42,15.10,10.91,1,4,0
102,136,1123.96,751.85,38.51,16.19,1,2,0
102,8,1639.47,738.11,58.41,21.19,1,1,0
102,95,1474.03,728.12,124.10,34.28,1,1,0
102,13,399.94,798.48,15.93,10.25,1,4,0
102,130,676.74,786.89,17.67,12.99,1,4,0
102,26,811.36,783.06,13.81,10.82,1,4,0
102,128,149.78,800.57,15.66,11.04,1,4,0
102,127,228.92,799.75,16.00,10.96,1,4,0
102,59,513.68,794.17,17.41,10.98,1,4,0
102,137,869.48,781.62,13.42,9.03,1,4,0
102,18,1708.46,747.50,29.04,8.79,1,2,0
102,81,745.26,785.02,14.95,11.02,1,4,0
103,15,888.14,728.72,67.45,37.82,1,1,0
103,4,744.77,717.21,182.58,56.54,1,1,0
103,3,949.97,711.24,60.20,64.31,1,1,0
103,122,286.51,717.43,206.74,64.81,1,1,0
103,104,1790.34,732.08,72.04,29.41,1,1,0
103,123,325.67,787.25,15.59,11.38,1,4,0
103,136,1081.92,749.39,36.85,16.40,1,2,0
103,8,1596.91,743.64,55.21,20.91,1,1,0
103,95,1432.50,731.62,122.09,33.58,1,1,0
103,130,688.08,778.03,16.45,11.65,1,4,0
103,127,242.57,785.58,15.26,11.46,1,4,0
103,59,534.13,780.80,17.08,11.96,1,4,0
103,18,1664.45,752.87,25.95,9.10,1,2,0
103,81,756.42,777.39,14.59,10.46,1,4,0
103,38,445.26,784.59,17.12,11.41,1,4,0
103,14,1952.29,750.52,27.52,8.37,1,2,0
103,139,1083.35,771.93,11.16,8.50,1,4,0
103,135,616.53,779.34,17.62,12.67,1,4,0
103,46,65.62,787.04,16.89,11.10,1,4,0
104,15,844.51,730.24,67.63,39.72,1,1,0
104,4,698.98,718.27,187.04,57.48,1,1,0
104,3,907.17,714.69,57.92,63.73,1,1,0
104,122,225.58,715.24,213.17,66.43,1,1,0
104,104,1749.91,738.21,72.83,28.86,1,1,0
104,136,1038.87,752.32,39.96,16.77,1,2,0
104,95,1394.35,737.17,121.99,32.86,1,1,0
104,130,704.82,779.60,14.69,10.41,1,4,0
104,127,255.86,786.97,16.97,11.81,1,4,0
104,59,560.83,781.77,17.55,12.47,1,4,0
104,18,1622.90,758.18,27.01,9.02,1,2,0
104,81,767.90,778.84,14.27,8.92,1,4,0
104,38,473.53,782.62,17.94,11.76,1,4,0
104,14,1910.59,756.39,30.47,9.49,1,2,0
104,135,634.17,780.45,16.95,11.27,1,4,0
104,46,71.78,786.42,16.36,11.71,1,4,0
104,29,1559.03,748.44,52.97,20.61,1,1,0
104,13,380.38,785.20,18.05,11.51,1,4,0
104,26,822.36,777.68,13.05,9.32,1,4,0
104,128,168.45,785.85,16.72,12.37,1,4,0
105,15,810.26,725.33,66.57,37.14,1,1,0
105,4,661.45,709.46,185.98,58.34,1,1,0
105,3,873.50,706.03,58.24,64.86,1,1,0
105,122,174.72,702.89,214.39,67.90,1,1,0
105,104,1721.79,737.87,71.49,29.03,1,1,0
105,136,1008.52,747.17,39.25,15.81,1,2,0
105,95,1365.57,734.18,122.14,33.37,1,1,0
105,130,725.10,769.45,14.53,9.98,1,4,0
105,18,1594.50,757.24,27.51,8.86,1,2,0
105,38,510.70,771.49,18.68,13.02,1,4,0
105,14,1880.73,758.56,27.89,8.52,1,2,0
105,46,100.77,774.97,18.35,12.12,1,4,0
105,29,1529.62,745.99,53.38,22.16,1,1,0
105,26,834.21,768.84,14.70,10.38,1,4,0
105,128,190.99,776.01,17.45,10.82,1,4,0
105,6,886.80,769.34,10.72,8.25,1,4,0
105,131,1.71,774.19,16.12,12.56,1,4,0
105,121,1007.60,768.65,11.04,8.39,1,4,0
105,75,1043.77,768.55,10.51,8.22,1,4,0
105,123,321.59,775.62,17.19,11.55,1,4,0
105,139,1075.28,769.01,10.23,7.02,1,4,0
106,15,802.50,724.20,62.17,37.09,1,1,0
106,4,651.19,706.28,185.30,58.62,1,1,0
106,3,862.16,702.30,59.95,66.01,1,1,0
106,122,156.30,696.07,218.72,69.95,1,1,0
106,104,1715.75,737.10,72.75,28.85,1,1,0
106,136,1004.06,743.96,38.10,16.74,1,2,0
106,95,1360.23,732.27,121.72,33.75,1,1,0
106,130,709.61,767.18,15.96,10.30,1,4,0
106,38,489.58,769.04,17.28,12.55,1,4,0
106,29,1523.93,745.43,54.34,21.18,1,1,0
106,26,821.00,767.41,14.87,9.68,1,4,0
106,6,916.14,767.13,12.85,8.95,1,4,0
106,121,961.00,767.45,12.43,8.80,1,4,0
106,75,998.92,767.10,10.61,8.19,1,4,0
106,59,567.95,768.06,16.89,11.41,1,4,0
106,81,768.02,768.02,13.87,9.58,1,4,0
106,135,643.28,767.98,16.86,11.31,1,4,0
106,13,395.45,769.27,17.88,11.55,1,4,0
107,15,827.41,729.43,58.02,33.92,1,1,0
107,4,675.92,711.13,186.44,59.05,1,1,0
107,3,883.10,705.72,61.96,68.09,1,1,0
107,122,173.24,703.95,214.45,70.22,1,1,0
107,104,1750.78,737.52,71.13,29.03,1,1,0
107,136,1030.43,748.32,37.97,16.34,1,2,0
107,95,1391.33,734.22,121.82,33.80,1,1,0
107,38,496.90,776.75,17.10,12.96,1,4,0
107,29,1556.42,746.47,51.20,21.09,1,1,0
107,6,891.32,771.88,11.90,9.04,1,4,0
107,75,1022.19,770.42,11.38,8.90,1,4,0
107,59,578.72,774.75,18.03,11.88,1,4,0
107,13,399.65,776.51,18.36,12.47,1,4,0
107,127,292.83,781.30,17.17,11.69,1,4,0
107,14,1907.90,757.53,29.82,8.86,1,2,0
107,46,60.13,780.04,19.29,12.45,1,4,0
107,128,153.64,781.53,19.25,11.92,1,4,0
108,15,839.48,728.02,54.59,35.62,1,1,0
108,4,686.82,708.92,189.18,59.79,1,1,0
108,3,889.41,702.70,68.13,69.53,1,1,0
108,122,183.57,701.73,213.32,70.32,1,1,0
108,104,1762.86,737.28,72.91,29.03,1,1,0
108,136,1039.96,746.10,40.03,16.25,1,2,0
108,95,1401.98,732.83,122.69,34.31,1,1,0
108,38,502.98,774.22,19.32,12.77,1,4,0
108,29,1568.11,746.32,51.19,20.82,1,1,0
108,13,406.92,774.77,18.68,11.72,1,4,0
108,127,300.82,778.81,17.55,11.19,1,4,0
108,14,1920.40,757.96,26.89,8.22,1,2,0
108,46,66.71,776.98,19.04,12.33,1,4,0
108,128,160.18,778.82,18.61,11.39,1,4,0
108,8,1630.42,755.83,27.07,10.02,1,2,0
109,15,880.17,725.86,51.11,34.82,1,1,0
109,4,725.00,706.97,187.84,60.22,1,1,0
109,3,928.22,701.33,66.39,68.81,1,1,0
109,122,224.69,701.80,211.12,71.24,1,1,0
109,104,1809.04,728.93,71.79,29.97,1,1,0
109,136,1080.07,742.32,40.09,17.45,1,2,0
109,95,1444.19,727.42,122.94,34.01,1,1,0
109,38,535.30,773.48,17.92,13.23,1,4,0
109,29,1610.64,739.39,51.27,20.82,1,1,0
109,13,436.67,774.71,19.05,12.67,1,4,0
109,14,1969.44,748.97,27.99,8.53,1,2,0
109,46,92.71,779.84,18.82,12.51,1,4,0
109,128,186.77,780.52,18.02,11.89,1,4,0
109,8,1675.34,749.88,25.12,8.32,1,2,0
109,34,1141.53,766.00,9.79,7.52,1,4,0
109,137,885.83,768.59,13.88,9.27,1,4,0
109,131,1.23,779.54,8.06,11.46,1,4,0
109,123,328.20,780.05,17.36,11.49,1,4,0
109,139,1107.41,765.49,10.17,8.33,1,4,0
109,130,698.86,771.22,16.02,11.80,1,4,0
109,26,828.84,769.64,14.91,10.22,1,4,0
109,121,1030.34,767.06,11.87,8.76,1,4,0
109,81,769.51,769.40,14.57,10.05,1,4,0
109,6,934.79,767.14,14.43,9.51,1,4,0
109,75,1070.66,766.37,10.78,8.25,1,4,0
110,15,907.56,735.09,51.07,37.39,1,1,0
110,4,756.91,718.12,189.17,60.39,1,1,0
110,3,956.19,709.25,67.52,70.04,1,1,0
110,122,255.36,720.94,209.24,69.13,1,1,0
110,104,1845.06,727.71,75.68,30.70,1,1,0
110,136,1111.46,750.82,37.84,17.04,1,2,0
110,95,1477.14,730.70,123.30,33.90,1,1,0
110,38,557.15,787.50,17.96,14.39,1,4,0
110,29,1644.79,740.73,51.74,21.23,1,1,0
110,13,457.59,789.95,18.49,13.15,1,4,0
110,14,2007.35,746.33,30.20,8.80,1,2,0
110,46,109.85,798.59,19.86,13.21,1,4,0
110,128,203.90,798.95,19.54,12.23,1,4,0
110,8,1709.12,750.90,28.36,8.73,1,2,0
110,137,913.23,779.85,13.66,9.41,1,4,0
110,131,6.09,799.33,21.61,13.53,1,4,0
110,123,346.49,797.21,17.44,12.22,1,4,0
110,130,722.29,783.80,15.48,11.85,1,4,0
110,121,1013.50,778.34,12.05,8.17,1,4,0
110,81,794.31,782.26,15.40,10.02,1,4,0
110,6,966.43,778.73,12.41,8.98,1,4,0
110,135,643.10,785.57,17.59,12.83,1,4,0
111,15,929.72,734.23,49.09,34.90,1,1,0
111,4,777.93,717.15,191.08,61.01,1,1,0
111,3,977.16,708.43,68.45,69.94,1,1,0
111,122,274.31,722.10,207.32,70.18,1,1,0
111,104,1874.24,720.95,75.12,30.35,1,1,0
111,136,1134.80,748.22,38.38,16.92,1,2,0
111,95,1501.75,725.87,126.48,34.81,1,1,0
111,38,568.85,788.76,19.86,13.95,1,4,0
111,29,1671.81,734.37,51.64,22.00,1,1,0
111,13,468.28,792.28,18.31,11.73,1,4,0
111,46,116.31,801.19,20.21,12.73,1,4,0
111,128,210.56,800.75,19.18,12.14,1,4,0
111,8,1734.65,745.34,27.30,9.35,1,2,0
111,137,932.30,777.55,13.70,9.93,1,4,0
111,123,354.28,799.10,19.09,13.04,1,4,0
111,130,738.54,783.71,15.96,11.96,1,4,0
111,81,811.54,781.19,16.03,10.36,1,4,0
111,135,657.39,785.56,18.16,12.38,1,4,0
111,26,874.56,780.04,14.30,9.86,1,4,0
111,75,1080.44,773.91,12.34,9.85,1,4,0
112,15,935.31,736.51,48.24,35.49,1,1,0
112,4,781.84,719.23,192.42,60.84,1,1,0
112,3,979.67,709.11,71.71,70.20,1,1,0
112,122,276.71,726.50,205.98,71.00,1,1,0
112,104,1884.21,718.94,75.39,30.15,1,1,0
112,136,1142.96,749.51,39.64,16.75,1,2,0
112,95,1507.96,725.88,127.61,33.67,1,1,0
112,38,568.34,792.57,17.61,13.15,1,4,0
112,29,1679.83,732.76,50.72,22.16,1,1,0
112,13,462.92,796.75,17.92,11.75,1,4,0
112,46,104.16,808.80,19.04,12.75,1,4,0
112,128,200.01,808.56,18.35,11.24,1,4,0
112,137,935.13,780.20,13.51,9.49,1,4,0
112,130,739.56,785.51,15.77,12.92,1,4,0
112,81,812.90,783.88,15.81,11.35,1,4,0
112,135,656.63,789.93,18.05,12.61,1,4,0
112,26,876.62,782.07,13.68,10.03,1,4,0
112,75,1085.93,774.78,12.37,9.58,1,4,0
112,14,2048.15,735.92,27.01,8.66,1,2,0
112,131,1.30,809.15,16.52,13.69,1,4,0
112,6,989.39,779.02,12.23,8.17,1,4,0
113,15,926.13,736.79,42.94,37.45,1,1,0
113,4,770.11,719.87,191.43,61.22,1,1,0
113,3,966.21,709.68,74.40,71.34,1,1,0
113,122,254.18,723.74,207.89,72.36,1,1,0
113,104,1878.61,724.28,75.37,30.10,1,1,0
113,136,1132.84,751.80,40.69,16.92,1,2,0
113,95,1502.34,727.86,127.68,35.18,1,1,0
113,38,540.87,793.51,20.09,13.83,1,4,0
113,29,1674.10,737.49,51.04,21.59,1,1,0
113,13,432.89,796.69,19.15,12.33,1,4,0
113,46,61.46,808.45,19.55,12.85,1,4,0
113,128,158.04,807.02,20.94,12.51,1,4,0
113,130,717.77,787.81,17.19,12.75,1,4,0
113,81,794.17,784.36,15.59,10.49,1,4,0
113,135,631.93,790.12,19.96,12.51,1,4,0
113,26,859.92,783.39,15.28,10.31,1,4,0
113,75,1073.94,776.85,14.58,9.77,1,4,0
113,6,977.70,781.24,11.43,8.34,1,4,0
113,121,1027.83,780.13,11.10,7.98,1,4,0
113,8,1735.91,747.30,28.37,9.55,1,2,0
114,15,866.20,729.50,42.82,39.34,1,1,0
114,4,709.30,711.68,191.11,61.48,1,1,0
114,3,903.78,705.40,83.59,72.36,1,1,0
114,122,168.55,704.98,215.19,76.08,1,1,0
114,104,1827.59,732.03,75.68,29.58,1,1,0
114,95,1453.21,730.17,126.66,35.05,1,1,0
114,38,551.95,781.07,19.52,12.67,1,4,0
114,29,1624.99,741.62,48.86,22.17,1,1,0
114,13,453.08,783.24,20.38,14.28,1,4,0
114,46,36.75,792.98,21.64,13.28,1,4,0
114,128,202.39,790.79,19.74,13.02,1,4,0
114,130,724.05,776.71,16.46,11.35,1,4,0
114,81,794.88,777.84,14.54,9.97,1,4,0
114,135,643.84,780.03,19.07,12.80,1,4,0
114,121,1018.08,773.33,12.00,9.85,1,4,0
114,8,1685.91,752.51,28.24,8.78,1,2,0
114,127,335.59,785.34,19.90,12.71,1,4,0
114,34,1082.94,748.05,38.89,17.16,1,2,0
114,14,1985.74,751.83,26.73,8.28,1,2,0
115,15,851.01,729.85,37.14,39.02,1,1,0
115,4,687.42,710.53,194.72,62.39,1,1,0
115,3,882.29,703.38,86.13,73.97,1,1,0
115,122,139.21,703.55,213.28,76.94,1,1,0
115,104,1809.60,732.59,73.58,29.09,1,1,0
115,95,1435.14,730.06,127.20,35.18,1,1,0
115,38,523.99,780.49,19.55,12.81,1,4,0
115,29,1606.53,741.48,50.94,22.27,1,1,0
115,13,423.49,782.70,19.61,14.10,1,4,0
115,128,165.52,791.37,19.16,12.67,1,4,0
115,130,699.59,777.73,16.89,11.37,1,4,0
115,81,770.58,777.98,14.99,10.27,1,4,0
115,135,617.94,779.98,17.24,12.26,1,4,0
115,8,1667.46,752.47,28.50,9.41,1,2,0
115,127,303.11,785.10,18.71,12.24,1,4,0
115,34,1064.84,747.99,39.78,16.91,1,2,0
115,14,1966.88,752.09,27.82,8.41,1,2,0
115,131,1.31,790.97,18.11,14.30,1,4,0
115,26,835.15,775.39,14.74,11.25,1,4,0
115,75,1082.75,770.47,12.71,10.10,1,4,0
116,15,772.22,730.21,27.92,39.51,1,1,0
116,4,601.86,712.34,190.49,62.40,1,1,0
116,3,791.71,705.40,98.05,74.17,1,1,0
116,122,15.97,703.02,230.99,80.02,1,1,0
116,104,1734.88,735.72,72.87,30.00,1,1,0
116,38,514.92,782.84,18.81,12.85,1,4,0
116,29,1594.09,756.58,28.93,9.35,1,2,0
116,13,414.83,783.35,20.36,12.59,1,4,0
116,128,173.10,788.31,19.34,13.03,1,4,0
116,130,678.51,780.12,15.55,10.90,1,4,0
116,81,746.44,777.97,16.16,11.24,1,4,0
116,8,1669.83,758.24,14.39,6.09,1,2,0
116,127,305.50,785.47,19.75,13.98,1,4,0
116,14,1887.19,755.56,29.79,9.17,1,2,0
116,84,1536.63,745.79,43.56,21.89,1,1,0
116,12,1363.85,734.24,127.33,34.33,1,1,0
116,59,602.49,780.56,17.79,11.06,1,4,0
116,137,917.47,775.61,13.75,10.88,1,4,0
116,46,20.69,794.39,24.24,12.74,1,4,0
116,121,989.54,750.40,43.75,17.16,1,2,0
117,4,532.83,705.64,189.89,62.69,1,1,0
117,3,722.55,699.77,104.35,75.92,1,1,0
117,122,0.89,694.04,159.49,76.06,1,1,0
117,104,1678.63,741.56,70.92,29.69,1,1,0
117,13,433.30,774.99,17.75,13.00,1,4,0
117,128,209.90,777.45,21.04,13.26,1,4,0
117,127,326.02,775.15,20.81,12.89,1,4,0
117,14,1826.96,762.41,24.41,8.79,1,2,0
117,84,1537.53,759.96,27.94,9.40,1,2,0
117,46,67.67,776.09,22.00,14.59,1,4,0
117,121,930.78,747.07,44.14,17.06,1,2,0
117,9,1307.99,735.54,128.40,34.24,1,1,0
117,18,1480.59,748.20,45.20,21.53,1,1,0
118,4,505.60,703.38,191.82,62.33,1,1,0
118,3,697.19,695.81,104.61,77.88,1,1,0
118,122,0.87,693.55,125.32,70.87,1,1,0
118,104,1655.63,743.74,70.14,29.86,1,1,0
118,128,171.09,773.00,20.95,14.05,1,4,0
118,14,1802.79,765.31,27.54,8.62,1,2,0
118,84,1516.30,761.00,27.50,9.57,1,2,0
118,121,906.89,745.18,45.68,17.44,1,2,0
118,9,1287.34,736.27,126.98,34.31,1,1,0
118,18,1458.58,749.39,42.86,22.47,1,1,0
118,131,23.12,772.29,22.43,14.16,1,4,0
118,26,827.91,771.12,14.75,10.34,1,4,0
118,38,493.66,770.59,18.99,11.72,1,4,0
118,59,575.12,770.83,16.55,11.39,1,4,0
119,4,447.74,691.77,193.69,65.29,1,1,0
119,3,642.84,687.09,107.54,78.77,1,1,0
119,104,1611.06,743.44,70.41,29.91,1,1,0
119,128,215.98,760.15,20.40,13.76,1,4,0
119,14,1757.28,766.59,25.54,8.24,1,2,0
119,121,850.13,738.93,55.65,19.09,1,2,0
119,9,1243.36,732.89,128.28,35.16,1,1,0
119,18,1471.57,760.61,27.06,8.84,1,2,0
119,131,0.71,711.58,50.93,39.65,1,1,0
119,26,870.92,764.32,12.39,9.33,1,4,0
119,38,514.29,762.58,17.68,11.30,1,4,0
119,59,590.21,762.56,16.28,10.91,1,4,0
119,76,1414.86,748.53,42.41,21.22,1,1,0
119,15,775.08,764.18,14.82,10.41,1,4,0
119,130,658.86,765.11,13.38,9.36,1,4,0
119,81,721.21,765.64,11.20,8.09,1,4,0
119,137,911.69,764.73,12.57,8.85,1,4,0
119,13,430.57,761.36,18.93,12.16,1,4,0
119,127,330.19,762.40,20.37,12.87,1,4,0
119,46,90.54,762.03,21.02,12.98,1,4,0
120,4,420.14,689.23,196.50,63.82,1,1,0
120,3,614.26,683.85,111.30,79.59,1,1,0
120,104,1590.28,742.87,70.10,29.81,1,1,0
120,14,1735.34,766.16,25.17,8.16,1,2,0
120,121,837.68,737.34,47.21,18.10,1,2,0
120,9,1221.71,730.98,127.62,35.35,1,1,0
120,18,1451.82,757.98,25.92,10.61,1,2,0
120,26,847.19,761.50,12.19,9.49,1,4,0
120,38,484.52,758.60,16.14,12.00,1,4,0
120,59,560.76,759.09,17.98,11.20,1,4,0
120,76,1394.29,747.29,41.95,21.27,1,1,0
120,15,800.41,761.10,13.70,9.85,1,4,0
120,130,694.91,763.14,11.07,7.42,1,4,0
120,81,751.48,761.40,14.27,9.55,1,4,0
120,137,887.50,762.85,11.85,8.02,1,4,0
120,13,398.15,756.93,18.64,13.11,1,4,0
120,127,297.40,757.58,19.27,13.61,1,4,0
120,46,50.55,756.04,22.44,15.39,1,4,0
121,4,379.57,684.26,194.26,65.03,1,1,0
121,3,573.96,678.49,113.08,81.50,1,1,0
121,104,1559.38,744.80,69.46,29.51,1,1,0
121,14,1700.90,767.72,26.58,8.43,1,2,0
121,121,806.74,735.02,44.58,17.72,1,2,0
121,9,1190.52,731.04,128.28,35.46,1,1,0
121,18,1419.50,759.58,27.24,9.63,1,2,0
121,38,515.71,755.71,16.45,11.03,1,4,0
121,59,589.09,758.37,13.44,9.45,1,4,0
121,76,1363.61,747.49,41.44,21.51,1,1,0
121,15,809.40,759.07,12.87,10.32,1,4,0
121,130,653.72,760.80,11.78,8.20,1,4,0
121,81,710.57,758.26,15.15,11.11,1,4,0
121,127,347.05,753.07,18.43,12.28,1,4,0
121,46,118.84,750.30,21.60,13.41,1,4,0
121,128,241.72,751.82,18.52,13.53,1,4,0
122,4,352.62,677.69,197.28,67.33,1,1,0
122,3,549.89,674.75,115.19,81.89,1,1,0
122,104,1544.15,747.30,69.28,29.00,1,1,0
122,14,1686.39,769.32,28.92,9.49,1,2,0
122,121,781.27,732.37,52.31,17.34,1,2,0
122,9,1176.60,730.96,126.94,35.86,1,1,0
122,18,1405.01,760.97,27.57,9.62,1,2,0
122,38,487.92,752.19,15.37,10.68,1,4,0
122,76,1347.88,748.30,42.39,22.09,1,1,0
122,15,739.75,756.71,14.43,9.89,1,4,0
122,130,652.82,755.93,9.48,8.45,1,4,0
122,81,687.24,755.20,14.20,10.28,1,4,0
122,127,312.41,746.89,20.65,13.09,1,4,0
122,46,76.05,743.53,21.83,13.39,1,4,0
122,128,204.76,747.22,19.72,13.09,1,4,0
122,13,404.92,750.46,18.11,11.38,1,4,0
123,4,348.66,675.40,191.65,67.39,1,1,0
123,3,543.34,673.50,115.55,80.51,1,1,0
123,104,1543.63,748.00,70.19,29.30,1,1,0
123,121,761.21,729.09,72.38,19.39,1,2,0
123,9,1173.52,730.81,129.09,35.81,1,1,0
123,18,1403.22,760.85,28.35,9.76,1,2,0
123,38,477.36,749.43,16.96,10.65,1,4,0
123,76,1347.73,749.21,40.86,21.34,1,1,0
123,15,783.00,755.28,11.98,10.08,1,4,0
123,130,620.83,754.03,12.41,8.61,1,4,0
123,81,681.57,753.25,14.77,10.75,1,4,0
123,127,298.81,744.08,19.83,13.37,1,4,0
123,128,187.24,743.92,20.56,13.12,1,4,0
123,13,392.34,748.38,17.84,10.35,1,4,0
123,59,553.64,752.00,16.63,9.47,1,4,0
124,4,376.11,674.65,187.42,67.16,1,1,0
124,3,561.90,672.15,119.99,81.03,1,1,0
124,104,1573.95,740.89,69.99,29.72,1,1,0
124,121,798.06,727.24,59.46,18.83,1,2,0
124,9,1200.49,726.44,130.53,35.43,1,1,0
124,18,1431.59,755.15,26.49,9.34,1,2,0
124,38,495.05,747.98,17.30,10.99,1,4,0
124,76,1376.99,742.14,39.11,22.50,1,1,0
124,15,756.07,753.10,14.51,9.43,1,4,0
124,130,640.93,752.98,13.23,8.85,1,4,0
124,81,702.41,752.22,14.55,10.49,1,4,0
124,127,311.65,744.40,21.04,13.08,1,4,0
124,128,197.84,744.49,20.46,13.61,1,4,0
124,13,407.18,748.25,18.78,11.00,1,4,0
124,59,571.42,751.77,14.78,9.05,1,4,0
124,8,1715.75,763.99,28.04,9.24,1,2,0
124,26,806.16,752.90,12.76,10.21,1,4,0
124,46,63.90,741.38,22.56,14.63,1,4,0
125,4,394.87,676.56,185.05,68.30,1,1,0
125,3,578.71,673.32,119.14,81.79,1,1,0
125,104,1592.06,740.91,69.47,29.71,1,1,0
125,121,814.63,728.91,59.05,18.45,1,2,0
125,9,1218.44,726.39,130.32,36.38,1,1,0
125,18,1449.68,754.85,26.58,10.19,1,2,0
125,38,510.63,751.55,16.20,10.50,1,4,0
125,76,1394.32,742.22,38.98,23.14,1,1,0
125,15,772.00,755.32,14.75,9.75,1,4,0
125,81,717.36,753.68,15.04,11.18,1,4,0
125,127,325.72,747.32,21.92,13.32,1,4,0
125,128,212.19,747.84,21.08,13.79,1,4,0
125,13,422.96,750.68,18.39,12.16,1,4,0
125,59,585.24,752.80,17.00,9.33,1,4,0
125,8,1729.58,763.55,32.07,9.42,1,2,0
125,46,77.31,745.01,21.83,14.84,1,4,0
126,4,512.63,699.49,179.12,66.05,1,1,0
126,3,690.48,692.86,116.03,82.81,1,1,0
126,104,1708.11,749.25,73.16,29.92,1,1,0
126,15,761.04,775.38,12.16,8.28,1,4,0
126,81,689.06,773.81,16.20,9.43,1,4,0
126,127,313.74,772.49,21.45,15.21,1,4,0
126,128,177.32,771.29,23.15,13.95,1,4,0
126,8,1853.24,771.31,24.88,8.53,1,2,0
126,46,25.10,771.76,27.68,18.07,1,4,0
126,34,937.22,746.15,46.92,18.88,1,2,0
126,29,1559.18,766.02,27.85,9.03,1,2,0
126,12,1324.72,739.67,133.18,35.11,1,1,0
126,84,1504.47,752.94,39.61,22.58,1,1,0
126,131,1.25,707.01,65.71,54.53,1,1,0
126,26,821.70,772.49,15.12,11.36,1,4,0
127,4,540.59,700.35,177.31,66.34,1,1,0
127,3,715.33,693.74,117.82,83.40,1,1,0
127,104,1736.46,745.66,72.18,29.93,1,1,0
127,127,338.86,774.61,20.36,14.12,1,4,0
127,128,204.62,774.60,20.67,13.82,1,4,0
127,8,1881.06,767.23,28.24,8.42,1,2,0
127,46,50.51,776.09,24.98,17.39,1,4,0
127,34,960.94,746.58,41.77,17.61,1,2,0
127,29,1586.65,763.53,28.14,8.41,1,2,0
127,12,1351.60,737.54,131.31,35.09,1,1,0
127,84,1531.59,749.94,39.28,22.81,1,1,0
127,131,0.43,705.81,105.32,59.38,1,1,0
127,137,951.31,772.17,13.44,10.76,1,4,0
127,130,637.61,772.81,17.90,11.75,1,4,0
127,13,453.97,773.40,20.48,13.43,1,4,0
127,59,550.91,774.13,18.27,12.42,1,4,0
