1,7,663.55,520.24,69.73,17.10,1,1,1
2,7,595.01,546.78,69.68,16.87,1,1,1
3,7,538.06,539.30,71.04,17.35,1,1,1
4,7,538.51,539.51,69.85,18.90,1,1,1
5,7,533.93,540.84,67.71,16.81,1,1,1
6,7,528.21,538.09,68.01,16.70,1,1,1
7,7,528.79,541.42,64.05,15.80,1,1,1
8,7,519.87,548.29,68.92,18.00,1,1,1
9,7,514.93,547.60,68.07,16.95,1,1,1
10,7,495.38,522.51,67.31,17.70,1,1,1
11,7,489.09,531.12,68.40,18.33,1,1,1
12,7,450.63,529.85,65.86,18.62,1,1,1
13,7,437.55,541.70,66.22,19.18,1,1,1
14,7,419.40,531.15,66.59,19.75,1,1,1
15,7,418.26,557.94,65.49,17.28,1,1,1
16,7,420.85,523.99,65.67,17.46,1,1,1
17,7,419.98,524.25,67.05,17.65,1,1,1
18,7,455.74,538.76,65.80,17.24,1,1,1
19,7,462.14,532.45,65.96,17.37,1,1,1
20,7,444.37,550.53,66.12,17.50,1,1,1
21,7,425.78,543.68,64.97,16.90,1,1,1
22,7,424.81,542.87,66.79,16.98,1,1,1
23,7,421.32,543.54,66.97,17.06,1,1,1
24,7,416.49,543.64,67.15,17.13,1,1,1
25,7,420.85,536.09,67.44,17.13,1,1,1
26,7,450.47,555.84,65.41,17.13,1,1,1
27,7,458.60,548.87,65.41,18.29,1,1,1
28,7,471.09,546.83,65.41,18.29,1,1,1
29,7,481.25,541.03,65.41,18.29,1,1,1
30,7,488.22,538.70,66.86,18.29,1,1,1
31,7,494.03,543.06,66.86,18.29,1,1,1
32,7,500.42,546.54,66.86,18.29,1,1,1
33,7,505.93,539.28,66.86,18.29,1,1,1
34,7,523.94,545.38,67.44,18.29,1,1,1
35,7,529.45,534.35,67.44,18.29,1,1,1
36,7,531.20,530.28,67.44,18.29,1,1,1
37,7,531.78,538.99,67.44,18.29,1,1,1
38,7,533.23,544.22,67.44,18.29,1,1,1
39,7,532.94,543.64,67.44,18.29,1,1,1
40,7,530.91,547.99,67.44,18.29,1,1,1
41,7,526.26,548.58,67.44,18.29,1,1,1
42,7,505.35,540.74,69.77,18.29,1,1,1
43,7,504.19,539.28,66.28,18.59,1,1,1
44,7,498.67,546.83,66.28,18.59,1,1,1
45,7,500.71,539.28,66.28,18.59,1,1,1
46,7,520.45,539.28,66.28,18.59,1,1,1
47,7,525.68,547.12,65.70,19.46,1,1,1
48,7,563.72,527.67,68.03,20.04,1,1,1
49,7,582.02,530.57,68.03,20.04,1,1,1
50,7,639.22,536.38,68.24,20.04,1,1,1
51,7,647.06,543.06,68.24,20.33,1,1,1
52,7,713.56,542.77,68.24,20.33,1,1,1
53,7,713.86,542.48,68.24,20.33,1,1,1
54,7,784.13,537.83,68.24,20.33,1,1,1
55,7,798.94,532.60,68.24,20.33,1,1,1
56,7,838.72,535.22,68.24,20.33,1,1,1
57,7,839.31,535.51,68.24,20.33,1,1,1
58,7,846.57,538.41,68.24,20.33,1,1,1
59,7,855.86,514.89,68.24,20.33,1,1,1
60,7,857.31,514.89,68.24,20.33,1,1,1
61,7,852.37,522.15,68.24,21.78,1,1,1
62,7,848.02,517.50,68.24,21.78,1,1,1
63,7,810.85,525.92,68.24,18.88,1,1,1
64,7,795.75,533.48,68.24,18.88,1,1,1
65,7,748.99,517.50,67.08,18.88,1,1,1
66,7,749.28,517.21,67.08,18.88,1,1,1
67,7,698.17,529.70,67.08,18.88,1,1,1
68,7,685.11,531.15,67.08,18.88,1,1,1
69,7,636.03,517.50,64.18,18.88,1,1,1
70,7,620.93,525.92,64.18,18.88,1,1,1
71,7,563.43,525.34,64.18,18.88,1,1,1
72,7,543.97,516.05,62.43,18.88,1,1,1
73,7,469.34,537.25,61.27,18.88,1,1,1
74,7,467.31,559.32,61.27,18.88,1,1,1
75,7,467.60,559.61,59.82,18.88,1,1,1
76,7,518.13,526.80,59.82,18.88,1,1,1
77,7,533.52,555.25,62.43,18.88,1,1,1
78,7,591.89,511.11,62.43,18.88,1,1,1
79,7,692.08,550.90,61.85,19.46,1,1,1
80,7,711.24,545.96,61.85,19.46,1,1,1
81,7,795.17,530.86,61.85,19.46,1,1,1
82,7,794.00,530.28,61.85,19.46,1,1,1
83,7,816.36,557.58,61.85,19.46,1,1,1
84,7,879.96,517.21,61.85,20.04,1,1,1
85,7,880.25,516.34,61.85,20.04,1,1,1
86,7,825.66,548.29,61.85,19.75,1,1,1
87,7,798.07,546.25,61.85,19.75,1,1,1
88,7,733.89,542.48,59.53,17.71,1,1,1
89,7,734.18,542.48,59.53,17.71,1,1,1
90,7,739.12,554.96,61.27,17.71,1,1,1
91,7,738.25,555.55,61.27,17.71,1,1,1
92,7,745.22,558.74,61.27,17.71,1,1,1
93,7,764.38,549.45,61.27,17.71,1,1,1
94,7,736.22,546.25,61.27,17.71,1,1,1
95,7,708.34,568.32,61.27,17.71,1,1,1
96,7,607.57,543.93,61.27,17.71,1,1,1
97,7,596.54,555.25,61.27,17.71,1,1,1
98,7,696.14,559.32,61.27,17.71,1,1,1
99,7,725.18,569.19,61.27,17.71,1,1,1
100,7,841.92,568.61,61.27,17.71,1,1,1
101,7,861.09,555.25,60.98,16.84,1,1,1
102,7,931.36,577.32,60.98,16.84,1,1,1
103,7,955.46,555.84,60.98,18.00,1,1,1
104,7,1023.13,569.19,60.98,18.00,1,1,1
105,7,1034.45,564.55,60.98,18.00,1,1,1
106,7,1116.34,571.23,60.98,18.00,1,1,1
107,7,1138.12,571.23,60.98,18.00,1,1,1
108,7,1200.27,566.87,60.98,17.42,1,1,1
109,7,1217.11,569.48,60.98,17.42,1,1,1
110,7,1260.09,555.25,60.98,17.42,1,1,1
111,7,1257.47,570.65,60.98,17.42,1,1,1
112,7,1219.43,560.77,60.98,17.42,1,1,1
113,7,1211.59,568.90,60.98,17.42,1,1,1
114,7,1174.42,567.45,60.98,17.42,1,1,1
115,7,1157.58,575.29,60.98,17.42,1,1,1
116,7,1120.99,567.16,60.98,17.71,1,1,1
117,7,1113.15,558.45,60.98,17.71,1,1,1
118,7,1104.73,560.77,60.98,17.71,1,1,1
119,7,1099.79,559.03,60.98,17.71,1,1,1
120,7,1098.92,555.25,60.98,17.71,1,1,1
121,7,1098.63,554.96,60.98,17.71,1,1,1
122,7,1089.05,557.58,60.98,17.71,1,1,1
123,7,1087.59,557.87,63.31,17.71,1,1,1
124,7,1082.08,564.55,63.31,17.71,1,1,1
125,7,1080.62,563.68,63.31,17.71,1,1,1
126,7,1053.91,559.32,64.76,17.71,1,1,1
127,7,1044.61,566.58,64.76,17.71,1,1,1
128,7,1025.45,561.06,64.76,17.71,1,1,1
129,7,1026.61,561.06,64.76,17.71,1,1,1
130,7,1026.32,559.03,64.76,17.71,1,1,1
131,7,1032.71,558.74,64.76,17.71,1,1,1
132,7,1030.97,559.61,64.76,17.71,1,1,1
133,7,1036.19,558.45,64.76,17.71,1,1,1
134,7,1042.29,557.58,64.76,17.71,1,1,1
135,7,1053.91,554.67,62.14,17.71,1,1,1
136,7,1094.56,568.32,65.34,17.71,1,1,1
137,7,1121.86,560.48,65.34,17.71,1,1,1
138,7,1253.41,547.12,65.34,17.71,1,1,1
139,7,1280.71,547.99,65.34,17.71,1,1,1
140,7,1240.05,543.64,63.89,17.71,1,1,1
141,7,1176.74,542.19,63.89,19.17,1,1,1
142,7,1079.17,561.35,63.89,19.17,1,1,1
143,7,960.69,556.71,65.05,18.29,1,1,1
144,7,940.07,567.16,65.05,18.29,1,1,1
145,7,870.38,558.45,65.63,18.29,1,1,1
146,7,855.86,559.32,65.63,18.29,1,1,1
147,7,786.74,566.58,65.63,18.29,1,1,1
148,7,761.77,553.80,65.63,18.29,1,1,1
149,7,704.85,564.26,65.92,18.29,1,1,1
150,7,700.50,556.71,65.92,18.29,1,1,1
151,7,700.79,561.06,65.92,18.29,1,1,1
152,7,703.40,566.58,66.79,16.84,1,1,1
153,7,708.63,556.13,66.79,16.84,1,1,1
154,7,715.31,557.58,66.79,16.84,1,1,1
155,7,724.89,564.26,66.79,16.84,1,1,1
156,7,736.51,566.87,66.79,16.84,1,1,1
157,7,734.18,567.45,69.11,16.84,1,1,1
158,7,748.70,560.19,69.11,16.84,1,1,1
159,7,772.22,557.87,69.11,16.84,1,1,1
160,7,777.45,558.74,69.11,16.84,1,1,1
161,7,780.65,570.94,69.11,16.84,1,1,1
162,7,782.97,550.03,69.11,16.84,1,1,1
163,7,773.97,555.55,69.11,18.00,1,1,1
164,7,767.00,550.90,69.11,18.00,1,1,1
165,7,753.64,554.38,71.44,18.29,1,1,1
166,7,754.22,555.55,71.44,18.29,1,1,1
167,7,753.64,558.45,67.66,18.29,1,1,1
168,7,748.70,561.35,67.66,18.29,1,1,1
169,7,738.54,553.51,70.57,19.46,1,1,1
170,7,761.19,559.61,70.57,19.46,1,1,1
171,7,805.91,552.93,70.57,18.29,1,1,1
172,7,805.33,553.22,70.57,18.29,1,1,1
173,7,812.59,557.29,70.57,18.29,1,1,1
174,7,813.75,555.55,70.57,18.29,1,1,1
175,7,783.55,558.74,70.86,18.88,1,1,1
176,7,776.87,555.25,70.86,18.88,1,1,1
177,7,727.79,564.55,70.86,18.88,1,1,1
178,7,708.63,553.22,70.86,18.88,1,1,1
179,7,692.95,566.87,70.86,18.88,1,1,1
180,7,708.63,569.19,63.60,18.88,1,1,1
181,7,758.87,571.81,68.24,18.88,1,1,1
182,7,760.03,572.10,71.44,18.88,1,1,1
183,7,767.58,581.10,74.34,18.88,1,1,1
184,7,770.98,578.45,74.34,18.88,1,1,1
185,7,809.57,572.78,74.34,18.88,1,1,1
186,7,818.97,575.80,73.26,18.88,1,1,1
187,7,870.80,568.62,73.26,18.88,1,1,1
188,7,892.36,574.29,74.01,18.38,1,1,1
189,7,953.64,579.59,74.01,18.38,1,1,1
190,7,975.58,579.21,74.01,18.38,1,1,1
191,7,1022.86,570.13,78.55,18.38,1,1,1
192,7,1037.62,575.80,77.80,19.52,1,1,1
193,7,1057.66,575.80,78.17,19.52,1,1,1
194,7,1058.42,575.05,77.04,21.41,1,1,1
195,7,1033.83,572.02,77.04,21.41,1,1,1
196,7,1013.41,561.05,77.04,21.41,1,1,1
197,7,929.81,563.17,77.04,21.56,1,1,1
198,7,928.67,563.54,77.04,21.56,1,1,1
199,7,944.94,565.44,77.04,21.56,1,1,1
200,7,954.77,583.21,77.42,19.67,1,1,1
201,7,1013.03,569.60,77.42,19.67,1,1,1
202,7,1050.10,577.92,77.42,19.67,1,1,1
203,7,1064.09,587.75,77.42,19.67,1,1,1
204,7,1078.47,591.91,77.42,19.67,1,1,1
205,7,1094.73,585.48,77.04,19.67,1,1,1
206,7,1116.57,574.34,77.04,19.67,1,1,1
207,7,1133.51,569.44,77.04,19.67,1,1,1
208,7,1163.82,567.21,77.04,19.67,1,1,1
209,7,1196.35,571.22,75.27,21.97,1,1,1
210,7,1179.41,574.92,75.27,21.39,1,1,1
211,7,1178.52,573.14,76.16,22.29,1,1,1
212,7,997.56,566.90,76.16,22.29,1,1,1
213,7,922.68,578.49,76.16,22.29,1,1,1
214,7,830.41,570.46,76.16,22.29,1,1,1
215,7,815.26,573.14,76.16,19.61,1,1,1
216,7,774.70,574.47,76.16,19.61,1,1,1
217,7,727.45,579.38,76.16,19.61,1,1,1
218,7,711.41,582.94,76.16,19.61,1,1,1
219,7,665.95,568.23,76.16,19.61,1,1,1
220,7,667.28,568.23,76.16,19.61,1,1,1
221,7,653.01,568.91,76.16,19.61,1,1,1
222,7,650.64,569.59,76.16,19.61,1,1,1
223,7,653.69,576.39,76.16,19.61,1,1,1
224,7,653.69,576.73,76.16,19.61,1,1,1
225,7,687.33,586.92,76.16,19.40,1,1,1
226,7,832.73,575.03,76.16,19.40,1,1,1
227,7,833.07,576.73,76.16,19.40,1,1,1
228,7,871.80,575.71,67.66,19.40,1,1,1
229,7,931.25,581.18,67.66,18.68,1,1,1
230,7,936.69,569.29,67.66,18.68,1,1,1
231,7,939.75,569.63,67.66,18.68,1,1,1
232,7,939.41,570.31,67.66,18.68,1,1,1
233,7,922.08,580.16,67.66,18.68,1,1,1
234,7,922.08,580.50,67.66,18.68,1,1,1
235,7,909.85,583.22,67.66,18.68,1,1,1
236,7,845.64,573.71,60.86,20.38,1,1,1
237,7,844.62,572.35,60.86,20.38,1,1,1
238,7,842.93,572.69,60.86,19.36,1,1,1
239,7,812.01,578.12,60.86,19.36,1,1,1
240,7,730.14,572.01,60.86,18.01,1,1,1
241,7,723.34,578.12,60.86,18.01,1,1,1
242,7,699.90,571.33,60.86,18.01,1,1,1
243,7,682.58,562.16,58.15,18.01,1,1,1
244,7,611.24,548.57,58.15,18.01,1,1,1
245,7,604.10,536.68,50.67,18.01,1,1,1
246,7,549.41,517.31,50.67,18.01,1,1,1
247,7,536.16,520.71,50.67,18.01,1,1,1
248,7,531.74,522.75,50.67,18.01,1,1,1
249,7,543.63,527.85,50.67,18.01,1,1,1
250,7,623.81,530.90,50.67,18.01,1,1,1
251,7,652.68,523.43,50.67,18.01,1,1,1
252,7,784.82,528.86,48.03,18.01,1,1,1
253,7,825.37,522.15,48.03,16.76,1,1,1
254,7,953.03,527.70,48.03,18.10,1,1,1
255,7,986.82,527.70,48.03,18.10,1,1,1
256,7,1104.11,540.25,45.38,18.10,1,1,1
257,7,1133.31,519.49,45.38,18.10,1,1,1
258,7,1196.30,541.70,45.38,18.10,1,1,1
259,7,1195.33,537.35,42.48,18.10,1,1,1
260,7,1189.06,531.56,42.48,18.10,1,1,1
261,7,1182.78,523.60,42.48,18.82,1,1,1
262,7,1169.99,519.98,42.48,19.31,1,1,1
263,7,1150.93,515.87,42.48,19.31,1,1,1
264,7,1126.79,519.01,42.48,19.31,1,1,1
265,7,1034.36,524.08,42.48,19.31,1,1,1
266,7,1001.78,522.63,42.48,19.55,1,1,1
267,7,976.20,535.18,42.48,19.55,1,1,1
268,7,954.72,541.70,42.48,19.55,1,1,1
269,7,935.66,536.39,42.48,19.55,1,1,1
270,7,902.35,514.42,42.48,19.55,1,1,1
271,7,877.74,502.60,42.48,19.55,1,1,1
272,7,859.39,517.08,42.48,18.58,1,1,1
273,7,820.78,543.63,42.48,18.58,1,1,1
274,7,820.30,543.87,42.48,18.58,1,1,1
275,7,774.20,547.25,42.48,18.58,1,1,1
276,7,766.24,534.70,42.48,18.58,1,1,1
277,7,734.86,535.42,39.34,17.13,1,1,1
278,7,728.59,531.56,39.34,17.13,1,1,1
279,7,712.90,535.90,39.34,17.13,1,1,1
280,7,708.80,547.97,36.45,17.13,1,1,1
281,7,703.73,547.73,36.45,17.13,1,1,1
282,7,703.01,537.83,35.48,17.13,1,1,1
283,7,701.80,532.77,35.48,17.13,1,1,1
284,7,702.28,531.80,35.48,17.13,1,1,1
285,7,696.97,532.52,35.48,17.13,1,1,1
286,7,689.25,547.49,35.48,17.13,1,1,1
287,7,690.46,539.52,35.48,17.13,1,1,1
288,7,696.49,541.70,35.48,17.13,1,1,1
289,7,696.97,541.45,35.48,17.13,1,1,1
290,7,699.39,525.77,33.55,17.62,1,1,1
291,7,706.14,546.52,33.55,17.62,1,1,1
292,7,713.87,554.24,33.55,17.62,1,1,1
293,7,720.14,545.80,30.17,17.62,1,1,1
294,7,724.49,533.73,30.17,17.62,1,1,1
295,7,728.59,545.56,30.17,17.62,1,1,1
296,7,733.17,543.14,30.17,17.62,1,1,1
297,7,738.24,550.38,26.79,17.62,1,1,1
298,7,740.41,538.08,26.79,17.62,1,1,1
299,7,695.53,535.66,69.99,17.62,1,1,1
300,7,696.49,545.07,60.58,18.82,1,1,1
301,7,696.49,545.07,60.09,18.58,1,1,1
302,7,691.50,541.82,58.57,18.25,1,1,1
303,7,695.19,547.73,57.05,17.92,1,1,1
304,7,695.51,547.61,57.22,18.08,1,1,1
305,7,698.80,539.76,57.06,18.23,1,1,1
306,7,699.25,540.25,55.64,18.38,1,1,1
307,7,702.07,547.34,57.65,19.45,1,1,1
308,7,700.83,548.00,57.44,17.86,1,1,1
309,7,704.11,530.22,54.30,17.90,1,1,1
310,7,703.76,540.31,58.07,17.93,1,1,1
311,7,705.19,547.55,61.84,17.96,1,1,1
312,7,702.07,531.08,65.61,18.00,1,1,1
313,7,701.90,531.12,50.78,18.03,1,1,1
314,7,692.32,538.33,53.00,18.07,1,1,1
315,7,703.60,539.37,55.22,18.10,1,1,1
316,7,703.73,530.17,57.44,18.14,1,1,1
317,7,700.94,540.76,56.52,18.17,1,1,1
318,7,685.07,540.74,58.54,18.21,1,1,1
319,7,686.60,555.31,60.56,18.24,1,1,1
320,7,613.95,555.11,60.33,17.71,1,1,1
321,7,535.76,580.79,67.09,16.65,1,1,1
378,7,431.58,507.24,41.99,16.65,1,1,1
379,7,467.53,510.53,40.89,16.65,1,1,1
380,7,518.31,546.76,40.89,16.65,1,1,1
381,7,525.99,508.88,40.89,16.65,1,1,1
382,7,530.11,555.27,40.89,16.65,1,1,1
383,7,531.20,555.27,39.25,16.65,1,1,1
384,7,472.20,503.94,39.25,16.65,1,1,1
385,7,463.14,525.63,39.25,16.65,1,1,1
386,7,440.91,531.12,39.25,16.65,1,1,1
1,8,376.56,500.08,169.33,34.21,1,0,1
2,8,321.52,524.75,163.65,36.79,1,0,1
3,8,320.43,532.66,119.20,22.34,1,0,1
4,8,319.88,533.20,119.75,22.34,1,0,1
5,8,320.46,532.66,114.61,22.89,1,0,1
6,8,320.84,529.93,113.09,22.89,1,0,1
7,8,319.34,533.20,112.70,22.89,1,0,1
8,8,320.46,541.38,107.40,23.43,1,0,1
9,8,320.08,539.74,104.75,23.98,1,0,1
10,8,319.34,514.88,91.45,23.23,1,0,1
11,8,319.70,523.40,87.67,25.07,1,0,1
12,8,320.43,523.40,53.55,22.89,1,0,1
13,8,319.88,534.29,44.98,23.98,1,0,1
14,8,318.79,526.12,32.79,21.80,1,0,1
15,8,319.34,549.01,31.49,23.98,1,0,1
16,8,320.97,516.86,37.44,23.07,1,0,1
17,8,320.97,516.31,38.20,23.62,1,0,1
18,8,320.08,529.39,80.84,24.20,1,0,1
19,8,320.97,522.31,89.06,23.32,1,0,1
20,8,318.79,541.92,80.61,21.80,1,0,1
21,8,319.34,534.84,67.16,23.43,1,0,1
22,8,319.88,535.38,66.62,23.43,1,0,1
23,8,320.43,535.38,64.17,22.89,1,0,1
24,8,320.97,535.38,65.15,22.89,1,0,1
25,8,323.15,526.12,69.80,22.89,1,0,1
26,8,321.52,546.83,105.97,22.89,1,0,1
27,8,320.97,540.83,116.38,22.89,1,0,1
28,8,320.97,538.65,127.39,22.89,1,0,1
29,8,321.52,532.11,140.13,22.89,1,0,1
30,8,320.97,519.04,150.54,34.33,1,0,1
31,8,321.52,523.94,156.44,34.33,1,0,1
32,8,320.43,526.66,165.12,35.97,1,0,1
33,8,321.52,517.95,170.49,39.24,1,0,1
34,8,340.05,524.49,175.49,37.60,1,0,1
35,8,348.77,513.59,175.12,37.06,1,0,1
36,8,349.86,510.32,175.92,37.60,1,0,1
37,8,354.22,517.95,175.36,37.60,1,0,1
38,8,354.22,522.85,176.12,37.06,1,0,1
39,8,355.85,522.85,175.62,37.06,1,0,1
40,8,355.85,526.12,176.00,39.24,1,0,1
41,8,354.22,528.84,174.60,37.06,1,0,1
42,8,341.68,517.95,175.75,39.24,1,0,1
43,8,338.41,517.95,173.33,37.17,1,0,1
44,8,339.50,525.03,173.00,37.60,1,0,1
45,8,343.86,517.95,170.91,37.60,1,0,1
46,8,366.20,517.95,175.13,39.24,1,0,1
47,8,374.92,525.03,174.76,38.15,1,0,1
48,8,421.25,508.14,175.50,37.60,1,0,1
49,8,438.14,510.86,174.55,38.15,1,0,1
50,8,507.90,516.31,174.62,37.60,1,0,1
51,8,513.35,522.85,177.14,38.15,1,0,1
52,8,576.56,522.85,181.86,38.15,1,0,1
53,8,573.84,523.40,184.96,39.24,1,0,1
54,8,646.32,518.49,193.70,38.69,1,0,1
55,8,663.21,511.95,193.88,38.15,1,0,1
56,8,709.54,514.68,193.86,40.33,1,0,1
57,8,712.26,515.22,190.37,39.78,1,0,1
58,8,718.25,516.31,193.49,41.42,1,0,1
59,8,734.06,496.15,192.86,39.78,1,0,1
60,8,733.51,495.06,194.55,41.42,1,0,1
61,8,735.15,503.23,192.53,40.87,1,0,1
62,8,732.42,500.51,191.08,39.04,1,0,1
63,8,701.91,504.87,192.38,39.24,1,0,1
64,8,691.01,511.41,191.89,40.33,1,0,1
65,8,658.85,492.88,181.92,39.78,1,0,1
66,8,650.13,493.42,191.02,40.33,1,0,1
67,8,609.26,506.50,187.87,36.47,1,0,1
68,8,593.46,508.14,189.63,38.69,1,0,1
69,8,554.76,495.06,183.54,38.69,1,0,1
70,8,537.33,504.87,186.94,37.06,1,0,1
71,8,487.73,500.51,183.40,40.87,1,0,1
72,8,468.11,491.24,185.18,40.87,1,0,1
73,8,398.90,511.95,185.70,41.96,1,0,1
74,8,405.44,534.29,183.72,41.96,1,0,1
75,8,403.81,534.84,187.25,41.96,1,0,1
76,8,460.48,504.32,188.64,40.92,1,0,1
77,8,477.92,533.75,189.03,37.60,1,0,1
78,8,536.24,489.06,194.10,40.33,1,0,1
79,8,644.68,528.84,194.95,37.60,1,0,1
80,8,663.76,523.94,196.37,38.69,1,0,1
81,8,754.22,508.68,196.99,39.24,1,0,1
82,8,754.77,508.68,196.06,39.24,1,0,1
83,8,780.93,534.84,194.20,40.76,1,0,1
84,8,844.69,496.69,196.47,38.68,1,0,1
85,8,849.05,496.69,195.90,38.68,1,0,1
86,8,800.00,526.12,197.89,39.24,1,0,1
87,8,773.84,523.40,199.38,40.87,1,0,1
88,8,711.72,515.77,200.79,41.42,1,0,1
89,8,713.35,516.31,198.77,41.42,1,0,1
90,8,726.97,528.30,198.43,41.42,1,0,1
91,8,725.88,530.48,198.76,41.42,1,0,1
92,8,732.42,532.66,200.19,41.42,1,0,1
93,8,758.04,524.49,198.87,41.42,1,0,1
94,8,738.42,521.22,193.06,39.59,1,0,1
95,8,711.17,544.65,191.84,41.42,1,0,1
96,8,623.43,518.49,190.78,43.05,1,0,1
97,8,600.54,528.84,202.28,42.51,1,0,1
98,8,706.81,533.75,203.03,42.51,1,0,1
99,8,734.60,542.47,205.98,42.51,1,0,1
100,8,856.68,542.47,206.87,42.51,1,0,1
101,8,878.48,528.30,204.43,41.96,1,0,1
102,8,953.68,550.64,205.88,41.96,1,0,1
103,8,979.30,529.39,203.42,40.87,1,0,1
104,8,1063.22,543.56,193.12,40.87,1,0,1
105,8,1076.84,538.65,192.02,41.96,1,0,1
106,8,1162.95,544.65,188.65,43.05,1,0,1
107,8,1186.93,544.10,185.16,43.05,1,0,1
108,8,1252.33,538.65,182.39,43.05,1,0,1
109,8,1268.67,543.01,182.73,43.05,1,0,1
110,8,1316.09,528.84,183.52,41.42,1,0,1
111,8,1314.45,545.74,187.43,41.42,1,0,1
112,8,1277.94,536.47,190.93,41.42,1,0,1
113,8,1273.58,543.56,192.25,39.78,1,0,1
114,8,1237.07,541.38,195.75,38.69,1,0,1
115,8,1221.26,550.10,198.27,40.87,1,0,1
116,8,1187.47,541.92,199.80,40.87,1,0,1
117,8,1179.84,532.66,206.67,41.42,1,0,1
118,8,1175.48,534.84,205.34,41.42,1,0,1
119,8,1173.30,534.29,204.10,41.42,1,0,1
120,8,1173.30,531.02,204.10,39.24,1,0,1
121,8,1171.67,531.02,206.11,39.78,1,0,1
122,8,1167.85,532.66,206.89,39.78,1,0,1
123,8,1166.76,532.66,209.88,40.33,1,0,1
124,8,1170.03,538.65,205.09,40.33,1,0,1
125,8,1167.85,539.20,206.89,40.33,1,0,1
126,8,1144.97,531.57,212.32,40.33,1,0,1
127,8,1137.88,540.29,212.58,40.33,1,0,1
128,8,1122.08,534.84,215.48,37.60,1,0,1
129,8,1124.26,534.84,215.20,39.24,1,0,1
130,8,1123.71,533.20,217.26,39.24,1,0,1
131,8,1132.43,532.66,215.37,39.24,1,0,1
132,8,1134.07,532.66,214.11,39.78,1,0,1
133,8,1140.06,531.02,214.57,40.33,1,0,1
134,8,1148.24,528.84,212.85,41.96,1,0,1
135,8,1155.87,527.75,214.71,41.96,1,0,1
136,8,1202.19,540.83,216.96,42.51,1,0,1
137,8,1232.71,533.75,214.15,41.42,1,0,1
138,8,1364.59,519.04,208.26,40.33,1,0,1
139,8,1396.20,518.49,203.82,43.05,1,0,1
140,8,1360.23,514.68,206.55,44.14,1,0,1
141,8,1299.74,514.13,209.74,43.60,1,0,1
142,8,1205.46,533.20,217.49,46.32,1,0,1
143,8,1094.83,524.49,224.51,45.78,1,0,1
144,8,1079.57,537.02,222.31,45.78,1,0,1
145,8,1015.26,528.30,224.76,44.69,1,0,1
146,8,1000.55,529.39,226.95,43.05,1,0,1
147,8,938.97,537.56,226.67,42.97,1,0,1
148,8,913.35,525.03,229.13,42.98,1,0,1
149,8,861.04,537.02,232.11,41.62,1,0,1
150,8,858.31,528.84,231.80,44.14,1,0,1
151,8,866.49,531.02,231.98,44.14,1,0,1
152,8,869.21,534.84,233.43,44.14,1,0,1
153,8,876.30,524.49,233.93,44.14,1,0,1
154,8,883.93,527.75,233.51,44.14,1,0,1
155,8,896.46,533.75,235.02,44.13,1,0,1
156,8,910.08,535.93,233.92,44.69,1,0,1
157,8,910.63,537.02,234.13,44.69,1,0,1
158,8,925.89,529.39,234.81,44.69,1,0,1
159,8,956.41,528.30,235.80,44.69,1,0,1
160,8,963.49,528.84,234.78,44.69,1,0,1
161,8,971.67,538.11,237.23,43.60,1,0,1
162,8,976.03,521.22,236.29,44.14,1,0,1
163,8,975.48,522.85,234.94,44.14,1,0,1
164,8,964.58,520.67,240.14,44.14,1,0,1
165,8,963.49,524.49,238.20,45.78,1,0,1
166,8,966.22,525.03,238.51,45.78,1,0,1
167,8,964.58,527.75,243.18,44.14,1,0,1
168,8,966.22,531.02,240.79,44.14,1,0,1
169,8,962.40,523.40,243.08,45.78,1,0,1
170,8,986.92,529.93,245.51,44.14,1,0,1
171,8,1034.34,520.67,249.33,44.14,1,0,1
172,8,1039.24,520.67,244.80,43.60,1,0,1
173,8,1051.23,524.49,245.34,44.69,1,0,1
174,8,1054.50,523.94,245.10,45.23,1,0,1
175,8,1035.43,526.12,244.82,46.32,1,0,1
176,8,1022.35,524.49,253.35,45.78,1,0,1
177,8,983.11,531.02,250.84,45.78,1,0,1
178,8,966.76,521.22,251.25,45.78,1,0,1
179,8,959.68,538.11,250.36,47.41,1,0,1
180,8,976.57,536.47,249.79,47.41,1,0,1
181,8,1032.70,541.38,251.72,47.41,1,0,1
182,8,1044.15,541.38,245.59,46.37,1,0,1
183,8,1058.86,549.55,250.23,47.41,1,0,1
184,8,1069.22,547.92,247.85,47.41,1,0,1
185,8,1118.26,538.65,240.55,46.87,1,0,1
186,8,1130.80,543.56,240.16,46.87,1,0,1
187,8,1195.10,534.84,234.29,45.32,1,0,1
188,8,1216.90,539.74,234.89,47.96,1,0,1
189,8,1281.75,543.56,233.79,47.96,1,0,1
190,8,1305.73,544.48,231.99,48.12,1,0,1
191,8,1366.77,532.11,233.50,50.14,1,0,1
192,8,1376.03,540.29,225.62,46.32,1,0,1
193,8,1404.37,539.74,197.28,46.87,1,0,1
194,8,1407.64,538.65,192.92,46.87,1,0,1
195,8,1397.83,538.11,201.09,47.41,1,0,1
196,8,1378.76,524.49,221.26,47.43,1,0,1
197,8,1298.10,533.75,238.63,52.32,1,0,1
198,8,1299.19,533.75,237.21,52.32,1,0,1
199,8,1325.35,531.02,235.10,50.14,1,0,1
200,8,1335.16,548.46,237.48,47.84,1,0,1
201,8,1394.56,534.84,204.91,46.32,1,0,1
202,8,1425.08,540.83,174.94,46.87,1,0,1
203,8,1453.96,555.00,146.60,46.87,1,0,1
204,8,1467.59,560.45,132.97,46.87,1,0,1
205,8,1485.57,555.55,113.90,46.32,1,0,1
206,8,1505.19,540.29,94.28,46.32,1,0,1
207,8,1521.54,535.38,77.93,46.32,1,0,1
208,8,1555.33,531.57,45.23,46.32,1,0,1
209,8,1584.21,529.93,15.26,46.87,1,0,1
210,8,1578.76,534.02,21.25,47.78,1,0,1
211,8,1573.86,535.93,25.61,48.68,1,0,1
212,8,1414.73,529.93,184.74,49.59,1,0,1
213,8,1346.60,547.37,238.89,51.23,1,0,1
214,8,1263.77,535.93,246.93,49.59,1,0,1
215,8,1255.59,540.29,244.23,49.59,1,0,1
216,8,1221.81,540.83,251.03,50.14,1,0,1
217,8,1176.57,542.30,260.67,48.12,1,0,1
218,8,1163.46,543.71,260.67,47.65,1,0,1
219,8,1134.66,534.81,258.08,47.65,1,0,1
220,8,1134.19,534.81,258.08,47.65,1,0,1
221,8,1122.48,533.87,258.08,47.65,1,0,1
222,8,1122.95,533.87,258.08,47.65,1,0,1
223,8,1132.79,544.65,262.30,48.24,1,0,1
224,8,1130.89,544.65,262.30,49.93,1,0,1
225,8,1168.08,556.25,262.30,48.20,1,0,1
226,8,1311.37,536.13,258.67,48.20,1,0,1
227,8,1312.13,536.13,258.67,48.20,1,0,1
228,8,1347.42,535.76,252.60,47.06,1,0,1
229,8,1400.93,540.31,199.47,51.61,1,0,1
230,8,1423.70,530.44,176.09,50.85,1,0,1
231,8,1425.60,528.92,174.20,51.61,1,0,1
232,8,1425.60,529.68,174.20,49.34,1,0,1
233,8,1418.77,539.55,181.41,50.85,1,0,1
234,8,1418.39,539.55,181.41,50.85,1,0,1
235,8,1412.32,543.73,187.86,51.99,1,0,1
236,8,1345.15,532.34,254.65,50.85,1,0,1
237,8,1344.77,531.58,254.65,50.48,1,0,1
238,8,1344.77,532.34,254.65,50.85,1,0,1
239,8,1317.06,539.17,261.10,49.72,1,0,1
240,8,1246.47,533.48,265.66,51.61,1,0,1
241,8,1243.44,539.93,266.80,53.89,1,0,1
242,8,1230.91,528.17,266.80,52.75,1,0,1
243,8,1214.59,520.20,268.31,54.65,1,0,1
244,8,1152.73,512.23,275.53,54.27,1,0,1
245,8,1139.83,498.94,275.53,54.65,1,0,1
246,8,1088.60,481.11,282.36,55.41,1,0,1
247,8,1077.59,486.04,282.36,53.13,1,0,1
248,8,1082.14,487.18,284.25,55.03,1,0,1
249,8,1097.32,488.70,284.25,53.51,1,0,1
250,8,1184.99,496.29,282.74,55.03,1,0,1
251,8,1213.83,486.42,282.74,53.89,1,0,1
252,8,1336.80,493.25,263.00,55.79,1,0,1
253,8,1378.92,484.52,221.26,53.13,1,0,1
254,8,1501.50,490.21,99.05,53.13,1,0,1
255,8,1534.90,492.87,66.79,51.99,1,0,1
267,8,1572.09,504.35,28.28,46.20,1,0,1
268,8,1551.60,509.83,48.66,52.46,1,0,1
269,8,1533.38,503.37,66.77,52.50,1,0,1
270,8,1499.61,477.69,100.43,52.37,1,0,1
271,8,1478.73,462.88,122.00,54.28,1,0,1
272,8,1461.66,477.54,139.83,54.42,1,0,1
273,8,1430.16,509.19,168.50,53.89,1,0,1
274,8,1429.78,508.81,169.64,52.75,1,0,1
275,8,1392.58,508.81,207.21,54.27,1,0,1
276,8,1388.41,496.67,211.77,54.27,1,0,1
277,8,1363.36,496.29,235.68,54.27,1,0,1
278,8,1356.91,493.25,242.51,54.27,1,0,1
279,8,1348.56,493.25,251.24,54.27,1,0,1
280,8,1344.01,505.77,255.79,54.27,1,0,1
281,8,1340.59,505.02,259.21,54.27,1,0,1
282,8,1340.59,497.80,259.21,53.13,1,0,1
283,8,1342.11,491.73,257.31,53.13,1,0,1
284,8,1342.11,492.11,257.31,53.13,1,0,1
285,8,1341.73,493.63,256.55,53.13,1,0,1
286,8,1340.97,501.98,258.83,53.13,1,0,1
287,8,1342.87,499.70,256.55,53.13,1,0,1
288,8,1359.57,500.46,241.37,53.13,1,0,1
289,8,1359.95,498.94,239.47,53.13,1,0,1
290,8,1367.54,486.80,232.64,51.61,1,0,1
291,8,1375.89,505.77,224.67,54.27,1,0,1
292,8,1381.96,514.88,216.70,51.61,1,0,1
293,8,1391.07,505.02,209.11,51.61,1,0,1
294,8,1401.69,496.67,197.73,51.23,1,0,1
295,8,1408.14,506.53,192.03,53.13,1,0,1
296,8,1419.91,503.12,179.89,53.13,1,0,1
297,8,1424.84,512.61,174.95,53.89,1,0,1
298,8,1433.57,492.11,165.85,53.89,1,0,1
299,8,1435.47,498.18,164.71,53.89,1,0,1
300,8,1443.06,495.91,157.50,53.89,1,0,1
301,8,1442.30,499.70,157.50,50.10,1,0,1
302,8,1449.13,495.15,150.67,52.37,1,0,1
303,8,1453.31,503.88,146.49,50.10,1,0,1
304,8,1453.31,503.50,146.87,51.61,1,0,1
305,8,1461.66,499.32,138.52,53.13,1,0,1
306,8,1460.90,496.67,138.52,55.41,1,0,1
307,8,1467.35,506.15,133.59,56.17,1,0,1
308,8,1467.73,505.77,133.21,55.41,1,0,1
309,8,1477.59,484.14,122.58,54.65,1,0,1
310,8,1478.73,496.29,121.44,54.65,1,0,1
311,8,1481.77,509.19,117.27,54.65,1,0,1
312,8,1485.19,486.80,114.61,55.03,1,0,1
313,8,1485.56,486.04,114.61,55.03,1,0,1
314,8,1487.46,499.32,111.96,55.79,1,0,1
315,8,1497.33,497.05,103.23,54.27,1,0,1
316,8,1506.82,495.91,94.12,54.27,1,0,1
317,8,1506.06,494.39,94.12,54.27,1,0,1
318,8,1502.26,497.80,97.15,54.27,1,0,1
319,8,1503.02,507.67,97.15,54.27,1,0,1
320,8,1441.54,499.32,158.64,52.37,1,0,1
321,8,1364.12,514.50,235.68,51.23,1,0,1
322,8,911.17,540.49,346.74,53.95,1,0,1
323,8,909.53,540.49,346.74,53.95,1,0,1
324,8,347.81,553.03,334.61,61.58,1,0,1
325,8,320.56,550.30,297.55,61.58,1,0,1
326,8,320.02,551.39,296.46,62.13,1,0,1
327,8,318.93,574.83,210.36,39.78,1,0,1
328,8,320.56,615.15,178.21,38.15,1,0,1
329,8,320.56,634.77,147.14,37.06,1,0,1
330,8,320.56,645.67,51.77,37.06,1,0,1
331,8,320.02,645.13,44.14,39.78,1,0,1
340,8,320.33,624.29,23.61,39.21,1,0,1
341,8,320.00,504.69,256.56,63.59,1,0,1
342,8,318.90,497.11,316.31,59.64,1,0,1
343,8,517.04,483.01,363.15,62.60,1,0,1
344,8,517.04,480.44,364.43,64.24,1,0,1
345,8,576.14,479.58,368.29,63.38,1,0,1
346,8,574.85,480.01,369.15,63.38,1,0,1
347,8,809.12,490.72,373.00,60.39,1,0,1
348,8,864.79,497.57,372.14,61.67,1,0,1
349,8,863.08,498.42,372.14,60.39,1,0,1
350,8,996.27,483.86,372.14,59.53,1,0,1
351,8,1010.41,477.44,372.14,59.53,1,0,1
352,8,1021.54,494.57,371.71,61.67,1,0,1
353,8,1031.82,468.02,371.71,61.67,1,0,1
354,8,1066.08,482.58,371.71,61.67,1,0,1
355,8,1065.65,482.58,371.71,61.67,1,0,1
356,8,1110.62,504.85,371.71,61.67,1,0,1
357,8,1123.04,514.27,368.72,61.67,1,0,1
358,8,1181.72,450.89,364.86,61.67,1,0,1
359,8,1208.70,435.90,360.58,61.67,1,0,1
360,8,1305.06,512.13,293.77,62.96,1,0,1
361,8,1319.19,510.42,280.06,62.96,1,0,1
362,8,1312.34,471.87,286.92,62.96,1,0,1
363,8,1310.20,448.32,290.77,62.96,1,0,1
364,8,1256.24,508.27,342.59,62.96,1,0,1
365,8,1221.97,532.26,363.15,61.67,1,0,1
366,8,1080.22,442.75,375.14,61.67,1,0,1
367,8,997.13,537.83,381.99,61.67,1,0,1
368,8,929.04,460.31,383.28,65.53,1,0,1
369,8,942.28,506.30,385.02,65.15,1,0,1
370,8,951.40,540.18,380.46,63.19,1,0,1
371,8,1061.50,441.15,380.46,67.10,1,0,1
372,8,1109.71,446.37,373.30,67.75,1,0,1
373,8,1152.05,462.65,371.99,67.75,1,0,1
374,8,1197.66,480.24,368.74,67.75,1,0,1
375,8,1327.30,503.70,272.32,62.54,1,0,1
376,8,1328.60,503.05,272.32,62.54,1,0,1
377,8,1327.95,501.74,272.32,62.54,1,0,1
378,8,1552.06,457.44,48.21,62.54,1,0,1
386,8,1581.78,524.91,18.81,26.81,1,0,1
387,8,1572.47,498.56,26.99,31.55,1,0,1
388,8,1563.69,491.76,35.69,58.99,1,0,1
389,8,1559.55,498.04,39.73,58.63,1,0,1
390,8,1532.22,476.61,66.41,62.54,1,0,1
391,8,1531.13,478.20,67.93,62.54,1,0,1
392,8,1506.32,494.83,93.75,62.54,1,0,1
393,8,1494.55,485.87,103.30,62.54,1,0,1
394,8,1492.37,487.76,106.97,62.54,1,0,1
395,8,1470.87,490.76,129.51,62.54,1,0,1
396,8,1455.37,480.42,143.98,62.54,1,0,1
397,8,1422.81,488.69,176.02,62.54,1,0,1
398,8,1418.68,492.31,180.67,64.65,1,0,1
399,8,1418.16,492.83,180.67,64.65,1,0,1
400,8,1378.37,480.94,219.95,64.65,1,0,1
401,8,1364.93,465.43,232.87,64.65,1,0,1
402,8,1365.96,465.95,232.87,64.65,1,0,1
403,8,1326.68,500.58,272.15,64.65,1,0,1
404,8,1326.17,500.58,272.15,64.65,1,0,1
405,8,1261.05,468.02,338.81,66.71,1,0,1
406,8,1248.65,481.46,350.70,65.16,1,0,1
407,8,1239.34,490.76,356.39,63.61,1,0,1
408,8,1230.56,497.01,362.59,60.47,1,0,1
409,8,1219.71,493.90,365.69,60.47,1,0,1
410,8,1211.95,487.19,364.14,65.63,1,0,1
411,8,1201.62,476.85,364.14,65.63,1,0,1
412,8,1175.26,472.72,367.76,64.08,1,0,1
413,8,1130.09,487.70,371.58,64.08,1,0,1
414,8,1115.10,483.05,371.58,63.57,1,0,1
415,8,1044.82,474.78,377.78,64.60,1,0,1
416,8,1016.39,511.48,377.78,60.47,1,0,1
417,8,937.32,443.77,383.47,67.18,1,0,1
418,8,913.03,469.61,383.99,65.63,1,0,1
419,8,850.50,508.37,383.99,60.98,1,0,1
420,8,810.70,458.24,385.54,67.18,1,0,1
421,8,718.19,497.01,385.54,63.57,1,0,1
422,8,691.32,497.52,387.60,66.15,1,0,1
423,8,608.12,467.55,383.47,60.98,1,0,1
424,8,577.11,492.87,379.85,61.50,1,0,1
425,8,510.96,467.55,377.78,62.02,1,0,1
426,8,503.20,452.04,376.23,62.02,1,0,1
427,8,500.10,479.95,376.23,56.85,1,0,1
428,8,501.14,479.43,376.23,56.85,1,0,1
429,8,637.06,492.87,380.89,62.53,1,0,1
430,8,798.82,477.37,380.89,62.53,1,0,1
431,8,799.33,477.37,380.89,62.53,1,0,1
432,8,952.82,476.85,380.89,62.53,1,0,1
1,9,572.51,500.18,200.45,35.35,1,0,1
2,9,510.77,526.58,200.45,35.35,1,0,1
3,9,462.00,520.31,200.00,35.35,1,0,1
4,9,461.55,520.31,200.00,35.35,1,0,1
5,9,457.07,522.10,200.00,33.56,1,0,1
6,9,456.63,518.97,200.00,33.56,1,0,1
7,9,453.94,521.66,200.00,33.56,1,0,1
8,9,450.81,530.16,200.00,33.56,1,0,1
9,9,447.68,528.37,200.00,33.56,1,0,1
10,9,432.91,502.86,200.00,34.90,1,0,1
11,9,429.78,511.81,200.00,34.90,1,0,1
12,9,393.09,510.02,200.90,34.90,1,0,1
13,9,383.70,523.00,200.90,34.90,1,0,1
14,9,371.61,513.60,200.90,34.90,1,0,1
15,9,368.93,539.11,200.90,34.90,1,0,1
16,9,376.54,505.55,204.03,34.01,1,0,1
17,9,376.98,505.10,204.03,34.01,1,0,1
18,9,418.15,518.08,207.16,34.45,1,0,1
19,9,427.10,510.92,207.16,34.45,1,0,1
20,9,417.25,531.05,207.16,31.77,1,0,1
21,9,403.83,522.10,207.16,36.24,1,0,1
22,9,402.49,522.55,207.16,36.24,1,0,1
23,9,400.70,522.55,207.16,36.24,1,0,1
24,9,402.04,522.10,207.16,36.24,1,0,1
25,9,410.54,514.95,207.16,36.24,1,0,1
26,9,442.76,535.08,211.64,36.24,1,0,1
27,9,451.71,529.26,211.64,36.24,1,0,1
28,9,466.92,527.03,211.64,36.24,1,0,1
29,9,479.45,521.21,211.64,36.24,1,0,1
30,9,489.74,519.42,211.64,36.24,1,0,1
31,9,496.00,522.55,211.64,36.24,1,0,1
32,9,504.50,526.13,211.64,36.24,1,0,1
33,9,512.56,520.31,211.64,36.24,1,0,1
34,9,538.06,523.89,211.64,36.24,1,0,1
35,9,547.46,512.71,211.64,36.24,1,0,1
36,9,549.25,511.37,211.64,36.24,1,0,1
37,9,551.93,519.42,211.64,36.24,1,0,1
38,9,554.62,524.79,211.64,36.24,1,0,1
39,9,555.06,523.00,211.64,36.24,1,0,1
40,9,554.17,527.92,211.64,36.24,1,0,1
41,9,551.93,530.16,211.64,33.11,1,0,1
42,9,542.09,519.42,210.29,36.69,1,0,1
43,9,537.17,518.08,210.29,36.69,1,0,1
44,9,539.85,526.13,210.29,36.69,1,0,1
45,9,543.88,519.87,210.29,35.35,1,0,1
46,9,564.46,519.42,215.22,38.48,1,0,1
47,9,573.41,525.68,214.32,38.93,1,0,1
48,9,619.49,505.55,215.66,39.37,1,0,1
49,9,639.18,512.26,216.56,38.48,1,0,1
50,9,705.85,514.05,216.56,38.48,1,0,1
51,9,710.32,524.79,220.59,35.79,1,0,1
52,9,782.36,524.34,221.48,33.11,1,0,1
53,9,784.60,523.89,221.93,34.90,1,0,1
54,9,861.11,519.87,224.16,38.03,1,0,1
55,9,879.00,513.16,223.27,36.69,1,0,1
56,9,927.33,516.29,224.16,36.24,1,0,1
57,9,927.33,517.63,225.06,35.79,1,0,1
58,9,934.93,519.87,222.82,34.90,1,0,1
59,9,949.25,495.26,225.51,35.79,1,0,1
60,9,950.15,495.71,221.93,34.45,1,0,1
61,9,949.25,502.42,218.35,34.90,1,0,1
62,9,942.99,499.73,222.82,35.35,1,0,1
63,9,915.25,505.55,222.82,35.35,1,0,1
64,9,908.98,513.16,217.01,34.45,1,0,1
65,9,868.27,497.05,211.19,37.58,1,0,1
66,9,864.69,496.60,211.19,37.58,1,0,1
67,9,819.50,506.00,223.27,36.24,1,0,1
68,9,807.86,508.23,222.82,36.24,1,0,1
69,9,763.12,496.15,228.19,35.79,1,0,1
70,9,749.25,502.86,228.19,35.79,1,0,1
71,9,695.56,505.55,228.19,35.79,1,0,1
72,9,676.32,494.36,227.30,35.35,1,0,1
73,9,608.75,517.63,222.82,38.03,1,0,1
74,9,613.23,540.45,222.82,35.79,1,0,1
75,9,608.75,539.55,229.09,37.58,1,0,1
76,9,668.26,506.44,229.09,38.03,1,0,1
77,9,687.95,533.74,229.09,35.79,1,0,1
78,9,753.28,491.23,229.09,38.93,1,0,1
79,9,863.79,529.71,226.40,38.93,1,0,1
80,9,889.00,523.28,224.84,39.37,1,0,1
81,9,977.44,510.02,223.27,39.82,1,0,1
82,9,978.78,510.02,223.27,39.82,1,0,1
83,9,1001.60,538.66,223.27,37.58,1,0,1
84,9,1079.79,497.32,212.55,35.45,1,0,1
85,9,1067.82,496.15,224.61,37.58,1,0,1
86,9,1020.84,526.58,224.61,39.37,1,0,1
87,9,996.23,525.24,224.61,39.37,1,0,1
88,9,935.38,521.66,226.85,37.14,1,0,1
89,9,935.83,521.21,226.85,37.14,1,0,1
90,9,949.25,533.74,226.85,37.14,1,0,1
91,9,947.01,533.74,226.85,37.14,1,0,1
92,9,958.65,537.32,226.85,34.01,1,0,1
93,9,982.36,527.92,226.85,36.24,1,0,1
94,9,962.23,522.55,226.85,35.79,1,0,1
95,9,931.80,543.13,230.88,37.58,1,0,1
96,9,836.05,523.00,230.88,38.93,1,0,1
97,9,829.34,535.53,226.85,38.48,1,0,1
98,9,938.51,536.87,226.85,38.48,1,0,1
99,9,967.60,547.61,229.53,38.48,1,0,1
100,9,1088.40,542.24,227.30,37.14,1,0,1
101,9,1106.30,530.61,228.64,37.14,1,0,1
102,9,1181.02,552.98,227.30,34.45,1,0,1
103,9,1207.42,529.26,227.30,34.90,1,0,1
104,9,1280.35,548.50,222.82,35.79,1,0,1
105,9,1292.43,541.34,222.82,36.24,1,0,1
106,9,1375.21,547.16,220.59,37.58,1,0,1
107,9,1400.27,547.16,198.66,37.14,1,0,1
108,9,1464.25,541.34,134.68,35.79,1,0,1
109,9,1487.52,546.27,112.75,35.35,1,0,1
110,9,1521.97,526.13,78.30,38.48,1,0,1
111,9,1522.42,544.03,78.30,37.58,1,0,1
112,9,1491.10,536.42,108.28,37.58,1,0,1
113,9,1488.41,544.92,111.41,37.14,1,0,1
114,9,1456.64,543.13,143.40,34.90,1,0,1
115,9,1441.43,552.08,160.63,37.14,1,0,1
116,9,1411.90,542.69,188.37,36.69,1,0,1
117,9,1410.56,534.18,188.37,36.69,1,0,1
118,9,1405.19,535.53,195.08,38.48,1,0,1
119,9,1404.74,535.53,195.08,38.48,1,0,1
120,9,1405.19,531.05,195.08,38.48,1,0,1
121,9,1404.74,530.61,195.08,38.48,1,0,1
122,9,1402.06,533.74,198.21,38.93,1,0,1
123,9,1401.61,533.74,198.21,38.93,1,0,1
124,9,1402.50,538.21,198.21,38.93,1,0,1
125,9,1402.06,538.21,198.21,38.93,1,0,1
126,9,1381.47,531.95,219.24,38.93,1,0,1
127,9,1377.00,539.55,224.16,40.27,1,0,1
128,9,1363.13,533.74,236.25,40.27,1,0,1
129,9,1364.47,531.50,234.01,41.16,1,0,1
130,9,1369.39,532.40,229.98,41.16,1,0,1
131,9,1374.31,532.84,225.06,41.16,1,0,1
132,9,1376.10,534.63,223.72,41.16,1,0,1
133,9,1382.37,532.84,217.45,41.16,1,0,1
134,9,1389.97,530.16,209.85,41.16,1,0,1
135,9,1399.37,523.89,199.56,40.72,1,0,1
136,9,1443.67,545.37,154.81,40.72,1,0,1
137,9,1474.99,536.78,124.83,40.72,1,0,1
141,9,1536.29,513.60,63.98,40.72,1,0,1
142,9,1451.72,537.76,148.10,40.72,1,0,1
143,9,1344.78,525.24,252.80,39.82,1,0,1
144,9,1328.23,540.00,252.80,39.82,1,0,1
145,9,1264.69,529.71,263.54,39.82,1,0,1
146,9,1251.27,527.92,263.54,39.82,1,0,1
147,9,1197.13,541.34,263.54,39.82,1,0,1
148,9,1174.76,524.79,263.54,43.40,1,0,1
149,9,1129.57,534.63,263.54,43.40,1,0,1
150,9,1127.33,531.50,263.54,43.40,1,0,1
151,9,1132.70,532.40,267.12,40.72,1,0,1
152,9,1137.17,535.53,267.12,40.72,1,0,1
153,9,1143.89,524.34,267.12,42.95,1,0,1
154,9,1152.39,527.47,267.12,42.95,1,0,1
155,9,1166.26,535.97,267.12,42.95,1,0,1
156,9,1177.00,537.76,267.12,42.95,1,0,1
157,9,1177.00,537.32,267.12,42.95,1,0,1
158,9,1195.34,527.47,267.12,42.95,1,0,1
159,9,1228.00,532.40,263.09,43.40,1,0,1
160,9,1235.16,533.74,263.09,42.51,1,0,1
161,9,1247.24,537.76,263.09,41.61,1,0,1
162,9,1239.64,522.55,272.49,42.51,1,0,1
163,9,1241.87,522.10,272.49,42.51,1,0,1
164,9,1235.16,516.29,272.49,42.51,1,0,1
165,9,1234.72,529.71,272.49,43.85,1,0,1
166,9,1238.29,525.68,272.49,43.85,1,0,1
167,9,1241.43,530.16,272.49,42.06,1,0,1
168,9,1237.40,533.29,276.96,42.06,1,0,1
169,9,1238.29,525.68,276.96,41.61,1,0,1
170,9,1262.90,534.18,276.96,41.61,1,0,1
171,9,1312.57,521.21,276.96,42.06,1,0,1
172,9,1312.57,521.66,276.96,41.16,1,0,1
173,9,1333.15,525.24,266.67,44.30,1,0,1
174,9,1334.05,524.79,265.78,41.16,1,0,1
175,9,1309.88,526.58,280.54,43.40,1,0,1
176,9,1304.07,526.13,280.54,43.40,1,0,1
177,9,1269.62,531.05,280.54,43.40,1,0,1
178,9,1246.35,519.87,289.49,43.40,1,0,1
179,9,1241.87,542.69,289.49,43.40,1,0,1
180,9,1257.53,537.76,288.15,45.19,1,0,1
181,9,1315.70,541.34,283.67,45.19,1,0,1
182,9,1326.44,539.55,272.93,45.19,1,0,1
183,9,1343.89,550.29,255.48,45.19,1,0,1
184,9,1350.15,548.95,246.98,43.85,1,0,1
185,9,1385.50,537.76,213.43,45.19,1,0,1
186,9,1403.40,543.13,195.98,45.19,1,0,1
187,9,1464.25,534.63,135.13,42.51,1,0,1
188,9,1480.36,540.45,118.12,41.61,1,0,1
189,9,1547.72,542.24,52.13,46.22,1,0,1
190,9,1551.74,542.17,48.41,47.83,1,0,1
214,9,1555.08,540.60,44.30,48.17,1,0,1
215,9,1543.44,541.50,55.93,48.17,1,0,1
216,9,1522.42,541.50,76.51,48.17,1,0,1
217,9,1472.30,538.37,127.97,47.27,1,0,1
218,9,1459.77,541.50,140.05,47.27,1,0,1
219,9,1428.90,533.44,170.47,47.27,1,0,1
220,9,1429.80,533.44,170.47,47.27,1,0,1
221,9,1415.93,531.65,183.00,44.59,1,0,1
222,9,1422.19,531.21,174.95,46.83,1,0,1
223,9,1434.72,547.31,165.55,45.93,1,0,1
224,9,1435.91,546.42,163.02,47.96,1,0,1
225,9,1474.99,558.35,125.74,45.19,1,0,1
240,9,1551.98,557.32,47.16,22.34,1,0,1
241,9,1551.44,569.85,47.16,22.34,1,0,1
242,9,1542.18,525.71,55.88,50.14,1,0,1
243,9,1526.37,518.08,72.77,51.23,1,0,1
244,9,1471.33,515.36,127.81,50.14,1,0,1
245,9,1461.52,501.19,137.62,49.59,1,0,1
246,9,1415.74,486.47,181.77,47.41,1,0,1
247,9,1409.75,489.78,188.56,48.46,1,0,1
248,9,1408.66,490.34,191.86,47.91,1,0,1
249,9,1428.28,494.70,170.60,50.63,1,0,1
250,9,1511.11,499.01,87.79,50.13,1,0,1
251,9,1543.81,492.38,55.66,48.05,1,0,1
322,9,1314.90,531.11,285.51,56.51,1,0,1
323,9,1317.85,530.62,281.58,57.99,1,0,1
324,9,739.95,561.58,430.97,55.53,1,0,1
325,9,675.09,560.10,430.97,55.53,1,0,1
326,9,677.05,559.61,430.97,55.53,1,0,1
327,9,589.58,561.58,430.97,57.49,1,0,1
328,9,560.10,596.47,430.97,53.07,1,0,1
329,9,528.15,615.14,430.97,53.07,1,0,1
330,9,428.89,627.92,430.97,55.53,1,0,1
331,9,420.04,629.88,430.97,55.53,1,0,1
332,9,383.19,629.39,430.97,57.49,1,0,1
333,9,372.38,632.34,430.97,54.55,1,0,1
334,9,321.27,631.36,389.20,58.48,1,0,1
335,9,320.78,630.38,371.51,53.07,1,0,1
336,9,320.78,655.93,278.63,35.87,1,0,1
337,9,319.31,651.51,256.02,35.87,1,0,1
338,9,321.27,641.19,286.49,38.33,1,0,1
339,9,323.24,632.83,331.70,37.84,1,0,1
340,9,399.40,605.31,454.06,59.46,1,0,1
341,9,642.65,509.00,471.75,57.49,1,0,1
342,9,703.59,497.20,466.35,60.93,1,0,1
343,9,952.24,486.88,464.87,60.93,1,0,1
344,9,951.26,486.39,464.87,60.93,1,0,1
345,9,1012.68,486.39,463.40,59.95,1,0,1
346,9,1011.70,486.39,463.89,59.95,1,0,1
347,9,1245.12,487.87,352.34,60.93,1,0,1
348,9,1299.67,496.71,300.74,60.93,1,0,1
349,9,1301.63,498.19,297.79,60.93,1,0,1
350,9,1434.80,481.97,164.13,60.93,1,0,1
351,9,1447.09,473.62,150.86,60.93,1,0,1
352,9,1456.43,494.75,144.47,60.93,1,0,1
353,9,1468.22,469.19,132.68,60.93,1,0,1
354,9,1500.65,485.90,98.77,57.49,1,0,1
355,9,1502.45,485.98,97.46,57.86,1,0,1
356,9,1539.96,540.45,60.40,25.16,1,0,1
357,9,1554.22,554.21,46.55,23.28,1,0,1
366,9,1516.38,445.61,83.05,61.92,1,0,1
367,9,1443.16,537.01,157.25,63.39,1,0,1
368,9,1380.26,465.26,219.17,63.39,1,0,1
369,9,1392.54,509.49,207.89,62.40,1,0,1
370,9,1399.42,543.40,201.02,60.93,1,0,1
371,9,1507.04,448.67,93.40,60.05,1,0,1
372,9,1547.34,453.47,51.14,59.46,1,0,1
373,9,1586.65,507.52,13.76,24.50,1,0,1
413,9,1565.26,527.11,35.32,23.24,1,0,1
414,9,1551.81,524.05,48.17,23.24,1,0,1
415,9,1488.81,480.01,111.78,61.16,1,0,1
416,9,1461.29,509.98,138.08,58.11,1,0,1
417,9,1388.50,451.27,210.86,61.78,1,0,1
418,9,1367.71,472.06,229.82,62.39,1,0,1
419,9,1305.32,508.76,293.43,62.39,1,0,1
420,9,1264.95,465.95,335.02,67.89,1,0,1
421,9,1171.98,492.25,427.99,61.78,1,0,1
422,9,1149.35,501.42,450.01,63.61,1,0,1
423,9,1061.89,461.66,483.65,64.22,1,0,1
424,9,1028.86,480.01,486.71,64.83,1,0,1
425,9,962.80,475.73,486.71,69.73,1,0,1
426,9,952.41,453.10,486.71,63.61,1,0,1
427,9,949.01,470.52,488.27,63.22,1,0,1
428,9,950.67,471.61,485.52,62.67,1,0,1
429,9,1089.07,491.77,475.19,60.68,1,0,1
430,9,1249.08,477.86,352.11,62.16,1,0,1
431,9,1250.91,478.59,348.82,62.16,1,0,1
432,9,1403.38,477.13,196.35,62.16,1,0,1
1,11,653.92,526.99,7.44,11.34,1,3,1
2,11,591.04,553.74,7.36,11.21,1,3,1
3,11,542.68,547.62,7.27,11.09,1,3,1
4,11,542.59,548.63,7.18,10.97,1,3,1
5,11,539.17,546.80,6.85,10.85,1,3,1
6,11,539.14,544.95,6.76,10.73,1,3,1
7,11,534.47,548.31,6.67,10.61,1,3,1
8,11,532.30,556.49,6.58,10.49,1,3,1
9,11,528.07,556.03,6.49,10.36,1,3,1
10,11,514.58,532.02,6.40,10.24,1,3,1
11,11,511.33,540.46,6.31,10.12,1,3,1
12,11,477.90,539.60,6.22,10.00,1,3,1
13,11,465.86,551.37,6.13,9.88,1,3,1
14,11,452.96,543.64,6.04,9.76,1,3,1
15,11,452.45,567.42,5.95,9.63,1,3,1
16,11,460.38,531.62,6.16,9.67,1,3,1
17,11,460.65,532.59,6.07,9.55,1,3,1
18,11,504.51,547.06,5.98,9.43,1,3,1
19,11,512.58,538.46,5.99,10.56,1,3,1
20,11,503.06,558.30,5.90,10.45,1,3,1
21,11,488.64,551.79,5.82,10.34,1,3,1
22,11,488.68,551.42,5.73,10.23,1,3,1
23,11,487.66,551.66,5.64,10.69,1,3,1
24,11,488.81,551.13,5.56,10.59,1,3,1
25,11,496.17,543.82,6.61,10.91,1,3,1
26,11,530.88,564.32,6.53,10.81,1,3,1
27,11,540.06,556.15,6.45,11.77,1,3,1
28,11,553.51,554.55,7.11,11.68,1,3,1
29,11,566.95,549.28,7.04,11.59,1,3,1
30,11,576.16,547.81,6.97,11.50,1,3,1
31,11,583.46,552.02,7.06,11.29,1,3,1
32,11,590.88,555.77,7.00,11.20,1,3,1
33,11,597.11,547.80,6.93,11.11,1,3,1
34,11,623.32,554.39,6.86,11.02,1,3,1
35,11,631.91,542.93,6.79,10.93,1,3,1
36,11,634.89,540.42,6.72,10.84,1,3,1
37,11,636.81,548.10,6.65,10.75,1,3,1
38,11,638.83,553.53,6.58,10.65,1,3,1
39,11,639.60,552.83,6.51,10.56,1,3,1
40,11,639.49,557.90,6.45,10.47,1,3,1
41,11,637.34,557.42,6.38,10.38,1,3,1
42,11,624.85,549.81,6.31,10.29,1,3,1
43,11,620.81,549.46,6.24,10.20,1,3,1
44,11,622.59,556.99,6.17,10.11,1,3,1
45,11,626.38,549.18,6.10,10.02,1,3,1
46,11,652.46,550.73,5.79,9.92,1,3,1
47,11,659.53,558.16,5.72,9.83,1,3,1
48,11,707.78,538.20,5.64,9.74,1,3,1
49,11,725.65,543.15,7.44,10.76,1,3,1
50,11,792.38,546.47,7.38,10.68,1,3,1
51,11,801.16,554.71,7.33,10.59,1,3,1
52,11,877.48,553.22,7.27,10.51,1,3,1
53,11,876.56,553.42,7.21,10.43,1,3,1
54,11,955.22,550.42,7.16,10.35,1,3,1
55,11,971.96,543.58,7.10,10.26,1,3,1
56,11,1021.40,547.10,7.04,10.18,1,3,1
57,11,1020.40,547.88,6.99,10.10,1,3,1
58,11,1030.70,550.58,6.93,10.01,1,3,1
59,11,1044.94,526.29,6.87,9.93,1,3,1
60,11,1044.86,526.28,6.82,9.85,1,3,1
61,11,1048.65,533.72,6.76,9.76,1,3,1
62,11,1046.18,530.78,6.61,9.89,1,3,1
63,11,1017.31,536.33,6.56,9.81,1,3,1
64,11,1005.72,543.83,6.50,9.73,1,3,1
65,11,964.76,529.69,6.44,9.65,1,3,1
66,11,964.38,528.85,6.38,9.57,1,3,1
67,11,920.24,538.20,5.27,10.41,1,3,1
68,11,907.69,538.62,6.98,12.10,1,3,1
69,11,861.58,523.63,6.93,13.28,1,3,1
70,11,848.16,532.08,7.25,12.81,1,3,1
71,11,793.98,533.45,7.20,12.75,1,3,1
72,11,774.60,521.63,7.15,12.69,1,3,1
88,11,1032.92,550.71,6.82,11.74,1,3,1
89,11,1034.02,551.02,6.77,11.68,1,3,1
90,11,1047.68,564.09,6.72,11.63,1,3,1
91,11,1047.53,564.24,7.93,11.76,1,3,1
92,11,1056.22,566.02,7.89,11.70,1,3,1
93,11,1082.15,558.29,7.85,11.64,1,3,1
94,11,1062.55,553.07,7.81,11.58,1,3,1
95,11,1037.53,574.03,7.77,11.52,1,3,1
96,11,943.06,554.51,7.73,11.47,1,3,1
97,11,932.52,567.35,7.69,11.41,1,3,1
98,11,1043.95,569.59,7.65,11.35,1,3,1
99,11,1073.43,579.50,7.60,11.29,1,3,1
100,11,1197.95,573.92,7.56,11.23,1,3,1
101,11,1218.34,561.81,7.52,11.17,1,3,1
102,11,1294.04,583.03,7.48,11.12,1,3,1
103,11,1321.45,559.83,7.44,11.06,1,3,1
104,11,1394.95,578.03,7.40,11.00,1,3,1
105,11,1406.92,570.10,7.36,13.03,1,3,1
106,11,1493.17,576.51,7.32,12.99,1,3,1
107,11,1515.07,577.22,7.28,12.94,1,3,1
108,11,1580.21,569.84,7.93,13.04,1,3,1
114,11,1589.02,570.39,8.23,14.15,1,3,1
115,11,1578.95,579.28,8.20,14.11,1,3,1
116,11,1553.49,571.17,8.16,14.07,1,3,1
117,11,1557.19,562.15,8.13,14.03,1,3,1
118,11,1552.95,564.18,8.09,13.99,1,3,1
119,11,1557.24,564.52,8.06,13.95,1,3,1
120,11,1558.42,560.30,8.02,13.91,1,3,1
121,11,1558.76,560.89,7.99,13.87,1,3,1
122,11,1561.39,563.76,7.96,13.83,1,3,1
123,11,1561.48,564.37,7.92,13.79,1,3,1
124,11,1567.94,568.39,8.52,13.41,1,3,1
125,11,1567.79,568.45,8.49,13.37,1,3,1
126,11,1556.56,562.54,8.46,13.33,1,3,1
127,11,1551.26,570.24,8.43,13.28,1,3,1
128,11,1543.95,562.18,8.39,15.12,1,3,1
129,11,1547.13,562.20,8.36,15.08,1,3,1
130,11,1549.77,561.37,8.33,15.05,1,3,1
131,11,1557.54,562.81,8.30,15.02,1,3,1
132,11,1559.38,566.52,8.27,14.99,1,3,1
133,11,1566.35,564.00,8.24,14.95,1,3,1
134,11,1572.80,561.75,8.20,14.92,1,3,1
135,11,1583.26,554.93,8.39,14.98,1,3,1
142,11,1538.82,581.86,9.66,15.39,1,3,1
143,11,1564.53,554.11,9.64,15.36,1,3,1
144,11,1548.30,570.27,9.62,15.33,1,3,1
145,11,1497.34,558.37,9.59,15.31,1,3,1
146,11,1485.39,558.36,9.57,15.28,1,3,1
147,11,1433.25,571.99,9.90,16.20,1,3,1
148,11,1414.50,555.56,9.88,16.17,1,3,1
149,11,1371.54,568.59,9.85,16.15,1,3,1
150,11,1369.59,562.65,9.83,16.12,1,3,1
151,11,1380.99,562.93,9.81,16.10,1,3,1
152,11,1387.06,565.20,9.79,16.07,1,3,1
153,11,1395.43,556.12,10.18,17.23,1,3,1
154,11,1403.27,558.92,8.56,17.55,1,3,1
155,11,1418.83,566.27,9.38,18.68,1,3,1
156,11,1430.20,566.84,9.36,18.67,1,3,1
157,11,1430.98,566.84,9.36,18.67,1,3,1
158,11,1449.76,556.72,9.36,17.84,1,3,1
159,11,1481.31,561.16,9.36,17.84,1,3,1
160,11,1489.65,562.98,9.36,17.84,1,3,1
161,11,1504.78,563.50,9.36,17.84,1,3,1
162,11,1508.69,552.29,9.36,17.84,1,3,1
163,11,1512.86,552.29,9.36,17.84,1,3,1
164,11,1509.21,544.99,9.36,17.84,1,3,1
165,11,1511.56,560.37,9.36,17.84,1,3,1
166,11,1515.47,555.68,9.36,17.84,1,3,1
167,11,1523.29,559.33,9.36,17.84,1,3,1
168,11,1525.64,564.02,9.36,17.84,1,3,1
169,11,1529.81,556.98,9.36,17.32,1,3,1
170,11,1555.62,564.81,9.36,17.32,1,3,1
177,11,1587.27,564.02,9.36,16.18,1,3,1
178,11,1573.62,552.29,9.36,16.01,1,3,1
179,11,1574.40,578.11,9.36,16.01,1,3,1
180,11,1590.04,571.85,9.36,16.01,1,3,1
334,11,1555.94,656.56,13.84,23.26,1,3,1
335,11,1542.07,651.51,14.13,22.56,1,3,1
336,11,1475.61,657.38,14.13,22.56,1,3,1
337,11,1455.51,657.07,14.13,22.56,1,3,1
338,11,1506.21,663.56,14.13,22.56,1,3,1
339,11,1556.91,658.00,14.13,22.56,1,3,1
1,12,989.73,522.20,30.42,56.69,1,3,1
2,12,930.29,546.03,30.33,56.58,1,3,1
3,12,885.95,541.21,30.23,56.48,1,3,1
4,12,886.35,541.76,30.14,56.38,1,3,1
5,12,882.41,539.44,32.17,59.55,1,3,1
6,12,886.86,539.53,32.08,59.46,1,3,1
7,12,884.60,541.42,31.99,59.36,1,3,1
8,12,881.00,546.91,31.90,59.27,1,3,1
9,12,881.43,545.67,31.82,59.18,1,3,1
10,12,869.52,523.80,33.76,58.68,1,3,1
11,12,866.80,536.41,33.68,57.70,1,3,1
12,12,837.15,532.46,33.60,57.60,1,3,1
13,12,829.86,545.99,33.52,57.51,1,3,1
14,12,822.56,537.13,33.44,57.41,1,3,1
15,12,823.32,562.34,33.35,57.31,1,3,1
16,12,840.25,523.82,33.27,65.39,1,3,1
17,12,840.18,523.86,33.19,65.32,1,3,1
18,12,895.30,527.44,33.11,74.72,1,3,1
19,12,905.15,519.84,33.11,74.72,1,3,1
20,12,905.59,542.21,33.11,74.72,1,3,1
21,12,901.12,529.68,34.90,80.99,1,3,1
22,12,900.67,529.23,34.90,80.99,1,3,1
23,12,900.22,529.68,34.90,80.99,1,3,1
24,12,911.41,533.26,34.90,80.99,1,3,1
25,12,925.73,522.07,34.90,80.99,1,3,1
26,12,971.37,544.89,34.90,81.88,1,3,1
27,12,983.89,539.97,34.90,81.88,1,3,1
28,12,1002.69,537.29,34.90,81.88,1,3,1
29,12,1015.22,534.16,38.48,80.09,1,3,1
30,12,1028.19,538.63,38.48,72.48,1,3,1
31,12,1038.48,540.87,38.48,72.48,1,3,1
32,12,1048.77,544.89,38.48,74.27,1,3,1
33,12,1058.62,535.95,38.48,80.54,1,3,1
34,12,1099.33,537.29,38.48,83.67,1,3,1
35,12,1113.65,525.65,38.48,82.78,1,3,1
36,12,1119.91,523.42,38.48,84.57,1,3,1
37,12,1126.63,535.95,37.58,83.22,1,3,1
38,12,1132.89,538.63,37.58,86.35,1,3,1
39,12,1136.02,536.84,37.58,86.35,1,3,1
40,12,1140.50,538.63,38.93,88.14,1,3,1
41,12,1142.73,538.18,38.93,88.14,1,3,1
42,12,1143.63,535.05,40.27,88.59,1,3,1
43,12,1145.87,534.60,40.27,88.59,1,3,1
44,12,1166.90,541.76,40.72,89.93,1,3,1
45,12,1177.19,537.29,40.72,89.93,1,3,1
46,12,1219.69,537.74,42.95,89.49,1,3,1
47,12,1233.12,544.89,42.95,89.93,1,3,1
48,12,1302.47,527.00,42.95,89.93,1,3,1
49,12,1325.73,534.16,45.64,90.38,1,3,1
50,12,1412.09,537.29,45.64,90.38,1,3,1
51,12,1429.09,543.10,44.30,90.83,1,3,1
52,12,1522.61,543.55,45.64,89.93,1,3,1
53,12,1523.50,543.10,45.64,89.93,1,3,1
1,13,1004.53,512.61,126.72,31.80,1,1,1
2,13,939.70,541.97,120.23,31.80,1,1,1
3,13,873.64,534.01,123.52,29.36,1,1,1
4,13,874.87,534.52,123.95,30.69,1,1,1
5,13,866.30,532.43,124.84,32.16,1,1,1
6,13,857.13,528.51,126.71,34.86,1,1,1
7,13,858.84,537.49,118.72,29.98,1,1,1
8,13,848.57,543.45,124.81,30.93,1,1,1
9,13,842.45,541.46,124.14,31.09,1,1,1
10,13,819.21,514.46,124.42,33.02,1,1,1
11,13,812.48,524.46,125.38,34.02,1,1,1
12,13,765.38,519.95,126.61,33.64,1,1,1
13,13,751.32,536.46,126.61,33.64,1,1,1
14,13,730.52,526.68,126.61,33.64,1,1,1
15,13,724.40,551.75,126.61,33.64,1,1,1
16,13,730.52,515.05,126.61,33.64,1,1,1
17,13,731.13,517.50,126.61,33.64,1,1,1
18,13,764.16,532.18,126.61,33.64,1,1,1
19,13,773.65,525.75,120.16,32.61,1,1,1
20,13,752.53,546.20,121.57,30.22,1,1,1
21,13,729.53,537.33,119.92,31.54,1,1,1
22,13,731.83,537.66,117.30,30.88,1,1,1
23,13,730.84,537.99,114.34,30.55,1,1,1
24,13,718.69,539.63,118.94,30.22,1,1,1
25,13,720.99,531.42,121.90,29.89,1,1,1
26,13,748.59,553.10,121.90,30.55,1,1,1
27,13,754.83,548.50,121.90,28.58,1,1,1
28,13,767.64,543.25,121.90,32.52,1,1,1
29,13,779.47,537.33,121.90,30.22,1,1,1
30,13,787.36,533.06,121.90,32.19,1,1,1
31,13,792.28,537.33,121.90,32.19,1,1,1
32,13,798.53,539.63,121.90,32.19,1,1,1
33,13,804.11,534.38,121.90,32.19,1,1,1
34,13,820.54,538.65,121.90,32.19,1,1,1
35,13,825.14,528.13,121.90,32.19,1,1,1
36,13,826.13,526.16,121.90,32.19,1,1,1
37,13,829.74,534.70,119.92,32.19,1,1,1
38,13,829.74,538.98,119.92,32.19,1,1,1
39,13,827.77,539.63,119.92,32.19,1,1,1
40,13,827.11,543.25,118.61,32.19,1,1,1
41,13,821.53,543.25,118.61,32.19,1,1,1
42,13,801.48,534.38,118.61,32.19,1,1,1
43,13,795.90,533.39,117.62,32.19,1,1,1
44,13,787.36,542.26,117.62,32.19,1,1,1
45,13,784.07,534.05,120.91,32.19,1,1,1
46,13,801.81,537.33,120.91,32.19,1,1,1
47,13,809.37,544.89,120.91,32.19,1,1,1
48,13,848.14,523.21,120.91,32.19,1,1,1
49,13,864.90,528.79,120.91,32.19,1,1,1
50,13,922.72,530.76,120.91,32.19,1,1,1
51,13,929.62,539.96,120.91,32.19,1,1,1
52,13,994.35,537.66,120.91,32.19,1,1,1
53,13,994.68,538.32,120.91,32.19,1,1,1
54,13,1061.05,536.68,120.91,32.19,1,1,1
55,13,1075.83,528.79,120.91,32.19,1,1,1
56,13,1113.61,533.06,120.91,32.19,1,1,1
57,13,1113.45,532.73,120.91,32.19,1,1,1
58,13,1120.51,537.66,120.91,32.19,1,1,1
59,13,1128.40,510.06,120.91,32.19,1,1,1
60,13,1127.09,510.06,120.91,32.19,1,1,1
61,13,1118.21,517.95,120.91,32.19,1,1,1
62,13,1113.61,514.66,120.91,32.19,1,1,1
63,13,1073.86,521.23,120.91,32.19,1,1,1
64,13,1057.76,528.13,120.91,32.19,1,1,1
65,13,1007.16,514.33,120.91,32.19,1,1,1
66,13,1006.83,512.69,120.91,32.19,1,1,1
67,13,952.62,523.21,120.91,32.19,1,1,1
68,13,936.19,525.83,120.91,32.19,1,1,1
69,13,880.67,512.69,120.91,32.19,1,1,1
70,13,864.57,518.28,120.91,32.19,1,1,1
71,13,799.51,523.86,120.91,32.19,1,1,1
72,13,781.11,510.72,117.95,32.19,1,1,1
73,13,696.34,534.38,117.95,32.19,1,1,1
74,13,689.77,557.38,115.00,32.19,1,1,1
75,13,689.77,557.05,115.00,32.19,1,1,1
76,13,736.76,524.19,115.00,32.19,1,1,1
77,13,751.87,550.80,115.00,32.19,1,1,1
78,13,807.73,509.73,115.00,32.19,1,1,1
79,13,905.64,546.20,111.38,32.19,1,1,1
80,13,923.38,540.95,111.38,32.19,1,1,1
81,13,1001.58,528.13,111.38,32.19,1,1,1
82,13,1000.92,528.13,111.38,32.19,1,1,1
83,13,1021.95,555.73,111.38,32.19,1,1,1
84,13,1078.79,513.35,111.38,32.19,1,1,1
85,13,1078.46,513.35,111.38,32.19,1,1,1
86,13,1022.60,544.23,109.41,32.19,1,1,1
87,13,993.69,542.92,109.41,32.19,1,1,1
88,13,927.65,536.35,104.81,32.19,1,1,1
89,13,928.64,536.35,104.81,32.19,1,1,1
90,13,929.29,549.82,106.78,32.19,1,1,1
91,13,929.62,550.15,106.78,32.19,1,1,1
92,13,936.85,552.45,106.78,32.19,1,1,1
93,13,953.93,543.90,106.78,32.19,1,1,1
94,13,923.05,539.96,106.78,32.19,1,1,1
95,13,895.78,562.30,106.78,32.19,1,1,1
96,13,793.60,540.29,106.78,32.19,1,1,1
97,13,781.11,552.45,106.78,32.19,1,1,1
98,13,872.12,554.75,114.34,32.19,1,1,1
99,13,902.68,565.26,114.34,32.19,1,1,1
100,13,1015.38,560.33,117.62,32.19,1,1,1
101,13,1034.43,548.50,117.62,32.19,1,1,1
102,13,1102.12,569.86,117.62,32.19,1,1,1
103,13,1125.44,547.85,117.62,32.19,1,1,1
104,13,1192.80,565.26,117.62,32.19,1,1,1
105,13,1205.94,558.36,115.32,32.19,1,1,1
106,13,1286.11,566.25,115.32,32.19,1,1,1
107,13,1307.14,564.93,115.32,32.19,1,1,1
108,13,1367.59,560.00,115.32,32.19,1,1,1
109,13,1387.96,563.95,112.70,32.19,1,1,1
110,13,1431.33,545.88,110.07,32.19,1,1,1
111,13,1430.35,564.28,110.07,32.19,1,1,1
112,13,1396.83,556.39,110.07,32.19,1,1,1
113,13,1392.56,563.29,110.07,32.19,1,1,1
114,13,1358.72,561.98,110.07,32.19,1,1,1
115,13,1344.26,569.53,110.07,32.19,1,1,1
116,13,1307.14,560.66,114.34,32.86,1,1,1
117,13,1302.87,551.79,114.34,32.86,1,1,1
118,13,1295.64,555.08,114.34,32.86,1,1,1
119,13,1293.01,554.09,114.34,32.86,1,1,1
120,13,1293.34,549.16,114.34,32.86,1,1,1
121,13,1294.32,548.50,114.34,34.17,1,1,1
122,13,1288.08,551.46,114.34,34.17,1,1,1
123,13,1287.75,551.46,114.34,34.17,1,1,1
124,13,1283.81,557.38,116.31,34.17,1,1,1
125,13,1282.17,555.73,116.31,35.81,1,1,1
126,13,1260.81,551.13,116.31,35.81,1,1,1
127,13,1255.22,558.03,116.31,35.81,1,1,1
128,13,1237.15,553.43,116.31,35.81,1,1,1
129,13,1238.80,553.43,116.31,35.81,1,1,1
130,13,1238.80,552.45,116.31,35.81,1,1,1
131,13,1245.70,552.45,116.31,35.81,1,1,1
132,13,1245.04,553.43,116.31,35.81,1,1,1
133,13,1250.30,552.12,116.31,35.81,1,1,1
134,13,1256.87,550.80,116.31,35.81,1,1,1
135,13,1266.72,546.53,116.31,35.81,1,1,1
136,13,1310.42,563.62,116.31,35.81,1,1,1
137,13,1338.02,554.75,116.31,35.81,1,1,1
138,13,1465.17,537.33,112.04,35.81,1,1,1
139,13,1493.43,538.65,106.78,35.81,1,1,1
140,13,1457.62,536.02,112.04,33.84,1,1,1
141,13,1395.52,535.36,115.98,33.84,1,1,1
142,13,1306.48,557.05,115.98,33.84,1,1,1
143,13,1193.45,546.86,122.55,35.81,1,1,1
144,13,1175.38,559.68,122.55,35.81,1,1,1
145,13,1110.00,550.15,122.55,35.81,1,1,1
146,13,1096.20,549.49,122.55,35.81,1,1,1
147,13,1030.16,561.32,122.55,35.81,1,1,1
148,13,1002.89,545.22,125.51,35.81,1,1,1
149,13,949.01,558.03,125.51,35.81,1,1,1
150,13,942.11,551.13,128.14,35.81,1,1,1
151,13,944.74,553.76,128.14,35.81,1,1,1
152,13,947.04,558.03,128.14,35.81,1,1,1
153,13,952.62,547.85,128.14,35.81,1,1,1
154,13,958.21,550.80,128.14,35.81,1,1,1
155,13,970.03,558.03,128.14,35.81,1,1,1
156,13,982.19,559.02,126.50,37.13,1,1,1
157,13,983.51,559.35,126.50,37.13,1,1,1
158,13,996.65,551.46,128.14,37.13,1,1,1
159,13,1021.29,551.46,128.14,37.13,1,1,1
160,13,1027.20,553.10,128.14,37.13,1,1,1
161,13,1030.49,559.35,130.77,37.13,1,1,1
162,13,1032.46,543.90,128.14,37.13,1,1,1
163,13,1026.22,546.53,128.14,37.13,1,1,1
164,13,1017.68,540.29,130.11,37.13,1,1,1
165,13,1008.15,550.80,130.11,37.13,1,1,1
166,13,1010.45,548.83,130.11,37.13,1,1,1
167,13,1005.85,552.12,130.11,37.13,1,1,1
168,13,1003.55,555.08,130.11,37.13,1,1,1
169,13,996.32,547.52,132.08,38.77,1,1,1
170,13,1019.65,553.76,132.08,38.77,1,1,1
171,13,1065.65,544.23,132.08,38.77,1,1,1
172,13,1066.30,544.56,132.08,38.77,1,1,1
173,13,1074.84,547.19,132.08,38.77,1,1,1
174,13,1076.49,546.53,132.08,38.77,1,1,1
175,13,1049.55,550.15,132.08,38.77,1,1,1
176,13,1044.29,547.85,132.08,38.77,1,1,1
177,13,997.63,553.76,132.08,38.77,1,1,1
178,13,978.25,544.56,132.08,38.77,1,1,1
179,13,965.43,563.29,132.08,38.77,1,1,1
180,13,981.86,561.98,132.08,38.77,1,1,1
181,13,1033.45,564.93,132.08,38.77,1,1,1
182,13,1037.39,564.28,132.08,38.77,1,1,1
183,13,1051.85,573.47,132.08,39.76,1,1,1
184,13,1056.45,571.17,132.08,39.76,1,1,1
185,13,1096.20,563.29,132.08,39.76,1,1,1
186,13,1107.37,566.90,132.08,39.76,1,1,1
187,13,1162.57,558.03,132.08,39.76,1,1,1
188,13,1184.58,564.28,132.08,39.76,1,1,1
189,13,1249.64,567.56,129.78,39.76,1,1,1
190,13,1270.99,569.86,129.78,39.76,1,1,1
191,13,1328.16,557.38,129.78,39.76,1,1,1
192,13,1341.31,563.95,129.78,39.76,1,1,1
193,13,1367.92,563.29,129.12,39.76,1,1,1
194,13,1367.59,563.95,129.12,39.76,1,1,1
195,13,1353.46,560.99,129.12,39.76,1,1,1
196,13,1340.98,550.15,126.82,39.76,1,1,1
197,13,1266.72,559.35,128.80,41.07,1,1,1
198,13,1267.05,559.02,128.80,43.37,1,1,1
199,13,1290.71,556.06,128.80,43.37,1,1,1
200,13,1301.55,572.16,130.77,43.37,1,1,1
201,13,1361.68,556.72,130.77,43.37,1,1,1
202,13,1400.45,565.26,130.77,43.37,1,1,1
203,13,1415.23,575.77,130.77,43.37,1,1,1
204,13,1431.00,582.02,130.11,43.37,1,1,1
205,13,1446.45,575.77,130.11,43.37,1,1,1
206,13,1469.77,562.63,126.82,43.37,1,1,1
207,13,1485.87,556.39,114.34,43.37,1,1,1
208,13,1516.43,554.09,83.13,43.37,1,1,1
209,13,1550.60,558.36,48.63,43.37,1,1,1
210,13,1539.43,558.36,59.14,43.37,1,1,1
211,13,1540.41,558.36,59.14,43.37,1,1,1
212,13,1380.08,555.40,133.40,43.37,1,1,1
213,13,1313.38,572.16,135.70,43.37,1,1,1
214,13,1233.21,560.33,137.99,43.37,1,1,1
215,13,1217.44,563.95,142.59,43.37,1,1,1
216,13,1185.90,565.26,142.59,43.37,1,1,1
217,13,1147.13,565.59,142.59,43.37,1,1,1
218,13,1135.96,567.89,142.59,44.68,1,1,1
219,13,1098.83,557.05,142.59,44.68,1,1,1
220,13,1099.16,557.05,142.59,44.68,1,1,1
221,13,1085.69,556.06,142.59,44.68,1,1,1
222,13,1080.43,556.39,149.17,44.68,1,1,1
223,13,1090.94,570.19,148.84,44.68,1,1,1
224,13,1090.29,569.86,148.84,44.68,1,1,1
225,13,1126.76,579.06,148.84,46.00,1,1,1
226,13,1271.65,558.69,148.84,46.00,1,1,1
227,13,1270.34,559.35,148.84,46.00,1,1,1
228,13,1306.15,558.36,144.89,46.00,1,1,1
229,13,1370.55,563.62,142.92,46.00,1,1,1
230,13,1379.75,555.08,142.92,46.00,1,1,1
231,13,1386.65,553.10,142.92,46.00,1,1,1
232,13,1386.32,553.10,142.92,46.00,1,1,1
233,13,1375.81,561.98,145.22,47.97,1,1,1
234,13,1376.13,563.95,145.22,47.97,1,1,1
235,13,1366.61,566.58,145.22,47.97,1,1,1
236,13,1305.49,554.09,150.15,47.97,1,1,1
237,13,1305.82,554.09,150.15,47.97,1,1,1
238,13,1304.84,554.09,150.15,47.97,1,1,1
239,13,1277.89,560.33,150.15,47.97,1,1,1
240,13,1206.93,555.40,153.77,47.97,1,1,1
241,13,1203.31,564.60,153.77,47.97,1,1,1
242,13,1188.53,551.79,156.72,47.97,1,1,1
243,13,1171.11,544.23,156.72,47.97,1,1,1
244,13,1107.37,538.98,160.34,47.97,1,1,1
245,13,1090.29,523.21,164.61,49.61,1,1,1
246,13,1039.36,505.46,164.61,49.61,1,1,1
247,13,1026.22,511.05,164.61,49.61,1,1,1
248,13,1025.23,510.72,164.61,49.61,1,1,1
249,13,1039.69,515.32,164.61,49.61,1,1,1
250,13,1124.13,521.23,161.98,49.61,1,1,1
251,13,1150.08,513.02,161.98,49.61,1,1,1
252,13,1281.84,518.28,156.39,49.61,1,1,1
253,13,1320.28,509.08,156.39,49.61,1,1,1
254,13,1443.16,517.29,147.52,49.61,1,1,1
255,13,1475.36,517.95,124.85,49.61,1,1,1
256,13,1584.44,530.76,16.43,45.34,1,1,1
265,13,1516.76,515.68,82.74,47.32,1,1,1
266,13,1488.83,513.64,110.52,47.54,1,1,1
267,13,1466.82,527.47,132.74,47.76,1,1,1
268,13,1446.77,533.26,135.46,47.98,1,1,1
269,13,1425.75,528.13,138.56,48.20,1,1,1
270,13,1396.18,504.15,137.01,50.27,1,1,1
271,13,1369.23,488.71,140.62,50.27,1,1,1
272,13,1353.79,503.16,140.62,50.27,1,1,1
273,13,1314.36,534.38,140.62,48.30,1,1,1
274,13,1315.35,533.72,140.62,48.30,1,1,1
275,13,1268.69,535.36,140.62,47.64,1,1,1
276,13,1264.09,522.88,137.01,47.64,1,1,1
277,13,1229.60,522.88,137.01,46.00,1,1,1
278,13,1222.37,520.25,137.01,46.00,1,1,1
279,13,1206.60,521.89,137.01,46.00,1,1,1
280,13,1200.03,533.39,137.01,46.00,1,1,1
281,13,1196.74,534.05,137.01,46.00,1,1,1
282,13,1194.44,525.51,137.01,46.00,1,1,1
283,13,1192.80,519.92,137.01,44.03,1,1,1
284,13,1193.78,519.26,137.01,44.03,1,1,1
285,13,1188.85,523.21,137.01,44.03,1,1,1
286,13,1185.90,532.73,132.41,44.03,1,1,1
287,13,1188.20,528.13,132.41,44.03,1,1,1
288,13,1195.43,529.78,132.41,44.03,1,1,1
289,13,1195.75,529.78,132.41,44.03,1,1,1
290,13,1198.71,513.68,132.41,44.03,1,1,1
291,13,1207.91,535.36,132.41,44.03,1,1,1
292,13,1213.50,540.95,134.71,44.03,1,1,1
293,13,1217.77,533.39,134.71,44.03,1,1,1
294,13,1226.64,524.52,132.08,44.03,1,1,1
295,13,1229.60,534.70,134.05,44.03,1,1,1
296,13,1235.51,530.43,135.37,44.03,1,1,1
297,13,1239.45,540.95,135.37,45.67,1,1,1
298,13,1246.35,522.22,135.37,45.67,1,1,1
299,13,1246.35,524.85,135.37,45.67,1,1,1
300,13,1249.97,527.48,136.68,45.67,1,1,1
301,13,1250.30,527.81,136.68,45.67,1,1,1
302,13,1251.61,525.18,136.68,45.67,1,1,1
303,13,1250.95,532.73,142.27,45.67,1,1,1
304,13,1250.30,532.73,142.27,45.67,1,1,1
305,13,1254.24,527.48,145.88,45.67,1,1,1
306,13,1254.57,526.49,145.88,45.67,1,1,1
307,13,1258.51,536.02,145.88,45.67,1,1,1
308,13,1258.84,535.69,145.88,45.67,1,1,1
309,13,1262.45,513.68,148.84,45.67,1,1,1
310,13,1264.75,524.52,148.84,45.67,1,1,1
311,13,1266.39,536.35,148.84,45.67,1,1,1
312,13,1264.75,515.98,153.11,45.67,1,1,1
313,13,1264.09,516.31,153.11,45.67,1,1,1
314,13,1258.51,528.13,157.38,45.67,1,1,1
315,13,1268.04,524.52,157.38,45.67,1,1,1
316,13,1272.31,523.21,160.01,45.67,1,1,1
317,13,1269.02,526.16,163.62,45.67,1,1,1
318,13,1256.87,526.49,165.92,45.67,1,1,1
319,13,1257.52,537.66,168.55,45.67,1,1,1
320,13,1184.91,533.39,175.45,45.67,1,1,1
321,13,1106.39,550.80,175.45,46.98,1,1,1
322,13,654.88,576.19,169.27,46.31,1,1,1
323,13,653.85,576.71,169.27,46.31,1,1,1
348,13,320.44,560.51,18.61,28.77,1,1,1
349,13,319.23,561.76,19.82,28.07,1,1,1
350,13,321.50,519.17,115.03,56.97,1,1,1
351,13,319.73,519.19,124.42,57.36,1,1,1
352,13,321.06,520.73,113.92,57.76,1,1,1
353,13,321.05,505.18,112.01,58.15,1,1,1
354,13,319.26,517.83,126.27,58.55,1,1,1
355,13,320.36,517.10,126.27,58.55,1,1,1
356,13,320.45,532.77,134.92,58.55,1,1,1
357,13,322.64,546.62,138.93,58.55,1,1,1
358,13,320.45,488.27,176.48,55.30,1,1,1
359,13,320.45,469.68,195.79,55.30,1,1,1
360,13,390.79,546.22,198.71,55.30,1,1,1
361,13,396.99,540.03,198.71,59.05,1,1,1
362,13,370.02,512.33,195.79,56.86,1,1,1
363,13,361.64,487.18,195.79,56.50,1,1,1
364,13,320.81,540.03,163.65,56.50,1,1,1
365,13,320.45,561.53,128.30,56.50,1,1,1
375,13,319.64,538.21,97.33,56.50,1,1,1
376,13,320.45,538.21,97.33,56.50,1,1,1
377,13,320.45,537.41,97.33,56.50,1,1,1
378,13,474.07,492.45,151.18,54.81,1,1,1
379,13,507.57,498.38,153.84,52.03,1,1,1
380,13,549.64,534.16,153.84,52.03,1,1,1
381,13,556.32,495.24,153.84,52.03,1,1,1
382,13,551.21,543.20,153.84,52.03,1,1,1
383,13,551.60,542.81,153.84,52.03,1,1,1
384,13,489.49,491.30,145.19,49.67,1,1,1
385,13,477.30,510.18,145.19,49.67,1,1,1
386,13,448.21,520.00,142.44,47.70,1,1,1
387,13,434.45,509.39,142.44,47.70,1,1,1
388,13,411.64,520.40,142.44,47.70,1,1,1
389,13,406.93,529.05,139.69,47.70,1,1,1
390,13,366.04,521.97,139.69,47.70,1,1,1
391,13,365.25,521.97,139.69,47.70,1,1,1
392,13,329.87,528.65,135.76,47.70,1,1,1
393,13,320.04,530.23,126.99,47.70,1,1,1
394,13,320.43,530.23,126.99,47.70,1,1,1
395,13,320.83,523.94,93.57,47.70,1,1,1
396,13,320.43,517.65,77.84,47.70,1,1,1
397,13,320.83,553.03,34.60,23.33,1,1,1
398,13,320.83,549.88,27.52,23.33,1,1,1
399,13,319.65,549.88,27.52,23.33,1,1,1
55,18,320.79,527.27,22.01,21.96,1,0,1
56,18,320.46,523.02,68.07,29.13,1,0,1
57,18,320.57,525.67,72.89,27.61,1,0,1
58,18,322.80,525.67,72.55,26.86,1,0,1
59,18,337.87,512.39,70.23,24.84,1,0,1
60,18,338.79,512.66,67.18,24.58,1,0,1
61,18,335.83,517.20,77.61,27.78,1,0,1
62,18,334.19,514.26,71.69,27.79,1,0,1
63,18,319.73,517.74,57.92,26.62,1,0,1
64,18,320.06,524.95,47.97,24.99,1,0,1
81,18,348.32,518.54,73.99,28.78,1,0,1
82,18,347.00,517.20,73.99,29.78,1,0,1
83,18,370.33,546.85,73.99,28.06,1,0,1
84,18,432.76,511.06,73.99,29.03,1,0,1
85,18,435.39,510.52,73.99,29.56,1,0,1
86,18,393.00,540.17,73.99,30.14,1,0,1
87,18,369.67,537.24,73.99,29.79,1,0,1
88,18,320.06,530.02,73.99,27.47,1,0,1
89,18,319.73,529.49,66.77,28.01,1,0,1
90,18,324.00,542.58,72.68,25.76,1,0,1
91,18,324.33,542.58,72.68,26.09,1,0,1
92,18,329.26,546.32,72.68,27.94,1,0,1
93,18,353.25,535.90,72.68,27.18,1,0,1
94,18,333.53,538.04,72.68,26.36,1,0,1
95,18,320.39,559.14,54.94,24.64,1,0,1
99,18,334.19,553.00,69.39,25.20,1,0,1
100,18,442.94,558.34,69.39,25.44,1,0,1
101,18,460.68,543.11,69.39,26.54,1,0,1
102,18,528.04,563.95,69.39,25.42,1,0,1
103,18,554.00,547.92,69.39,25.68,1,0,1
104,18,623.32,553.26,69.39,27.89,1,0,1
105,18,635.15,550.06,69.39,26.83,1,0,1
106,18,722.55,558.61,69.39,24.85,1,0,1
107,18,738.65,556.74,71.21,27.05,1,0,1
108,18,801.03,554.07,75.61,25.13,1,0,1
109,18,823.09,555.40,72.52,25.06,1,0,1
110,18,867.21,546.59,73.81,29.06,1,0,1
111,18,869.24,559.41,72.58,28.16,1,0,1
112,18,831.20,547.92,72.15,28.48,1,0,1
113,18,826.64,556.74,71.91,29.30,1,0,1
114,18,788.35,557.00,72.53,28.02,1,0,1
115,18,772.62,562.61,73.56,27.49,1,0,1
116,18,736.15,556.20,74.77,27.78,1,0,1
117,18,730.46,546.05,75.65,27.81,1,0,1
118,18,726.25,548.46,72.39,28.99,1,0,1
119,18,723.08,545.78,72.35,27.09,1,0,1
120,18,722.87,541.51,71.49,27.78,1,0,1
121,18,722.45,542.04,71.38,27.04,1,0,1
122,18,716.55,542.58,72.21,26.71,1,0,1
123,18,716.97,542.31,72.32,27.19,1,0,1
124,18,715.07,550.33,72.08,29.09,1,0,1
125,18,713.39,548.19,72.70,27.64,1,0,1
126,18,691.46,545.25,71.38,29.73,1,0,1
127,18,684.08,553.00,72.62,27.47,1,0,1
128,18,667.85,547.65,72.82,26.91,1,0,1
129,18,668.48,548.99,72.72,27.68,1,0,1
130,18,669.75,546.59,73.33,26.71,1,0,1
131,18,675.86,544.18,73.36,26.59,1,0,1
132,18,675.65,542.31,72.77,28.03,1,0,1
133,18,681.77,540.71,72.80,28.58,1,0,1
134,18,688.72,544.45,72.25,26.74,1,0,1
135,18,698.63,542.31,71.43,27.82,1,0,1
136,18,745.22,551.66,72.92,26.91,1,0,1
137,18,773.68,544.98,74.38,24.73,1,0,1
138,18,910.28,533.76,73.74,27.52,1,0,1
139,18,941.69,537.24,72.24,26.15,1,0,1
140,18,898.90,530.83,74.70,28.56,1,0,1
141,18,834.81,530.02,74.41,28.10,1,0,1
142,18,742.06,546.05,71.27,29.78,1,0,1
143,18,628.64,544.98,72.23,28.10,1,0,1
144,18,609.88,553.26,73.09,28.68,1,0,1
145,18,546.85,546.05,72.82,27.67,1,0,1
146,18,531.46,547.39,73.52,27.81,1,0,1
147,18,472.85,550.86,70.95,27.50,1,0,1
148,18,450.08,537.77,70.21,28.36,1,0,1
149,18,402.86,548.72,72.56,27.74,1,0,1
150,18,400.33,538.84,75.62,28.98,1,0,1
151,18,403.92,546.05,76.04,29.35,1,0,1
152,18,407.29,550.59,75.88,28.40,1,0,1
153,18,412.14,538.84,76.37,28.35,1,0,1
154,18,417.41,541.24,77.24,27.84,1,0,1
155,18,430.90,547.39,76.84,27.39,1,0,1
156,18,440.18,548.72,76.91,29.21,1,0,1
157,18,441.65,547.39,77.84,31.18,1,0,1
158,18,455.78,544.18,78.94,29.12,1,0,1
159,18,482.97,540.71,79.53,26.90,1,0,1
160,18,489.51,539.64,79.67,28.81,1,0,1
161,18,498.57,554.87,79.42,29.60,1,0,1
162,18,499.41,533.23,79.65,28.05,1,0,1
163,18,503.00,541.24,77.40,27.84,1,0,1
164,18,495.62,537.77,76.77,27.94,1,0,1
165,18,487.40,536.17,77.24,29.96,1,0,1
166,18,489.29,540.17,77.21,27.85,1,0,1
167,18,487.19,543.38,79.59,29.07,1,0,1
168,18,485.50,542.85,78.87,29.61,1,0,1
169,18,481.71,537.50,77.59,29.26,1,0,1
170,18,504.47,542.04,81.80,29.36,1,0,1
171,18,551.69,537.24,77.05,29.10,1,0,1
172,18,552.96,536.44,74.18,29.27,1,0,1
173,18,562.45,540.98,76.99,28.95,1,0,1
174,18,565.19,543.02,76.27,24.37,1,0,1
175,18,545.37,541.78,77.50,28.36,1,0,1
176,18,537.36,537.50,77.76,29.47,1,0,1
177,18,495.41,547.39,79.11,29.07,1,0,1
178,18,479.18,537.50,75.85,28.21,1,0,1
179,18,468.64,549.26,78.37,28.05,1,0,1
180,18,484.66,553.00,75.97,27.89,1,0,1
181,18,535.46,554.33,79.93,27.82,1,0,1
182,18,540.73,555.13,80.27,28.70,1,0,1
183,18,558.23,561.54,79.33,30.30,1,0,1
184,18,560.55,560.21,81.82,28.27,1,0,1
185,18,600.60,555.67,76.76,28.17,1,0,1
186,18,614.52,558.07,75.67,27.87,1,0,1
187,18,668.27,552.46,82.02,27.79,1,0,1
188,18,691.25,557.80,82.81,27.72,1,0,1
189,18,756.18,562.08,81.19,28.08,1,0,1
190,18,777.68,560.74,83.73,29.42,1,0,1
191,18,834.60,553.00,83.44,29.58,1,0,1
192,18,849.15,559.41,82.78,27.80,1,0,1
193,18,874.45,558.34,80.99,28.87,1,0,1
194,18,874.87,559.41,82.17,27.80,1,0,1
195,18,855.68,559.67,83.46,28.59,1,0,1
196,18,839.66,545.78,85.32,29.41,1,0,1
197,18,760.61,544.98,80.77,29.58,1,0,1
198,18,760.19,546.59,84.13,27.56,1,0,1
199,18,780.00,552.20,82.74,28.27,1,0,1
200,18,793.07,565.82,83.56,28.56,1,0,1
201,18,854.63,552.46,81.04,28.00,1,0,1
202,18,894.47,559.41,86.34,29.49,1,0,1
203,18,911.34,569.56,83.90,28.19,1,0,1
204,18,924.83,574.10,82.70,28.29,1,0,1
205,18,942.61,565.55,82.28,29.35,1,0,1
206,18,965.07,555.67,80.39,28.76,1,0,1
207,18,982.09,552.46,81.80,29.15,1,0,1
208,18,1014.66,550.33,82.62,29.42,1,0,1
209,18,1048.90,555.40,86.84,29.77,1,0,1
210,18,1033.75,559.94,83.84,28.97,1,0,1
211,18,1034.12,559.41,84.60,29.13,1,0,1
212,18,854.84,550.55,82.98,30.32,1,0,1
213,18,780.92,560.24,83.47,29.99,1,0,1
214,18,695.58,552.92,84.39,29.45,1,0,1
215,18,683.23,552.49,83.39,29.69,1,0,1
216,18,649.36,555.29,82.80,28.58,1,0,1
217,18,606.88,560.02,82.86,30.20,1,0,1
218,18,592.84,565.84,81.61,27.94,1,0,1
219,18,555.04,550.12,84.09,27.95,1,0,1
220,18,555.60,550.55,80.73,27.51,1,0,1
221,18,544.19,550.98,80.52,28.77,1,0,1
222,18,542.50,550.33,78.97,29.41,1,0,1
223,18,551.11,557.44,83.50,28.67,1,0,1
224,18,551.49,556.79,82.26,28.94,1,0,1
225,18,586.86,565.84,82.86,28.32,1,0,1
226,18,732.82,556.15,85.91,31.09,1,0,1
227,18,732.26,556.58,84.75,30.65,1,0,1
228,18,765.76,555.93,85.71,30.36,1,0,1
229,18,829.76,562.18,81.57,28.05,1,0,1
230,18,838.93,550.55,79.08,27.70,1,0,1
231,18,842.68,550.12,81.37,29.82,1,0,1
232,18,842.49,550.98,82.20,29.33,1,0,1
233,18,829.39,560.88,82.59,29.34,1,0,1
234,18,829.76,561.10,81.79,29.13,1,0,1
235,18,818.91,564.98,82.31,28.24,1,0,1
236,18,750.42,553.99,72.41,28.93,1,0,1
237,18,749.85,553.13,82.23,29.80,1,0,1
238,18,749.67,553.99,85.44,28.93,1,0,1
239,18,721.03,558.73,83.27,29.81,1,0,1
240,18,644.87,549.47,83.64,30.46,1,0,1
241,18,641.87,558.73,85.55,27.94,1,0,1
242,18,625.97,551.19,82.08,29.11,1,0,1
243,18,607.25,541.50,83.99,29.82,1,0,1
244,18,546.06,526.86,82.09,29.31,1,0,1
245,18,533.07,514.37,81.72,21.58,1,0,1
246,18,483.86,495.20,82.06,20.72,1,0,1
247,18,473.19,498.00,82.17,21.48,1,0,1
248,18,476.18,500.37,82.62,20.05,1,0,1
249,18,489.84,507.26,80.59,19.52,1,0,1
250,18,575.93,508.98,84.09,21.73,1,0,1
251,18,606.25,499.94,81.77,22.91,1,0,1
252,18,740.80,506.40,77.07,21.69,1,0,1
253,18,784.78,499.72,78.10,21.07,1,0,1
254,18,916.15,505.32,78.96,21.64,1,0,1
255,18,952.64,505.54,79.94,21.05,1,0,1
256,18,1075.41,518.24,78.85,21.64,1,0,1
257,18,1106.85,497.36,76.48,21.57,1,0,1
258,18,1177.21,519.97,78.69,21.97,1,0,1
259,18,1177.96,514.58,74.92,22.12,1,0,1
260,18,1171.91,509.20,80.32,31.44,1,0,1
261,18,1167.75,504.46,86.18,33.38,1,0,1
262,18,1154.91,498.86,89.62,35.56,1,0,1
263,18,1140.91,494.56,85.67,34.74,1,0,1
264,18,1122.18,497.36,88.60,35.36,1,0,1
265,18,1031.95,502.31,90.40,38.52,1,0,1
266,18,999.21,501.02,88.53,36.83,1,0,1
267,18,976.39,513.94,85.30,35.20,1,0,1
268,18,956.57,521.48,84.22,34.22,1,0,1
269,18,937.19,514.58,88.44,37.42,1,0,1
270,18,908.12,493.26,83.92,34.98,1,0,1
271,18,882.92,480.77,90.27,34.36,1,0,1
272,18,868.93,494.77,83.71,34.78,1,0,1
273,18,832.96,520.61,85.76,35.27,1,0,1
274,18,831.89,521.91,84.60,34.42,1,0,1
275,18,795.88,528.48,80.31,30.90,1,0,1
276,18,790.48,518.27,80.31,30.90,1,0,1
277,18,766.12,516.98,81.60,30.90,1,0,1
278,18,760.93,513.32,81.60,30.90,1,0,1
279,18,749.99,517.93,81.60,30.90,1,0,1
280,18,744.82,528.76,81.60,30.90,1,0,1
281,18,741.36,529.58,81.60,30.90,1,0,1
282,18,740.34,519.69,81.60,30.90,1,0,1
283,18,741.14,513.86,81.60,30.90,1,0,1
284,18,741.85,513.39,81.60,30.90,1,0,1
285,18,739.67,515.52,81.60,30.90,1,0,1
286,18,739.12,529.32,81.60,30.90,1,0,1
287,18,739.87,522.69,81.60,30.90,1,0,1
288,18,753.44,523.14,81.60,30.90,1,0,1
289,18,754.53,523.14,81.60,30.90,1,0,1
290,18,762.09,508.50,81.60,30.90,1,0,1
291,18,771.94,529.93,81.60,30.90,1,0,1
292,18,779.58,537.08,81.60,30.90,1,0,1
293,18,786.00,529.84,85.65,27.78,1,0,1
294,18,792.87,517.50,81.60,30.90,1,0,1
295,18,800.58,528.46,81.60,30.90,1,0,1
296,18,811.29,525.60,86.79,30.75,1,0,1
297,18,816.09,534.88,81.60,30.90,1,0,1
298,18,823.37,518.15,81.60,30.90,1,0,1
299,18,822.67,518.65,81.60,30.90,1,0,1
300,18,830.00,527.01,81.60,30.90,1,0,1
301,18,830.46,526.38,81.60,30.90,1,0,1
302,18,831.52,522.09,81.60,30.90,1,0,1
303,18,839.30,528.80,81.60,30.90,1,0,1
304,18,837.50,529.69,81.60,30.90,1,0,1
305,18,847.93,523.03,81.60,30.90,1,0,1
306,18,845.27,521.89,81.60,30.90,1,0,1
307,18,851.12,529.88,81.60,30.90,1,0,1
308,18,850.27,529.88,81.60,30.90,1,0,1
309,18,857.99,508.83,88.74,31.46,1,0,1
310,18,862.78,520.94,81.60,30.90,1,0,1
311,18,864.71,531.94,87.37,30.22,1,0,1
312,18,866.65,513.25,83.97,30.90,1,0,1
313,18,866.48,513.25,83.97,30.90,1,0,1
314,18,864.53,521.66,83.97,30.90,1,0,1
315,18,876.80,522.83,83.97,30.90,1,0,1
316,18,886.99,513.49,83.97,30.90,1,0,1
317,18,882.71,521.10,89.01,30.79,1,0,1
318,18,871.59,520.30,92.02,32.70,1,0,1
319,18,873.66,536.65,94.15,28.96,1,0,1
320,18,807.96,537.12,91.65,28.55,1,0,1
321,18,728.56,559.53,89.78,28.51,1,0,1
322,18,319.40,577.40,56.26,30.60,1,0,1
323,18,319.40,577.02,56.26,30.60,1,0,1
350,18,363.80,515.12,72.72,31.82,1,0,1
351,18,365.45,512.83,83.50,31.69,1,0,1
352,18,367.34,510.79,94.63,34.80,1,0,1
353,18,375.75,491.61,95.95,34.94,1,0,1
354,18,404.14,503.23,97.28,35.09,1,0,1
355,18,404.60,502.76,97.28,35.09,1,0,1
356,18,450.79,524.22,97.28,35.09,1,0,1
357,18,447.99,538.68,97.28,35.09,1,0,1
358,18,510.97,475.70,97.28,35.09,1,0,1
359,18,538.96,457.04,97.28,35.09,1,0,1
360,18,631.33,533.55,100.30,37.42,1,0,1
361,18,646.72,530.75,100.30,37.42,1,0,1
362,18,635.52,499.50,100.30,37.42,1,0,1
363,18,635.06,478.05,100.30,37.42,1,0,1
364,18,582.81,535.89,94.84,30.42,1,0,1
365,18,549.69,559.79,92.46,30.75,1,0,1
366,18,411.60,474.31,94.93,30.42,1,0,1
367,18,336.03,561.69,93.44,28.79,1,0,1
368,18,320.26,498.83,40.69,22.24,1,0,1
369,18,319.92,539.93,55.50,25.29,1,0,1
370,18,319.24,566.93,66.52,26.82,1,0,1
371,18,397.23,470.75,97.22,38.10,1,0,1
372,18,440.48,471.57,101.37,35.67,1,0,1
373,18,482.63,484.59,97.22,38.10,1,0,1
374,18,526.88,508.43,97.22,35.38,1,0,1
375,18,651.49,528.54,97.22,35.38,1,0,1
376,18,652.66,528.81,97.22,35.38,1,0,1
377,18,652.83,528.86,97.22,35.38,1,0,1
378,18,891.23,480.98,97.22,35.38,1,0,1
379,18,935.43,486.56,94.16,33.47,1,0,1
380,18,993.23,523.89,97.22,35.38,1,0,1
381,18,1004.23,484.00,97.22,35.38,1,0,1
382,18,1013.27,532.56,97.22,35.38,1,0,1
383,18,1012.14,531.23,97.22,35.38,1,0,1
384,18,956.63,474.21,97.22,35.38,1,0,1
385,18,946.44,497.46,97.22,35.38,1,0,1
386,18,928.23,509.68,97.22,35.38,1,0,1
387,18,919.92,493.22,97.22,35.38,1,0,1
388,18,907.46,509.37,97.22,35.38,1,0,1
389,18,902.26,517.25,97.22,35.38,1,0,1
390,18,870.27,505.91,97.22,35.38,1,0,1
391,18,871.74,505.41,97.22,35.38,1,0,1
392,18,842.86,516.45,97.22,35.38,1,0,1
393,18,827.64,513.64,97.22,35.38,1,0,1
394,18,828.15,514.15,97.22,35.38,1,0,1
395,18,804.71,512.03,97.22,35.38,1,0,1
396,18,790.73,504.95,97.22,35.38,1,0,1
397,18,755.02,513.06,97.22,35.38,1,0,1
398,18,749.67,513.06,97.22,35.38,1,0,1
399,18,750.26,513.66,97.22,35.38,1,0,1
400,18,708.74,513.05,97.22,35.38,1,0,1
401,18,697.54,492.01,97.22,35.38,1,0,1
402,18,694.48,492.69,97.22,35.38,1,0,1
403,18,657.29,529.54,97.22,35.38,1,0,1
404,18,657.12,528.69,97.22,35.38,1,0,1
405,18,590.01,493.89,97.22,35.38,1,0,1
406,18,580.84,508.98,97.22,35.38,1,0,1
407,18,572.88,521.54,97.22,35.38,1,0,1
408,18,559.11,525.65,97.22,35.38,1,0,1
409,18,551.28,518.83,97.22,35.38,1,0,1
410,18,542.79,509.31,97.22,35.38,1,0,1
411,18,535.68,496.42,97.22,35.38,1,0,1
412,18,509.68,498.89,97.22,35.38,1,0,1
413,18,466.62,517.70,97.22,35.38,1,0,1
414,18,451.92,507.73,97.22,35.38,1,0,1
415,18,386.36,503.10,97.22,35.38,1,0,1
416,18,358.55,541.00,97.22,35.38,1,0,1
417,18,320.17,460.03,56.71,33.08,1,0,1
418,18,320.78,498.57,32.35,33.08,1,0,1
432,18,320.78,498.57,79.52,40.48,1,0,1
56,6,344.26,544.30,22.31,11.59,1,1,1
57,6,343.56,543.91,22.24,11.62,1,1,1
58,6,351.40,544.78,22.24,11.62,1,1,1
59,6,366.51,529.68,20.79,11.62,1,1,1
60,6,366.22,529.68,20.79,11.62,1,1,1
61,6,368.54,537.52,20.79,11.62,1,1,1
62,6,365.63,532.88,20.79,11.62,1,1,1
63,6,339.21,535.78,20.79,11.62,1,1,1
64,6,329.04,543.62,20.79,11.62,1,1,1
80,6,320.46,554.03,17.36,11.62,1,1,1
81,6,394.79,538.94,24.46,11.62,1,1,1
82,6,394.01,539.20,24.46,11.62,1,1,1
83,6,417.43,566.26,24.46,11.62,1,1,1
84,6,480.91,530.35,24.46,11.62,1,1,1
85,6,481.17,530.35,24.46,11.62,1,1,1
86,6,437.98,560.53,24.46,11.62,1,1,1
87,6,413.53,558.71,25.50,11.62,1,1,1
88,6,358.89,550.13,25.50,11.62,1,1,1
89,6,358.89,550.39,25.50,11.62,1,1,1
90,6,369.56,562.87,25.50,11.62,1,1,1
91,6,369.30,563.13,25.50,11.62,1,1,1
92,6,377.62,568.34,25.50,11.62,1,1,1
93,6,398.70,556.89,25.50,11.62,1,1,1
94,6,378.92,557.41,26.02,11.62,1,1,1
95,6,354.73,579.27,26.02,11.62,1,1,1
98,6,353.86,564.51,28.46,11.29,1,1,1
99,6,379.89,574.39,29.27,11.19,1,1,1
100,6,492.54,578.96,31.93,12.17,1,1,1
101,6,511.34,564.78,31.93,12.17,1,1,1
102,6,582.25,585.12,31.93,12.17,1,1,1
103,6,608.15,568.78,31.93,12.17,1,1,1
104,6,680.29,577.11,31.93,12.17,1,1,1
105,6,692.93,571.56,31.93,12.17,1,1,1
106,6,780.18,580.19,31.93,12.17,1,1,1
107,6,803.92,580.19,31.93,12.17,1,1,1
108,6,874.52,575.57,31.93,12.17,1,1,1
109,6,892.71,577.42,31.93,12.17,1,1,1
110,6,942.97,568.48,31.93,12.17,1,1,1
111,6,942.97,581.42,31.93,12.17,1,1,1
112,6,912.75,572.02,27.30,11.10,1,1,1
113,6,906.59,580.34,27.30,11.10,1,1,1
114,6,875.14,579.42,23.74,11.10,1,1,1
115,6,861.38,584.97,23.74,11.10,1,1,1
116,6,831.70,580.57,21.33,9.71,1,1,1
117,6,831.46,569.95,19.88,9.71,1,1,1
118,6,825.91,573.57,19.88,9.71,1,1,1
119,6,828.32,571.40,19.88,9.71,1,1,1
120,6,829.53,567.29,16.50,9.71,1,1,1
121,6,829.04,567.29,16.50,9.71,1,1,1
122,6,826.96,567.54,18.34,10.38,1,1,1
123,6,827.20,567.54,18.34,10.38,1,1,1
124,6,829.62,575.98,19.79,10.86,1,1,1
125,6,826.72,573.33,22.69,10.86,1,1,1
126,6,807.17,570.43,24.86,10.86,1,1,1
127,6,800.17,576.95,24.86,10.86,1,1,1
128,6,786.66,571.40,27.75,10.62,1,1,1
129,6,788.59,573.09,27.75,10.62,1,1,1
130,6,790.52,570.67,27.75,10.62,1,1,1
131,6,795.83,568.98,29.44,10.62,1,1,1
132,6,797.04,568.74,29.44,10.62,1,1,1
133,6,803.07,567.78,29.44,10.62,1,1,1
134,6,811.76,569.22,29.44,10.62,1,1,1
135,6,820.93,566.57,29.44,10.62,1,1,1
136,6,868.71,576.71,32.10,11.34,1,1,1
137,6,897.19,568.26,33.79,10.62,1,1,1
138,6,1036.92,558.12,33.79,10.62,1,1,1
139,6,1066.85,560.05,36.68,11.83,1,1,1
140,6,1029.20,555.23,36.68,11.83,1,1,1
141,6,964.76,553.78,36.68,11.83,1,1,1
142,6,871.85,570.91,36.68,11.83,1,1,1
143,6,755.04,567.54,43.44,11.83,1,1,1
144,6,735.74,576.71,43.44,11.83,1,1,1
145,6,673.23,568.74,43.44,11.83,1,1,1
146,6,659.72,569.95,43.44,11.83,1,1,1
147,6,596.73,574.53,43.44,11.83,1,1,1
148,6,573.56,561.74,43.44,11.83,1,1,1
149,6,524.08,572.60,43.44,11.83,1,1,1
150,6,518.77,564.64,44.89,11.83,1,1,1
151,6,522.88,570.91,45.85,11.83,1,1,1
152,6,522.88,574.53,49.47,11.83,1,1,1
153,6,529.39,562.95,49.47,11.83,1,1,1
154,6,534.94,564.88,49.47,12.07,1,1,1
155,6,546.77,571.16,49.47,12.07,1,1,1
156,6,559.32,575.02,47.78,12.07,1,1,1
157,6,559.56,574.53,47.78,12.07,1,1,1
158,6,576.45,568.50,47.78,12.07,1,1,1
159,6,601.79,564.64,47.78,12.07,1,1,1
160,6,608.79,564.88,47.78,12.07,1,1,1
161,6,616.52,578.88,47.78,11.83,1,1,1
162,6,613.38,557.88,53.09,11.83,1,1,1
163,6,607.35,564.40,55.27,11.83,1,1,1
164,6,599.62,561.26,55.27,11.83,1,1,1
165,6,592.87,562.71,55.27,11.83,1,1,1
166,6,594.55,563.43,55.27,12.31,1,1,1
167,6,594.31,568.26,55.27,12.31,1,1,1
168,6,591.18,568.74,55.27,12.31,1,1,1
169,6,586.35,562.23,55.27,12.31,1,1,1
170,6,610.48,567.78,55.27,12.31,1,1,1
171,6,658.51,561.98,55.27,12.31,1,1,1
172,6,657.30,561.98,55.27,12.31,1,1,1
173,6,666.96,565.36,55.27,12.31,1,1,1
174,6,669.85,564.16,55.27,12.31,1,1,1
175,6,643.55,567.54,55.27,12.31,1,1,1
176,6,637.27,564.16,55.27,12.31,1,1,1
177,6,589.97,572.60,57.44,12.31,1,1,1
178,6,571.87,561.98,57.44,12.31,1,1,1
179,6,560.04,575.26,57.44,12.31,1,1,1
180,6,575.25,576.95,57.44,12.31,1,1,1
181,6,625.93,579.60,57.68,12.31,1,1,1
182,6,631.00,578.40,57.68,14.48,1,1,1
183,6,644.27,585.64,57.68,14.48,1,1,1
184,6,643.79,584.19,62.51,14.48,1,1,1
185,6,682.16,580.33,62.51,14.48,1,1,1
186,6,692.05,580.33,64.44,16.89,1,1,1
187,6,747.80,574.29,64.44,16.89,1,1,1
188,6,770.01,578.88,64.44,16.89,1,1,1
189,6,833.72,582.98,64.44,16.89,1,1,1
190,6,856.65,583.71,64.44,16.89,1,1,1
191,6,912.64,576.22,64.92,16.89,1,1,1
192,6,927.12,581.53,64.92,16.89,1,1,1
193,6,951.49,581.53,64.92,16.89,1,1,1
194,6,951.49,581.77,64.92,16.89,1,1,1
195,6,929.29,579.36,66.85,18.34,1,1,1
196,6,906.36,567.78,73.12,17.38,1,1,1
197,6,825.03,567.54,73.12,18.10,1,1,1
198,6,825.27,567.54,73.12,18.10,1,1,1
199,6,844.58,572.60,73.12,18.10,1,1,1
200,6,857.85,587.57,73.12,18.10,1,1,1
201,6,917.22,573.09,75.30,19.07,1,1,1
202,6,957.77,580.81,75.30,19.07,1,1,1
203,6,972.25,590.95,75.30,19.07,1,1,1
204,6,987.45,594.81,75.30,19.07,1,1,1
205,6,1004.10,587.81,75.30,19.07,1,1,1
206,6,1026.79,576.71,75.30,19.07,1,1,1
207,6,1043.92,572.84,75.30,20.51,1,1,1
208,6,1074.81,569.71,75.30,20.51,1,1,1
209,6,1110.53,574.29,75.30,21.72,1,1,1
210,6,1092.91,577.19,75.30,22.20,1,1,1
211,6,1090.74,577.19,77.95,22.20,1,1,1
212,6,913.84,570.19,77.95,21.96,1,1,1
213,6,840.48,580.57,77.95,21.96,1,1,1
214,6,748.77,572.84,80.12,21.96,1,1,1
215,6,734.29,573.09,80.12,21.96,1,1,1
216,6,699.29,576.47,78.43,20.27,1,1,1
217,6,654.41,581.77,78.43,20.27,1,1,1
218,6,638.24,585.39,78.43,20.27,1,1,1
219,6,597.69,570.67,78.43,20.27,1,1,1
220,6,597.21,570.91,78.43,20.27,1,1,1
221,6,583.94,572.12,78.43,20.27,1,1,1
222,6,583.45,572.12,78.43,20.27,1,1,1
223,6,587.07,578.15,78.43,20.27,1,1,1
224,6,587.56,578.40,78.43,20.27,1,1,1
225,6,621.83,587.57,78.43,20.27,1,1,1
226,6,766.39,578.88,78.43,20.27,1,1,1
227,6,767.35,578.88,78.43,20.27,1,1,1
228,6,795.35,577.67,82.05,20.27,1,1,1
229,6,855.68,582.02,82.05,20.27,1,1,1
230,6,864.13,570.67,82.05,20.27,1,1,1
231,6,867.51,572.60,82.05,20.27,1,1,1
232,6,867.02,572.36,82.05,20.27,1,1,1
233,6,850.37,582.74,82.05,20.27,1,1,1
234,6,851.10,582.50,82.05,20.27,1,1,1
235,6,838.30,586.12,82.05,20.27,1,1,1
236,6,768.80,575.74,82.05,20.27,1,1,1
237,6,769.28,575.02,82.05,20.27,1,1,1
238,6,769.04,575.02,82.05,20.27,1,1,1
239,6,738.39,579.84,82.05,21.72,1,1,1
240,6,655.85,571.40,83.50,21.72,1,1,1
241,6,651.75,578.64,83.50,21.72,1,1,1
242,6,638.00,572.36,76.02,21.72,1,1,1
243,6,617.24,562.71,76.02,21.72,1,1,1
244,6,549.42,548.47,76.02,21.72,1,1,1
245,6,534.70,536.64,76.02,21.72,1,1,1
246,6,480.40,516.85,76.02,21.72,1,1,1
247,6,467.61,520.23,76.02,21.72,1,1,1
248,6,464.23,521.44,76.02,21.72,1,1,1
249,6,476.54,527.96,76.02,21.72,1,1,1
250,6,555.46,531.09,76.02,21.72,1,1,1
251,6,585.14,523.37,76.02,21.72,1,1,1
252,6,710.15,528.44,80.61,23.41,1,1,1
253,6,754.80,521.20,77.23,23.41,1,1,1
254,6,881.75,526.99,77.23,23.41,1,1,1
255,6,916.01,526.99,77.23,23.41,1,1,1
256,6,1031.62,540.26,77.23,23.41,1,1,1
257,6,1065.89,519.51,72.40,21.48,1,1,1
258,6,1127.43,542.92,75.78,21.48,1,1,1
259,6,1123.56,536.64,75.78,21.48,1,1,1
260,6,1118.50,531.09,75.78,21.48,1,1,1
261,6,1113.19,524.82,73.37,22.20,1,1,1
262,6,1100.88,520.96,73.37,22.20,1,1,1
263,6,1081.33,516.37,73.37,22.20,1,1,1
264,6,1056.71,520.72,73.37,22.20,1,1,1
265,6,966.21,526.27,73.37,22.20,1,1,1
266,6,931.46,523.85,73.37,22.20,1,1,1
267,6,909.26,535.92,73.37,22.20,1,1,1
268,6,888.99,542.44,73.37,23.17,1,1,1
269,6,868.71,538.33,73.37,23.17,1,1,1
270,6,836.86,515.65,73.37,23.17,1,1,1
271,6,812.72,503.58,72.16,23.17,1,1,1
272,6,795.35,516.61,72.16,23.17,1,1,1
273,6,758.18,542.92,72.16,23.17,1,1,1
274,6,758.66,543.64,72.16,22.69,1,1,1
275,6,715.22,547.75,68.78,22.44,1,1,1
276,6,707.26,533.99,67.33,23.41,1,1,1
277,6,675.64,533.51,67.33,23.41,1,1,1
278,6,672.99,529.40,63.95,23.41,1,1,1
279,6,657.54,533.75,63.95,23.41,1,1,1
280,6,651.75,545.82,63.95,22.69,1,1,1
281,6,650.79,545.82,60.33,22.69,1,1,1
282,6,649.10,537.13,60.33,22.69,1,1,1
283,6,648.13,531.09,60.33,22.69,1,1,1
284,6,648.13,530.13,60.33,22.69,1,1,1
285,6,643.55,530.37,60.33,22.69,1,1,1
286,6,638.00,547.02,60.33,21.24,1,1,1
287,6,640.41,540.02,58.64,21.24,1,1,1
288,6,647.17,541.47,60.82,21.24,1,1,1
289,6,648.37,541.71,60.82,21.24,1,1,1
290,6,650.30,525.78,60.82,21.24,1,1,1
291,6,658.03,546.30,60.82,21.24,1,1,1
292,6,669.61,554.50,57.92,21.24,1,1,1
293,6,673.71,546.06,57.92,21.24,1,1,1
294,6,679.51,533.99,57.92,21.24,1,1,1
295,6,684.33,545.82,57.92,21.24,1,1,1
296,6,693.02,542.92,55.27,21.24,1,1,1
297,6,695.92,550.64,55.27,21.24,1,1,1
298,6,701.23,538.09,55.27,21.24,1,1,1
299,6,699.78,535.20,55.27,21.24,1,1,1
300,6,704.36,545.82,55.27,21.24,1,1,1
301,6,704.60,545.33,55.27,21.24,1,1,1
302,6,709.19,542.68,50.44,21.24,1,1,1
303,6,713.53,547.26,50.44,21.24,1,1,1
304,6,713.05,547.99,50.44,21.24,1,1,1
305,6,720.53,540.51,47.78,21.48,1,1,1
306,6,720.05,540.51,47.78,21.48,1,1,1
307,6,723.43,548.95,47.78,21.48,1,1,1
308,6,723.67,548.95,47.78,21.48,1,1,1
309,6,729.46,531.09,47.78,21.48,1,1,1
310,6,730.91,540.02,47.78,21.48,1,1,1
311,6,732.84,548.95,47.78,21.48,1,1,1
312,6,732.84,531.34,47.78,21.48,1,1,1
313,6,732.60,531.82,47.78,21.48,1,1,1
314,6,728.74,539.78,47.78,21.24,1,1,1
315,6,738.87,540.51,47.78,21.24,1,1,1
316,6,747.32,532.54,45.85,21.24,1,1,1
317,6,746.36,542.44,45.85,21.24,1,1,1
318,6,735.25,543.40,45.85,21.24,1,1,1
319,6,737.91,556.43,45.85,21.24,1,1,1
320,6,667.68,555.23,45.85,21.24,1,1,1
321,6,586.11,580.57,47.78,21.24,1,1,1
360,6,321.85,560.71,33.96,23.25,1,1,1
361,6,332.67,558.19,33.93,20.57,1,1,1
362,6,321.31,533.02,33.59,20.55,1,1,1
363,6,320.57,506.60,33.71,20.44,1,1,1
386,6,561.55,537.97,36.57,17.82,1,1,1
387,6,550.81,525.47,36.40,17.77,1,1,1
388,6,539.55,538.33,36.23,17.71,1,1,1
389,6,535.89,545.84,36.05,17.66,1,1,1
390,6,504.83,537.56,35.88,17.61,1,1,1
391,6,504.46,537.56,35.88,17.61,1,1,1
392,6,478.22,544.48,35.15,17.61,1,1,1
393,6,462.91,545.21,35.15,17.61,1,1,1
394,6,462.55,545.94,35.15,17.61,1,1,1
395,6,441.04,539.02,35.15,17.61,1,1,1
396,6,428.29,533.55,32.24,17.61,1,1,1
397,6,393.29,541.93,32.24,17.61,1,1,1
398,6,388.56,541.57,32.24,16.88,1,1,1
399,6,389.29,541.20,32.24,16.88,1,1,1
400,6,349.19,547.04,32.24,16.88,1,1,1
401,6,336.43,524.07,32.24,16.88,1,1,1
402,6,336.07,524.07,32.24,16.88,1,1,1
403,6,320.03,559.06,14.01,17.24,1,1,1
404,6,320.03,560.04,14.01,17.24,1,1,1
103,5,320.12,571.45,27.92,10.36,1,1,1
104,5,376.11,573.25,32.93,10.39,1,1,1
105,5,387.17,570.07,33.09,10.42,1,1,1
106,5,463.48,577.80,33.25,10.45,1,1,1
107,5,484.34,578.22,33.41,10.48,1,1,1
108,5,545.56,575.87,33.57,10.51,1,1,1
109,5,562.17,575.44,33.73,10.55,1,1,1
110,5,608.11,571.12,31.52,11.10,1,1,1
111,5,604.98,581.71,31.66,11.13,1,1,1
112,5,569.88,568.86,31.30,11.13,1,1,1
113,5,561.62,578.32,31.44,11.16,1,1,1
114,5,525.13,578.99,32.00,11.20,1,1,1
115,5,508.65,581.33,32.14,12.31,1,1,1
116,5,474.80,578.16,29.54,11.70,1,1,1
117,5,468.34,567.20,29.66,11.74,1,1,1
118,5,460.97,571.37,29.77,11.78,1,1,1
119,5,455.45,567.54,29.89,11.82,1,1,1
120,5,455.39,562.30,30.00,11.86,1,1,1
121,5,455.30,562.54,30.12,11.90,1,1,1
122,5,448.54,563.34,30.23,11.94,1,1,1
123,5,449.87,563.59,27.71,10.87,1,1,1
124,5,446.62,574.08,27.81,10.90,1,1,1
125,5,441.94,569.15,30.94,10.93,1,1,1
126,5,418.94,570.82,31.05,10.96,1,1,1
127,5,411.22,574.72,31.17,11.00,1,1,1
128,5,392.10,570.07,32.92,11.03,1,1,1
129,5,392.71,572.30,33.05,11.06,1,1,1
130,5,393.30,568.73,33.18,11.09,1,1,1
131,5,398.85,565.41,33.32,11.12,1,1,1
132,5,397.51,563.17,33.45,11.15,1,1,1
133,5,401.95,562.30,33.58,11.18,1,1,1
134,5,408.90,567.77,33.71,11.21,1,1,1
135,5,416.98,566.10,33.84,11.24,1,1,1
136,5,456.50,569.66,36.30,11.27,1,1,1
137,5,487.14,562.47,33.00,11.30,1,1,1
138,5,616.26,558.54,33.13,11.33,1,1,1
139,5,646.04,562.19,33.25,12.85,1,1,1
140,5,607.18,556.12,31.05,11.87,1,1,1
141,5,543.20,556.95,31.16,11.91,1,1,1
142,5,453.51,567.71,29.04,11.94,1,1,1
143,5,344.58,571.59,30.28,10.35,1,1,1
144,5,328.00,577.49,30.37,10.37,1,1,1
187,5,323.28,578.44,30.20,10.74,1,1,1
188,5,338.28,583.36,33.58,10.76,1,1,1
189,5,395.49,588.00,33.68,10.78,1,1,1
190,5,415.63,587.13,33.77,10.80,1,1,1
191,5,466.80,582.45,33.86,10.82,1,1,1
192,5,477.65,586.21,33.96,10.84,1,1,1
193,5,499.94,586.78,34.05,10.86,1,1,1
194,5,498.68,587.06,34.14,10.88,1,1,1
195,5,480.90,589.38,29.72,10.90,1,1,1
196,5,464.93,576.54,29.79,10.92,1,1,1
197,5,385.82,568.01,29.86,10.94,1,1,1
198,5,385.11,568.48,29.93,10.96,1,1,1
199,5,401.32,580.62,30.00,10.98,1,1,1
200,5,412.63,592.54,30.07,11.00,1,1,1
201,5,467.48,582.62,30.14,11.01,1,1,1
202,5,502.45,589.29,30.21,11.03,1,1,1
203,5,519.40,595.70,28.04,11.05,1,1,1
204,5,533.59,599.22,28.10,11.07,1,1,1
205,5,548.43,591.37,29.42,11.09,1,1,1
206,5,569.46,582.61,29.48,11.11,1,1,1
207,5,584.74,580.81,29.55,11.13,1,1,1
208,5,616.13,581.62,29.61,11.15,1,1,1
209,5,647.36,586.23,29.68,11.17,1,1,1
210,5,636.30,592.33,24.32,11.58,1,1,1
211,5,636.09,593.78,24.36,11.60,1,1,1
212,5,459.93,580.40,28.83,11.62,1,1,1
213,5,394.29,584.30,26.18,11.60,1,1,1
214,5,320.39,580.84,18.38,11.58,1,1,1
215,5,320.44,580.78,5.69,11.56,1,1,1
226,5,339.42,587.48,16.17,11.33,1,1,1
227,5,338.65,587.72,16.17,11.35,1,1,1
228,5,367.17,586.18,16.17,13.15,1,1,1
229,5,423.14,589.64,16.17,13.18,1,1,1
230,5,430.66,575.73,16.17,13.21,1,1,1
231,5,430.32,579.64,19.85,13.23,1,1,1
232,5,430.40,579.10,19.86,13.26,1,1,1
233,5,417.57,588.24,19.88,13.28,1,1,1
234,5,417.34,588.73,19.89,13.31,1,1,1
235,5,406.92,591.45,19.91,13.34,1,1,1
236,5,343.00,584.75,19.98,11.79,1,1,1
237,5,342.94,584.72,20.00,11.81,1,1,1
238,5,343.36,584.69,20.01,11.83,1,1,1
239,5,320.38,587.39,15.07,12.21,1,1,1
252,5,319.39,535.91,18.68,12.10,1,1,1
253,5,350.92,528.16,27.25,12.12,1,1,1
254,5,472.47,535.17,27.29,12.14,1,1,1
255,5,506.78,534.70,27.98,12.16,1,1,1
256,5,621.17,549.73,28.37,12.18,1,1,1
257,5,652.16,526.54,28.42,12.20,1,1,1
258,5,721.55,550.98,28.47,11.12,1,1,1
259,5,717.81,543.06,30.19,11.14,1,1,1
260,5,713.30,539.22,30.24,11.15,1,1,1
261,5,708.76,534.40,30.30,11.17,1,1,1
262,5,697.42,532.47,28.65,11.19,1,1,1
263,5,680.24,526.90,29.15,11.20,1,1,1
264,5,658.35,527.12,29.20,11.22,1,1,1
265,5,571.44,534.37,29.25,11.23,1,1,1
266,5,544.58,532.68,27.54,11.25,1,1,1
267,5,522.16,542.13,27.58,11.26,1,1,1
268,5,502.07,547.97,27.62,11.28,1,1,1
269,5,486.01,543.19,26.82,12.14,1,1,1
270,5,455.84,524.33,26.86,12.16,1,1,1
271,5,432.82,513.40,29.32,12.18,1,1,1
272,5,417.71,526.17,29.36,12.20,1,1,1
273,5,387.47,547.70,26.55,12.22,1,1,1
274,5,387.68,547.76,26.59,12.23,1,1,1
275,5,353.01,554.60,26.63,12.25,1,1,1
276,5,347.51,541.35,26.67,12.27,1,1,1
277,5,323.59,540.90,26.71,12.29,1,1,1
278,5,319.97,535.84,24.76,12.31,1,1,1
279,5,319.53,541.47,15.73,14.63,1,1,1
280,5,320.18,553.36,12.14,14.16,1,1,1
281,5,320.62,555.79,11.27,11.90,1,1,1
282,5,320.25,547.19,8.41,11.73,1,1,1
283,5,320.25,542.07,7.94,11.56,1,1,1
284,5,320.02,541.15,7.48,9.72,1,1,1
285,5,319.86,540.34,7.01,10.11,1,1,1
287,5,320.27,548.12,6.08,10.88,1,1,1
288,5,320.13,546.18,14.39,14.19,1,1,1
289,5,320.05,546.55,14.39,14.22,1,1,1
290,5,319.98,532.23,20.82,14.24,1,1,1
291,5,320.22,551.06,29.17,14.27,1,1,1
292,5,323.65,557.51,33.44,14.69,1,1,1
293,5,326.45,549.62,33.50,14.71,1,1,1
294,5,334.68,538.50,33.56,14.74,1,1,1
295,5,337.83,550.01,33.62,14.76,1,1,1
296,5,347.37,546.88,33.68,14.79,1,1,1
297,5,349.92,553.31,33.74,14.81,1,1,1
298,5,356.63,544.76,33.80,14.84,1,1,1
299,5,356.01,538.42,35.49,14.39,1,1,1
300,5,358.57,552.80,35.55,14.41,1,1,1
301,5,359.23,552.55,35.62,14.44,1,1,1
302,5,358.93,548.47,35.68,14.46,1,1,1
303,5,361.08,552.35,38.09,14.48,1,1,1
304,5,360.77,552.73,38.16,14.51,1,1,1
305,5,367.81,544.82,38.23,14.53,1,1,1
306,5,368.16,544.86,38.30,14.56,1,1,1
307,5,370.75,551.28,38.38,14.58,1,1,1
308,5,371.11,551.66,38.45,14.61,1,1,1
309,5,376.25,537.04,38.52,14.63,1,1,1
310,5,380.13,545.68,38.59,14.65,1,1,1
311,5,381.46,551.14,38.67,14.68,1,1,1
312,5,381.20,535.56,38.74,14.70,1,1,1
313,5,383.20,536.43,36.11,14.73,1,1,1
314,5,381.65,542.01,36.18,14.75,1,1,1
315,5,390.79,545.03,36.24,14.78,1,1,1
316,5,396.10,533.94,36.30,14.80,1,1,1
317,5,395.44,546.79,36.37,14.82,1,1,1
318,5,386.63,546.83,36.43,14.85,1,1,1
319,5,383.36,561.43,41.12,14.87,1,1,1
320,5,323.04,564.54,36.00,14.90,1,1,1
380,5,341.12,551.45,28.54,13.84,1,1,1
381,5,350.28,516.02,29.09,13.86,1,1,1
382,5,356.68,559.44,29.13,13.88,1,1,1
383,5,356.86,559.51,29.16,13.90,1,1,1
384,5,319.89,511.44,15.20,13.56,1,1,1
385,5,320.22,536.11,8.53,10.90,1,1,1
106,4,374.84,578.26,6.76,11.31,1,3,1
107,4,394.40,578.49,6.76,11.31,1,3,1
108,4,455.19,576.61,6.76,11.31,1,3,1
109,4,470.84,576.33,6.76,11.31,1,3,1
110,4,514.20,574.14,6.76,11.31,1,3,1
111,4,512.83,583.47,6.76,11.31,1,3,1
112,4,477.97,571.67,6.76,11.31,1,3,1
113,4,472.21,580.18,6.76,11.31,1,3,1
114,4,436.81,581.27,6.76,11.31,1,3,1
115,4,422.20,584.34,6.26,10.14,1,3,1
116,4,389.39,581.13,5.31,9.34,1,3,1
117,4,384.24,571.21,5.31,9.34,1,3,1
118,4,378.52,574.46,5.31,9.34,1,3,1
119,4,375.09,570.45,5.31,9.34,1,3,1
120,4,374.90,566.45,5.31,9.34,1,3,1
121,4,374.52,566.64,5.31,9.34,1,3,1
122,4,367.84,566.64,5.31,9.34,1,3,1
123,4,368.22,566.64,5.31,9.34,1,3,1
124,4,365.55,577.13,5.31,9.34,1,3,1
125,4,363.84,572.93,5.31,9.34,1,3,1
126,4,343.24,573.31,5.31,9.34,1,3,1
127,4,335.99,578.08,5.31,9.34,1,3,1
128,4,321.31,573.69,5.31,9.34,1,3,1
129,4,321.47,575.68,5.15,9.34,1,3,1
130,4,321.11,573.15,5.15,9.34,1,3,1
131,4,328.33,568.82,5.15,9.34,1,3,1
132,4,326.88,565.94,5.15,9.34,1,3,1
133,4,331.75,565.94,5.15,9.34,1,3,1
134,4,338.07,571.71,5.15,9.34,1,3,1
135,4,346.18,570.27,5.15,9.34,1,3,1
136,4,387.67,573.15,5.15,9.34,1,3,1
137,4,413.47,565.21,5.15,9.34,1,3,1
138,4,540.46,563.16,5.15,9.34,1,3,1
139,4,569.44,566.98,5.34,9.34,1,3,1
140,4,530.73,562.21,5.34,9.34,1,3,1
141,4,470.08,561.83,5.34,9.34,1,3,1
142,4,380.83,569.84,5.34,9.34,1,3,1
189,4,349.56,590.67,5.34,9.34,1,3,1
190,4,369.50,590.63,5.34,9.34,1,3,1
191,4,421.03,586.91,5.34,9.34,1,3,1
192,4,432.05,590.79,5.34,9.34,1,3,1
193,4,456.88,591.41,5.34,9.34,1,3,1
194,4,456.10,591.56,5.34,9.34,1,3,1
195,4,435.93,594.20,5.34,9.34,1,3,1
196,4,419.94,582.25,5.34,9.34,1,3,1
197,4,345.60,570.46,5.34,9.34,1,3,1
198,4,345.45,570.46,5.34,9.34,1,3,1
199,4,362.83,583.96,5.34,9.34,1,3,1
200,4,374.00,595.29,5.34,9.34,1,3,1
201,4,429.56,584.89,5.34,9.34,1,3,1
202,4,466.03,592.34,5.34,9.34,1,3,1
203,4,480.78,598.70,5.34,9.34,1,3,1
204,4,493.81,601.65,5.34,9.34,1,3,1
205,4,509.64,594.20,5.34,9.34,1,3,1
206,4,530.59,586.44,5.34,9.34,1,3,1
207,4,547.98,586.44,5.34,9.34,1,3,1
208,4,578.86,586.29,5.34,9.34,1,3,1
209,4,612.38,592.19,5.34,9.34,1,3,1
210,4,595.00,598.55,5.34,9.34,1,3,1
211,4,594.84,598.39,5.34,9.34,1,3,1
212,4,426.85,584.72,5.34,9.34,1,3,1
213,4,360.41,588.26,5.34,9.34,1,3,1
228,4,330.46,592.16,5.34,9.34,1,3,1
229,4,386.81,595.71,5.34,9.34,1,3,1
230,4,393.72,582.24,5.34,9.34,1,3,1
231,4,397.44,586.85,5.34,9.34,1,3,1
232,4,397.09,586.14,5.34,9.34,1,3,1
233,4,384.50,594.82,5.34,9.34,1,3,1
234,4,384.33,595.17,5.34,9.34,1,3,1
235,4,373.87,597.48,5.34,9.34,1,3,1
253,4,324.97,534.40,5.28,9.34,1,3,1
254,4,444.51,539.61,5.86,9.34,1,3,1
255,4,478.69,539.93,5.86,9.34,1,3,1
256,4,594.10,553.77,5.86,9.34,1,3,1
257,4,624.54,532.44,5.86,9.34,1,3,1
258,4,694.20,556.86,5.86,9.34,1,3,1
259,4,692.25,548.72,5.86,9.34,1,3,1
260,4,687.20,544.33,5.86,9.34,1,3,1
261,4,682.32,540.42,5.86,9.34,1,3,1
262,4,670.44,538.14,5.86,9.34,1,3,1
263,4,654.00,532.93,5.86,9.34,1,3,1
264,4,631.70,533.58,5.86,9.34,1,3,1
265,4,548.20,540.91,5.86,9.34,1,3,1
266,4,518.74,538.47,5.86,9.34,1,3,1
267,4,495.79,547.74,5.86,9.34,1,3,1
268,4,477.07,553.12,5.86,9.34,1,3,1
269,4,460.95,549.37,5.86,9.34,1,3,1
270,4,431.33,530.82,5.86,9.34,1,3,1
271,4,410.49,520.07,5.86,9.34,1,3,1
272,4,396.01,532.12,5.86,9.34,1,3,1
273,4,364.10,554.09,5.86,9.34,1,3,1
274,4,363.62,553.08,6.35,10.68,1,3,1
275,4,330.57,558.45,6.35,10.68,1,3,1
276,4,325.04,546.41,6.35,10.68,1,3,1
294,4,322.10,545.34,6.35,10.68,1,3,1
295,4,325.89,556.44,6.35,10.68,1,3,1
296,4,333.99,554.06,6.35,10.68,1,3,1
297,4,337.11,559.45,6.35,10.68,1,3,1
298,4,343.65,551.50,6.35,10.68,1,3,1
299,4,344.07,545.68,6.35,10.68,1,3,1
300,4,348.76,561.02,6.35,10.68,1,3,1
301,4,349.32,561.02,6.35,10.68,1,3,1
302,4,350.46,555.34,6.35,10.68,1,3,1
303,4,354.15,561.02,6.35,10.68,1,3,1
304,4,354.43,560.87,5.51,10.68,1,3,1
305,4,362.04,552.10,5.51,10.68,1,3,1
306,4,361.69,551.74,5.51,10.68,1,3,1
307,4,365.67,559.63,5.51,9.59,1,3,1
308,4,365.44,559.63,5.51,9.59,1,3,1
309,4,371.52,546.75,5.51,9.59,1,3,1
310,4,373.86,553.78,5.51,9.59,1,3,1
311,4,375.15,559.98,5.51,9.59,1,3,1
312,4,377.38,545.11,5.51,9.59,1,3,1
313,4,377.61,544.88,4.79,9.59,1,3,1
314,4,374.72,551.73,4.79,9.59,1,3,1
315,4,383.26,554.51,5.67,9.59,1,3,1
316,4,389.89,542.53,5.67,9.59,1,3,1
317,4,389.25,556.65,5.67,9.59,1,3,1
318,4,380.69,555.69,5.67,9.59,1,3,1
319,4,383.47,570.35,5.67,9.59,1,3,1
320,4,321.18,573.88,5.67,9.59,1,3,1
108,3,319.93,575.15,7.49,13.74,1,1,1
109,3,320.03,575.63,22.17,13.23,1,1,1
110,3,364.52,577.36,21.50,11.49,1,1,1
111,3,363.23,583.78,22.79,10.98,1,1,1
112,3,326.40,571.89,25.64,10.35,1,1,1
113,3,320.03,581.74,26.24,12.21,1,1,1
138,3,373.86,563.64,24.96,10.53,1,1,1
139,3,401.62,566.68,25.72,11.22,1,1,1
140,3,361.01,560.28,24.16,12.27,1,1,1
205,3,321.14,589.27,13.60,9.82,1,1,1
206,3,340.56,583.03,13.44,9.78,1,1,1
207,3,355.44,583.01,13.28,9.74,1,1,1
208,3,386.34,584.23,13.03,10.71,1,1,1
209,3,418.15,588.72,10.78,10.23,1,1,1
210,3,401.32,596.47,10.82,9.78,1,1,1
211,3,402.44,597.92,11.88,9.43,1,1,1
256,3,394.03,551.32,13.78,10.70,1,1,1
257,3,423.55,527.82,12.98,10.12,1,1,1
258,3,491.21,550.13,11.45,12.60,1,1,1
259,3,488.45,542.41,12.23,11.67,1,1,1
260,3,484.02,538.95,12.74,11.97,1,1,1
261,3,481.42,537.54,10.61,11.81,1,1,1
262,3,467.20,535.34,14.99,10.07,1,1,1
263,3,452.30,530.87,12.18,11.00,1,1,1
264,3,433.39,528.80,11.81,11.10,1,1,1
265,3,352.42,537.25,11.81,11.10,1,1,1
266,3,325.06,535.43,11.81,11.10,1,1,1
112,15,603.96,573.16,16.39,6.45,1,2,1
113,15,601.13,583.51,17.19,7.00,1,2,1
114,15,569.68,583.90,17.28,7.12,1,2,1
115,15,557.61,586.70,16.14,5.41,1,2,1
116,15,526.29,582.05,16.01,6.63,1,2,1
117,15,527.01,572.08,16.16,6.77,1,2,1
118,15,525.77,575.19,16.30,6.91,1,2,1
119,15,528.62,572.22,16.45,7.05,1,2,1
120,15,529.20,568.78,16.59,7.19,1,2,1
121,15,529.62,567.46,16.74,7.33,1,2,1
122,15,535.57,567.87,16.88,7.47,1,2,1
123,15,534.95,566.26,17.03,7.61,1,2,1
124,15,539.17,577.99,17.17,7.75,1,2,1
125,15,540.10,574.31,17.32,7.89,1,2,1
126,15,524.43,573.06,17.46,8.03,1,2,1
127,15,520.76,577.47,17.61,8.17,1,2,1
128,15,512.67,573.88,17.75,8.31,1,2,1
129,15,512.27,573.84,17.90,8.45,1,2,1
130,15,517.52,572.02,18.04,8.59,1,2,1
131,15,527.59,569.97,18.18,8.73,1,2,1
132,15,527.56,567.15,18.33,8.86,1,2,1
133,15,530.60,565.37,18.47,9.00,1,2,1
134,15,543.95,570.47,18.62,9.14,1,2,1
135,15,554.96,568.24,18.76,9.28,1,2,1
136,15,606.64,574.85,18.91,9.42,1,2,1
137,15,636.51,567.39,19.05,9.56,1,2,1
138,15,780.04,562.51,19.20,9.70,1,2,1
139,15,820.52,563.77,19.34,9.84,1,2,1
140,15,792.02,558.34,19.49,9.98,1,2,1
141,15,727.77,558.75,19.63,10.12,1,2,1
142,15,640.56,572.16,21.94,10.14,1,2,1
143,15,549.62,572.63,17.18,9.29,1,2,1
144,15,538.94,580.38,17.22,9.30,1,2,1
145,15,487.44,571.62,17.27,9.31,1,2,1
146,15,473.50,575.22,17.31,9.33,1,2,1
147,15,426.44,577.46,17.65,9.34,1,2,1
148,15,407.88,565.93,17.70,9.36,1,2,1
149,15,373.56,575.29,17.74,9.37,1,2,1
150,15,376.73,566.33,17.79,9.38,1,2,1
151,15,389.21,573.60,18.59,9.40,1,2,1
152,15,394.07,576.39,21.44,9.41,1,2,1
153,15,406.45,563.59,21.50,9.42,1,2,1
154,15,414.42,566.55,18.13,9.44,1,2,1
155,15,425.58,573.14,24.05,9.45,1,2,1
156,15,444.96,573.92,21.39,11.16,1,2,1
157,15,443.41,573.76,21.44,11.18,1,2,1
158,15,466.06,568.48,21.50,11.20,1,2,1
159,15,502.76,563.49,21.56,11.22,1,2,1
160,15,514.55,563.89,21.62,12.33,1,2,1
161,15,538.55,578.68,23.79,12.35,1,2,1
162,15,542.18,557.63,24.78,12.38,1,2,1
163,15,553.83,562.81,25.40,13.39,1,2,1
164,15,551.41,558.79,23.96,13.52,1,2,1
165,15,563.37,560.84,24.63,11.98,1,2,1
166,15,570.91,563.14,25.30,12.35,1,2,1
171,15,711.33,561.03,20.67,11.91,1,2,1
172,15,704.44,557.87,29.32,14.56,1,2,1
173,15,738.96,562.72,33.33,15.87,1,2,1
174,15,747.32,561.71,30.81,15.03,1,2,1
175,15,746.75,564.70,34.49,15.13,1,2,1
176,15,745.87,560.72,31.75,14.68,1,2,1
180,15,771.63,574.10,20.81,12.90,1,2,1
181,15,836.78,579.34,39.28,12.93,1,2,1
182,15,848.90,579.83,39.40,12.95,1,2,1
183,15,899.42,588.20,39.52,12.98,1,2,1
184,15,913.26,586.24,41.31,11.84,1,2,1
185,15,983.66,579.71,40.26,13.01,1,2,1
186,15,1002.95,583.91,40.26,13.01,1,2,1
187,15,1094.45,576.25,40.26,13.01,1,2,1
188,15,1122.44,580.45,43.43,13.04,1,2,1
189,15,1217.16,584.41,40.96,13.04,1,2,1
190,15,1250.05,584.16,31.07,13.78,1,2,1
196,15,1462.69,562.64,21.59,15.04,1,2,1
197,15,1402.05,574.01,42.54,14.89,1,2,1
198,15,1400.45,573.47,44.14,15.15,1,2,1
199,15,1465.63,567.86,44.68,15.42,1,2,1
200,15,1487.27,584.16,45.48,15.96,1,2,1
201,15,1576.22,570.20,23.84,13.62,1,2,1
330,15,1561.50,655.75,16.27,8.48,1,2,1
331,15,1556.99,652.89,16.21,8.44,1,2,1
332,15,1533.42,658.66,16.15,8.40,1,2,1
333,15,1526.68,657.41,16.09,8.36,1,2,1
334,15,1454.12,662.57,16.04,8.32,1,2,1
335,15,1435.71,654.82,15.98,8.28,1,2,1
336,15,1353.69,661.50,15.98,8.28,1,2,1
337,15,1330.81,660.45,15.98,8.28,1,2,1
338,15,1375.17,664.67,15.98,8.28,1,2,1
339,15,1424.80,658.34,15.98,8.28,1,2,1
