1,28,836.83,548.39,119.95,27.92,1,0,1
2,28,782.37,478.52,125.78,27.92,1,0,1
3,28,712.99,517.55,129.62,30.58,1,0,1
4,28,699.85,500.43,126.25,25.94,1,0,1
5,28,700.78,499.89,123.58,26.05,1,0,1
6,28,688.52,526.31,126.72,27.50,1,0,1
7,28,682.73,550.43,126.72,26.92,1,0,1
8,28,672.42,568.62,125.46,27.50,1,0,1
9,28,676.79,564.34,124.13,27.15,1,0,1
10,28,729.93,513.62,121.89,24.15,1,0,1
11,28,810.15,556.24,127.55,24.15,1,0,1
12,28,878.27,546.06,125.63,26.07,1,0,1
13,28,1304.74,592.76,123.89,24.89,1,0,1
14,28,1497.32,562.17,102.83,27.07,1,0,1
1,29,1522.66,578.60,77.94,24.59,1,0,1
2,29,1493.18,457.83,105.68,26.24,1,0,1
3,29,1428.89,518.35,171.27,31.14,1,0,1
4,29,1399.86,462.23,201.56,37.97,1,0,1
5,29,1416.75,464.74,184.84,39.56,1,0,1
6,29,1391.43,513.87,201.66,36.27,1,0,1
7,29,1384.17,549.60,204.91,38.80,1,0,1
8,29,1377.48,568.49,205.64,37.61,1,0,1
9,29,1380.57,547.65,206.48,36.86,1,0,1
10,29,1448.57,504.38,151.53,27.18,1,0,1
11,29,1528.17,548.10,72.24,25.46,1,0,1
20,2,561.20,545.25,222.83,49.32,1,0,1
21,2,976.55,528.04,232.20,47.20,1,0,1
22,2,994.99,529.82,232.19,48.21,1,0,1
23,2,1012.38,560.17,232.11,50.31,1,0,1
24,2,1011.90,560.17,232.03,48.33,1,0,1
25,2,1042.80,558.73,231.84,45.55,1,0,1
26,2,1034.59,552.76,235.58,48.51,1,0,1
27,2,1030.29,547.33,232.62,48.58,1,0,1
28,2,1025.98,561.65,234.14,47.96,1,0,1
29,2,1025.03,561.29,237.33,48.02,1,0,1
30,2,1000.56,557.75,238.35,48.76,1,0,1
31,2,1003.47,557.94,237.67,49.13,1,0,1
32,2,911.19,546.21,243.96,51.13,1,0,1
33,2,872.97,556.26,242.54,48.58,1,0,1
34,2,856.48,556.82,242.28,53.10,1,0,1
35,2,879.16,560.36,229.65,48.14,1,0,1
36,2,880.07,560.55,236.00,48.20,1,0,1
37,2,954.91,557.94,242.68,49.69,1,0,1
38,2,1101.65,558.49,242.78,48.02,1,0,1
39,2,1245.58,571.70,234.59,52.56,1,0,1
40,2,1481.86,570.02,117.53,52.06,1,0,1
41,2,1517.96,552.38,80.65,49.21,1,0,1
42,2,1544.83,564.14,55.59,45.59,1,0,1
43,2,1554.06,570.02,44.64,38.62,1,0,1
44,2,1575.05,566.94,24.64,37.50,1,0,1
52,2,1565.16,572.52,34.91,35.51,1,0,1
53,2,1550.34,559.61,48.78,35.87,1,0,1
54,2,1493.91,539.04,105.69,54.52,1,0,1
55,2,1477.17,551.00,122.91,54.52,1,0,1
56,2,1368.13,578.74,231.47,55.95,1,0,1
57,2,1295.44,542.39,246.77,63.13,1,0,1
58,2,1286.83,545.26,251.07,60.26,1,0,1
59,2,1344.22,567.26,246.77,57.39,1,0,1
60,2,1396.35,545.74,203.25,58.82,1,0,1
61,2,1578.07,580.65,22.48,32.52,1,0,1
62,2,1578.56,582.45,21.12,29.68,1,0,1
65,2,1459.47,540.00,141.08,60.74,1,0,1
66,2,1202.18,521.35,272.12,64.56,1,0,1
67,2,949.34,530.74,283.45,62.35,1,0,1
68,2,919.16,530.04,285.46,60.36,1,0,1
69,2,913.12,524.67,290.83,61.03,1,0,1
70,2,945.98,538.09,290.83,63.04,1,0,1
71,2,1066.03,550.83,286.13,61.03,1,0,1
72,2,1291.38,532.05,272.72,62.37,1,0,1
73,2,1289.37,530.04,273.39,63.71,1,0,1
74,2,1466.18,540.10,134.14,63.71,1,0,1
20,24,436.11,586.10,10.56,5.63,1,4,1
21,24,839.87,573.51,4.63,3.40,1,4,1
22,24,858.44,579.90,4.63,3.40,1,4,1
23,24,867.68,606.55,6.06,3.40,1,4,1
24,24,867.68,606.05,4.98,3.90,1,4,1
25,24,889.94,606.17,4.98,3.90,1,4,1
26,24,883.62,600.64,4.98,3.90,1,4,1
27,24,875.89,597.06,4.98,3.90,1,4,1
28,24,869.07,611.25,4.98,3.90,1,4,1
29,24,869.07,611.25,5.14,3.61,1,4,1
30,24,843.40,605.48,5.14,3.61,1,4,1
31,24,843.40,605.48,5.46,3.25,1,4,1
32,24,745.15,595.56,4.88,2.94,1,4,1
33,24,706.35,604.84,4.88,2.67,1,4,1
34,24,682.54,605.67,4.88,2.67,1,4,1
35,24,700.73,609.70,4.88,2.67,1,4,1
36,24,700.73,609.70,4.88,2.67,1,4,1
37,24,768.60,605.54,6.12,2.77,1,4,1
38,24,905.92,605.61,6.12,2.77,1,4,1
39,24,1044.31,624.94,6.12,3.88,1,4,1
40,24,1280.69,624.01,6.35,3.82,1,4,1
41,24,1317.94,605.38,6.35,3.82,1,4,1
42,24,1344.09,611.56,5.74,3.99,1,4,1
43,24,1363.52,610.51,5.24,3.45,1,4,1
44,24,1379.53,601.33,5.24,3.45,1,4,1
45,24,1386.59,581.56,5.24,3.45,1,4,1
46,24,1389.02,587.48,5.24,3.45,1,4,1
47,24,1392.14,612.89,5.24,4.06,1,4,1
48,24,1393.62,635.39,5.24,4.06,1,4,1
49,24,1402.22,611.13,5.24,4.06,1,4,1
50,24,1407.29,569.48,5.24,4.06,1,4,1
51,24,1386.03,593.73,6.85,4.13,1,4,1
52,24,1336.01,609.36,4.42,3.66,1,4,1
53,24,1315.22,595.37,5.26,3.40,1,4,1
54,24,1245.48,593.80,6.63,4.20,1,4,1
55,24,1227.19,608.90,5.51,4.20,1,4,1
56,24,1108.54,636.23,5.51,3.68,1,4,1
57,24,1019.96,608.00,5.51,3.68,1,4,1
58,24,1009.94,608.16,6.30,3.68,1,4,1
59,24,1060.27,621.14,4.74,3.68,1,4,1
60,24,1114.44,606.38,4.74,3.68,1,4,1
61,24,1298.33,608.84,5.73,3.68,1,4,1
62,24,1298.11,608.52,5.73,3.68,1,4,1
63,24,1468.42,579.44,5.21,3.68,1,4,1
64,24,1313.35,579.89,5.21,3.68,1,4,1
65,24,1145.15,603.52,5.21,3.68,1,4,1
66,24,865.75,592.06,6.53,3.68,1,4,1
67,24,603.03,589.46,6.53,3.68,1,4,1
68,24,573.52,588.66,5.97,3.30,1,4,1
69,24,559.23,578.40,5.97,3.30,1,4,1
70,24,586.39,595.05,5.97,3.30,1,4,1
71,24,692.60,609.82,5.97,3.30,1,4,1
72,24,905.39,595.33,5.97,3.30,1,4,1
73,24,904.91,595.33,5.97,3.30,1,4,1
74,24,1083.32,607.37,5.97,3.30,1,4,1
75,24,1222.60,627.52,4.62,3.30,1,4,1
76,24,1261.64,579.38,4.62,3.50,1,4,1
77,24,1311.56,604.42,4.62,3.50,1,4,1
78,24,1311.56,604.42,4.52,3.15,1,4,1
79,24,1311.56,604.42,5.44,3.70,1,4,1
80,24,1339.54,597.59,5.44,3.70,1,4,1
81,24,1351.34,613.56,5.44,3.70,1,4,1
82,24,1342.62,611.99,5.44,3.70,1,4,1
83,24,1339.79,591.13,6.91,4.53,1,4,1
84,24,1337.75,599.29,6.91,4.53,1,4,1
85,24,1331.65,601.95,6.91,4.53,1,4,1
86,24,1337.38,608.21,6.91,4.53,1,4,1
87,24,1337.38,608.21,7.40,4.40,1,4,1
88,24,1298.56,628.42,7.40,4.40,1,4,1
89,24,1295.98,601.42,7.40,4.40,1,4,1
90,24,1273.66,611.60,7.40,4.40,1,4,1
91,24,1256.17,614.74,7.40,4.40,1,4,1
92,24,1221.78,592.39,7.40,4.40,1,4,1
93,24,1238.47,638.55,7.40,4.40,1,4,1
94,24,1271.27,567.88,7.40,4.40,1,4,1
95,24,1270.31,567.00,8.36,5.27,1,4,1
96,24,1343.02,591.85,8.36,5.27,1,4,1
97,24,1356.51,610.35,8.36,5.27,1,4,1
98,24,1414.21,612.15,8.36,5.27,1,4,1
99,24,1414.21,612.15,8.55,5.40,1,4,1
100,24,1447.26,614.32,8.55,5.40,1,4,1
101,24,1561.30,595.79,7.94,5.40,1,4,1
103,24,1590.96,623.24,7.94,5.40,1,4,1
104,24,1596.80,631.75,3.43,5.40,1,4,1
21,3,489.32,562.91,87.73,20.95,1,1,1
22,3,506.89,573.96,88.54,19.66,1,1,1
23,3,517.54,594.31,83.75,17.75,1,1,1
24,3,517.93,593.93,83.36,18.53,1,1,1
25,3,539.54,599.33,84.14,18.14,1,1,1
26,3,532.59,593.54,86.45,18.53,1,1,1
27,3,525.26,589.30,86.07,19.68,1,1,1
28,3,519.09,603.19,86.84,19.68,1,1,1
29,3,517.16,603.19,86.84,18.53,1,1,1
30,3,495.54,596.24,86.07,18.89,1,1,1
31,3,496.36,595.43,85.66,19.43,1,1,1
32,3,403.97,584.24,84.04,19.24,1,1,1
33,3,368.21,594.00,84.04,19.51,1,1,1
34,3,345.45,589.12,83.49,18.69,1,1,1
35,3,362.79,598.33,84.31,18.15,1,1,1
36,3,360.89,598.06,85.93,18.15,1,1,1
37,3,424.83,591.83,84.04,18.42,1,1,1
38,3,552.80,592.36,87.97,16.64,1,1,1
39,3,687.63,614.53,90.55,18.30,1,1,1
40,3,926.46,617.88,96.03,17.62,1,1,1
41,3,965.66,600.26,92.99,17.62,1,1,1
42,3,992.10,606.33,95.12,19.75,1,1,1
43,3,1012.76,604.81,92.69,20.05,1,1,1
44,3,1028.86,595.70,93.91,20.36,1,1,1
45,3,1037.37,575.04,96.34,20.66,1,1,1
46,3,1039.50,581.11,97.86,19.75,1,1,1
47,3,1043.75,604.81,95.12,21.27,1,1,1
48,3,1046.49,623.35,94.82,20.97,1,1,1
49,3,1056.21,604.21,96.64,20.66,1,1,1
50,3,1060.77,567.74,98.16,20.05,1,1,1
51,3,1041.02,579.90,98.16,20.05,1,1,1
52,3,990.27,600.26,97.86,20.05,1,1,1
53,3,969.61,588.71,97.86,19.45,1,1,1
54,3,899.42,584.15,99.98,19.75,1,1,1
55,3,881.19,602.38,99.98,19.75,1,1,1
56,3,763.29,623.05,102.11,21.27,1,1,1
57,3,676.39,599.04,102.41,21.57,1,1,1
58,3,668.79,596.00,102.41,21.57,1,1,1
59,3,717.41,604.81,102.41,20.36,1,1,1
60,3,771.19,596.91,102.41,20.36,1,1,1
61,3,959.28,593.87,104.24,21.57,1,1,1
62,3,958.37,592.66,104.84,22.18,1,1,1
63,3,1140.08,571.69,104.84,22.18,1,1,1
64,3,980.25,576.56,105.76,21.88,1,1,1
65,3,811.16,592.05,106.59,21.79,1,1,1
66,3,537.55,585.07,108.52,21.79,1,1,1
67,3,320.55,575.41,74.14,22.22,1,1,1
68,3,320.02,577.69,49.89,20.09,1,1,1
69,3,319.49,568.70,34.55,18.51,1,1,1
70,3,320.02,582.98,61.52,18.51,1,1,1
71,3,377.66,595.42,105.24,22.93,1,1,1
72,3,576.42,582.52,110.71,22.57,1,1,1
73,3,576.78,583.24,113.58,21.86,1,1,1
74,3,749.55,597.83,120.98,21.86,1,1,1
75,3,891.87,614.81,120.98,22.83,1,1,1
76,3,932.69,569.84,120.99,22.83,1,1,1
77,3,986.99,592.32,120.99,24.56,1,1,1
78,3,986.30,592.32,121.27,24.48,1,1,1
79,3,986.56,591.81,120.76,23.96,1,1,1
80,3,1018.17,590.59,122.30,23.64,1,1,1
81,3,1034.36,600.09,124.36,23.39,1,1,1
82,3,1027.42,601.38,124.36,24.16,1,1,1
83,3,1026.65,581.08,122.81,25.96,1,1,1
84,3,1023.31,591.87,124.36,24.16,1,1,1
85,3,1018.17,588.53,124.87,25.96,1,1,1
86,3,1029.57,595.98,124.27,25.96,1,1,1
87,3,1028.97,596.24,125.13,25.96,1,1,1
88,3,993.49,617.62,128.15,26.07,1,1,1
89,3,991.70,588.96,128.51,25.44,1,1,1
90,3,970.92,600.43,128.51,24.72,1,1,1
91,3,954.08,598.99,132.10,25.44,1,1,1
92,3,921.48,583.59,133.53,24.01,1,1,1
93,3,939.64,624.07,135.43,25.80,1,1,1
94,3,974.75,557.07,135.43,26.16,1,1,1
95,3,974.75,556.72,135.79,26.16,1,1,1
96,3,1053.93,580.72,135.08,26.87,1,1,1
97,3,1069.34,601.14,134.72,26.51,1,1,1
98,3,1133.25,600.77,134.72,28.05,1,1,1
99,3,1133.25,600.77,134.72,27.31,1,1,1
100,3,1169.67,604.86,134.72,27.68,1,1,1
101,3,1299.35,583.31,132.87,27.31,1,1,1
102,3,1355.09,563.98,132.87,27.68,1,1,1
103,3,1340.60,614.15,134.89,27.31,1,1,1
104,3,1350.26,620.10,134.89,27.31,1,1,1
105,3,1425.32,589.06,134.89,27.87,1,1,1
106,3,1432.75,592.78,134.89,27.87,1,1,1
107,3,1434.61,586.46,135.64,27.50,1,1,1
108,3,1418.26,587.20,136.75,27.50,1,1,1
109,3,1411.57,590.55,139.35,29.73,1,1,1
110,3,1432.38,615.82,141.21,29.73,1,1,1
111,3,1447.62,574.94,140.10,29.73,1,1,1
112,3,1433.50,618.42,140.10,29.73,1,1,1
113,3,1433.13,618.79,140.47,29.36,1,1,1
114,3,1422.35,583.86,141.21,30.84,1,1,1
115,3,1424.58,593.89,141.21,30.47,1,1,1
116,3,1447.62,594.64,143.81,31.21,1,1,1
117,3,1503.36,589.81,96.99,31.21,1,1,1
118,3,1526.03,613.59,73.58,33.07,1,1,1
226,3,1417.57,550.11,141.40,32.89,1,1,1
227,3,1363.54,548.70,145.86,29.98,1,1,1
228,3,1205.74,517.88,147.53,31.42,1,1,1
229,3,1012.72,518.59,147.53,31.42,1,1,1
230,3,957.03,528.35,147.53,31.42,1,1,1
231,3,861.82,528.83,148.96,31.42,1,1,1
232,3,861.82,528.83,148.96,31.42,1,1,1
233,3,832.07,528.35,148.96,33.20,1,1,1
234,3,850.40,498.13,148.96,33.20,1,1,1
235,3,985.11,540.01,148.96,33.20,1,1,1
236,3,1027.95,532.40,148.96,33.20,1,1,1
237,3,1227.64,522.40,146.61,33.20,1,1,1
238,3,1479.19,533.93,120.23,29.22,1,1,1
239,3,1480.10,533.77,119.32,29.37,1,1,1
40,8,392.04,626.30,14.93,4.82,1,2,1
41,8,426.52,610.96,14.93,6.59,1,2,1
42,8,449.62,615.82,14.93,5.82,1,2,1
43,8,467.37,617.23,15.78,6.93,1,2,1
44,8,483.01,610.20,14.87,6.23,1,2,1
45,8,490.24,592.58,14.87,5.64,1,2,1
46,8,490.08,598.32,14.87,5.30,1,2,1
47,8,490.97,614.15,14.87,6.37,1,2,1
48,8,491.13,627.17,14.87,6.54,1,2,1
49,8,499.48,615.32,14.87,7.36,1,2,1
50,8,501.52,590.46,14.87,7.36,1,2,1
51,8,477.00,578.73,14.87,7.36,1,2,1
52,8,422.28,610.06,14.87,6.38,1,2,1
53,8,399.53,600.25,14.87,6.38,1,2,1
54,8,328.47,592.42,14.87,6.90,1,2,1
55,8,320.01,611.79,7.19,8.27,1,2,1
61,8,352.83,590.00,19.94,8.27,1,2,1
62,8,351.72,590.85,19.94,8.27,1,2,1
63,8,516.35,590.00,18.67,8.27,1,2,1
64,8,354.74,602.12,18.67,8.20,1,2,1
81,8,335.90,601.74,18.67,7.81,1,2,1
82,8,326.05,611.75,18.67,7.81,1,2,1
83,8,323.51,604.87,18.67,6.89,1,2,1
84,8,320.36,617.09,19.09,7.60,1,2,1
85,8,320.21,599.51,10.81,6.85,1,2,1
86,8,319.86,611.81,7.89,7.34,1,2,1
87,8,320.47,612.99,9.06,6.25,1,2,1
98,8,340.88,612.79,21.96,7.34,1,2,1
99,8,340.68,612.79,21.96,7.34,1,2,1
100,8,369.67,620.97,23.44,7.75,1,2,1
101,8,477.82,597.87,23.44,8.13,1,2,1
102,8,522.81,588.60,23.44,7.56,1,2,1
103,8,495.30,631.89,24.52,7.56,1,2,1
104,8,500.40,630.00,24.52,7.56,1,2,1
105,8,562.58,626.22,24.52,7.56,1,2,1
106,8,567.50,622.44,24.52,7.56,1,2,1
107,8,558.05,609.89,24.52,7.25,1,2,1
108,8,524.22,599.50,24.52,7.25,1,2,1
109,8,514.96,604.03,24.52,7.25,1,2,1
110,8,523.65,636.73,24.52,7.92,1,2,1
111,8,519.89,599.99,24.52,7.92,1,2,1
112,8,501.23,635.19,24.52,6.90,1,2,1
113,8,501.01,634.97,24.52,6.90,1,2,1
114,8,473.53,616.33,26.14,6.90,1,2,1
115,8,471.59,623.88,26.14,6.90,1,2,1
116,8,480.05,608.35,26.14,7.58,1,2,1
117,8,518.63,606.61,28.62,7.58,1,2,1
118,8,536.02,633.39,31.07,7.58,1,2,1
119,8,604.64,621.59,31.07,8.92,1,2,1
120,8,629.44,589.27,31.07,7.77,1,2,1
121,8,743.20,613.32,31.07,7.77,1,2,1
122,8,804.93,607.99,31.07,7.77,1,2,1
123,8,779.37,592.71,31.07,8.72,1,2,1
124,8,687.92,604.14,31.07,7.81,1,2,1
125,8,669.38,611.65,31.07,7.81,1,2,1
126,8,668.38,610.90,31.07,7.81,1,2,1
127,8,640.56,593.11,31.07,7.81,1,2,1
128,8,627.56,603.13,31.07,7.81,1,2,1
129,8,612.64,619.97,31.07,7.81,1,2,1
130,8,601.49,621.25,31.78,7.81,1,2,1
131,8,610.74,629.81,34.26,7.81,1,2,1
132,8,717.80,607.56,31.33,7.81,1,2,1
133,8,940.66,636.22,31.33,7.46,1,2,1
134,8,1137.82,599.74,31.33,7.46,1,2,1
135,8,1185.24,619.54,31.33,7.46,1,2,1
136,8,1341.68,615.63,31.33,7.46,1,2,1
137,8,1371.14,606.79,31.33,7.46,1,2,1
138,8,1391.37,603.45,31.33,7.46,1,2,1
139,8,1312.80,626.43,31.33,7.46,1,2,1
140,8,1311.82,626.82,31.33,7.46,1,2,1
141,8,1362.99,607.69,30.35,7.46,1,2,1
142,8,1404.28,586.08,31.29,7.46,1,2,1
143,8,1404.14,585.74,31.59,7.46,1,2,1
144,8,1368.97,599.80,34.15,7.46,1,2,1
145,8,1343.66,584.87,35.50,7.46,1,2,1
146,8,1333.25,578.19,35.50,8.45,1,2,1
147,8,1332.66,596.46,35.50,8.45,1,2,1
148,8,1342.88,600.19,35.50,7.49,1,2,1
149,8,1356.62,612.93,35.50,6.94,1,2,1
150,8,1378.78,617.33,35.50,7.92,1,2,1
151,8,1419.62,622.34,35.32,8.25,1,2,1
152,8,1450.19,580.48,35.32,8.77,1,2,1
153,8,1543.57,603.43,35.32,7.59,1,2,1
154,8,1561.87,624.04,35.32,7.59,1,2,1
155,8,1577.86,612.59,22.62,7.59,1,2,1
156,8,1581.20,561.96,18.86,7.59,1,2,1
157,8,1577.62,561.49,22.91,7.59,1,2,1
158,8,1574.28,625.22,25.44,7.83,1,2,1
159,8,1490.61,580.76,33.03,7.83,1,2,1
160,8,1299.88,586.56,33.03,7.93,1,2,1
161,8,1244.48,561.50,34.09,7.93,1,2,1
162,8,1038.28,558.76,38.31,7.93,1,2,1
163,8,819.73,534.82,38.31,7.93,1,2,1
164,8,796.97,544.00,38.31,9.02,1,2,1
165,8,796.22,544.75,38.31,9.02,1,2,1
166,8,792.46,543.86,39.17,6.63,1,2,1
167,8,801.28,530.63,43.78,7.71,1,2,1
168,8,829.53,533.84,40.63,7.71,1,2,1
169,8,863.62,559.35,41.32,7.71,1,2,1
170,8,896.70,577.50,42.50,6.92,1,2,1
171,8,1016.00,515.22,44.35,7.31,1,2,1
172,8,1303.52,530.27,39.29,7.77,1,2,1
173,8,1351.38,534.13,39.83,7.73,1,2,1
174,8,1498.62,540.62,37.58,6.49,1,2,1
175,8,1578.75,541.96,21.09,5.72,1,2,1
176,8,1578.37,541.61,21.64,5.72,1,2,1
177,8,1590.67,504.89,9.85,6.94,1,2,1
181,8,1561.23,492.54,38.83,6.94,1,2,1
182,8,1439.31,548.00,40.26,6.94,1,2,1
183,8,1380.84,478.14,40.26,6.94,1,2,1
184,8,1147.15,589.07,40.26,7.57,1,2,1
185,8,1077.23,540.28,40.26,7.57,1,2,1
186,8,873.61,559.35,38.82,7.57,1,2,1
187,8,747.64,500.42,41.64,7.77,1,2,1
188,8,702.66,500.22,42.00,8.75,1,2,1
189,8,666.79,550.79,44.86,7.87,1,2,1
190,8,666.79,550.20,44.86,7.87,1,2,1
191,8,666.60,549.42,44.86,7.87,1,2,1
192,8,709.22,547.45,44.86,7.87,1,2,1
193,8,745.75,553.15,44.86,7.87,1,2,1
194,8,891.58,536.55,44.86,8.45,1,2,1
195,8,1147.73,521.36,43.33,8.45,1,2,1
196,8,1223.35,549.93,40.02,6.75,1,2,1
197,8,1427.87,502.28,40.02,6.75,1,2,1
198,8,1480.21,502.92,40.02,7.95,1,2,1
199,8,1507.95,527.39,40.02,8.31,1,2,1
200,8,1507.25,526.69,40.02,8.31,1,2,1
201,8,1537.31,557.66,38.59,8.99,1,2,1
202,8,1536.63,557.43,38.59,8.99,1,2,1
203,8,1536.40,557.66,38.59,8.99,1,2,1
210,8,1559.63,519.86,38.59,9.37,1,2,1
211,8,1530.29,485.96,37.58,7.33,1,2,1
212,8,1416.19,580.02,39.95,7.33,1,2,1
213,8,1384.41,541.75,42.09,7.90,1,2,1
214,8,1248.75,529.28,42.09,7.90,1,2,1
215,8,1110.41,540.06,37.52,7.90,1,2,1
216,8,1053.59,508.47,43.06,7.12,1,2,1
217,8,896.45,541.79,42.09,9.06,1,2,1
218,8,680.51,548.59,41.78,9.06,1,2,1
219,8,508.33,531.54,44.72,8.78,1,2,1
220,8,331.84,538.03,32.73,4.84,1,2,1
221,8,319.73,534.74,5.70,4.84,1,2,1
243,8,416.67,598.28,31.24,4.84,1,2,1
244,8,478.59,567.14,33.04,4.84,1,2,1
245,8,690.61,536.20,31.49,5.49,1,2,1
246,8,691.26,536.20,31.49,5.49,1,2,1
247,8,849.46,505.16,31.49,5.61,1,2,1
248,8,849.46,505.16,31.49,5.61,1,2,1
249,8,902.95,562.60,28.00,4.16,1,2,1
250,8,899.85,553.57,28.49,4.16,1,2,1
251,8,904.71,523.16,28.49,5.19,1,2,1
252,8,902.63,510.87,28.48,5.34,1,2,1
253,8,837.39,559.06,22.75,5.79,1,2,1
254,8,818.37,533.20,22.28,6.39,1,2,1
255,8,726.82,532.29,21.13,6.01,1,2,1
256,8,724.10,533.25,23.35,4.45,1,2,1
257,8,689.43,531.40,25.11,4.99,1,2,1
258,8,592.62,551.10,20.69,4.99,1,2,1
259,8,569.62,530.29,18.61,5.44,1,2,1
260,8,490.57,538.08,19.64,5.84,1,2,1
261,8,441.73,554.17,17.77,4.71,1,2,1
262,8,436.74,538.66,17.77,4.71,1,2,1
263,8,421.81,545.76,17.19,4.71,1,2,1
264,8,421.40,547.46,18.88,6.36,1,2,1
265,8,425.80,558.71,16.63,7.82,1,2,1
266,8,461.97,527.71,16.63,5.61,1,2,1
267,8,506.90,540.50,16.49,7.11,1,2,1
268,8,526.25,524.66,17.39,6.04,1,2,1
269,8,591.04,553.61,17.77,6.25,1,2,1
270,8,614.07,562.71,18.15,6.47,1,2,1
271,8,614.09,561.49,18.53,6.68,1,2,1
272,8,624.14,563.68,18.91,6.90,1,2,1
273,8,650.68,538.08,19.29,7.11,1,2,1
274,8,647.75,538.00,19.67,7.33,1,2,1
275,8,651.37,537.92,20.05,7.54,1,2,1
276,8,718.51,555.17,20.43,7.76,1,2,1
277,8,731.26,564.76,20.81,7.97,1,2,1
278,8,788.66,520.63,19.09,7.25,1,2,1
279,8,832.30,541.87,19.30,7.38,1,2,1
280,8,833.50,544.70,19.47,5.19,1,2,1
281,8,828.92,545.06,16.70,4.79,1,2,1
282,8,889.49,519.36,15.04,5.40,1,2,1
283,8,895.15,537.96,20.29,5.80,1,2,1
284,8,942.72,514.77,23.67,7.11,1,2,1
285,8,941.25,514.64,22.77,6.43,1,2,1
286,8,940.49,511.88,25.79,7.96,1,2,1
287,8,967.85,549.80,29.57,6.57,1,2,1
288,8,967.54,548.93,24.81,6.29,1,2,1
289,8,1025.06,545.99,20.49,8.10,1,2,1
290,8,1046.56,563.08,23.78,3.78,1,2,1
291,8,1052.81,571.32,24.69,4.21,1,2,1
292,8,1064.44,515.45,26.26,3.72,1,2,1
293,8,1062.07,545.78,27.10,3.72,1,2,1
294,8,1064.63,527.54,28.60,3.72,1,2,1
295,8,1043.73,535.93,30.54,3.72,1,2,1
296,8,1037.43,548.28,30.54,4.25,1,2,1
297,8,1037.57,547.59,31.36,5.23,1,2,1
298,8,1010.03,530.42,34.78,5.23,1,2,1
299,8,987.70,556.54,34.78,5.23,1,2,1
300,8,959.90,523.64,35.23,4.65,1,2,1
301,8,919.25,560.41,37.54,5.09,1,2,1
302,8,911.98,544.83,37.54,6.39,1,2,1
303,8,870.20,511.44,43.01,4.27,1,2,1
304,8,840.90,578.31,39.74,4.25,1,2,1
305,8,840.35,579.39,39.74,4.15,1,2,1
306,8,781.35,539.80,39.12,4.28,1,2,1
307,8,763.53,566.77,40.75,4.77,1,2,1
308,8,738.25,530.16,41.08,5.43,1,2,1
309,8,737.76,546.25,42.96,5.60,1,2,1
310,8,737.92,546.09,42.96,6.29,1,2,1
311,8,723.27,554.62,41.25,6.29,1,2,1
312,8,713.05,516.23,42.39,6.80,1,2,1
313,8,721.30,511.52,42.39,6.80,1,2,1
314,8,714.72,542.46,43.25,6.80,1,2,1
315,8,727.96,548.54,44.14,7.33,1,2,1
316,8,732.61,555.06,44.52,6.56,1,2,1
317,8,742.78,500.89,44.63,7.16,1,2,1
318,8,742.58,523.53,44.63,7.06,1,2,1
319,8,746.45,547.90,44.63,7.52,1,2,1
320,8,762.16,561.79,44.63,7.74,1,2,1
321,8,779.24,520.80,44.86,7.74,1,2,1
322,8,789.04,553.35,43.24,7.97,1,2,1
323,8,833.75,516.85,47.22,7.97,1,2,1
324,8,970.92,559.06,47.22,7.97,1,2,1
325,8,1039.28,571.95,44.48,9.74,1,2,1
326,8,1271.98,497.05,44.48,7.02,1,2,1
327,8,1354.66,525.02,45.80,7.97,1,2,1
375,8,1253.90,633.17,45.80,8.60,1,2,1
376,8,1254.34,632.08,45.37,9.23,1,2,1
377,8,1259.14,548.10,48.69,8.44,1,2,1
378,8,1318.49,595.62,49.06,7.27,1,2,1
382,8,1248.57,596.67,46.71,7.88,1,2,1
383,8,1105.77,626.73,47.03,8.34,1,2,1
384,8,934.06,609.39,37.17,8.34,1,2,1
385,8,1118.46,606.45,46.91,8.79,1,2,1
386,8,1117.44,605.63,46.91,10.02,1,2,1
387,8,1043.42,598.15,46.91,9.80,1,2,1
388,8,978.40,624.36,46.91,9.49,1,2,1
389,8,881.03,660.21,45.34,8.37,1,2,1
390,8,893.51,652.47,45.07,9.05,1,2,1
391,8,1009.32,663.44,45.07,8.90,1,2,1
392,8,1046.94,660.04,47.87,8.90,1,2,1
393,8,1076.99,630.89,48.94,9.43,1,2,1
394,8,1139.05,658.43,45.82,8.79,1,2,1
395,8,1218.64,639.55,45.82,7.81,1,2,1
396,8,1247.69,650.97,46.02,8.42,1,2,1
397,8,1272.54,646.36,46.22,9.02,1,2,1
398,8,1306.60,635.54,46.02,9.02,1,2,1
399,8,1315.82,621.91,46.42,10.62,1,2,1
400,8,1298.59,645.98,47.08,9.50,1,2,1
401,8,1255.33,653.11,47.08,9.76,1,2,1
402,8,1249.26,643.35,47.08,10.29,1,2,1
403,8,1242.14,605.36,47.08,10.29,1,2,1
404,8,1242.93,605.36,47.08,10.29,1,2,1
405,8,1233.43,636.22,50.51,10.29,1,2,1
406,8,1224.46,615.39,50.51,10.29,1,2,1
407,8,1211.54,652.05,50.51,9.76,1,2,1
408,8,1208.64,620.92,49.98,9.76,1,2,1
409,8,1208.90,621.19,49.98,9.76,1,2,1
410,8,1166.70,558.67,49.72,10.02,1,2,1
411,8,1156.41,558.41,51.30,10.02,1,2,1
412,8,1097.32,530.71,52.09,10.02,1,2,1
413,8,1097.06,530.45,52.09,10.02,1,2,1
414,8,1071.73,505.92,53.41,10.02,1,2,1
415,8,1055.64,524.38,53.41,10.29,1,2,1
416,8,1051.16,503.01,49.45,9.23,1,2,1
417,8,1044.83,541.53,49.45,9.31,1,2,1
418,8,1044.04,541.26,49.45,9.31,1,2,1
419,8,1047.73,584.93,49.19,11.28,1,2,1
420,8,1050.38,581.69,47.77,11.28,1,2,1
421,8,1041.24,576.97,48.95,11.28,1,2,1
422,8,1041.24,493.81,50.43,11.17,1,2,1
423,8,1032.69,541.29,51.74,11.17,1,2,1
45,4,320.46,581.79,8.48,17.75,1,0,1
46,4,320.51,590.54,7.94,15.67,1,0,1
47,4,320.21,603.88,8.44,15.70,1,0,1
48,4,320.22,614.77,8.60,15.73,1,0,1
49,4,320.55,607.06,16.51,14.87,1,0,1
50,4,319.59,585.87,21.03,14.91,1,0,1
63,4,321.11,584.74,31.95,16.93,1,0,1
102,4,319.64,577.05,25.68,22.89,1,0,1
105,4,321.69,614.70,61.57,23.91,1,0,1
106,4,326.84,608.44,62.28,23.34,1,0,1
107,4,320.02,595.12,57.55,23.97,1,0,1
108,4,320.51,588.44,24.91,19.23,1,0,1
109,4,319.98,591.60,18.91,20.09,1,0,1
110,4,320.51,626.68,24.92,17.85,1,0,1
111,4,320.76,592.14,20.10,17.87,1,0,1
117,4,320.97,595.99,19.48,17.99,1,0,1
118,4,320.13,622.34,37.30,17.99,1,0,1
119,4,359.71,604.55,63.15,24.91,1,0,1
120,4,382.71,573.18,63.15,24.91,1,0,1
121,4,489.36,597.85,66.08,25.33,1,0,1
122,4,546.66,595.35,66.08,25.33,1,0,1
123,4,522.40,580.71,64.83,25.33,1,0,1
124,4,436.24,586.14,64.83,25.33,1,0,1
125,4,418.26,592.84,64.83,25.33,1,0,1
126,4,418.68,593.25,64.83,25.33,1,0,1
127,4,391.49,581.96,64.83,25.33,1,0,1
128,4,379.36,589.49,64.83,25.33,1,0,1
129,4,365.56,599.95,63.57,25.33,1,0,1
130,4,355.94,600.36,63.57,25.33,1,0,1
131,4,366.82,616.68,63.57,25.33,1,0,1
132,4,461.76,585.31,65.66,26.16,1,0,1
133,4,673.65,616.17,72.15,29.01,1,0,1
134,4,871.17,580.09,72.15,29.01,1,0,1
135,4,918.48,603.16,72.15,27.83,1,0,1
136,4,1078.73,600.20,72.15,27.83,1,0,1
137,4,1111.26,590.15,70.37,27.83,1,0,1
138,4,1133.14,593.10,70.37,27.83,1,0,1
139,4,1049.76,609.66,70.37,27.83,1,0,1
140,4,1049.17,610.84,70.37,27.83,1,0,1
141,4,1104.16,596.06,70.37,27.83,1,0,1
142,4,1148.51,572.41,70.37,27.83,1,0,1
143,4,1149.11,573.00,70.37,27.83,1,0,1
144,4,1115.03,582.38,70.37,28.64,1,0,1
145,4,1087.77,572.34,70.37,27.21,1,0,1
146,4,1076.77,567.08,72.77,27.21,1,0,1
147,4,1077.25,582.86,71.34,27.21,1,0,1
148,4,1087.77,584.30,71.34,27.21,1,0,1
149,4,1102.60,597.21,71.34,27.21,1,0,1
150,4,1126.03,602.47,71.34,27.21,1,0,1
151,4,1169.55,603.91,71.34,30.56,1,0,1
152,4,1203.51,565.17,68.47,30.56,1,0,1
153,4,1302.98,584.78,68.47,28.69,1,0,1
154,4,1325.93,611.08,68.47,30.61,1,0,1
155,4,1338.85,600.08,68.47,30.61,1,0,1
156,4,1344.11,548.91,67.99,30.61,1,0,1
157,4,1341.24,550.82,67.99,30.61,1,0,1
158,4,1337.41,611.56,67.51,29.65,1,0,1
159,4,1245.59,572.34,67.51,28.69,1,0,1
160,4,1045.69,569.95,68.47,28.69,1,0,1
161,4,989.26,549.87,71.34,28.69,1,0,1
162,4,784.09,534.56,71.34,28.69,1,0,1
163,4,573.75,511.61,68.39,28.69,1,0,1
164,4,547.93,520.69,68.39,28.69,1,0,1
165,4,547.45,519.74,68.87,30.61,1,0,1
166,4,546.97,524.52,67.91,30.61,1,0,1
167,4,558.93,515.91,67.91,29.17,1,0,1
168,4,582.84,519.74,68.87,32.04,1,0,1
169,4,615.84,537.91,71.74,30.61,1,0,1
170,4,649.79,547.47,70.78,31.56,1,0,1
171,4,771.74,495.35,68.87,31.56,1,0,1
172,4,1054.38,503.00,75.08,31.56,1,0,1
173,4,1106.98,509.69,74.60,31.56,1,0,1
174,4,1261.45,521.65,71.74,29.65,1,0,1
175,4,1348.97,519.26,67.43,29.65,1,0,1
176,4,1349.93,518.30,67.43,29.65,1,0,1
177,4,1364.27,484.35,66.95,29.65,1,0,1
178,4,1373.84,467.13,66.95,29.65,1,0,1
179,4,1402.06,540.30,66.95,29.65,1,0,1
180,4,1398.23,546.52,70.78,29.65,1,0,1
181,4,1332.71,474.78,68.87,29.65,1,0,1
182,4,1202.15,524.52,68.87,29.65,1,0,1
183,4,1140.46,457.57,69.82,29.65,1,0,1
184,4,900.39,566.60,69.82,29.65,1,0,1
185,4,828.17,517.82,74.13,31.09,1,0,1
186,4,626.84,536.95,72.21,30.13,1,0,1
187,4,510.63,484.35,67.91,32.32,1,0,1
188,4,468.06,481.00,67.91,30.13,1,0,1
189,4,436.98,532.65,66.00,30.13,1,0,1
190,4,437.46,533.13,66.00,30.13,1,0,1
191,4,437.46,533.61,66.47,30.13,1,0,1
192,4,477.15,529.30,67.43,30.13,1,0,1
193,4,512.06,536.95,67.43,30.13,1,0,1
194,4,654.10,515.43,69.34,31.09,1,0,1
195,4,906.60,501.56,73.17,30.61,1,0,1
196,4,982.17,530.26,71.74,30.61,1,0,1
197,4,1195.94,481.00,71.74,30.61,1,0,1
198,4,1251.41,484.83,70.78,30.61,1,0,1
199,4,1281.54,511.13,68.39,30.61,1,0,1
200,4,1282.02,509.69,68.39,30.61,1,0,1
201,4,1312.15,541.74,68.39,30.61,1,0,1
202,4,1311.67,540.78,68.39,30.61,1,0,1
203,4,1311.19,541.74,68.39,29.65,1,0,1
204,4,1442.23,526.43,66.47,29.17,1,0,1
205,4,1468.05,506.35,66.00,31.56,1,0,1
206,4,1478.09,489.13,66.00,29.65,1,0,1
207,4,1449.88,537.43,66.00,29.65,1,0,1
208,4,1448.62,536.17,66.00,29.65,1,0,1
209,4,1422.22,473.32,69.40,29.65,1,0,1
210,4,1340.52,496.58,70.02,30.98,1,0,1
211,4,1308.46,463.89,68.77,31.79,1,0,1
212,4,1190.30,556.92,71.28,29.38,1,0,1
213,4,1158.24,520.30,68.14,30.17,1,0,1
214,4,1011.17,508.99,75.68,32.05,1,0,1
215,4,872.26,517.16,72.54,32.05,1,0,1
216,4,822.73,486.93,74.21,32.05,1,0,1
217,4,668.06,521.92,71.18,29.45,1,0,1
218,4,461.31,531.50,66.05,30.13,1,0,1
219,4,320.60,514.89,48.30,30.13,1,0,1
244,4,320.60,548.81,40.34,27.45,1,0,1
245,4,502.07,515.40,64.90,29.59,1,0,1
246,4,502.07,514.28,64.90,29.59,1,0,1
247,4,659.52,484.69,68.81,29.59,1,0,1
248,4,658.40,483.01,68.81,29.59,1,0,1
249,4,709.21,539.96,68.81,27.92,1,0,1
250,4,708.09,529.35,68.25,29.59,1,0,1
251,4,713.12,502.00,68.25,28.48,1,0,1
252,4,710.88,493.06,67.69,28.48,1,0,1
253,4,642.77,536.61,67.69,30.15,1,0,1
254,4,624.90,512.60,67.69,30.15,1,0,1
255,4,537.80,508.70,67.69,30.15,1,0,1
256,4,538.36,508.14,67.14,30.15,1,0,1
257,4,507.65,508.70,66.02,30.15,1,0,1
258,4,413.29,528.80,63.23,30.15,1,0,1
259,4,389.96,507.58,61.43,32.13,1,0,1
260,4,320.74,517.63,58.07,29.03,1,0,1
261,4,320.22,539.76,13.92,21.03,1,0,1
262,4,320.55,525.53,7.12,21.03,1,0,1
266,4,320.32,514.92,36.50,20.72,1,0,1
267,4,344.23,517.65,61.09,30.06,1,0,1
268,4,363.82,501.48,61.09,28.92,1,0,1
269,4,426.45,530.86,61.09,29.15,1,0,1
270,4,449.68,539.51,60.87,29.38,1,0,1
271,4,449.90,539.29,60.87,29.61,1,0,1
272,4,462.20,542.25,61.32,28.92,1,0,1
273,4,479.28,520.84,62.92,28.01,1,0,1
274,4,479.96,520.16,62.23,28.01,1,0,1
275,4,480.42,520.61,62.01,28.01,1,0,1
276,4,548.97,535.87,62.01,28.01,1,0,1
277,4,563.77,546.35,62.46,29.15,1,0,1
278,4,613.87,498.98,65.65,28.92,1,0,1
279,4,652.59,525.39,64.97,28.47,1,0,1
280,4,652.82,525.62,64.28,27.78,1,0,1
281,4,652.13,524.71,65.19,28.69,1,0,1
282,4,716.36,500.57,64.05,28.69,1,0,1
283,4,725.92,517.20,65.88,28.69,1,0,1
284,4,768.96,495.56,62.92,28.69,1,0,1
285,4,769.19,495.56,62.92,28.01,1,0,1
286,4,769.42,496.02,62.92,28.01,1,0,1
287,4,797.66,527.22,65.42,28.69,1,0,1
288,4,797.43,526.76,65.42,28.69,1,0,1
289,4,852.77,522.66,65.42,28.69,1,0,1
290,4,878.73,538.15,62.23,29.61,1,0,1
291,4,885.34,548.40,63.14,28.47,1,0,1
292,4,897.63,491.69,63.60,28.47,1,0,1
293,4,893.76,523.80,64.97,28.92,1,0,1
294,4,899.00,503.53,63.37,28.92,1,0,1
295,4,876.45,513.78,64.28,28.24,1,0,1
296,4,870.08,526.08,63.14,29.15,1,0,1
297,4,869.39,525.85,64.28,28.47,1,0,1
298,4,843.66,510.82,62.92,28.69,1,0,1
299,4,821.11,534.73,62.69,27.56,1,0,1
300,4,793.33,504.67,62.23,28.47,1,0,1
301,4,754.16,538.60,61.78,28.24,1,0,1
302,4,747.33,528.36,61.55,28.01,1,0,1
303,4,704.80,488.73,62.40,28.69,1,0,1
304,4,674.97,553.63,62.40,28.01,1,0,1
305,4,676.33,553.86,61.49,28.01,1,0,1
306,4,616.67,516.74,62.40,28.01,1,0,1
307,4,600.27,542.70,60.81,27.78,1,0,1
308,4,574.76,511.96,60.81,26.42,1,0,1
309,4,573.40,528.81,58.98,27.78,1,0,1
310,4,573.62,528.58,59.44,28.01,1,0,1
311,4,558.37,535.64,58.76,26.87,1,0,1
312,4,548.57,493.28,58.76,28.24,1,0,1
313,4,555.18,491.01,59.44,28.24,1,0,1
314,4,549.03,520.84,59.44,28.92,1,0,1
315,4,560.42,529.72,59.21,28.47,1,0,1
316,4,562.47,537.69,60.81,28.69,1,0,1
317,4,573.62,482.12,59.67,28.69,1,0,1
318,4,573.17,505.35,58.07,29.61,1,0,1
319,4,575.22,531.32,57.39,28.24,1,0,1
320,4,591.16,542.48,59.89,28.69,1,0,1
321,4,605.05,500.57,59.89,28.24,1,0,1
322,4,615.53,535.64,57.16,28.92,1,0,1
323,4,657.89,495.33,58.76,28.47,1,0,1
324,4,792.71,544.07,61.26,28.92,1,0,1
325,4,859.89,553.86,59.67,28.24,1,0,1
326,4,1092.56,479.25,60.35,28.30,1,0,1
327,4,1177.79,510.81,60.35,27.42,1,0,1
328,4,1446.69,514.34,56.89,27.42,1,0,1
329,4,1523.72,468.12,55.81,27.42,1,0,1
373,4,1580.97,518.47,19.62,29.10,1,0,1
374,4,1580.54,519.78,19.62,26.76,1,0,1
375,4,1039.76,606.68,63.21,28.63,1,0,1
376,4,1040.04,606.13,64.04,28.91,1,0,1
377,4,1043.10,532.61,62.09,28.35,1,0,1
378,4,1106.59,573.21,60.98,28.68,1,0,1
379,4,1449.36,544.80,56.46,26.82,1,0,1
380,4,1460.51,574.60,58.32,27.13,1,0,1
381,4,1460.88,574.97,56.83,27.13,1,0,1
382,4,1031.68,587.63,61.93,29.35,1,0,1
383,4,884.23,611.77,63.93,27.65,1,0,1
384,4,712.69,591.69,62.62,27.65,1,0,1
385,4,893.40,591.78,62.62,29.24,1,0,1
386,4,893.83,592.66,61.75,27.94,1,0,1
387,4,817.88,582.62,62.62,30.12,1,0,1
388,4,753.28,610.99,63.06,28.81,1,0,1
389,4,655.51,641.11,63.06,29.24,1,0,1
390,4,668.61,633.69,60.88,29.24,1,0,1
391,4,779.08,646.58,63.09,30.71,1,0,1
392,4,817.00,639.99,63.09,30.08,1,0,1
393,4,848.02,612.10,63.40,30.08,1,0,1
394,4,908.50,643.75,63.40,29.46,1,0,1
395,4,991.02,620.88,62.05,30.40,1,0,1
396,4,1019.23,634.67,62.05,30.40,1,0,1
397,4,1043.98,633.10,62.05,29.77,1,0,1
398,4,1078.14,623.39,61.11,28.52,1,0,1
399,4,1084.41,610.22,64.87,31.02,1,0,1
400,4,1068.11,633.10,64.56,31.02,1,0,1
401,4,1021.42,640.62,64.56,30.08,1,0,1
402,4,1014.52,628.09,64.56,32.28,1,0,1
403,4,1008.26,593.93,62.99,31.34,1,0,1
404,4,1008.26,594.24,62.99,30.71,1,0,1
405,4,997.60,622.76,63.93,30.71,1,0,1
406,4,989.14,604.27,62.99,31.02,1,0,1
407,4,974.73,635.92,62.05,31.02,1,0,1
408,4,971.90,605.84,60.48,31.02,1,0,1
409,4,971.90,605.52,60.17,31.02,1,0,1
410,4,928.35,542.22,60.48,32.28,1,0,1
411,4,925.21,540.34,52.96,32.28,1,0,1
412,4,862.85,507.43,56.09,32.28,1,0,1
413,4,862.85,507.43,56.09,32.28,1,0,1
414,4,834.33,481.11,57.03,33.84,1,0,1
415,4,821.80,503.05,52.96,33.22,1,0,1
416,4,816.78,482.05,55.15,33.22,1,0,1
417,4,810.83,519.66,52.02,34.16,1,0,1
418,4,809.71,520.40,52.02,33.61,1,0,1
419,4,814.60,564.62,51.23,33.98,1,0,1
420,4,816.45,561.65,51.23,31.38,1,0,1
421,4,806.42,556.82,50.91,33.61,1,0,1
422,4,805.68,471.35,49.05,32.12,1,0,1
423,4,797.13,515.20,49.05,33.98,1,0,1
77,31,746.41,605.50,5.18,3.96,1,4,1
78,31,745.65,606.46,4.35,3.71,1,4,1
79,31,745.65,605.50,6.26,4.38,1,4,1
80,31,770.50,608.49,6.58,5.06,1,4,1
81,31,774.49,609.70,4.95,5.57,1,4,1
82,31,766.94,614.92,6.04,5.03,1,4,1
83,31,762.22,603.28,5.84,3.60,1,4,1
84,31,756.81,614.09,5.84,3.60,1,4,1
85,31,754.75,603.19,5.84,3.60,1,4,1
86,31,755.43,613.88,5.84,3.60,1,4,1
87,31,750.82,614.20,5.84,3.60,1,4,1
88,31,712.16,634.23,5.84,3.60,1,4,1
89,31,708.12,603.36,6.37,4.26,1,4,1
90,31,682.26,615.75,6.37,4.26,1,4,1
91,31,662.68,606.76,6.37,4.26,1,4,1
92,31,626.25,598.64,6.37,4.26,1,4,1
93,31,631.35,633.95,6.37,4.26,1,4,1
94,31,661.21,576.94,6.37,4.26,1,4,1
95,31,675.40,575.44,6.37,4.26,1,4,1
96,31,737.00,599.43,6.37,4.26,1,4,1
97,31,751.55,619.52,6.37,4.00,1,4,1
98,31,807.99,616.79,6.37,4.00,1,4,1
99,31,807.99,616.79,6.33,4.38,1,4,1
100,31,842.86,623.28,6.33,4.38,1,4,1
101,31,960.09,600.84,6.33,4.38,1,4,1
102,31,1003.37,584.56,6.33,4.38,1,4,1
103,31,985.32,631.84,6.33,4.38,1,4,1
104,31,990.80,635.43,6.33,4.38,1,4,1
105,31,1053.94,616.59,6.15,3.64,1,4,1
106,31,1064.71,617.39,6.15,4.25,1,4,1
107,31,1055.89,607.53,6.15,4.25,1,4,1
108,31,1025.33,603.46,6.15,4.25,1,4,1
109,31,1015.15,608.63,6.15,4.06,1,4,1
110,31,1026.57,639.20,6.15,4.06,1,4,1
111,31,1025.06,599.60,6.15,4.06,1,4,1
112,31,1002.12,637.72,6.15,4.06,1,4,1
113,31,1002.12,637.72,6.06,3.86,1,4,1
114,31,980.92,611.81,6.06,3.86,1,4,1
115,31,979.22,620.90,6.06,3.86,1,4,1
116,31,990.19,614.54,6.06,3.86,1,4,1
117,31,1036.36,610.84,6.06,3.91,1,4,1
118,31,1056.05,636.98,6.06,3.91,1,4,1
119,31,1129.32,624.68,6.06,3.91,1,4,1
120,31,1154.53,588.54,6.06,4.30,1,4,1
121,31,1271.39,612.47,6.06,4.30,1,4,1
122,31,1331.48,599.95,6.06,4.30,1,4,1
123,31,1289.56,590.13,6.06,4.48,1,4,1
124,31,1222.24,606.55,6.06,4.48,1,4,1
125,31,1202.94,613.84,6.06,4.48,1,4,1
126,31,1202.94,614.64,5.18,3.68,1,4,1
127,31,1174.98,584.19,5.18,3.68,1,4,1
128,31,1164.25,595.81,5.18,3.68,1,4,1
129,31,1151.34,623.38,5.18,3.68,1,4,1
130,31,1140.47,630.68,5.18,3.68,1,4,1
131,31,1153.69,623.26,5.18,3.68,1,4,1
132,31,1259.75,616.86,5.18,3.68,1,4,1
133,31,1474.48,638.27,5.18,3.68,1,4,1
163,31,1404.31,548.42,5.18,3.68,1,4,1
164,31,1380.39,560.10,5.18,3.68,1,4,1
165,31,1380.39,560.10,5.18,3.68,1,4,1
166,31,1380.77,546.24,5.18,3.68,1,4,1
167,31,1392.11,522.84,5.18,3.68,1,4,1
168,31,1415.82,523.87,5.18,3.68,1,4,1
169,31,1449.15,562.78,5.18,3.68,1,4,1
170,31,1480.60,595.17,5.18,3.68,1,4,1
171,31,1590.60,515.21,5.18,3.68,1,4,1
186,31,1465.01,562.41,5.18,3.68,1,4,1
187,31,1348.22,499.42,5.18,3.68,1,4,1
188,31,1305.21,507.18,5.18,3.68,1,4,1
189,31,1272.08,547.97,5.18,3.68,1,4,1
190,31,1272.08,547.97,5.61,4.01,1,4,1
191,31,1272.08,547.97,5.92,3.87,1,4,1
192,31,1314.69,547.46,5.92,3.87,1,4,1
193,31,1349.40,547.97,5.92,3.87,1,4,1
194,31,1487.30,543.71,5.92,3.87,1,4,1
217,31,1495.65,549.64,5.92,3.87,1,4,1
218,31,1291.32,544.21,5.92,3.87,1,4,1
219,31,1119.98,530.98,5.92,3.87,1,4,1
220,31,922.78,538.92,5.92,3.87,1,4,1
221,31,848.89,535.77,5.92,4.28,1,4,1
222,31,694.12,546.61,5.92,4.28,1,4,1
223,31,490.60,562.46,5.92,4.28,1,4,1
240,31,434.19,558.07,5.92,4.28,1,4,1
241,31,495.27,560.69,5.92,4.28,1,4,1
242,31,765.04,502.02,5.92,4.28,1,4,1
243,31,1032.86,586.78,9.73,5.90,1,4,1
244,31,1098.77,556.50,9.73,5.90,1,4,1
245,31,1315.89,533.58,9.73,5.90,1,4,1
246,31,1315.89,533.58,9.41,6.91,1,4,1
247,31,1468.97,506.49,8.40,4.74,1,4,1
248,31,1468.97,506.49,7.82,4.63,1,4,1
249,31,1516.71,558.73,6.84,4.26,1,4,1
250,31,1515.09,556.82,6.84,4.26,1,4,1
251,31,1519.38,517.40,6.84,4.26,1,4,1
252,31,1518.03,500.81,6.84,4.26,1,4,1
253,31,1453.72,558.08,6.84,4.26,1,4,1
254,31,1438.03,522.02,6.84,4.26,1,4,1
255,31,1349.57,535.37,6.84,4.26,1,4,1
256,31,1349.57,535.37,7.15,5.02,1,4,1
257,31,1318.33,526.56,7.15,5.02,1,4,1
258,31,1220.32,549.54,7.15,5.02,1,4,1
259,31,1193.18,529.71,7.15,5.02,1,4,1
260,31,1112.59,533.85,7.15,5.02,1,4,1
261,31,1062.49,553.89,7.15,5.02,1,4,1
262,31,1056.66,534.77,7.15,5.02,1,4,1
263,31,1041.10,543.19,7.15,5.37,1,4,1
264,31,1042.98,544.44,7.15,5.37,1,4,1
265,31,1046.85,555.10,7.15,5.37,1,4,1
266,31,1086.92,529.17,7.15,5.37,1,4,1
267,31,1135.89,556.44,7.15,5.37,1,4,1
268,31,1157.71,539.09,7.15,5.37,1,4,1
269,31,1226.67,556.33,7.15,5.37,1,4,1
270,31,1250.63,567.78,7.15,5.38,1,4,1
271,31,1250.63,567.78,7.35,6.08,1,4,1
272,31,1262.78,566.08,7.35,6.08,1,4,1
273,31,1280.77,531.92,7.35,6.08,1,4,1
274,31,1280.77,531.74,6.86,6.26,1,4,1
275,31,1280.77,531.74,7.33,7.40,1,4,1
276,31,1349.52,554.34,7.33,7.40,1,4,1
277,31,1365.75,560.81,6.78,6.19,1,4,1
278,31,1414.22,532.02,6.08,5.46,1,4,1
279,31,1451.65,531.49,6.08,5.46,1,4,1
280,31,1451.65,531.82,6.08,5.46,1,4,1
281,31,1451.65,532.31,6.08,5.46,1,4,1
282,31,1510.69,506.83,6.08,5.46,1,4,1
283,31,1519.83,533.89,6.08,5.46,1,4,1
284,31,1557.24,509.31,5.72,5.46,1,4,1
285,31,1557.24,509.31,6.43,5.53,1,4,1
286,31,1557.24,509.31,7.32,5.28,1,4,1
287,31,1580.98,548.79,7.32,5.34,1,4,1
288,31,1580.98,548.79,7.77,5.89,1,4,1
300,31,1573.52,514.04,7.77,5.89,1,4,1
301,31,1537.85,559.32,7.77,5.89,1,4,1
302,31,1531.50,531.20,7.77,5.89,1,4,1
303,31,1492.01,512.54,7.77,5.89,1,4,1
304,31,1464.77,586.30,7.77,5.89,1,4,1
305,31,1464.77,586.30,6.82,5.86,1,4,1
306,31,1408.47,542.62,6.82,5.86,1,4,1
307,31,1390.75,575.13,6.82,5.86,1,4,1
308,31,1367.24,515.22,6.82,5.86,1,4,1
309,31,1362.54,529.53,6.82,5.86,1,4,1
310,31,1363.97,530.01,6.82,5.86,1,4,1
311,31,1348.03,553.24,6.82,5.86,1,4,1
312,31,1334.81,531.20,6.82,5.86,1,4,1
313,31,1343.45,519.22,6.82,5.86,1,4,1
314,31,1337.35,548.62,6.82,5.86,1,4,1
315,31,1348.09,546.98,6.82,5.86,1,4,1
316,31,1350.98,546.79,6.82,5.86,1,4,1
317,31,1360.79,506.93,6.82,5.86,1,4,1
318,31,1361.66,518.53,6.82,5.86,1,4,1
319,31,1363.02,542.80,6.82,5.86,1,4,1
320,31,1377.84,563.26,6.82,5.86,1,4,1
321,31,1392.12,527.66,6.82,5.86,1,4,1
322,31,1400.00,549.85,6.82,5.86,1,4,1
323,31,1440.07,530.21,6.82,5.86,1,4,1
384,31,1491.34,607.03,7.48,5.25,1,4,1
387,31,1590.37,590.33,6.82,5.86,1,4,1
388,31,1534.43,611.12,6.82,5.86,1,4,1
389,31,1445.58,654.32,6.82,5.86,1,4,1
390,31,1456.53,646.90,6.82,5.86,1,4,1
391,31,1563.32,655.51,6.82,5.86,1,4,1
423,31,1590.76,557.93,6.82,5.86,1,4,1
119,10,319.27,621.50,23.39,5.26,1,0,1
120,10,321.03,586.53,43.68,10.02,1,0,1
121,10,427.32,611.62,43.68,9.24,1,0,1
122,10,483.27,612.59,43.68,9.83,1,0,1
123,10,460.02,596.98,44.76,9.70,1,0,1
124,10,374.07,601.69,44.08,9.23,1,0,1
125,10,357.77,607.33,44.08,10.45,1,0,1
126,10,357.41,605.90,44.08,11.70,1,0,1
127,10,330.39,595.70,42.31,10.70,1,0,1
128,10,320.37,606.27,39.85,9.12,1,0,1
129,10,319.90,617.35,27.03,6.18,1,0,1
130,10,319.90,618.29,17.68,5.40,1,0,1
131,10,320.55,634.85,24.22,5.49,1,0,1
132,10,397.55,600.67,44.41,8.94,1,0,1
133,10,606.30,633.70,48.62,7.81,1,0,1
134,10,800.15,599.70,48.62,7.78,1,0,1
135,10,847.98,622.38,46.80,7.77,1,0,1
136,10,1007.54,619.98,47.87,7.16,1,0,1
137,10,1037.99,608.95,48.11,8.07,1,0,1
138,10,1060.73,613.36,46.80,7.98,1,0,1
139,10,974.72,627.36,48.50,8.21,1,0,1
140,10,974.63,627.55,48.50,7.94,1,0,1
141,10,1026.99,616.07,49.65,8.08,1,0,1
142,10,1073.56,593.31,46.36,7.62,1,0,1
143,10,1073.56,593.49,46.36,7.55,1,0,1
144,10,1041.93,600.41,41.95,7.99,1,0,1
145,10,1014.33,592.21,41.95,7.73,1,0,1
146,10,1003.42,588.94,43.00,7.14,1,0,1
147,10,1004.19,602.05,40.80,7.73,1,0,1
148,10,1015.34,604.23,40.80,7.49,1,0,1
149,10,1031.33,616.44,40.80,8.28,1,0,1
150,10,1056.44,621.54,36.27,8.05,1,0,1
151,10,1099.43,625.91,36.27,7.92,1,0,1
152,10,1133.75,589.11,34.81,4.37,1,0,1
153,10,1236.09,606.99,32.48,4.69,1,0,1
154,10,1259.75,633.68,32.48,6.54,1,0,1
155,10,1274.58,624.26,30.69,6.54,1,0,1
156,10,1276.50,572.46,29.47,6.54,1,0,1
157,10,1275.36,573.40,28.56,6.54,1,0,1
158,10,1271.07,634.54,28.56,6.54,1,0,1
159,10,1180.87,596.36,28.56,5.88,1,0,1
160,10,981.56,594.17,21.55,3.81,1,0,1
161,10,926.40,575.95,21.55,3.81,1,0,1
162,10,724.24,554.58,17.25,5.21,1,0,1
163,10,513.26,534.09,18.27,4.81,1,0,1
164,10,493.56,541.26,14.60,5.14,1,0,1
165,10,491.39,541.43,14.60,5.14,1,0,1
166,10,489.89,548.11,14.60,5.14,1,0,1
167,10,501.74,540.60,14.77,5.81,1,0,1
168,10,524.61,544.77,15.60,5.98,1,0,1
169,10,556.82,559.79,16.75,6.29,1,0,1
170,10,590.22,568.53,16.75,7.92,1,0,1
171,10,708.60,520.29,18.18,4.74,1,0,1
172,10,993.26,525.56,15.02,3.80,1,0,1
173,10,1049.78,531.70,14.16,4.67,1,0,1
174,10,1202.71,547.79,14.16,3.03,1,0,1
175,10,1290.86,542.78,14.61,3.70,1,0,1
176,10,1289.61,543.05,15.67,4.38,1,0,1
177,10,1303.96,508.53,15.67,4.55,1,0,1
178,10,1314.16,490.54,14.35,5.24,1,0,1
179,10,1342.63,561.97,16.78,5.92,1,0,1
180,10,1341.23,568.18,14.38,6.44,1,0,1
181,10,1273.46,498.57,15.03,5.20,1,0,1
182,10,1142.03,546.26,15.03,5.20,1,0,1
183,10,1080.11,481.36,15.80,5.45,1,0,1
184,10,838.60,588.49,13.44,4.40,1,0,1
185,10,767.52,540.14,13.74,4.92,1,0,1
186,10,571.20,559.80,10.42,4.90,1,0,1
187,10,452.78,509.05,10.42,4.90,1,0,1
188,10,413.38,504.21,10.42,5.18,1,0,1
189,10,381.70,557.03,11.86,5.28,1,0,1
190,10,380.60,557.63,12.17,4.13,1,0,1
191,10,380.88,556.98,11.90,4.13,1,0,1
192,10,419.96,552.94,11.90,4.96,1,0,1
193,10,453.74,561.77,13.28,5.70,1,0,1
194,10,594.97,539.15,10.18,4.09,1,0,1
195,10,843.84,525.59,12.95,4.89,1,0,1
196,10,919.86,553.36,12.95,5.85,1,0,1
197,10,1136.00,504.95,10.28,3.47,1,0,1
198,10,1191.80,508.75,11.36,3.69,1,0,1
199,10,1221.06,536.45,11.36,3.96,1,0,1
200,10,1219.39,536.60,13.08,4.06,1,0,1
201,10,1249.98,566.20,13.08,3.93,1,0,1
202,10,1249.98,566.20,13.08,4.47,1,0,1
203,10,1250.52,565.31,13.08,5.54,1,0,1
204,10,1380.55,548.30,13.60,3.81,1,0,1
205,10,1408.43,531.20,12.54,4.71,1,0,1
206,10,1419.21,512.30,13.23,5.12,1,0,1
207,10,1392.61,560.14,11.25,4.37,1,0,1
208,10,1391.98,559.50,11.17,4.65,1,0,1
209,10,1364.97,495.69,13.68,6.86,1,0,1
210,10,1279.46,519.76,13.29,4.91,1,0,1
211,10,1245.33,488.60,13.29,4.91,1,0,1
212,10,1127.82,578.47,13.78,6.26,1,0,1
213,10,1095.74,544.48,13.78,5.93,1,0,1
214,10,949.42,532.95,13.78,6.53,1,0,1
215,10,809.58,540.80,10.47,4.85,1,0,1
216,10,760.75,512.02,10.47,5.66,1,0,1
217,10,606.55,543.90,10.88,5.99,1,0,1
218,10,403.78,555.46,12.50,6.68,1,0,1
400,10,935.39,662.09,2.36,1.72,1,0,1
401,10,888.02,667.82,7.52,3.02,1,0,1
402,10,879.28,654.70,9.07,3.82,1,0,1
403,10,870.46,618.43,12.41,8.59,1,0,1
404,10,870.69,619.15,12.41,8.59,1,0,1
405,10,857.81,645.87,14.08,8.59,1,0,1
406,10,848.74,628.69,13.60,8.59,1,0,1
407,10,831.00,658.04,20.37,8.59,1,0,1
408,10,827.42,629.68,22.55,8.23,1,0,1
409,10,827.42,629.00,22.55,8.23,1,0,1
410,10,781.35,566.01,24.11,8.94,1,0,1
411,10,770.79,561.68,27.63,8.94,1,0,1
412,10,709.83,526.19,28.99,10.57,1,0,1
413,10,709.56,526.46,28.99,10.57,1,0,1
414,10,682.74,499.63,30.61,10.84,1,0,1
415,10,667.02,522.12,31.97,10.84,1,0,1
416,10,660.52,503.97,31.97,10.84,1,0,1
417,10,653.44,541.90,33.63,11.11,1,0,1
418,10,653.17,541.09,33.63,11.11,1,0,1
419,10,655.34,586.33,30.92,11.11,1,0,1
420,10,658.59,579.56,33.35,11.11,1,0,1
421,10,647.75,576.85,34.33,11.11,1,0,1
422,10,646.67,491.78,34.33,9.55,1,0,1
423,10,636.26,532.87,35.73,10.44,1,0,1
121,5,321.36,596.65,97.60,30.67,1,0,1
122,5,359.36,597.50,114.45,29.82,1,0,1
123,5,335.58,581.27,113.34,30.10,1,0,1
124,5,320.72,592.42,46.08,23.41,1,0,1
125,5,319.60,600.22,30.10,21.92,1,0,1
126,5,320.35,599.48,27.45,22.57,1,0,1
132,5,319.60,590.19,69.12,21.55,1,0,1
133,5,471.20,609.19,126.62,38.26,1,0,1
134,5,660.58,577.14,126.62,36.82,1,0,1
135,5,707.45,601.53,130.92,36.35,1,0,1
136,5,865.75,597.71,135.23,35.87,1,0,1
137,5,898.27,586.71,132.84,36.82,1,0,1
138,5,920.74,594.84,135.71,36.82,1,0,1
139,5,837.05,604.40,135.71,36.82,1,0,1
140,5,837.05,604.88,135.71,36.82,1,0,1
141,5,892.41,596.27,133.43,36.82,1,0,1
142,5,937.85,573.32,135.82,36.35,1,0,1
143,5,937.37,572.36,135.82,36.35,1,0,1
144,5,906.28,578.58,135.82,36.82,1,0,1
145,5,879.98,570.93,134.38,35.39,1,0,1
146,5,868.50,569.01,134.38,35.39,1,0,1
147,5,869.94,582.40,134.38,33.95,1,0,1
148,5,880.94,582.40,134.38,36.35,1,0,1
149,5,895.76,594.84,135.82,36.35,1,0,1
150,5,920.15,598.66,135.82,37.78,1,0,1
151,5,963.19,602.97,136.30,36.82,1,0,1
152,5,996.67,563.27,137.25,38.26,1,0,1
153,5,1100.93,580.01,134.86,38.26,1,0,1
154,5,1125.32,610.62,134.86,39.22,1,0,1
155,5,1139.66,601.53,134.86,40.65,1,0,1
156,5,1143.97,549.41,132.47,40.65,1,0,1
157,5,1143.49,551.32,131.99,40.65,1,0,1
158,5,1139.18,608.71,131.99,40.65,1,0,1
159,5,1045.93,574.75,134.86,40.65,1,0,1
160,5,845.55,566.14,135.82,40.65,1,0,1
161,5,790.07,550.36,136.30,40.65,1,0,1
162,5,591.13,524.54,132.47,40.65,1,0,1
163,5,387.40,505.41,125.78,39.69,1,0,1
164,5,364.44,510.67,129.12,41.61,1,0,1
165,5,365.40,510.67,125.78,41.61,1,0,1
166,5,363.49,519.28,125.78,41.61,1,0,1
167,5,374.01,515.93,127.69,42.08,1,0,1
168,5,396.96,519.76,127.69,39.69,1,0,1
169,5,428.99,532.04,127.69,41.09,1,0,1
170,5,460.70,538.19,129.65,42.06,1,0,1
171,5,576.84,490.96,131.59,43.03,1,0,1
172,5,853.77,492.19,139.36,44.09,1,0,1
173,5,907.93,499.92,141.41,43.55,1,0,1
174,5,1064.27,518.34,138.06,41.32,1,0,1
175,5,1155.28,512.20,135.83,41.32,1,0,1
176,5,1154.72,512.76,135.27,41.88,1,0,1
177,5,1171.47,482.05,132.48,41.88,1,0,1
178,5,1179.84,463.63,134.15,42.99,1,0,1
179,5,1210.55,533.42,131.92,42.99,1,0,1
180,5,1207.76,539.00,133.59,41.88,1,0,1
181,5,1139.64,472.56,133.59,41.32,1,0,1
182,5,1007.32,516.11,134.71,41.32,1,0,1
183,5,944.78,451.90,134.71,43.55,1,0,1
184,5,706.70,557.31,131.59,42.55,1,0,1
185,5,635.14,510.56,131.59,42.58,1,0,1
186,5,442.95,532.44,127.73,40.21,1,0,1
187,5,330.81,482.95,121.70,39.54,1,0,1
188,5,320.23,474.49,93.15,43.24,1,0,1
189,5,320.76,539.42,60.36,30.14,1,0,1
190,5,319.70,543.12,60.36,26.97,1,0,1
191,5,320.23,543.12,60.36,25.91,1,0,1
192,5,319.70,528.31,100.02,38.07,1,0,1
193,5,334.06,534.66,119.51,41.78,1,0,1
194,5,469.96,509.28,124.27,43.36,1,0,1
195,5,714.80,496.06,129.03,40.19,1,0,1
196,5,788.84,524.61,131.15,42.83,1,0,1
197,5,1003.54,474.37,132.20,42.83,1,0,1
198,5,1060.12,479.66,131.15,41.78,1,0,1
199,5,1090.26,505.05,130.62,46.01,1,0,1
200,5,1092.38,506.10,126.39,44.95,1,0,1
201,5,1121.46,536.25,127.44,43.36,1,0,1
202,5,1121.99,537.30,127.44,42.31,1,0,1
203,5,1121.46,536.77,129.03,43.89,1,0,1
204,5,1257.37,518.79,123.21,43.89,1,0,1
205,5,1284.86,500.81,123.21,43.89,1,0,1
206,5,1295.97,484.95,123.21,40.72,1,0,1
207,5,1266.89,532.01,125.33,42.31,1,0,1
208,5,1267.41,528.31,124.27,43.36,1,0,1
209,5,1240.97,466.97,123.74,43.36,1,0,1
210,5,1155.31,489.18,123.74,43.36,1,0,1
211,5,1121.46,459.04,123.74,43.36,1,0,1
212,5,1002.48,547.88,125.33,43.89,1,0,1
213,5,968.63,514.04,126.92,43.89,1,0,1
214,5,823.21,503.99,125.86,42.31,1,0,1
215,5,684.66,510.86,124.80,42.31,1,0,1
216,5,638.13,482.84,122.16,42.31,1,0,1
217,5,487.94,515.62,118.45,40.72,1,0,1
218,5,320.84,525.67,83.55,42.83,1,0,1
245,5,347.95,511.49,106.57,41.13,1,0,1
246,5,348.83,511.01,104.73,41.61,1,0,1
247,5,498.99,482.80,111.91,38.74,1,0,1
248,5,497.56,482.32,111.91,37.30,1,0,1
249,5,546.34,534.92,112.86,40.17,1,0,1
250,5,545.86,522.49,113.34,41.13,1,0,1
251,5,552.08,498.58,113.34,40.17,1,0,1
252,5,548.73,489.97,113.82,40.17,1,0,1
253,5,484.65,533.01,112.39,40.17,1,0,1
254,5,466.48,511.49,111.91,38.74,1,0,1
255,5,384.22,503.36,109.04,40.17,1,0,1
256,5,384.22,503.84,108.56,39.69,1,0,1
257,5,355.52,508.14,108.08,39.22,1,0,1
258,5,320.14,536.84,51.17,27.74,1,0,1
259,5,320.14,515.79,25.35,27.74,1,0,1
269,5,319.66,539.71,67.91,25.82,1,0,1
270,5,320.14,533.01,88.47,40.17,1,0,1
271,5,321.09,533.01,88.47,40.17,1,0,1
272,5,319.66,536.84,100.43,38.26,1,0,1
273,5,332.57,517.71,105.69,37.30,1,0,1
274,5,333.53,517.23,105.21,38.74,1,0,1
275,5,332.09,517.71,108.56,37.30,1,0,1
276,5,397.13,530.14,110.95,38.26,1,0,1
277,5,412.43,544.01,111.91,38.26,1,0,1
278,5,460.74,493.79,111.43,37.78,1,0,1
279,5,498.04,523.45,115.73,40.65,1,0,1
280,5,498.04,522.97,114.30,41.13,1,0,1
281,5,498.52,522.49,114.30,39.69,1,0,1
282,5,559.25,498.58,115.73,41.61,1,0,1
283,5,570.25,514.36,114.30,39.22,1,0,1
284,5,611.38,491.88,116.21,41.61,1,0,1
285,5,611.86,492.36,113.82,40.65,1,0,1
286,5,612.34,491.40,113.82,40.17,1,0,1
287,5,639.60,522.01,117.65,40.17,1,0,1
288,5,639.12,520.58,117.17,40.17,1,0,1
289,5,693.16,515.79,119.56,40.65,1,0,1
290,5,719.46,532.05,117.65,40.65,1,0,1
291,5,725.20,543.53,118.12,40.65,1,0,1
292,5,737.16,485.66,119.08,39.69,1,0,1
293,5,734.76,520.58,119.08,38.74,1,0,1
294,5,739.55,498.10,119.56,38.74,1,0,1
295,5,718.50,508.62,119.56,38.74,1,0,1
296,5,711.81,522.49,119.08,38.26,1,0,1
297,5,711.81,522.49,118.60,37.78,1,0,1
298,5,686.46,506.71,117.17,39.69,1,0,1
299,5,665.42,526.79,117.17,41.13,1,0,1
300,5,637.20,501.92,117.17,40.65,1,0,1
301,5,599.28,533.14,117.12,38.29,1,0,1
302,5,592.77,527.26,117.48,38.25,1,0,1
303,5,553.25,484.26,115.64,39.07,1,0,1
304,5,525.66,544.99,114.87,39.82,1,0,1
305,5,525.66,545.28,114.29,39.53,1,0,1
306,5,468.66,511.32,113.25,38.68,1,0,1
307,5,452.58,536.25,111.85,37.99,1,0,1
308,5,427.59,510.34,110.85,38.62,1,0,1
309,5,427.10,527.69,110.85,38.13,1,0,1
310,5,427.10,528.18,110.85,37.15,1,0,1
311,5,413.17,530.63,110.12,38.38,1,0,1
312,5,404.12,487.12,109.63,39.60,1,0,1
313,5,411.49,486.82,109.63,38.94,1,0,1
314,5,405.42,516.78,109.80,37.95,1,0,1
315,5,417.36,526.61,109.80,38.53,1,0,1
316,5,419.40,535.67,111.46,37.57,1,0,1
317,5,428.49,479.51,112.48,37.79,1,0,1
318,5,429.30,503.72,111.02,37.66,1,0,1
319,5,432.82,527.56,110.65,38.10,1,0,1
320,5,446.72,538.49,111.33,37.87,1,0,1
321,5,460.97,496.37,112.54,37.04,1,0,1
322,5,469.38,533.40,112.40,37.35,1,0,1
323,5,511.74,488.76,113.76,37.58,1,0,1
324,5,642.11,541.38,117.72,37.01,1,0,1
325,5,708.39,549.77,116.54,36.21,1,0,1
326,5,940.50,476.82,119.54,36.98,1,0,1
327,5,1025.50,513.13,118.70,33.60,1,0,1
328,5,1302.04,506.52,111.91,37.48,1,0,1
329,5,1380.70,465.12,112.05,39.39,1,0,1
330,5,1568.69,572.10,32.01,38.07,1,0,1
373,5,1446.65,519.82,112.61,36.46,1,0,1
374,5,1446.96,519.00,112.61,35.87,1,0,1
375,5,897.30,595.14,116.96,40.89,1,0,1
376,5,897.04,594.35,115.90,40.89,1,0,1
377,5,900.63,528.91,117.45,39.41,1,0,1
378,5,963.62,568.11,117.29,37.51,1,0,1
379,5,1313.60,545.38,112.55,37.29,1,0,1
380,5,1329.15,575.32,113.44,38.90,1,0,1
381,5,1330.72,575.32,112.19,38.90,1,0,1
382,5,894.91,588.62,120.47,38.90,1,0,1
383,5,751.88,606.50,117.28,39.76,1,0,1
384,5,583.43,586.06,116.43,39.24,1,0,1
385,5,760.07,588.33,118.70,38.27,1,0,1
386,5,761.06,588.79,117.94,40.09,1,0,1
387,5,686.15,577.99,120.42,41.05,1,0,1
388,5,624.73,606.88,117.69,40.99,1,0,1
389,5,528.16,633.43,118.11,40.29,1,0,1
390,5,540.71,628.83,117.05,40.15,1,0,1
391,5,649.50,641.90,120.63,39.28,1,0,1
392,5,684.89,632.83,123.75,41.49,1,0,1
393,5,715.78,605.65,123.75,41.12,1,0,1
394,5,775.27,639.47,123.75,40.70,1,0,1
395,5,856.25,616.93,125.21,41.54,1,0,1
396,5,884.91,629.87,124.85,41.62,1,0,1
397,5,909.87,628.31,125.36,43.45,1,0,1
398,5,944.81,619.25,125.04,43.45,1,0,1
399,5,953.87,606.38,126.65,43.05,1,0,1
400,5,937.65,628.13,126.65,43.25,1,0,1
401,5,894.97,634.40,126.65,45.10,1,0,1
402,5,888.38,620.92,126.76,45.83,1,0,1
403,5,882.80,588.97,125.83,47.02,1,0,1
404,5,882.80,589.97,125.83,46.71,1,0,1
405,5,872.35,616.74,129.46,45.32,1,0,1
406,5,862.73,599.29,129.70,45.95,1,0,1
407,5,851.80,628.31,127.53,47.49,1,0,1
408,5,849.37,600.04,127.53,47.10,1,0,1
409,5,849.98,600.04,127.07,47.10,1,0,1
410,5,806.89,536.37,127.95,47.60,1,0,1
411,5,798.08,532.92,127.95,48.31,1,0,1
412,5,739.13,497.97,127.95,48.31,1,0,1
413,5,738.42,498.76,128.69,47.42,1,0,1
414,5,713.32,471.55,127.73,49.25,1,0,1
415,5,698.25,494.30,127.80,48.72,1,0,1
416,5,693.04,475.46,127.80,48.48,1,0,1
417,5,686.53,513.69,128.86,48.48,1,0,1
418,5,687.12,513.10,127.20,48.48,1,0,1
419,5,688.01,557.04,127.93,49.25,1,0,1
420,5,692.16,551.65,127.93,49.23,1,0,1
421,5,682.12,548.73,127.93,48.21,1,0,1
422,5,680.52,463.32,129.17,47.88,1,0,1
423,5,672.39,505.90,129.17,49.25,1,0,1
133,11,400.84,630.12,29.45,5.73,1,0,1
134,11,588.70,597.33,39.69,7.63,1,0,1
135,11,630.52,620.88,38.52,7.82,1,0,1
136,11,787.58,620.07,50.48,7.80,1,0,1
137,11,818.26,608.29,48.80,7.90,1,0,1
138,11,838.31,617.83,50.29,7.52,1,0,1
139,11,751.69,625.33,48.48,9.25,1,0,1
140,11,752.17,624.85,48.48,8.88,1,0,1
141,11,804.23,617.93,47.02,9.04,1,0,1
142,11,846.36,596.21,43.52,8.18,1,0,1
143,11,846.36,596.71,43.52,8.18,1,0,1
144,11,807.19,598.97,50.39,8.20,1,0,1
145,11,779.63,595.21,54.17,7.50,1,0,1
146,11,768.55,592.45,54.08,7.91,1,0,1
147,11,768.55,604.06,51.54,8.77,1,0,1
148,11,779.27,604.40,51.17,7.46,1,0,1
149,11,791.54,616.93,52.00,7.97,1,0,1
150,11,815.01,620.78,50.55,9.23,1,0,1
151,11,858.68,624.48,45.26,8.16,1,0,1
152,11,889.17,586.58,44.87,7.46,1,0,1
153,11,989.85,601.18,49.79,8.16,1,0,1
154,11,1010.64,634.19,49.43,8.02,1,0,1
155,11,1026.25,627.78,50.71,8.28,1,0,1
156,11,1031.39,574.99,50.43,9.67,1,0,1
157,11,1026.15,578.97,49.28,8.88,1,0,1
158,11,1020.53,635.44,54.10,7.80,1,0,1
159,11,922.65,602.52,54.10,7.92,1,0,1
160,11,716.86,589.67,54.10,9.36,1,0,1
161,11,663.31,578.36,45.66,9.32,1,0,1
162,11,465.87,543.97,51.40,9.27,1,0,1
169,11,320.15,558.25,34.42,7.02,1,0,1
170,11,336.56,557.46,48.76,8.79,1,0,1
171,11,447.99,518.79,49.16,8.21,1,0,1
172,11,719.13,513.24,48.46,9.50,1,0,1
173,11,773.36,524.70,51.10,8.74,1,0,1
174,11,927.56,544.71,53.76,8.22,1,0,1
175,11,1018.01,535.23,56.79,10.02,1,0,1
176,11,1017.47,536.62,56.79,8.64,1,0,1
177,11,1033.21,506.88,55.96,9.55,1,0,1
178,11,1043.23,490.95,49.45,8.86,1,0,1
179,11,1072.82,558.22,55.66,9.11,1,0,1
180,11,1070.08,561.39,55.43,9.34,1,0,1
181,11,999.07,498.45,58.50,8.10,1,0,1
182,11,866.20,537.66,56.11,9.51,1,0,1
183,11,803.56,478.28,53.10,9.96,1,0,1
184,11,565.93,578.98,52.09,8.99,1,0,1
185,11,497.13,533.47,49.97,8.68,1,0,1
186,11,320.48,554.70,43.04,8.91,1,0,1
194,11,332.28,532.37,45.01,10.32,1,0,1
195,11,569.91,520.92,46.51,9.17,1,0,1
196,11,645.53,550.43,51.18,8.82,1,0,1
197,11,858.44,498.52,53.48,9.14,1,0,1
198,11,913.98,506.16,54.69,8.40,1,0,1
199,11,945.13,534.92,53.22,7.77,1,0,1
200,11,945.13,535.22,53.22,7.77,1,0,1
201,11,973.45,563.43,51.20,8.03,1,0,1
202,11,973.45,563.21,50.85,8.16,1,0,1
203,11,975.08,563.03,49.83,9.20,1,0,1
204,11,1110.75,541.43,50.57,9.53,1,0,1
205,11,1139.76,527.38,50.07,9.23,1,0,1
206,11,1152.04,507.46,50.07,10.02,1,0,1
207,11,1123.41,557.66,54.43,8.59,1,0,1
208,11,1120.68,553.49,53.23,8.38,1,0,1
209,11,1094.16,494.40,52.81,9.65,1,0,1
210,11,1007.55,511.55,53.10,9.57,1,0,1
211,11,971.31,486.07,47.19,8.53,1,0,1
212,11,851.29,570.22,52.81,9.50,1,0,1
213,11,818.33,539.00,52.92,9.35,1,0,1
214,11,673.25,530.01,56.55,9.50,1,0,1
215,11,536.88,534.89,55.39,9.76,1,0,1
216,11,490.12,509.69,50.81,9.57,1,0,1
217,11,345.38,537.93,49.18,9.78,1,0,1
247,11,331.13,506.34,45.10,8.52,1,0,1
248,11,335.14,505.63,42.69,9.15,1,0,1
249,11,381.18,558.46,46.50,8.91,1,0,1
250,11,380.93,546.01,42.65,8.07,1,0,1
251,11,386.90,526.15,44.82,7.89,1,0,1
252,11,384.68,518.58,43.85,8.72,1,0,1
253,11,324.20,556.15,42.35,8.32,1,0,1
254,11,320.04,538.04,33.43,9.56,1,0,1
278,11,320.04,514.99,18.96,8.59,1,0,1
279,11,323.91,549.67,53.00,8.75,1,0,1
280,11,323.12,549.72,53.83,9.05,1,0,1
281,11,322.03,549.72,53.83,9.05,1,0,1
282,11,386.59,526.51,52.45,9.32,1,0,1
283,11,398.46,536.92,48.66,10.62,1,0,1
284,11,439.17,518.03,48.24,9.72,1,0,1
285,11,439.17,518.53,47.39,8.77,1,0,1
286,11,438.96,518.74,47.03,8.51,1,0,1
287,11,464.30,544.39,47.56,9.23,1,0,1
288,11,464.04,544.22,47.56,9.50,1,0,1
289,11,517.85,535.61,47.50,9.50,1,0,1
290,11,540.98,553.06,46.06,8.48,1,0,1
291,11,548.39,566.61,45.83,9.15,1,0,1
292,11,560.72,508.29,47.83,9.25,1,0,1
293,11,556.87,542.75,46.66,9.51,1,0,1
294,11,561.02,519.05,45.98,8.80,1,0,1
295,11,541.69,532.41,47.77,8.26,1,0,1
296,11,535.68,545.56,49.76,8.27,1,0,1
297,11,535.46,546.78,48.85,7.84,1,0,1
298,11,509.27,533.55,47.89,8.20,1,0,1
299,11,488.17,547.36,45.79,9.76,1,0,1
300,11,462.99,529.46,47.20,8.48,1,0,1
301,11,425.11,554.96,47.61,9.40,1,0,1
302,11,420.10,553.12,46.38,9.39,1,0,1
303,11,380.03,507.52,44.67,10.02,1,0,1
304,11,352.35,562.71,43.12,11.41,1,0,1
305,11,353.10,562.89,42.36,11.15,1,0,1
306,11,320.77,532.42,19.70,11.15,1,0,1
322,11,320.77,555.40,19.70,10.03,1,0,1
323,11,332.22,508.14,44.10,9.81,1,0,1
324,11,461.02,564.73,43.49,10.03,1,0,1
325,11,523.35,568.89,45.59,9.29,1,0,1
326,11,751.41,500.14,48.74,8.85,1,0,1
327,11,836.66,534.74,44.85,8.84,1,0,1
328,11,1117.71,524.55,39.85,8.18,1,0,1
329,11,1198.67,490.52,48.45,9.05,1,0,1
330,11,1395.97,588.20,47.55,9.15,1,0,1
331,11,1577.39,488.94,22.39,9.28,1,0,1
332,11,1577.39,488.82,22.39,9.13,1,0,1
338,11,1593.18,553.71,6.86,9.29,1,0,1
339,11,1593.56,525.21,6.27,7.01,1,0,1
340,11,1591.89,529.74,8.43,5.34,1,0,1
341,11,1588.77,541.75,11.42,4.85,1,0,1
342,11,1581.39,540.15,18.62,8.68,1,0,1
343,11,1572.59,523.08,27.43,8.78,1,0,1
344,11,1572.46,523.36,27.43,8.78,1,0,1
345,11,1575.20,521.92,24.83,8.64,1,0,1
372,11,1555.15,567.45,42.88,9.19,1,0,1
373,11,1264.39,545.98,46.36,8.77,1,0,1
374,11,1265.64,546.23,44.76,8.77,1,0,1
375,11,701.77,604.56,43.77,10.99,1,0,1
376,11,701.94,605.52,38.61,8.63,1,0,1
377,11,711.40,555.06,38.61,8.10,1,0,1
378,11,769.62,585.21,37.46,8.35,1,0,1
379,11,1122.53,573.90,39.47,8.47,1,0,1
380,11,1144.66,606.41,27.27,9.09,1,0,1
381,11,1145.75,606.95,25.74,8.26,1,0,1
382,11,711.52,621.37,22.06,7.72,1,0,1
134,6,319.61,582.23,38.59,35.32,1,0,1
135,6,320.35,614.41,78.73,29.36,1,0,1
136,6,406.19,598.43,145.99,43.85,1,0,1
137,6,437.41,583.94,145.24,46.08,1,0,1
138,6,455.62,599.92,147.47,47.57,1,0,1
139,6,373.86,597.32,146.36,49.42,1,0,1
140,6,373.44,599.54,147.53,46.45,1,0,1
141,6,417.29,599.54,153.10,47.19,1,0,1
142,6,457.79,578.36,154.59,47.57,1,0,1
143,6,456.31,577.99,156.45,47.57,1,0,1
144,6,422.12,573.16,159.05,49.80,1,0,1
145,6,395.73,576.51,158.30,48.68,1,0,1
146,6,385.70,575.76,158.30,49.80,1,0,1
147,6,384.59,581.71,158.30,51.28,1,0,1
148,6,392.39,579.11,160.91,51.65,1,0,1
149,6,404.65,591.00,164.99,50.91,1,0,1
150,6,426.95,597.69,164.57,49.45,1,0,1
151,6,462.91,597.31,168.27,50.24,1,0,1
152,6,492.52,561.35,168.27,55.53,1,0,1
153,6,587.71,569.81,176.73,55.53,1,0,1
154,6,612.03,607.36,176.73,58.17,1,0,1
155,6,623.67,610.00,178.85,53.41,1,0,1
156,6,628.96,559.76,178.32,56.05,1,0,1
157,6,626.31,561.35,179.38,58.17,1,0,1
158,6,619.97,608.94,180.43,58.70,1,0,1
159,6,528.48,584.09,182.02,60.28,1,0,1
160,6,341.28,565.05,174.09,58.17,1,0,1
161,6,320.13,561.88,143.42,57.11,1,0,1
172,6,321.05,481.00,193.43,60.49,1,0,1
173,6,368.76,490.89,193.43,63.66,1,0,1
174,6,509.39,520.52,202.53,62.28,1,0,1
175,6,594.77,507.47,204.04,62.78,1,0,1
176,6,596.28,506.46,204.04,61.78,1,0,1
177,6,610.34,485.87,207.05,59.77,1,0,1
178,6,618.88,469.29,206.55,64.79,1,0,1
179,6,650.02,528.06,206.55,64.79,1,0,1
180,6,645.50,528.56,208.06,64.79,1,0,1
181,6,577.76,476.92,205.28,64.79,1,0,1
182,6,451.67,505.09,205.95,60.21,1,0,1
183,6,394.00,459.33,199.91,60.36,1,0,1
184,6,319.55,561.94,49.68,46.28,1,0,1
195,6,321.06,510.17,54.50,45.20,1,0,1
196,6,318.55,540.31,128.83,44.70,1,0,1
197,6,448.63,471.50,202.16,64.79,1,0,1
198,6,502.87,482.05,205.68,65.29,1,0,1
199,6,530.00,511.18,206.18,64.29,1,0,1
200,6,531.00,512.18,206.18,64.29,1,0,1
201,6,561.64,537.29,205.68,61.78,1,0,1
202,6,561.64,537.80,207.18,62.28,1,0,1
203,6,563.14,537.80,205.18,62.28,1,0,1
204,6,697.75,510.67,207.18,63.28,1,0,1
205,6,723.87,502.64,210.70,63.79,1,0,1
206,6,736.42,484.05,210.70,64.79,1,0,1
207,6,707.79,533.78,210.70,64.29,1,0,1
208,6,708.05,520.72,211.45,65.29,1,0,1
209,6,681.93,469.49,209.94,67.30,1,0,1
210,6,600.06,476.52,208.44,68.81,1,0,1
211,6,566.41,457.94,206.93,71.82,1,0,1
212,6,454.41,529.26,204.92,69.81,1,0,1
213,6,425.28,511.68,199.90,63.28,1,0,1
214,6,320.81,501.63,166.75,67.80,1,0,1
215,6,320.81,524.74,39.18,42.69,1,0,1
283,6,320.81,529.24,16.50,38.19,1,0,1
284,6,320.16,514.06,56.02,36.56,1,0,1
285,6,320.16,514.06,53.76,37.53,1,0,1
286,6,320.16,514.06,53.76,36.56,1,0,1
287,6,320.49,537.03,82.88,35.91,1,0,1
288,6,320.49,537.67,84.49,35.26,1,0,1
289,6,320.49,507.36,136.26,57.49,1,0,1
290,6,321.53,527.42,159.15,54.65,1,0,1
291,6,327.41,541.60,159.15,54.31,1,0,1
292,6,339.86,482.80,161.58,57.42,1,0,1
293,6,341.24,518.43,158.81,57.42,1,0,1
294,6,345.05,490.75,158.81,59.15,1,0,1
295,6,328.10,509.43,158.12,53.96,1,0,1
296,6,323.60,523.27,156.39,52.92,1,0,1
297,6,323.60,521.89,156.04,55.00,1,0,1
298,6,319.80,513.24,134.94,52.58,1,0,1
299,6,320.49,522.92,115.22,53.61,1,0,1
300,6,319.45,523.27,94.13,40.47,1,0,1
301,6,320.14,547.83,58.50,36.32,1,0,1
302,6,320.14,547.83,51.58,36.32,1,0,1
303,6,319.80,501.13,17.68,34.59,1,0,1
324,6,319.80,544.02,115.92,53.27,1,0,1
325,6,345.39,544.71,152.24,51.54,1,0,1
326,6,564.35,480.38,159.55,51.54,1,0,1
327,6,646.32,514.97,162.01,54.31,1,0,1
328,6,924.13,497.57,163.93,54.12,1,0,1
329,6,1010.60,472.69,158.19,53.69,1,0,1
330,6,1211.82,563.04,158.01,51.07,1,0,1
331,6,1401.10,471.15,148.15,51.37,1,0,1
332,6,1400.54,470.60,148.15,51.37,1,0,1
333,6,1431.25,521.40,148.71,51.37,1,0,1
334,6,1474.80,508.00,125.81,50.81,1,0,1
335,6,1452.47,484.00,141.45,50.81,1,0,1
336,6,1435.72,499.63,147.59,53.04,1,0,1
337,6,1434.60,499.63,149.82,53.04,1,0,1
338,6,1418.41,528.66,148.71,53.04,1,0,1
339,6,1418.41,498.51,146.47,53.04,1,0,1
340,6,1416.73,500.19,146.47,53.04,1,0,1
341,6,1410.59,509.68,144.80,53.04,1,0,1
342,6,1406.12,512.47,145.36,55.28,1,0,1
343,6,1395.52,501.86,145.36,53.60,1,0,1
344,6,1395.52,500.75,145.36,53.60,1,0,1
345,6,1402.22,494.60,145.91,53.04,1,0,1
346,6,1443.53,545.97,145.91,51.93,1,0,1
347,6,1443.53,546.53,145.91,51.93,1,0,1
348,6,1468.10,481.20,131.96,51.93,1,0,1
349,6,1539.75,483.44,59.74,51.93,1,0,1
350,6,1545.34,443.80,54.16,55.28,1,0,1
351,6,1587.77,622.08,12.22,21.60,1,0,1
372,6,1406.12,549.78,143.08,45.52,1,0,1
373,6,1108.31,528.33,151.53,51.12,1,0,1
374,6,1111.05,528.33,151.53,51.12,1,0,1
375,6,559.19,574.90,141.82,53.74,1,0,1
376,6,559.19,574.47,142.86,53.74,1,0,1
377,6,563.55,533.87,147.54,51.51,1,0,1
378,6,623.79,560.06,146.24,51.51,1,0,1
379,6,973.85,552.64,148.04,55.87,1,0,1
380,6,996.55,587.56,147.75,55.00,1,0,1
381,6,996.98,585.81,148.20,55.00,1,0,1
382,6,565.87,597.01,151.85,57.18,1,0,1
383,6,430.99,607.05,146.66,54.56,1,0,1
384,6,321.43,579.55,96.46,59.36,1,0,1
385,6,432.02,586.14,153.61,59.14,1,0,1
386,6,430.10,584.96,155.53,59.14,1,0,1
387,6,358.50,577.27,156.76,59.73,1,0,1
388,6,321.41,602.27,133.25,63.01,1,0,1
389,6,321.41,643.76,44.63,38.97,1,0,1
390,6,320.34,639.33,53.08,38.53,1,0,1
391,6,320.34,630.21,154.12,65.21,1,0,1
392,6,344.35,620.89,163.80,61.98,1,0,1
393,6,369.13,594.74,166.25,65.21,1,0,1
394,6,423.95,631.28,171.26,69.15,1,0,1
395,6,497.39,606.56,175.56,69.15,1,0,1
396,6,522.83,623.76,178.79,65.57,1,0,1
397,6,547.20,625.91,178.79,65.21,1,0,1
398,6,580.16,619.10,179.86,69.15,1,0,1
399,6,588.04,605.84,185.24,68.43,1,0,1
400,6,571.56,620.89,185.24,72.37,1,0,1
401,6,529.64,629.85,187.03,70.58,1,0,1
402,6,522.48,610.86,187.39,74.88,1,0,1
403,6,514.23,591.51,191.69,73.45,1,0,1
404,6,513.88,588.65,191.69,74.52,1,0,1
405,6,502.05,610.86,197.06,74.52,1,0,1
406,6,494.53,597.96,196.34,77.03,1,0,1
407,6,479.84,619.10,201.00,78.82,1,0,1
408,6,474.11,590.08,206.02,82.03,1,0,1
409,6,472.99,591.20,206.02,82.03,1,0,1
410,6,431.11,526.94,212.19,87.66,1,0,1
411,6,420.51,518.01,212.19,91.57,1,0,1
412,6,363.55,481.72,212.19,91.57,1,0,1
413,6,364.67,481.72,212.19,91.57,1,0,1
414,6,341.22,453.80,212.19,89.89,1,0,1
415,6,324.47,482.28,212.19,89.33,1,0,1
416,6,320.56,463.85,213.31,94.36,1,0,1
417,6,320.00,500.70,208.29,92.13,1,0,1
418,6,321.68,501.82,208.29,92.13,1,0,1
419,6,320.56,543.14,208.29,92.13,1,0,1
420,6,320.56,531.97,214.43,96.03,1,0,1
421,6,321.12,530.29,205.49,97.15,1,0,1
422,6,320.00,446.54,203.26,100.50,1,0,1
423,6,320.56,482.28,196.00,95.48,1,0,1
134,9,411.10,583.11,91.77,23.87,1,0,1
135,9,459.46,607.48,88.20,23.87,1,0,1
136,9,610.72,603.84,92.08,26.87,1,0,1
137,9,639.75,590.94,93.51,26.87,1,0,1
138,9,661.24,606.35,92.44,24.01,1,0,1
139,9,576.69,610.29,90.65,24.72,1,0,1
140,9,576.69,609.21,90.65,24.72,1,0,1
141,9,626.13,607.78,90.65,24.72,1,0,1
142,9,666.26,584.13,90.65,24.72,1,0,1
143,9,666.62,583.42,90.65,24.72,1,0,1
144,9,630.07,584.13,91.36,24.72,1,0,1
145,9,603.56,582.34,91.36,24.72,1,0,1
146,9,592.81,581.98,89.93,24.72,1,0,1
147,9,592.45,591.66,89.93,22.93,1,0,1
148,9,600.33,589.51,92.08,25.44,1,0,1
149,9,613.59,602.77,92.08,25.08,1,0,1
150,9,636.88,607.06,92.80,25.44,1,0,1
151,9,680.95,609.57,91.36,24.72,1,0,1
152,9,710.69,573.74,91.36,24.72,1,0,1
153,9,811.73,586.28,91.36,24.72,1,0,1
154,9,832.86,622.11,91.36,24.72,1,0,1
155,9,845.41,617.10,92.44,24.72,1,0,1
156,9,851.85,567.65,92.44,24.72,1,0,1
157,9,847.91,571.24,92.44,24.72,1,0,1
158,9,842.54,623.55,92.44,24.72,1,0,1
159,9,745.08,594.17,92.44,24.72,1,0,1
160,9,543.77,576.84,89.00,27.45,1,0,1
161,9,489.61,567.81,89.00,25.91,1,0,1
162,9,319.10,526.69,66.01,24.91,1,0,1
171,9,318.59,510.62,51.39,21.42,1,0,1
172,9,542.80,494.97,90.32,27.70,1,0,1
173,9,593.53,507.52,92.44,27.70,1,0,1
174,9,746.65,532.61,92.44,26.50,1,0,1
175,9,837.08,520.45,92.44,26.50,1,0,1
176,9,836.55,520.45,92.44,26.50,1,0,1
177,9,852.95,496.75,92.44,23.80,1,0,1
178,9,863.52,481.41,92.44,23.80,1,0,1
179,9,891.55,543.81,92.44,28.03,1,0,1
180,9,891.02,544.34,90.72,28.03,1,0,1
181,9,819.10,486.17,90.72,28.03,1,0,1
182,9,687.43,520.02,90.72,28.03,1,0,1
183,9,625.56,466.61,87.02,25.91,1,0,1
184,9,399.22,561.79,82.79,24.85,1,0,1
185,9,332.06,519.49,82.79,24.85,1,0,1
195,9,404.53,508.71,77.12,24.85,1,0,1
196,9,472.90,536.58,82.69,24.85,1,0,1
197,9,679.98,485.41,85.18,25.81,1,0,1
198,9,736.41,494.50,85.18,25.81,1,0,1
199,9,766.54,523.67,85.18,25.81,1,0,1
200,9,767.02,524.15,85.18,25.81,1,0,1
201,9,798.58,549.50,85.18,25.81,1,0,1
202,9,797.62,549.97,85.18,25.81,1,0,1
203,9,797.00,549.34,85.18,25.81,1,0,1
204,9,934.64,527.98,85.18,25.81,1,0,1
205,9,960.66,515.65,87.56,25.81,1,0,1
206,9,973.89,496.48,84.37,25.81,1,0,1
207,9,946.51,545.77,81.63,25.81,1,0,1
208,9,946.51,538.93,81.63,25.81,1,0,1
209,9,919.58,482.79,81.63,25.81,1,0,1
210,9,829.21,496.48,81.63,25.81,1,0,1
211,9,794.53,473.66,81.63,25.81,1,0,1
212,9,677.75,553.42,79.42,25.53,1,0,1
213,9,645.58,525.41,79.42,24.84,1,0,1
214,9,504.80,519.87,77.35,23.45,1,0,1
215,9,374.40,521.95,76.31,23.45,1,0,1
216,9,331.85,500.09,71.46,23.52,1,0,1
287,9,331.39,532.27,69.69,23.23,1,0,1
288,9,331.39,532.72,69.67,23.22,1,0,1
289,9,379.92,522.47,77.22,23.93,1,0,1
290,9,403.41,538.84,77.30,23.93,1,0,1
291,9,408.82,552.31,77.38,23.94,1,0,1
292,9,422.12,493.91,77.45,23.94,1,0,1
293,9,421.01,530.27,77.53,23.95,1,0,1
294,9,424.47,505.73,77.61,23.95,1,0,1
295,9,406.10,520.76,72.89,21.80,1,0,1
296,9,399.49,534.42,72.34,21.83,1,0,1
297,9,399.51,533.21,77.95,23.62,1,0,1
298,9,375.97,523.20,77.33,23.63,1,0,1
299,9,355.27,533.38,76.72,23.64,1,0,1
300,9,332.45,519.07,76.10,23.65,1,0,1
380,9,981.23,598.82,26.78,24.63,1,0,1
381,9,981.90,598.47,27.10,25.32,1,0,1
382,9,543.99,609.41,21.29,21.79,1,0,1
383,9,404.77,617.73,25.93,26.07,1,0,1
385,9,405.23,600.39,25.93,26.07,1,0,1
386,9,403.86,600.84,25.93,26.07,1,0,1
387,9,331.75,588.98,25.93,26.07,1,0,1
392,9,322.25,634.16,21.75,26.07,1,0,1
393,9,349.78,608.60,18.40,26.07,1,0,1
394,9,402.12,649.68,21.75,26.07,1,0,1
395,9,474.69,624.12,21.75,26.07,1,0,1
396,9,501.16,639.18,21.75,26.07,1,0,1
397,9,525.35,642.38,21.75,26.07,1,0,1
398,9,558.21,634.16,21.75,26.07,1,0,1
399,9,561.40,623.66,26.31,26.07,1,0,1
400,9,545.43,641.44,26.31,27.01,1,0,1
401,9,497.51,646.46,31.49,29.21,1,0,1
402,9,489.75,631.39,32.40,29.21,1,0,1
403,9,479.71,611.77,34.23,28.75,1,0,1
404,9,479.25,611.31,34.23,28.75,1,0,1
405,9,465.10,629.57,36.06,28.75,1,0,1
406,9,455.06,620.90,38.34,27.84,1,0,1
407,9,436.80,640.07,41.53,27.84,1,0,1
408,9,429.96,616.33,43.82,26.93,1,0,1
409,9,428.59,615.88,43.82,26.93,1,0,1
410,9,384.32,555.17,46.55,26.93,1,0,1
411,9,371.99,547.87,46.55,26.93,1,0,1
412,9,320.88,508.16,42.45,26.93,1,0,1
413,9,320.88,509.99,42.45,26.93,1,0,1
414,9,321.29,486.15,38.33,25.14,1,0,1
137,14,320.85,593.10,11.73,27.15,1,0,1
138,14,321.10,614.04,27.49,23.86,1,0,1
142,14,320.44,590.72,27.56,24.99,1,0,1
143,14,320.08,591.01,27.79,25.69,1,0,1
151,14,319.95,604.20,29.60,31.33,1,0,1
152,14,320.51,576.44,57.47,24.85,1,0,1
153,14,320.51,571.17,148.58,36.20,1,0,1
154,14,319.85,611.70,168.20,40.44,1,0,1
155,14,319.85,612.48,180.85,39.66,1,0,1
156,14,320.10,568.37,183.18,40.03,1,0,1
157,14,320.10,573.94,177.92,39.98,1,0,1
158,14,320.66,610.45,174.64,41.23,1,0,1
159,14,320.44,605.90,81.30,28.46,1,0,1
174,14,320.44,538.66,67.36,29.05,1,0,1
175,14,320.44,514.07,150.15,37.29,1,0,1
176,14,320.27,513.04,149.61,38.70,1,0,1
177,14,320.41,498.68,164.96,37.13,1,0,1
178,14,320.96,488.82,171.63,37.86,1,0,1
179,14,319.89,532.47,202.26,43.74,1,0,1
180,14,320.06,528.06,197.45,43.66,1,0,1
181,14,320.21,499.52,131.66,32.83,1,0,1
182,14,320.21,520.93,12.64,28.29,1,0,1
198,14,321.07,504.23,53.69,28.84,1,0,1
199,14,320.80,533.81,81.86,28.91,1,0,1
200,14,319.92,533.37,80.26,29.69,1,0,1
201,14,320.47,554.89,109.67,28.04,1,0,1
202,14,320.47,554.45,109.67,28.79,1,0,1
203,14,320.47,554.56,109.67,29.12,1,0,1
204,14,349.55,511.70,212.93,44.52,1,0,1
205,14,375.60,507.92,213.23,45.43,1,0,1
206,14,386.12,490.69,213.33,43.14,1,0,1
207,14,360.76,539.81,211.38,43.89,1,0,1
208,14,359.39,522.47,212.09,44.30,1,0,1
209,14,335.32,483.40,211.97,43.25,1,0,1
210,14,319.74,495.37,144.13,28.83,1,0,1
211,14,319.93,482.50,112.00,31.47,1,0,1
212,14,320.14,548.73,4.79,29.22,1,0,1
327,14,319.82,537.17,70.59,27.02,1,0,1
328,14,464.26,488.33,192.80,42.24,1,0,1
329,14,544.78,484.86,192.80,41.65,1,0,1
330,14,743.71,546.28,198.93,44.17,1,0,1
331,14,940.47,482.03,198.95,40.47,1,0,1
332,14,940.95,483.13,198.95,39.98,1,0,1
333,14,974.60,518.41,197.82,40.66,1,0,1
334,14,1020.27,505.74,197.82,41.71,1,0,1
335,14,997.19,485.67,195.98,40.43,1,0,1
336,14,977.49,496.18,197.89,41.31,1,0,1
337,14,978.10,495.80,197.89,41.35,1,0,1
338,14,960.01,522.54,198.84,40.78,1,0,1
339,14,960.01,506.62,196.72,41.76,1,0,1
340,14,957.92,499.39,196.97,41.78,1,0,1
341,14,954.29,502.43,196.97,42.32,1,0,1
342,14,947.80,505.67,197.31,41.92,1,0,1
343,14,936.64,506.58,197.56,42.21,1,0,1
344,14,936.00,508.89,197.56,40.35,1,0,1
345,14,943.23,486.67,197.56,41.48,1,0,1
346,14,986.96,548.42,197.02,41.44,1,0,1
347,14,987.31,548.59,195.73,40.43,1,0,1
348,14,1013.86,485.68,195.12,43.35,1,0,1
349,14,1092.05,482.82,193.34,43.29,1,0,1
350,14,1099.00,451.64,194.86,41.26,1,0,1
351,14,1147.08,585.37,192.89,40.66,1,0,1
352,14,1236.10,471.01,190.64,40.22,1,0,1
353,14,1236.10,471.01,190.40,40.22,1,0,1
354,14,1363.06,556.14,183.59,42.38,1,0,1
355,14,1363.67,555.23,183.59,42.38,1,0,1
356,14,1391.79,465.38,182.26,41.84,1,0,1
357,14,1420.61,559.37,179.94,40.77,1,0,1
358,14,1468.42,652.49,131.48,40.20,1,0,1
359,14,1538.02,349.08,62.60,41.17,1,0,1
360,14,1563.53,444.30,36.29,40.90,1,0,1
370,14,1593.82,515.94,6.01,16.36,1,0,1
371,14,1471.89,504.60,128.00,40.70,1,0,1
372,14,931.32,546.57,202.84,40.22,1,0,1
373,14,627.70,542.09,196.44,39.46,1,0,1
374,14,627.70,542.09,196.55,39.46,1,0,1
378,14,321.36,568.02,18.65,23.66,1,0,1
379,14,476.29,569.94,193.14,42.33,1,0,1
380,14,484.09,603.20,197.71,42.79,1,0,1
381,14,484.09,603.20,197.77,42.79,1,0,1
222,25,1562.51,527.70,6.88,3.73,1,4,1
223,25,1366.99,548.84,6.88,3.73,1,4,1
224,25,1146.71,543.21,6.88,3.73,1,4,1
225,25,1147.84,543.08,6.88,3.73,1,4,1
226,25,945.16,555.39,6.88,3.73,1,4,1
227,25,887.34,556.52,6.88,3.73,1,4,1
228,25,722.21,540.92,6.88,3.73,1,4,1
229,25,530.96,541.46,6.01,3.73,1,4,1
230,25,478.97,552.49,6.01,3.73,1,4,1
231,25,387.49,541.38,6.01,3.73,1,4,1
232,25,387.25,541.73,6.01,3.73,1,4,1
233,25,356.88,548.17,6.01,3.73,1,4,1
234,25,374.23,515.47,6.01,3.73,1,4,1
235,25,498.36,559.27,6.01,4.26,1,4,1
236,25,538.00,556.21,6.01,4.26,1,4,1
237,25,731.71,538.38,6.01,4.26,1,4,1
238,25,994.99,538.29,7.86,4.26,1,4,1
239,25,994.99,538.42,7.86,4.26,1,4,1
240,25,1300.24,557.57,7.86,4.26,1,4,1
241,25,1361.43,569.81,7.51,4.26,1,4,1
247,22,740.88,507.29,12.89,5.10,1,2,1
248,22,737.41,507.28,12.90,5.09,1,2,1
249,22,800.23,564.04,12.91,5.08,1,2,1
250,22,799.86,554.25,12.92,5.07,1,2,1
251,22,814.01,524.51,12.76,5.00,1,2,1
252,22,810.60,514.17,12.33,4.75,1,2,1
253,22,743.26,562.47,12.18,4.69,1,2,1
254,22,734.75,535.07,12.06,4.25,1,2,1
255,22,655.69,534.23,11.91,5.18,1,2,1
256,22,653.92,534.50,11.76,5.08,1,2,1
257,22,618.83,533.94,11.61,4.99,1,2,1
258,22,526.65,553.77,11.46,4.89,1,2,1
259,22,502.24,534.08,11.32,4.79,1,2,1
260,22,438.07,541.08,11.17,4.69,1,2,1
261,22,398.39,556.11,11.02,5.29,1,2,1
262,22,393.22,540.01,10.87,5.12,1,2,1
263,22,385.99,547.54,10.72,4.94,1,2,1
264,22,386.03,550.21,10.58,4.76,1,2,1
265,22,398.78,563.72,10.43,4.59,1,2,1
266,22,443.19,530.78,10.28,4.41,1,2,1
267,22,495.46,544.91,10.13,4.23,1,2,1
268,22,516.69,527.25,9.98,4.06,1,2,1
269,22,579.01,557.62,9.84,3.88,1,2,1
270,22,614.62,567.45,9.69,3.70,1,2,1
271,22,613.13,566.27,11.23,4.30,1,2,1
272,22,622.87,568.35,11.24,4.29,1,2,1
273,22,649.36,542.96,11.24,4.28,1,2,1
274,22,648.77,542.72,11.25,4.26,1,2,1
275,22,648.68,542.97,11.25,4.25,1,2,1
276,22,723.03,560.95,11.26,4.24,1,2,1
277,22,740.89,570.53,11.26,4.22,1,2,1
278,22,799.53,526.15,11.26,4.21,1,2,1
279,22,843.32,546.63,11.27,4.20,1,2,1
280,22,840.42,546.72,11.27,4.19,1,2,1
281,22,844.53,547.00,11.28,4.17,1,2,1
282,22,909.11,520.93,11.28,4.16,1,2,1
283,22,920.19,541.42,11.29,4.15,1,2,1
284,22,969.04,517.19,10.63,5.31,1,2,1
285,22,969.97,516.21,12.49,6.40,1,2,1
286,22,967.46,516.22,12.50,6.39,1,2,1
287,22,1000.72,550.66,10.52,5.07,1,2,1
288,22,1001.78,551.15,8.79,5.12,1,2,1
289,22,1062.86,549.22,13.17,5.11,1,2,1
290,22,1087.80,563.91,18.13,5.10,1,2,1
291,22,1093.88,572.16,18.15,5.09,1,2,1
292,22,1110.66,516.02,18.67,5.81,1,2,1
293,22,1109.05,546.48,20.96,5.80,1,2,1
294,22,1114.34,528.56,20.99,5.80,1,2,1
295,22,1098.76,538.48,19.31,5.60,1,2,1
296,22,1096.03,549.83,19.34,5.60,1,2,1
297,22,1095.47,549.26,19.36,6.25,1,2,1
298,22,1070.78,531.66,20.44,6.25,1,2,1
299,22,1052.16,559.59,19.31,6.24,1,2,1
300,22,1034.03,524.58,15.55,6.23,1,2,1
301,22,998.91,562.94,15.57,5.47,1,2,1
302,22,996.58,545.94,15.58,6.63,1,2,1
303,22,956.46,512.05,21.96,6.62,1,2,1
304,22,932.66,581.29,21.99,6.61,1,2,1
305,22,932.44,581.34,22.03,6.61,1,2,1
306,22,883.65,542.04,18.70,6.76,1,2,1
307,22,863.24,570.39,22.69,6.75,1,2,1
308,22,844.77,529.68,22.72,6.75,1,2,1
309,22,848.75,545.70,22.75,6.74,1,2,1
310,22,849.03,546.02,22.79,6.74,1,2,1
311,22,844.64,558.25,21.46,6.53,1,2,1
312,22,837.04,523.73,21.49,6.53,1,2,1
313,22,848.66,517.98,21.52,6.52,1,2,1
314,22,849.15,549.43,21.54,6.51,1,2,1
315,22,870.14,553.88,22.32,5.82,1,2,1
316,22,879.71,558.44,13.77,6.50,1,2,1
317,22,895.87,508.36,17.99,6.50,1,2,1
318,22,896.49,527.31,20.18,6.86,1,2,1
319,22,896.52,553.51,23.81,7.08,1,2,1
320,22,919.58,568.44,23.81,7.08,1,2,1
321,22,947.93,529.32,23.81,7.08,1,2,1
322,22,959.76,559.37,28.77,7.08,1,2,1
323,22,1014.03,528.06,28.39,7.41,1,2,1
324,22,1155.31,564.86,38.23,7.26,1,2,1
325,22,1229.75,582.28,28.16,7.28,1,2,1
326,22,1465.97,503.62,23.59,7.28,1,2,1
327,22,1542.75,528.89,24.71,7.23,1,2,1
328,20,351.37,515.65,33.32,17.04,1,1,1
329,20,428.84,518.05,30.99,16.52,1,1,1
330,20,620.78,570.63,33.20,16.52,1,1,1
331,20,816.75,515.30,33.20,16.52,1,1,1
332,20,816.21,515.48,34.28,16.52,1,1,1
333,20,848.14,547.01,34.44,16.52,1,1,1
334,20,896.47,534.51,31.99,16.52,1,1,1
335,20,870.78,515.21,32.44,16.60,1,1,1
336,20,852.29,522.85,30.96,17.62,1,1,1
337,20,852.64,523.37,30.96,17.62,1,1,1
338,20,834.33,547.73,30.41,17.62,1,1,1
339,20,832.53,537.59,31.48,17.62,1,1,1
340,20,830.72,528.01,31.48,17.62,1,1,1
341,20,827.48,528.69,29.60,17.62,1,1,1
342,20,820.99,530.50,28.88,17.62,1,1,1
343,20,809.09,539.31,30.76,17.22,1,1,1
344,20,809.28,537.58,31.48,17.22,1,1,1
345,20,813.44,511.78,31.71,18.20,1,1,1
346,20,857.20,575.26,31.71,19.62,1,1,1
347,20,856.98,576.39,31.71,19.62,1,1,1
348,20,888.33,515.68,26.72,19.62,1,1,1
349,20,963.08,511.99,26.72,19.62,1,1,1
350,20,970.38,481.46,26.72,19.62,1,1,1
351,20,1019.11,609.06,26.72,18.67,1,1,1
352,20,1107.86,495.22,26.72,19.68,1,1,1
353,20,1108.55,495.76,26.24,20.21,1,1,1
354,20,1236.89,581.85,25.74,19.59,1,1,1
355,20,1235.89,581.31,26.22,20.34,1,1,1
356,20,1263.22,491.21,26.65,20.20,1,1,1
357,20,1293.42,590.26,28.56,19.44,1,1,1
358,20,1340.67,670.79,28.55,19.44,1,1,1
359,20,1418.00,380.81,25.66,19.99,1,1,1
360,20,1441.40,473.34,26.33,19.99,1,1,1
361,20,1543.15,558.30,26.17,19.99,1,1,1
369,20,1557.74,545.01,27.14,18.63,1,1,1
370,20,1466.27,524.71,28.84,19.85,1,1,1
371,20,1339.18,531.57,32.32,21.78,1,1,1
372,20,796.34,572.04,28.77,19.65,1,1,1
373,20,493.76,569.34,33.91,19.65,1,1,1
374,20,490.59,567.78,35.19,21.44,1,1,1
379,20,337.48,597.24,31.49,22.63,1,1,1
380,20,341.77,629.20,32.45,24.60,1,1,1
381,20,343.63,629.62,29.75,24.60,1,1,1
328,19,320.79,547.58,6.48,6.76,1,4,1
329,19,397.83,552.06,6.48,6.76,1,4,1
330,19,589.13,601.14,6.48,6.76,1,4,1
331,19,783.01,548.27,9.91,6.76,1,4,1
332,19,783.19,548.45,9.91,6.76,1,4,1
333,19,816.39,579.57,9.91,6.76,1,4,1
334,19,863.04,566.64,9.91,6.76,1,4,1
335,19,842.25,547.44,9.91,6.76,1,4,1
336,19,824.13,555.77,9.91,6.76,1,4,1
337,19,824.96,555.77,9.91,6.76,1,4,1
338,19,806.84,582.01,9.91,6.76,1,4,1
339,19,808.03,571.17,9.91,6.76,1,4,1
340,19,807.42,561.32,9.91,6.76,1,4,1
341,19,803.90,560.48,9.91,6.76,1,4,1
342,19,796.86,562.31,9.91,6.76,1,4,1
343,19,787.85,570.90,9.91,6.76,1,4,1
344,19,788.55,571.18,9.91,6.76,1,4,1
345,19,797.28,544.57,9.91,6.76,1,4,1
346,19,842.88,610.51,9.91,6.76,1,4,1
347,19,842.56,609.71,9.91,6.76,1,4,1
348,19,875.29,551.01,9.91,6.76,1,4,1
349,19,953.89,545.50,9.91,6.76,1,4,1
350,19,962.07,514.60,9.91,6.76,1,4,1
351,19,1011.17,640.77,9.91,6.76,1,4,1
352,19,1105.06,529.04,9.91,6.76,1,4,1
353,19,1105.24,529.04,9.91,6.76,1,4,1
354,19,1236.31,616.43,9.91,6.76,1,4,1
355,19,1236.51,616.82,9.91,6.76,1,4,1
356,19,1266.83,524.01,9.91,6.76,1,4,1
357,19,1297.54,622.54,9.91,6.76,1,4,1
358,19,1348.16,704.90,9.91,6.76,1,4,1
359,19,1427.13,415.57,9.91,6.76,1,4,1
360,19,1448.52,507.34,9.91,6.76,1,4,1
361,19,1555.18,591.92,9.91,6.76,1,4,1
369,19,1584.43,577.30,12.96,6.76,1,4,1
370,19,1498.74,558.73,11.43,6.76,1,4,1
371,19,1375.38,566.53,8.81,6.18,1,4,1
372,19,841.33,604.26,13.01,6.18,1,4,1
373,19,547.26,602.19,11.50,6.18,1,4,1
374,19,546.95,602.50,11.50,6.18,1,4,1
379,19,395.04,632.88,10.00,6.18,1,4,1
380,19,403.44,668.53,12.32,6.18,1,4,1
381,19,403.59,668.53,12.32,6.18,1,4,1
331,26,358.91,538.30,6.37,4.66,1,4,1
332,26,358.91,538.56,6.01,4.40,1,4,1
333,26,387.97,553.94,6.01,4.40,1,4,1
334,26,431.78,541.81,6.01,4.40,1,4,1
335,26,410.57,528.35,6.01,4.40,1,4,1
336,26,393.76,528.10,6.01,4.40,1,4,1
337,26,393.76,528.10,5.75,4.45,1,4,1
338,26,377.86,550.75,5.75,4.45,1,4,1
339,26,377.98,552.73,5.75,4.45,1,4,1
340,26,376.34,536.29,5.75,4.45,1,4,1
341,26,372.31,528.62,5.75,4.45,1,4,1
342,26,366.90,530.52,5.75,4.45,1,4,1
343,26,357.65,552.61,5.75,4.45,1,4,1
344,26,357.65,552.61,5.83,4.67,1,4,1
345,26,363.85,514.28,5.83,4.67,1,4,1
346,26,404.42,584.55,5.83,4.67,1,4,1
347,26,404.42,584.55,5.67,4.73,1,4,1
348,26,430.88,534.45,5.67,4.73,1,4,1
349,26,503.91,524.90,5.67,4.73,1,4,1
350,26,511.16,501.24,5.67,4.73,1,4,1
351,26,557.56,603.56,5.67,4.73,1,4,1
352,26,646.88,508.01,5.67,4.73,1,4,1
353,26,646.88,508.01,6.67,4.25,1,4,1
354,26,775.08,590.70,5.92,4.13,1,4,1
355,26,775.08,590.70,6.33,4.35,1,4,1
356,26,804.81,499.77,6.33,4.35,1,4,1
357,26,837.00,607.80,6.33,4.35,1,4,1
358,26,889.35,661.10,6.33,4.35,1,4,1
359,26,971.26,420.75,6.33,4.35,1,4,1
360,26,995.11,503.70,6.33,4.35,1,4,1
361,26,1108.84,564.39,6.33,4.35,1,4,1
362,26,1255.50,624.37,6.33,4.35,1,4,1
363,26,1357.63,487.30,6.33,4.35,1,4,1
364,26,1381.60,549.85,6.33,4.35,1,4,1
365,26,1400.98,519.95,6.33,4.35,1,4,1
366,26,1349.69,535.83,6.33,4.35,1,4,1
367,26,1289.62,560.57,6.33,4.35,1,4,1
368,26,1213.05,564.71,6.33,4.37,1,4,1
369,26,1127.47,551.98,6.33,4.37,1,4,1
370,26,1028.37,542.31,6.33,4.37,1,4,1
371,26,893.93,558.95,6.33,4.37,1,4,1
351,16,321.09,557.71,45.20,52.92,1,0,1
352,16,319.37,470.18,133.90,54.49,1,0,1
353,16,319.37,470.18,132.78,54.49,1,0,1
354,16,320.53,548.78,255.61,53.53,1,0,1
355,16,320.53,548.78,257.53,54.01,1,0,1
356,16,319.45,461.54,284.09,55.97,1,0,1
357,16,319.45,567.63,317.85,59.12,1,0,1
358,16,320.65,581.02,372.96,83.15,1,0,1
359,16,357.46,399.33,412.81,89.40,1,0,1
360,16,374.94,472.52,420.16,77.44,1,0,1
361,16,481.23,510.00,429.23,62.23,1,0,1
362,16,624.62,559.07,435.47,72.87,1,0,1
363,16,729.94,453.17,434.73,73.03,1,0,1
364,16,752.69,510.90,434.73,64.10,1,0,1
365,16,774.75,486.60,432.52,68.58,1,0,1
366,16,725.38,501.90,432.52,69.06,1,0,1
367,16,660.24,517.92,435.28,63.76,1,0,1
368,16,586.95,515.42,433.10,63.30,1,0,1
369,16,504.08,503.66,428.49,63.84,1,0,1
370,16,412.06,500.12,423.47,64.12,1,0,1
371,16,319.62,525.31,381.83,65.79,1,0,1
362,7,319.79,530.30,130.22,145.56,1,0,1
363,7,318.87,462.36,238.19,151.23,1,0,1
364,7,318.87,499.02,265.69,150.32,1,0,1
365,7,320.70,490.77,294.10,142.07,1,0,1
366,7,321.97,508.47,247.07,136.70,1,0,1
367,7,321.19,507.70,191.39,140.37,1,0,1
368,7,320.42,499.18,124.78,144.24,1,0,1
369,7,320.42,499.18,45.77,131.84,1,0,1
