1,1,424.82,836.83,237.91,118.29,1,5,1
2,1,457.48,862.25,234.57,112.42,1,5,1
3,1,476.96,858.34,230.73,112.42,1,5,1
4,1,492.43,860.30,226.01,114.38,1,5,1
5,1,492.43,866.16,228.95,124.15,1,5,1
6,1,482.69,880.83,237.71,129.14,1,5,1
7,1,471.23,884.74,231.57,136.98,1,5,1
8,1,440.86,905.97,235.55,115.75,1,5,1
9,1,407.63,900.38,232.61,118.48,1,5,1
10,1,378.98,896.47,219.23,117.23,1,5,1
11,1,306.77,893.54,239.62,117.30,1,5,1
12,1,228.27,895.66,261.42,119.19,1,5,1
13,1,178.42,921.44,262.39,126.64,1,5,1
14,1,132.58,953.17,266.20,146.48,1,5,1
15,1,117.11,1003.38,233.77,125.49,1,5,1
16,1,30.58,992.27,246.00,123.18,1,5,1
17,1,0.78,951.21,206.38,123.18,1,5,1
18,1,-0.25,914.10,139.96,136.34,1,5,1
19,1,0.52,952.75,88.49,98.91,1,5,1
20,1,1.48,1019.52,36.22,50.63,1,5,1
35,1,0.26,874.74,50.09,68.51,1,5,1
36,1,-4.32,862.80,94.73,97.48,1,5,1
37,1,-0.95,834.69,127.95,132.17,1,5,1
38,1,1.16,831.17,154.19,146.44,1,5,1
39,1,0.46,823.44,182.27,142.44,1,5,1
40,1,1.86,798.71,188.68,137.84,1,5,1
41,1,-0.25,760.19,195.68,147.03,1,5,1
42,1,-0.95,773.54,187.59,150.97,1,5,1
43,1,1.16,833.28,176.68,145.31,1,5,1
44,1,-0.25,873.34,169.29,156.72,1,5,1
45,1,1.16,900.04,147.35,153.21,1,5,1
46,1,-3.06,956.97,123.22,107.53,1,5,1
47,1,0.25,990.70,83.13,93.94,1,5,1
48,1,-2.08,1048.33,39.78,54.36,1,5,1
77,1,-1.77,919.63,37.37,52.80,1,5,1
78,1,-0.31,924.64,82.28,79.82,1,5,1
79,1,-0.25,876.85,116.66,110.53,1,5,1
80,1,-0.25,811.49,137.03,118.21,1,5,1
81,1,0.46,739.81,148.05,159.59,1,5,1
82,1,1.16,758.79,155.17,165.06,1,5,1
83,1,1.16,819.93,158.10,158.66,1,5,1
84,1,1.86,916.91,145.67,121.58,1,5,1
85,1,1.86,975.94,139.80,122.99,1,5,1
86,1,1.86,1013.19,127.10,113.85,1,5,1
87,1,0.46,1048.33,94.68,78.01,1,5,1
88,1,0.46,1066.60,52.01,61.84,1,5,1
1,2,707.65,874.84,253.51,87.75,1,5,1
2,2,738.38,884.73,251.60,89.81,1,5,1
3,2,758.05,885.34,251.60,90.60,1,5,1
4,2,766.49,876.85,251.60,92.06,1,5,1
5,2,771.41,881.77,251.60,91.37,1,5,1
6,2,768.60,891.16,251.60,95.33,1,5,1
7,2,755.95,896.60,251.60,95.51,1,5,1
8,2,726.33,901.54,257.32,97.84,1,5,1
9,2,691.29,898.57,261.43,99.86,1,5,1
10,2,650.53,895.11,264.25,101.21,1,5,1
11,2,599.23,885.23,270.57,100.56,1,5,1
12,2,547.92,879.29,270.57,106.49,1,5,1
13,2,500.13,898.57,276.90,113.21,1,5,1
14,2,460.08,946.65,283.22,114.33,1,5,1
15,2,413.69,980.14,290.25,113.17,1,5,1
16,2,342.71,957.89,296.99,135.42,1,5,1
17,2,273.14,923.78,307.54,125.25,1,5,1
18,2,208.48,918.35,316.62,114.52,1,5,1
19,2,160.69,909.45,322.58,124.12,1,5,1
20,2,106.22,941.09,332.07,122.00,1,5,1
21,2,62.30,966.79,338.74,135.65,1,5,1
22,2,22.94,975.69,345.07,118.32,1,5,1
23,2,1.16,928.23,333.82,108.85,1,5,1
24,2,0.92,853.59,304.71,120.25,1,5,1
25,2,1.16,816.51,286.71,120.08,1,5,1
26,2,-1.65,821.95,276.90,114.64,1,5,1
27,2,0.46,817.73,273.38,121.67,1,5,1
28,2,2.56,793.09,273.38,127.34,1,5,1
29,2,1.16,739.22,287.44,129.20,1,5,1
30,2,1.16,700.26,303.60,129.51,1,5,1
31,2,1.16,702.32,323.98,127.44,1,5,1
32,2,1.16,732.97,355.61,129.12,1,5,1
33,2,40.51,770.54,355.61,125.29,1,5,1
34,2,86.90,804.15,345.77,119.08,1,5,1
35,2,123.44,829.37,345.77,115.66,1,5,1
36,2,166.31,839.25,338.74,117.72,1,5,1
37,2,200.05,856.06,338.74,109.34,1,5,1
38,2,230.97,862.49,333.82,106.43,1,5,1
39,2,253.46,863.97,333.82,106.35,1,5,1
40,2,265.40,835.49,333.82,101.80,1,5,1
41,2,266.11,806.63,333.82,99.04,1,5,1
42,2,258.38,820.47,333.82,103.47,1,5,1
43,2,254.16,854.08,335.93,119.75,1,5,1
44,2,245.73,886.71,340.85,129.29,1,5,1
45,2,226.05,898.57,343.66,134.30,1,5,1
46,2,200.75,900.06,346.47,141.95,1,5,1
47,2,169.83,930.21,349.28,133.58,1,5,1
48,2,122.74,935.65,361.23,151.34,1,5,1
49,2,67.92,949.98,368.26,151.06,1,5,1
50,2,3.27,966.79,378.10,136.36,1,5,1
51,2,-2.36,967.29,321.17,126.73,1,5,1
52,2,0.46,942.07,248.78,133.67,1,5,1
53,2,0.46,968.92,172.18,95.58,1,5,1
70,2,-0.95,795.33,117.36,85.04,1,5,1
71,2,1.16,722.09,175.70,133.67,1,5,1
72,2,1.86,715.17,232.62,132.86,1,5,1
73,2,-0.95,735.94,300.79,145.84,1,5,1
74,2,-0.95,778.45,368.96,133.54,1,5,1
75,2,15.92,800.69,414.64,124.65,1,5,1
76,2,75.65,820.96,407.61,126.17,1,5,1
77,2,136.09,852.11,397.77,128.06,1,5,1
78,2,181.07,883.25,394.96,120.10,1,5,1
79,2,214.10,872.02,394.96,115.87,1,5,1
80,2,235.18,813.05,389.34,118.62,1,5,1
81,2,249.94,774.49,389.34,126.96,1,5,1
82,2,256.27,790.31,389.34,130.11,1,5,1
83,2,256.97,834.31,389.34,133.20,1,5,1
84,2,250.65,879.79,393.56,141.84,1,5,1
85,2,247.84,925.27,397.07,150.47,1,5,1
86,2,233.08,948.50,401.29,153.24,1,5,1
87,2,202.86,945.53,404.10,155.51,1,5,1
88,2,165.61,952.46,411.83,153.50,1,5,1
89,2,114.96,948.50,419.56,167.18,1,5,1
90,2,59.49,936.14,427.29,164.35,1,5,1
91,2,1.19,921.81,435.69,159.55,1,5,1
92,2,1.19,919.83,381.58,147.48,1,5,1
93,2,1.16,924.28,324.69,143.03,1,5,1
94,2,-0.50,922.30,268.01,142.90,1,5,1
95,2,0.46,925.27,210.83,125.88,1,5,1
96,2,-0.95,928.86,160.23,98.39,1,5,1
108,2,0.92,793.95,139.55,90.91,1,5,1
109,2,-0.49,825.51,188.07,97.51,1,5,1
110,2,0.10,822.21,227.99,146.03,1,5,1
111,2,0.57,830.85,269.91,143.98,1,5,1
112,2,1.04,811.08,301.94,145.38,1,5,1
113,2,0.57,796.25,337.74,146.55,1,5,1
114,2,0.10,806.13,382.02,140.91,1,5,1
115,2,1.04,825.75,403.69,128.36,1,5,1
116,2,3.04,825.75,438.45,127.17,1,5,1
117,2,0.14,822.31,460.85,128.29,1,5,1
118,2,0.14,815.43,478.26,134.00,1,5,1
119,2,1.30,822.88,469.55,135.40,1,5,1
120,2,22.45,848.64,446.55,159.37,1,5,1
1,3,1290.30,955.26,6.35,13.86,1,3,1
2,3,1320.94,960.86,6.35,15.16,1,3,1
3,3,1341.09,946.65,5.52,11.98,1,3,1
4,3,1350.96,929.65,4.39,11.04,1,3,1
5,3,1356.17,921.84,5.34,13.74,1,3,1
6,3,1354.89,920.54,6.90,15.04,1,3,1
7,3,1343.06,927.58,6.62,15.04,1,3,1
8,3,1320.26,935.34,6.62,15.04,1,3,1
9,3,1290.43,936.79,6.62,15.04,1,3,1
10,3,1254.05,933.15,6.62,15.04,1,3,1
11,3,1210.87,920.75,6.62,12.16,1,3,1
12,3,1164.53,906.74,6.62,15.04,1,3,1
13,3,1125.50,916.97,7.14,15.04,1,3,1
14,3,1097.51,961.35,7.14,11.59,1,3,1
15,3,1062.00,995.09,7.14,10.95,1,3,1
16,3,1004.22,996.46,7.14,8.97,1,3,1
17,3,951.86,971.50,7.14,8.36,1,3,1
18,3,903.10,954.76,7.14,9.44,1,3,1
19,3,868.50,952.84,7.14,9.86,1,3,1
20,3,830.88,974.45,7.14,15.04,1,3,1
21,3,802.29,1017.79,7.14,15.04,1,3,1
22,3,773.10,1016.88,7.14,15.04,1,3,1
23,3,745.71,984.67,7.14,9.64,1,3,1
24,3,721.34,932.82,7.14,11.53,1,3,1
25,3,702.68,903.13,6.32,15.04,1,3,1
26,3,695.45,913.36,6.32,15.04,1,3,1
27,3,693.95,936.66,7.65,12.50,1,3,1
28,3,698.03,927.88,6.45,12.25,1,3,1
29,3,708.09,886.28,9.03,15.04,1,3,1
30,3,722.24,855.73,8.43,13.68,1,3,1
31,3,743.00,858.47,8.43,10.64,1,3,1
32,3,769.49,884.53,8.43,11.06,1,3,1
33,3,805.90,907.58,7.90,11.49,1,3,1
34,3,843.22,919.37,6.53,13.84,1,3,1
35,3,878.13,926.90,5.36,15.04,1,3,1
36,3,884.75,929.31,5.32,15.04,1,3,1
37,3,884.75,933.91,5.32,10.43,1,3,1
38,3,968.80,937.41,6.58,15.04,1,3,1
39,3,988.28,941.91,8.23,15.04,1,3,1
40,3,999.81,924.36,6.31,12.30,1,3,1
41,3,1002.00,899.90,6.31,11.16,1,3,1
42,3,998.16,907.27,5.61,12.88,1,3,1
43,3,997.88,936.76,6.31,14.70,1,3,1
44,3,995.96,953.27,6.45,13.38,1,3,1
45,3,981.01,945.98,9.74,11.43,1,3,1
46,3,962.30,933.91,7.87,13.08,1,3,1
47,3,939.81,941.05,8.70,10.97,1,3,1
48,3,912.02,955.59,5.21,10.12,1,3,1
49,3,874.68,970.40,7.15,12.35,1,3,1
50,3,827.09,981.10,8.94,11.60,1,3,1
51,3,828.98,980.83,7.32,12.11,1,3,1
52,3,719.11,980.00,8.56,16.25,1,3,1
53,3,659.63,982.47,6.58,10.94,1,3,1
54,3,668.43,983.29,7.11,10.35,1,3,1
55,3,539.73,995.58,7.14,11.33,1,3,1
56,3,486.09,1002.22,8.38,12.26,1,3,1
57,3,439.20,990.43,8.91,15.53,1,3,1
58,3,397.36,977.60,8.39,10.91,1,3,1
59,3,354.43,962.44,8.91,16.05,1,3,1
60,3,327.33,939.00,7.48,13.68,1,3,1
61,3,316.15,909.77,9.31,13.31,1,3,1
62,3,318.62,908.00,7.79,18.86,1,3,1
63,3,327.91,942.97,8.82,14.92,1,3,1
64,3,356.48,953.12,9.24,15.90,1,3,1
65,3,401.75,926.71,8.26,18.86,1,3,1
66,3,452.78,888.65,8.14,15.01,1,3,1
67,3,500.24,869.99,8.04,11.65,1,3,1
68,3,548.24,882.89,7.96,11.07,1,3,1
69,3,595.71,915.81,7.29,12.72,1,3,1
70,3,640.42,925.41,8.99,11.88,1,3,1
71,3,693.37,903.74,7.67,8.92,1,3,1
72,3,743.30,887.00,9.60,12.63,1,3,1
73,3,802.56,905.66,5.76,11.50,1,3,1
74,3,863.18,918.55,5.76,15.42,1,3,1
75,3,920.52,924.59,8.08,11.75,1,3,1
76,3,967.71,936.93,8.02,11.72,1,3,1
77,3,1014.64,959.70,7.12,14.53,1,3,1
78,3,1055.50,985.76,6.86,14.28,1,3,1
79,3,1082.93,974.52,6.04,14.40,1,3,1
80,3,1100.76,920.47,6.58,13.74,1,3,1
81,3,1113.66,883.16,6.04,15.05,1,3,1
82,3,1119.78,890.02,8.69,15.30,1,3,1
83,3,1124.99,913.89,8.70,16.30,1,3,1
84,3,1125.93,943.24,7.75,16.78,1,3,1
85,3,1126.88,972.32,9.00,15.64,1,3,1
86,3,1118.36,980.00,9.02,12.70,1,3,1
87,3,1097.52,962.17,7.91,15.14,1,3,1
88,3,1073.60,962.72,8.23,16.25,1,3,1
89,3,1039.74,962.99,8.35,15.74,1,3,1
90,3,999.72,959.98,9.14,13.31,1,3,1
91,3,957.33,953.94,8.18,13.17,1,3,1
92,3,917.31,961.62,7.60,12.84,1,3,1
93,3,868.95,979.18,8.74,9.97,1,3,1
94,3,823.77,984.94,7.86,13.92,1,3,1
95,3,779.25,977.26,8.21,15.68,1,3,1
96,3,741.93,956.96,9.07,14.43,1,3,1
97,3,704.90,953.39,7.95,11.84,1,3,1
98,3,668.43,964.09,11.62,12.87,1,3,1
99,3,645.91,971.50,6.11,13.15,1,3,1
100,3,625.16,972.05,6.49,14.26,1,3,1
101,3,621.60,965.74,6.75,13.47,1,3,1
102,3,628.27,940.22,8.66,11.16,1,3,1
103,3,636.76,918.00,8.46,11.94,1,3,1
104,3,641.73,902.91,8.46,11.88,1,3,1
105,3,651.91,906.48,8.46,12.34,1,3,1
106,3,669.91,911.69,8.46,11.86,1,3,1
107,3,706.85,900.99,8.46,12.85,1,3,1
108,3,748.29,890.57,8.46,13.09,1,3,1
109,3,788.08,915.26,8.46,13.98,1,3,1
110,3,825.49,952.57,8.46,14.08,1,3,1
111,3,860.06,957.23,8.46,13.92,1,3,1
112,3,890.85,939.40,8.46,15.17,1,3,1
113,3,921.87,929.80,8.46,13.65,1,3,1
114,3,953.13,939.40,8.46,12.10,1,3,1
115,3,984.15,946.26,8.46,14.00,1,3,1
116,3,1008.30,947.08,8.46,12.70,1,3,1
117,3,1026.69,932.55,8.31,14.08,1,3,1
118,3,1040.13,906.82,5.76,18.86,1,3,1
119,3,1047.14,897.97,8.46,15.63,1,3,1
120,3,1058.98,919.65,8.46,15.51,1,3,1
1,5,577.51,918.23,71.37,36.81,1,5,1
2,5,609.83,950.63,73.82,23.14,1,5,1
3,5,622.68,946.96,78.59,23.14,1,5,1
4,5,632.60,950.63,78.59,23.14,1,5,1
5,5,637.37,951.00,75.65,31.95,1,5,1
6,5,635.90,964.22,75.65,34.52,1,5,1
7,5,621.58,973.03,75.65,33.05,1,5,1
8,5,591.83,973.40,75.65,37.46,1,5,1
9,5,556.58,975.23,75.65,33.05,1,5,1
10,5,509.93,971.19,75.65,33.05,1,5,1
11,5,460.72,963.48,75.65,34.89,1,5,1
12,5,399.39,959.81,80.80,40.40,1,5,1
13,5,347.24,985.15,77.49,41.13,1,5,1
14,5,307.58,1035.46,89.61,42.97,1,5,1
15,5,250.29,1074.03,89.61,37.09,1,5,1
16,5,173.90,1063.74,89.61,37.09,1,5,1
17,5,103.75,1029.22,89.61,37.09,1,5,1
18,5,28.10,1003.51,92.92,43.70,1,5,1
19,5,0.55,1007.19,75.29,43.70,1,5,1
20,5,-1.65,1049.42,18.73,21.30,1,5,1
35,5,0.92,921.62,27.18,21.30,1,5,1
36,5,-0.91,920.15,69.41,39.30,1,5,1
37,5,3.86,926.39,99.53,41.13,1,5,1
38,5,28.47,929.69,108.71,42.60,1,5,1
39,5,50.50,920.51,107.24,45.54,1,5,1
40,5,64.82,891.13,108.71,45.54,1,5,1
41,5,64.46,861.39,108.71,43.34,1,5,1
42,5,51.60,880.48,108.71,43.34,1,5,1
43,5,46.83,935.20,109.81,43.34,1,5,1
44,5,35.08,986.25,109.81,43.34,1,5,1
45,5,11.94,1010.49,112.01,43.34,1,5,1
46,5,0.55,1021.51,94.02,43.34,1,5,1
47,5,0.92,1041.34,60.23,43.34,1,5,1
78,5,0.58,972.20,36.26,32.09,1,5,1
79,5,1.01,941.70,70.53,45.05,1,5,1
80,5,-0.14,882.23,93.41,48.10,1,5,1
81,5,-0.52,851.35,107.90,48.10,1,5,1
82,5,1.39,873.84,112.85,50.01,1,5,1
83,5,-0.90,930.65,112.85,48.10,1,5,1
84,5,1.77,990.89,102.56,48.10,1,5,1
85,5,0.24,1048.07,97.22,51.53,1,5,1
86,5,-0.90,1075.52,82.73,51.53,1,5,1
87,5,-0.14,1075.52,49.56,51.53,1,5,1
1,6,820.53,919.54,137.75,41.46,1,0,1
2,6,852.86,930.08,137.75,43.57,1,0,1
3,6,868.32,922.35,137.75,44.98,1,0,1
4,6,878.16,918.84,137.75,40.76,1,0,1
5,6,881.67,920.94,137.75,41.46,1,0,1
6,6,881.67,925.16,137.75,51.30,1,0,1
7,6,866.21,939.92,137.75,42.87,1,0,1
8,6,843.02,941.32,137.75,46.38,1,0,1
9,6,810.69,938.51,141.96,49.19,1,0,1
10,6,772.04,937.11,141.96,45.68,1,0,1
11,6,726.36,925.16,141.96,49.19,1,0,1
12,6,669.43,926.57,148.29,45.68,1,0,1
13,6,626.56,941.32,148.29,48.49,1,0,1
14,6,593.53,988.41,148.29,51.30,1,0,1
15,6,547.85,1023.55,156.02,55.52,1,0,1
16,6,477.57,1020.04,158.13,47.09,1,0,1
17,6,414.32,987.01,165.15,49.90,1,0,1
18,6,348.26,965.92,175.70,54.11,1,0,1
19,6,306.80,966.62,174.29,52.01,1,0,1
20,6,261.12,992.63,174.29,52.01,1,0,1
21,6,225.28,1034.09,174.29,52.01,1,0,1
22,6,189.43,1030.58,174.29,52.01,1,0,1
23,6,160.62,981.38,174.29,52.01,1,0,1
24,6,115.64,919.54,188.35,52.01,1,0,1
25,6,91.04,882.99,193.97,52.01,1,0,1
26,6,74.88,882.99,199.59,52.01,1,0,1
27,6,74.88,885.81,196.78,52.01,1,0,1
28,6,74.18,867.53,200.29,52.01,1,0,1
29,6,88.23,807.09,199.59,61.84,1,0,1
30,6,104.40,767.03,200.29,61.84,1,0,1
31,6,139.54,768.44,185.53,59.74,1,0,1
32,6,171.16,799.36,185.53,61.84,1,0,1
33,6,199.27,835.91,193.97,59.74,1,0,1
34,6,235.11,862.61,193.97,56.93,1,0,1
35,6,277.98,892.13,189.75,51.30,1,0,1
36,6,315.93,900.56,189.75,52.71,1,0,1
37,6,347.56,906.89,189.75,56.93,1,0,1
38,6,388.32,911.81,177.10,56.93,1,0,1
39,6,408.70,909.70,177.10,61.84,1,0,1
40,6,421.35,874.56,177.10,61.84,1,0,1
41,6,422.76,842.94,177.10,61.84,1,0,1
42,6,415.03,868.94,177.10,53.41,1,0,1
43,6,412.22,917.43,177.10,53.41,1,0,1
44,6,405.19,951.87,177.10,53.41,1,0,1
45,6,388.32,962.41,179.91,53.41,1,0,1
46,6,365.13,963.11,179.91,53.41,1,0,1
47,6,338.42,978.57,179.91,53.41,1,0,1
48,6,289.23,995.44,191.16,62.55,1,0,1
49,6,242.84,1011.60,191.16,62.55,1,0,1
50,6,176.08,1017.23,204.51,62.55,1,0,1
51,6,98.77,1017.23,217.86,62.55,1,0,1
52,6,27.09,1008.09,224.19,62.55,1,0,1
53,6,1.79,1008.79,170.78,54.11,1,0,1
54,6,1.79,1019.33,96.28,45.68,1,0,1
69,6,0.39,835.91,56.22,39.36,1,0,1
70,6,0.39,825.37,113.85,54.82,1,0,1
71,6,0.39,795.15,175.70,59.03,1,0,1
72,6,2.49,776.17,231.92,70.98,1,0,1
73,6,54.50,816.93,244.57,63.95,1,0,1
74,6,122.67,845.75,244.57,63.95,1,0,1
75,6,202.08,859.10,227.70,63.95,1,0,1
76,6,254.79,882.29,227.70,63.95,1,0,1
77,6,305.39,913.92,227.70,63.95,1,0,1
78,6,348.97,938.51,227.70,63.95,1,0,1
79,6,382.00,924.46,227.70,63.95,1,0,1
80,6,396.05,867.53,227.70,63.95,1,0,1
81,6,411.51,836.61,227.70,63.95,1,0,1
82,6,415.03,856.29,227.70,63.95,1,0,1
83,6,431.89,902.67,212.94,63.95,1,0,1
84,6,431.19,952.57,212.94,68.87,1,0,1
85,6,417.13,994.74,225.59,65.36,1,0,1
86,6,408.70,1014.41,220.67,63.25,1,0,1
87,6,391.13,1010.90,212.24,63.25,1,0,1
88,6,354.59,1013.01,221.38,65.36,1,0,1
89,6,313.83,1011.60,221.38,65.36,1,0,1
90,6,264.63,999.66,221.38,65.36,1,0,1
91,6,196.46,982.79,238.24,65.36,1,0,1
92,6,145.16,981.38,238.24,65.36,1,0,1
93,6,59.42,979.98,264.95,80.82,1,0,1
94,6,6.01,997.55,260.03,65.36,1,0,1
95,6,-1.02,995.44,210.13,54.82,1,0,1
96,6,-1.02,971.54,158.83,55.52,1,0,1
97,6,-2.43,962.41,115.96,50.60,1,0,1
98,6,-1.72,973.65,66.06,47.09,1,0,1
99,6,1.26,978.76,21.99,48.80,1,0,1
106,6,-2.43,845.04,52.01,44.28,1,0,1
107,6,-1.72,841.53,93.47,44.28,1,0,1
108,6,1.79,840.83,137.75,44.28,1,0,1
109,6,-2.43,878.07,189.75,44.28,1,0,1
110,6,-0.32,921.65,227.70,44.28,1,0,1
111,6,3.20,924.46,263.54,48.49,1,0,1
112,6,15.85,891.43,287.44,62.55,1,0,1
113,6,49.58,875.26,291.65,66.76,1,0,1
114,6,91.04,872.45,291.65,73.09,1,0,1
115,6,132.51,879.48,273.38,73.09,1,0,1
116,6,157.81,880.89,283.22,73.09,1,0,1
117,6,176.78,878.07,283.22,73.09,1,0,1
118,6,195.06,877.37,283.22,73.09,1,0,1
119,6,186.62,885.81,283.22,73.09,1,0,1
120,6,206.30,923.76,262.14,73.09,1,0,1
1,4,1080.19,949.11,51.52,17.47,1,0,1
2,4,1117.74,953.04,52.83,22.57,1,0,1
3,4,1139.57,940.38,47.16,22.53,1,0,1
4,4,1139.14,931.21,48.47,20.08,1,0,1
5,4,1143.50,932.52,55.02,19.63,1,0,1
6,4,1152.24,929.46,52.83,22.69,1,0,1
7,4,1138.26,936.89,60.69,20.52,1,0,1
8,4,1125.60,939.94,56.33,23.14,1,0,1
9,4,1093.29,948.67,63.75,17.03,1,0,1
10,4,1047.88,941.25,58.94,20.08,1,0,1
11,4,1009.89,930.34,49.78,17.03,1,0,1
12,4,958.81,921.17,59.38,19.65,1,0,1
13,4,914.27,931.65,54.58,21.48,1,0,1
14,4,882.84,978.36,58.07,17.78,1,0,1
15,4,858.38,1009.37,50.21,18.78,1,0,1
16,4,788.96,1004.56,59.82,22.86,1,0,1
17,4,733.07,980.11,53.71,17.47,1,0,1
18,4,680.68,963.96,54.58,21.83,1,0,1
19,4,646.62,962.65,65.49,17.03,1,0,1
20,4,610.82,989.28,53.27,18.59,1,0,1
21,4,570.65,1029.01,62.00,20.90,1,0,1
22,4,542.70,1029.01,57.20,22.85,1,0,1
23,4,512.14,986.22,57.63,19.69,1,0,1
24,4,490.31,932.96,63.75,20.17,1,0,1
25,4,475.03,904.57,52.83,20.20,1,0,1
26,4,468.04,903.26,55.02,20.53,1,0,1
27,4,471.97,922.04,46.28,22.27,1,0,1
28,4,466.73,901.52,52.83,26.20,1,0,1
29,4,478.95,855.67,57.63,29.69,1,0,1
30,4,502.01,830.73,44.47,20.57,1,0,1
31,4,517.59,820.55,57.56,32.31,1,0,1
32,4,548.89,845.80,50.49,32.05,1,0,1
33,4,577.17,875.08,54.53,27.27,1,0,1
34,4,622.61,897.30,57.56,31.30,1,0,1
35,4,649.87,908.41,54.53,31.30,1,0,1
36,4,678.15,912.45,48.47,30.29,1,0,1
37,4,703.39,919.71,53.32,23.04,1,0,1
38,4,770.04,930.96,48.15,16.83,1,0,1
39,4,774.62,932.45,50.90,23.61,1,0,1
40,4,796.55,911.24,47.35,22.41,1,0,1
41,4,797.41,882.95,48.42,25.46,1,0,1
42,4,796.08,891.39,48.80,24.74,1,0,1
43,4,796.55,930.96,56.30,22.89,1,0,1
44,4,791.35,952.61,51.40,22.45,1,0,1
45,4,780.96,954.34,47.65,25.77,1,0,1
46,4,793.95,943.95,49.81,21.01,1,0,1
47,4,739.40,955.21,60.94,19.85,1,0,1
48,4,709.96,963.86,52.00,26.34,1,0,1
49,4,657.07,978.16,56.42,27.19,1,0,1
50,4,633.96,984.54,67.41,27.88,1,0,1
51,4,563.38,992.30,64.28,33.25,1,0,1
52,4,492.38,995.76,68.63,24.73,1,0,1
53,4,438.70,981.04,76.87,34.40,1,0,1
54,4,399.44,979.10,78.77,37.36,1,0,1
55,4,297.45,995.92,62.36,30.63,1,0,1
56,4,233.83,1007.30,63.41,27.34,1,0,1
57,4,194.47,996.43,54.51,28.10,1,0,1
58,4,156.07,963.69,58.70,30.55,1,0,1
59,4,104.57,949.48,66.59,33.66,1,0,1
60,4,70.18,915.15,71.75,33.65,1,0,1
61,4,64.50,886.71,66.36,30.33,1,0,1
62,4,71.25,882.15,66.65,38.37,1,0,1
63,4,84.38,908.41,68.67,37.36,1,0,1
64,4,111.64,913.46,62.61,44.43,1,0,1
65,4,158.09,899.32,64.63,34.33,1,0,1
66,4,204.05,862.23,75.22,30.02,1,0,1
67,4,271.19,840.75,61.60,24.24,1,0,1
68,4,328.84,849.47,58.94,26.63,1,0,1
69,4,372.93,879.92,57.64,28.00,1,0,1
70,4,438.05,892.04,57.46,30.56,1,0,1
71,4,489.45,868.67,56.28,29.17,1,0,1
72,4,532.59,856.15,65.97,26.09,1,0,1
73,4,596.73,871.58,70.93,29.92,1,0,1
74,4,664.19,904.16,59.47,26.70,1,0,1
75,4,731.55,907.60,45.03,22.34,1,0,1
76,4,776.50,915.26,56.87,29.35,1,0,1
77,4,824.19,947.27,55.57,24.86,1,0,1
78,4,867.30,959.29,61.45,36.69,1,0,1
79,4,887.48,940.95,68.79,44.03,1,0,1
80,4,904.90,900.59,64.20,29.35,1,0,1
81,4,925.08,873.99,54.11,22.93,1,0,1
82,4,931.50,869.40,55.95,35.77,1,0,1
83,4,937.92,904.26,56.87,29.35,1,0,1
84,4,945.26,933.61,52.28,33.02,1,0,1
85,4,939.76,969.38,60.54,30.27,1,0,1
86,4,935.17,983.14,55.03,29.35,1,0,1
87,4,903.99,966.63,65.12,31.18,1,0,1
88,4,894.81,973.97,64.20,27.52,1,0,1
89,4,870.97,972.13,77.96,29.35,1,0,1
90,4,808.60,971.21,69.71,27.52,1,0,1
91,4,764.57,959.29,65.12,33.92,1,0,1
92,4,730.64,957.46,92.64,35.77,1,0,1
93,4,675.60,966.63,73.38,34.85,1,0,1
94,4,629.74,993.23,58.70,20.18,1,0,1
95,4,573.80,985.89,61.75,27.52,1,0,1
96,4,536.19,951.04,73.38,35.77,1,0,1
97,4,504.09,949.30,67.29,28.33,1,0,1
98,4,459.20,959.70,65.45,31.08,1,0,1
99,4,429.80,975.80,69.71,20.18,1,0,1
100,4,416.95,965.71,69.71,33.02,1,0,1
101,4,410.53,949.20,77.13,43.45,1,0,1
102,4,416.04,929.02,68.79,27.46,1,0,1
103,4,421.54,898.75,84.38,34.85,1,0,1
104,4,434.38,884.08,62.37,27.52,1,0,1
105,4,441.80,878.58,57.70,30.01,1,0,1
106,4,454.69,878.94,72.33,35.41,1,0,1
107,4,516.31,877.05,56.57,29.05,1,0,1
108,4,543.80,869.46,64.85,29.29,1,0,1
109,4,589.39,895.95,57.18,29.40,1,0,1
110,4,646.25,940.77,44.58,24.02,1,0,1
111,4,654.32,939.93,67.15,31.83,1,0,1
112,4,705.36,927.52,61.05,27.31,1,0,1
113,4,747.59,919.77,65.59,23.92,1,0,1
114,4,769.10,928.54,65.18,22.26,1,0,1
115,4,801.26,927.19,60.54,31.19,1,0,1
116,4,823.29,938.10,55.01,21.44,1,0,1
117,4,840.70,921.68,73.38,27.77,1,0,1
118,4,856.29,905.00,53.65,22.18,1,0,1
119,4,861.80,897.84,62.37,24.98,1,0,1
120,4,878.30,916.48,62.39,31.80,1,0,1
