1,1,669.12,878.09,52.88,23.67,1,0,1
2,1,709.42,883.72,55.29,25.24,1,0,1
3,1,747.38,876.32,55.29,28.70,1,0,1
4,1,786.52,880.18,55.29,21.97,1,0,1
5,1,825.26,886.29,55.29,23.06,1,0,1
6,1,858.72,900.91,55.29,23.89,1,0,1
7,1,886.88,910.34,55.29,25.05,1,0,1
8,1,919.70,921.46,55.29,24.30,1,0,1
9,1,953.79,932.24,55.29,23.69,1,0,1
10,1,983.01,938.45,55.29,24.89,1,0,1
11,1,1003.54,926.36,55.29,20.88,1,0,1
12,1,1019.98,913.30,56.69,23.35,1,0,1
13,1,1031.23,923.10,56.06,24.15,1,0,1
14,1,1030.58,936.16,55.24,24.28,1,0,1
15,1,1016.31,935.67,56.29,24.55,1,0,1
16,1,996.19,937.47,55.82,25.79,1,0,1
17,1,970.75,940.08,55.79,26.59,1,0,1
18,1,939.41,955.43,53.97,25.20,1,0,1
19,1,893.80,956.74,56.30,23.58,1,0,1
20,1,843.53,941.22,55.29,25.44,1,0,1
21,1,793.58,936.49,56.41,25.21,1,0,1
22,1,744.20,936.00,56.30,26.29,1,0,1
23,1,701.84,935.51,55.87,25.03,1,0,1
24,1,664.74,939.43,56.06,25.20,1,0,1
25,1,625.01,980.91,55.94,26.66,1,0,1
26,1,586.74,1027.95,56.32,28.12,1,0,1
27,1,549.75,1043.79,55.91,27.18,1,0,1
28,1,511.93,1015.70,56.32,26.57,1,0,1
29,1,481.02,973.89,56.04,26.15,1,0,1
30,1,463.12,925.22,56.31,26.43,1,0,1
31,1,450.91,903.50,55.94,25.16,1,0,1
32,1,444.67,903.50,55.98,25.44,1,0,1
33,1,446.94,906.76,56.48,25.58,1,0,1
34,1,466.24,896.80,57.59,27.03,1,0,1
35,1,491.22,879.65,57.11,26.58,1,0,1
36,1,535.50,857.77,57.42,27.74,1,0,1
37,1,587.16,837.19,54.59,27.60,1,0,1
38,1,633.43,830.82,55.03,27.15,1,0,1
39,1,675.16,861.03,56.91,28.73,1,0,1
40,1,725.68,895.17,54.73,26.39,1,0,1
41,1,778.48,903.17,55.66,26.05,1,0,1
42,1,832.13,872.96,54.44,26.74,1,0,1
43,1,880.67,847.97,56.20,27.32,1,0,1
44,1,933.47,868.22,56.16,26.09,1,0,1
45,1,990.52,910.03,55.29,25.44,1,0,1
46,1,1041.33,942.53,55.29,26.15,1,0,1
47,1,1087.03,950.77,56.29,34.09,1,0,1
48,1,1131.88,957.55,55.29,27.30,1,0,1
49,1,1178.43,947.93,55.29,27.56,1,0,1
50,1,1221.58,947.76,56.31,26.88,1,0,1
51,1,1267.00,949.28,55.29,24.51,1,0,1
52,1,1303.33,959.58,55.29,24.14,1,0,1
53,1,1326.04,954.18,55.29,23.59,1,0,1
54,1,1334.56,930.20,55.29,26.55,1,0,1
55,1,1332.00,908.42,57.43,26.76,1,0,1
56,1,1335.12,921.76,57.43,27.33,1,0,1
57,1,1326.04,941.68,57.43,26.43,1,0,1
58,1,1293.40,944.55,57.43,26.11,1,0,1
59,1,1247.98,933.41,57.43,26.47,1,0,1
60,1,1188.94,907.24,59.70,25.67,1,0,1
61,1,1133.87,885.63,59.70,24.57,1,0,1
62,1,1070.00,879.55,59.70,28.10,1,0,1
63,1,1020.04,910.79,59.70,26.95,1,0,1
64,1,970.08,943.37,59.70,29.82,1,0,1
65,1,934.60,957.05,59.70,27.53,1,0,1
66,1,884.93,960.09,59.70,26.19,1,0,1
67,1,833.55,935.60,59.70,27.68,1,0,1
68,1,781.32,915.34,59.70,28.92,1,0,1
69,1,733.63,936.28,59.70,28.71,1,0,1
70,1,688.78,973.25,59.70,29.49,1,0,1
71,1,640.24,1000.44,59.70,28.70,1,0,1
72,1,597.38,988.45,59.70,29.62,1,0,1
73,1,564.45,942.86,59.70,28.65,1,0,1
74,1,544.02,890.36,59.70,27.51,1,0,1
75,1,532.66,862.67,59.70,26.82,1,0,1
76,1,536.15,877.86,59.70,26.66,1,0,1
77,1,548.78,888.33,59.70,28.01,1,0,1
78,1,568.39,892.55,59.70,27.55,1,0,1
79,1,600.62,911.46,59.70,29.06,1,0,1
80,1,640.64,929.70,59.70,27.74,1,0,1
81,1,681.20,921.25,59.70,29.20,1,0,1
82,1,715.32,909.10,59.70,27.12,1,0,1
83,1,751.58,894.92,59.70,25.73,1,0,1
84,1,789.18,895.42,59.70,25.76,1,0,1
85,1,828.40,919.40,59.70,27.30,1,0,1
86,1,861.44,945.40,60.54,26.01,1,0,1
87,1,887.76,952.83,59.70,27.71,1,0,1
88,1,907.91,956.37,59.70,26.32,1,0,1
89,1,933.16,954.01,59.70,28.14,1,0,1
90,1,963.24,926.83,59.70,25.24,1,0,1
91,1,977.74,902.01,59.70,25.62,1,0,1
92,1,990.64,884.11,59.70,25.52,1,0,1
93,1,998.43,909.27,59.70,26.42,1,0,1
94,1,1004.34,956.54,59.70,25.34,1,0,1
95,1,994.67,975.45,59.70,25.24,1,0,1
96,1,976.13,968.53,59.70,28.13,1,0,1
97,1,947.66,951.98,59.70,26.95,1,0,1
98,1,915.43,946.07,59.70,29.36,1,0,1
99,1,881.58,959.24,59.70,29.28,1,0,1
100,1,847.20,989.13,59.70,29.29,1,0,1
101,1,803.96,999.93,59.70,29.23,1,0,1
102,1,751.85,980.01,59.70,29.81,1,0,1
103,1,703.23,974.27,59.70,29.37,1,0,1
104,1,667.03,1000.27,59.70,28.61,1,0,1
105,1,629.56,1017.32,59.70,30.16,1,0,1
106,1,593.62,1008.04,59.70,29.76,1,0,1
107,1,554.87,990.98,61.48,30.50,1,0,1
108,1,524.79,993.85,65.43,30.95,1,0,1
109,1,500.83,1017.49,65.05,31.27,1,0,1
110,1,473.04,1023.85,65.56,27.20,1,0,1
111,1,448.06,996.19,65.56,30.90,1,0,1
112,1,424.89,966.64,65.56,29.45,1,0,1
113,1,405.33,927.42,66.63,28.34,1,0,1
114,1,398.71,866.72,68.14,28.86,1,0,1
115,1,406.53,808.43,71.75,31.48,1,0,1
116,1,424.07,787.21,73.57,32.11,1,0,1
117,1,450.75,796.34,73.57,31.77,1,0,1
118,1,504.12,811.12,73.57,32.61,1,0,1
119,1,542.72,835.56,73.57,30.88,1,0,1
1,4,619.92,882.99,23.44,16.83,1,5,1
2,4,663.93,889.84,23.44,18.00,1,5,1
3,4,701.86,887.51,23.44,18.00,1,5,1
4,4,743.30,885.18,21.50,17.61,1,5,1
5,4,781.63,892.04,21.76,18.39,1,5,1
6,4,815.03,904.64,21.24,20.42,1,5,1
7,4,844.05,914.18,19.88,20.08,1,5,1
8,4,876.48,926.81,21.01,17.55,1,5,1
9,4,910.59,936.22,20.59,18.67,1,5,1
10,4,940.78,943.94,20.59,19.23,1,5,1
11,4,960.85,929.90,20.59,19.37,1,5,1
12,4,979.25,919.51,18.34,20.08,1,5,1
13,4,990.90,928.92,18.34,22.18,1,5,1
14,4,988.32,943.66,21.76,22.52,1,5,1
15,4,976.04,944.64,19.86,21.54,1,5,1
16,4,954.95,947.31,21.57,22.36,1,5,1
17,4,929.38,951.66,21.31,22.32,1,5,1
18,4,895.01,961.84,23.79,25.60,1,5,1
19,4,849.02,960.01,24.80,24.94,1,5,1
20,4,796.89,945.59,25.54,25.41,1,5,1
21,4,746.08,941.93,26.99,24.92,1,5,1
22,4,695.44,942.54,28.06,25.47,1,5,1
23,4,649.95,941.52,31.51,23.83,1,5,1
24,4,612.43,947.01,31.66,24.99,1,5,1
25,4,571.75,990.27,32.72,24.72,1,5,1
26,4,529.24,1040.32,28.55,22.83,1,5,1
27,4,490.23,1055.61,28.50,22.98,1,5,1
28,4,451.71,1025.88,29.65,23.98,1,5,1
29,4,417.17,978.09,32.56,26.19,1,5,1
30,4,399.24,928.32,32.04,24.36,1,5,1
31,4,386.46,904.35,31.26,24.97,1,5,1
32,4,379.32,904.15,33.13,23.67,1,5,1
33,4,380.15,906.18,32.67,22.77,1,5,1
34,4,401.40,895.41,33.27,24.12,1,5,1
35,4,426.30,878.15,32.47,23.30,1,5,1
36,4,471.80,856.41,32.55,22.44,1,5,1
37,4,523.76,834.88,31.81,21.75,1,5,1
38,4,572.25,827.57,29.28,20.78,1,5,1
39,4,615.91,858.04,32.32,24.21,1,5,1
40,4,668.38,890.13,28.82,25.63,1,5,1
41,4,722.84,894.80,32.15,28.38,1,5,1
42,4,777.96,868.60,31.47,23.37,1,5,1
43,4,826.11,841.99,31.67,26.23,1,5,1
44,4,878.91,866.36,32.09,21.78,1,5,1
45,4,938.85,909.22,28.82,21.59,1,5,1
46,4,990.48,939.90,27.97,22.80,1,5,1
47,4,1036.47,957.77,27.28,22.19,1,5,1
48,4,1081.63,956.76,27.62,23.37,1,5,1
49,4,1128.12,950.05,27.85,21.61,1,5,1
50,4,1172.79,948.84,26.05,22.83,1,5,1
51,4,1216.78,951.68,26.74,23.97,1,5,1
52,4,1253.98,964.48,26.31,23.29,1,5,1
53,4,1277.55,960.21,25.08,23.57,1,5,1
54,4,1286.35,938.88,24.41,23.15,1,5,1
55,4,1285.52,917.96,23.41,24.48,1,5,1
56,4,1288.68,929.13,23.30,27.25,1,5,1
57,4,1279.21,949.65,23.22,26.66,1,5,1
58,4,1247.00,951.27,23.33,25.87,1,5,1
59,4,1200.02,940.10,24.62,25.58,1,5,1
60,4,1142.57,911.66,28.44,26.29,1,5,1
61,4,1087.78,889.11,30.82,26.43,1,5,1
62,4,1022.86,884.44,31.14,27.45,1,5,1
63,4,972.38,916.33,31.65,26.93,1,5,1
64,4,923.74,949.45,28.72,25.20,1,5,1
65,4,886.21,964.88,29.06,25.04,1,5,1
66,4,836.90,967.32,30.05,24.93,1,5,1
67,4,782.78,943.15,32.71,27.02,1,5,1
68,4,729.48,923.44,31.71,25.14,1,5,1
69,4,678.18,944.98,34.53,25.36,1,5,1
70,4,630.39,982.56,34.40,26.01,1,5,1
71,4,578.60,1008.96,38.75,25.68,1,5,1
72,4,536.60,995.35,37.66,22.63,1,5,1
73,4,502.20,948.23,37.84,26.48,1,5,1
74,4,476.46,893.79,39.86,27.07,1,5,1
75,4,464.48,864.13,45.34,25.74,1,5,1
76,4,466.97,875.91,45.69,25.79,1,5,1
77,4,480.67,886.07,44.38,25.45,1,5,1
78,4,503.55,890.54,41.28,26.08,1,5,1
79,4,532.05,909.43,44.60,24.97,1,5,1
80,4,571.90,931.13,44.96,22.73,1,5,1
81,4,617.05,923.03,40.43,21.80,1,5,1
82,4,655.04,907.40,33.63,25.91,1,5,1
83,4,691.01,895.67,33.55,24.72,1,5,1
84,4,731.26,896.28,31.60,24.73,1,5,1
85,4,771.96,922.90,30.57,20.95,1,5,1
86,4,802.80,946.57,32.36,24.88,1,5,1
87,4,825.89,954.52,35.21,23.16,1,5,1
88,4,848.73,957.16,34.52,24.30,1,5,1
89,4,872.60,955.70,36.98,24.21,1,5,1
90,4,903.51,929.94,36.13,21.81,1,5,1
91,4,916.91,906.93,37.76,20.95,1,5,1
92,4,930.47,888.10,36.79,23.81,1,5,1
93,4,942.49,913.90,32.69,24.63,1,5,1
94,4,944.56,960.62,37.33,26.51,1,5,1
95,4,937.00,981.74,34.53,25.31,1,5,1
96,4,915.70,975.85,36.93,26.22,1,5,1
97,4,888.05,960.21,36.55,26.75,1,5,1
98,4,855.25,957.57,37.05,25.78,1,5,1
99,4,821.94,970.77,34.69,27.18,1,5,1
100,4,786.73,1000.63,36.72,26.51,1,5,1
101,4,739.50,1012.55,35.89,24.90,1,5,1
102,4,686.09,993.49,32.75,21.81,1,5,1
103,4,637.15,992.11,30.76,17.52,1,5,1
104,4,599.02,1014.09,28.87,21.47,1,5,1
105,4,557.52,1030.38,33.71,25.86,1,5,1
106,4,516.67,1020.17,33.22,26.60,1,5,1
107,4,480.60,1004.71,35.48,25.92,1,5,1
108,4,450.85,1010.02,34.51,25.06,1,5,1
109,4,422.15,1036.24,35.22,25.06,1,5,1
110,4,394.52,1036.24,36.99,26.48,1,5,1
111,4,365.47,1007.19,38.41,26.83,1,5,1
112,4,341.39,972.12,40.18,27.89,1,5,1
113,4,320.84,935.19,37.70,18.42,1,5,1
114,4,314.11,872.49,37.70,18.42,1,5,1
115,4,324.74,811.20,37.70,18.42,1,5,1
116,4,343.16,786.05,37.70,21.25,1,5,1
117,4,373.98,795.97,37.70,19.48,1,5,1
118,4,428.18,812.26,37.70,19.48,1,5,1
119,4,467.14,837.06,37.70,19.48,1,5,1
1,5,643.77,856.53,48.30,45.86,1,5,1
2,5,688.11,864.27,48.61,44.61,1,5,1
3,5,725.31,858.75,49.16,46.75,1,5,1
4,5,764.80,859.17,49.46,43.62,1,5,1
5,5,803.39,867.25,48.41,42.31,1,5,1
6,5,836.27,881.24,45.14,43.53,1,5,1
7,5,863.93,892.12,51.85,43.13,1,5,1
8,5,897.49,901.41,50.40,44.15,1,5,1
9,5,931.18,912.66,54.46,43.21,1,5,1
10,5,961.36,919.09,50.50,44.64,1,5,1
11,5,981.44,906.85,55.98,40.39,1,5,1
12,5,1004.85,896.29,44.21,40.54,1,5,1
13,5,1016.73,905.25,48.23,42.05,1,5,1
14,5,1016.73,916.78,47.53,43.28,1,5,1
15,5,1005.03,919.50,43.51,40.64,1,5,1
16,5,983.88,921.37,37.39,42.01,1,5,1
17,5,956.80,923.50,47.70,43.33,1,5,1
18,5,920.52,937.59,43.96,44.78,1,5,1
19,5,880.44,935.99,39.49,43.33,1,5,1
20,5,828.54,920.54,49.28,46.30,1,5,1
21,5,773.50,918.26,52.07,43.13,1,5,1
22,5,724.93,916.60,45.96,45.43,1,5,1
23,5,681.59,915.98,46.83,44.45,1,5,1
24,5,644.20,921.26,49.80,43.33,1,5,1
25,5,604.53,964.17,45.61,43.33,1,5,1
26,5,559.92,1013.16,50.56,47.11,1,5,1
27,5,521.40,1024.83,50.80,48.23,1,5,1
28,5,484.08,998.43,51.25,46.15,1,5,1
29,5,452.33,952.45,51.90,47.62,1,5,1
30,5,434.20,903.75,51.86,47.24,1,5,1
31,5,420.05,881.46,53.61,45.93,1,5,1
32,5,414.33,881.07,57.93,47.50,1,5,1
33,5,415.83,884.87,55.03,45.96,1,5,1
34,5,436.93,871.43,62.94,49.98,1,5,1
35,5,468.06,856.89,55.04,49.36,1,5,1
36,5,512.45,834.70,56.61,50.40,1,5,1
37,5,563.29,815.14,55.92,49.34,1,5,1
38,5,610.12,808.72,50.50,49.30,1,5,1
39,5,650.12,837.64,51.74,48.03,1,5,1
40,5,701.45,871.53,51.61,44.29,1,5,1
41,5,753.59,880.73,56.13,43.64,1,5,1
42,5,808.58,851.29,56.48,40.49,1,5,1
43,5,856.24,827.03,60.19,41.54,1,5,1
44,5,910.41,847.97,56.38,41.37,1,5,1
45,5,968.93,890.27,54.41,39.62,1,5,1
46,5,1019.04,921.58,57.45,42.02,1,5,1
47,5,1063.39,937.13,57.30,43.76,1,5,1
48,5,1109.06,935.51,57.41,44.05,1,5,1
49,5,1154.74,927.91,55.53,44.11,1,5,1
50,5,1199.98,928.20,55.29,42.93,1,5,1
51,5,1249.10,928.50,50.77,45.29,1,5,1
52,5,1280.55,941.48,48.18,41.83,1,5,1
53,5,1303.25,933.17,54.75,44.09,1,5,1
54,5,1311.21,910.17,56.54,47.12,1,5,1
55,5,1309.22,891.10,58.53,44.09,1,5,1
56,5,1312.41,904.54,57.34,44.09,1,5,1
57,5,1302.65,924.11,57.34,44.09,1,5,1
58,5,1270.60,926.82,58.53,44.09,1,5,1
59,5,1224.21,915.93,57.14,44.09,1,5,1
60,5,1171.45,888.18,53.16,44.09,1,5,1
61,5,1118.70,865.98,51.76,44.09,1,5,1
62,5,1054.59,862.07,53.16,45.79,1,5,1
63,5,1004.42,893.73,52.56,44.09,1,5,1
64,5,952.86,925.99,54.95,46.77,1,5,1
65,5,915.63,938.79,55.74,45.92,1,5,1
66,5,865.23,941.07,47.61,46.47,1,5,1
67,5,813.42,917.69,46.26,48.19,1,5,1
68,5,759.49,898.40,49.22,45.82,1,5,1
69,5,711.09,920.10,56.42,46.63,1,5,1
70,5,660.55,954.13,62.36,49.12,1,5,1
71,5,611.29,980.26,61.84,49.32,1,5,1
72,5,567.98,969.02,64.94,47.39,1,5,1
73,5,533.58,922.82,57.93,49.43,1,5,1
74,5,512.35,870.36,66.62,47.11,1,5,1
75,5,500.46,839.68,69.35,49.34,1,5,1
76,5,504.28,855.17,69.31,46.59,1,5,1
77,5,518.30,865.39,64.26,46.98,1,5,1
78,5,539.11,866.85,63.56,49.35,1,5,1
79,5,571.38,887.60,63.93,47.71,1,5,1
80,5,610.02,906.29,62.92,48.55,1,5,1
81,5,653.76,898.98,63.78,46.95,1,5,1
82,5,688.58,887.16,64.00,45.60,1,5,1
83,5,723.82,873.06,62.99,46.96,1,5,1
84,5,760.34,872.70,64.10,46.05,1,5,1
85,5,801.11,898.40,63.75,46.67,1,5,1
86,5,833.38,924.89,64.92,45.23,1,5,1
87,5,861.41,931.41,60.99,45.94,1,5,1
88,5,881.79,934.34,62.31,46.83,1,5,1
89,5,908.12,933.19,60.86,47.13,1,5,1
90,5,936.99,904.25,61.25,48.04,1,5,1
91,5,951.43,878.54,61.35,47.00,1,5,1
92,5,965.87,861.10,59.06,47.45,1,5,1
93,5,973.09,890.81,63.98,45.35,1,5,1
94,5,979.46,934.34,58.41,48.10,1,5,1
95,5,970.97,955.37,58.94,47.03,1,5,1
96,5,952.28,949.24,59.11,47.64,1,5,1
97,5,925.95,932.00,58.56,47.89,1,5,1
98,5,889.44,928.79,58.05,47.28,1,5,1
99,5,857.16,941.55,57.87,48.11,1,5,1
100,5,822.71,971.15,57.48,48.72,1,5,1
101,5,774.92,980.79,58.89,50.22,1,5,1
102,5,721.55,959.94,54.72,49.27,1,5,1
103,5,671.43,953.72,56.85,50.38,1,5,1
104,5,629.67,980.21,60.59,50.80,1,5,1
105,5,594.86,998.90,57.57,48.81,1,5,1
106,5,553.56,987.10,60.84,52.27,1,5,1
107,5,519.69,971.44,57.49,51.22,1,5,1
108,5,488.60,972.90,60.71,53.47,1,5,1
109,5,462.61,1000.16,62.41,49.88,1,5,1
110,5,437.09,999.49,72.40,54.26,1,5,1
111,5,404.36,974.03,67.50,53.99,1,5,1
112,5,384.41,943.69,65.95,54.16,1,5,1
113,5,361.54,902.79,70.90,51.33,1,5,1
114,5,358.69,839.47,68.78,54.25,1,5,1
115,5,372.36,782.42,67.44,52.61,1,5,1
116,5,388.89,759.93,70.23,51.17,1,5,1
117,5,417.38,768.98,70.41,50.66,1,5,1
118,5,477.21,785.34,63.13,52.53,1,5,1
119,5,511.40,810.65,67.37,49.45,1,5,1
1,6,579.33,857.30,46.20,40.86,1,5,1
2,6,620.43,864.80,49.22,39.57,1,5,1
3,6,655.90,862.48,51.45,40.55,1,5,1
4,6,698.48,864.10,48.89,38.05,1,5,1
5,6,739.28,871.27,46.26,36.64,1,5,1
6,6,772.54,886.31,46.54,35.80,1,5,1
7,6,807.13,895.79,41.56,36.51,1,5,1
8,6,830.63,905.51,51.14,37.44,1,5,1
9,6,866.11,916.15,49.89,37.44,1,5,1
10,6,899.81,924.71,45.80,36.86,1,5,1
11,6,918.88,910.83,47.09,38.77,1,5,1
12,6,938.40,900.88,45.62,39.40,1,5,1
13,6,951.70,911.99,41.80,40.27,1,5,1
14,6,945.94,927.72,46.64,40.07,1,5,1
15,6,937.51,927.95,40.88,41.61,1,5,1
16,6,916.67,928.87,39.98,44.67,1,5,1
17,6,889.61,934.19,42.28,39.80,1,5,1
18,6,854.14,947.38,42.59,41.25,1,5,1
19,6,809.35,944.60,44.13,42.25,1,5,1
20,6,755.69,930.23,43.87,41.54,1,5,1
21,6,702.91,924.91,46.91,42.87,1,5,1
22,6,653.24,927.46,45.68,41.66,1,5,1
23,6,608.01,926.07,46.97,40.38,1,5,1
24,6,569.43,931.16,46.45,40.17,1,5,1
25,6,526.85,965.88,47.16,52.01,1,5,1
26,6,486.05,1023.02,51.64,42.32,1,5,1
27,6,444.81,1029.96,49.86,50.91,1,5,1
28,6,404.01,992.95,52.26,58.65,1,5,1
29,6,370.75,953.16,52.67,53.20,1,5,1
30,6,351.24,914.07,52.75,39.52,1,5,1
31,6,337.05,878.67,54.22,50.08,1,5,1
32,6,333.94,887.00,51.54,39.98,1,5,1
33,6,332.61,876.13,53.33,52.18,1,5,1
34,6,355.23,876.59,54.31,40.63,1,5,1
35,6,379.18,857.16,56.73,41.88,1,5,1
36,6,423.97,836.34,57.98,40.53,1,5,1
37,6,480.13,812.05,54.79,41.43,1,5,1
38,6,530.25,806.04,51.62,40.63,1,5,1
39,6,573.08,829.63,53.91,47.69,1,5,1
40,6,623.69,859.47,52.80,48.99,1,5,1
41,6,678.68,870.45,52.64,47.75,1,5,1
42,6,734.64,851.25,50.11,37.26,1,5,1
43,6,787.20,826.73,49.14,39.40,1,5,1
44,6,839.75,849.17,48.86,38.37,1,5,1
45,6,897.66,882.71,48.32,46.19,1,5,1
46,6,949.25,923.66,48.55,36.88,1,5,1
47,6,995.48,931.29,48.59,45.79,1,5,1
48,6,1040.25,931.52,48.69,45.07,1,5,1
49,6,1084.04,930.60,49.54,39.19,1,5,1
50,6,1128.33,924.35,49.67,46.89,1,5,1
51,6,1178.45,936.15,43.96,38.99,1,5,1
52,6,1205.70,939.16,51.18,50.09,1,5,1
53,6,1231.49,947.02,48.75,36.39,1,5,1
54,6,1241.71,925.28,48.25,38.67,1,5,1
55,6,1244.15,903.07,43.96,41.90,1,5,1
56,6,1239.77,907.50,52.56,52.07,1,5,1
57,6,1234.90,937.07,49.05,39.04,1,5,1
58,6,1200.84,934.30,50.73,46.68,1,5,1
59,6,1156.55,922.73,48.74,44.62,1,5,1
60,6,1096.70,888.50,49.15,52.58,1,5,1
61,6,1042.19,867.91,49.29,47.86,1,5,1
62,6,979.90,869.05,46.72,41.36,1,5,1
63,6,927.83,898.44,48.45,45.55,1,5,1
64,6,875.28,931.99,51.04,45.59,1,5,1
65,6,839.75,944.01,49.09,50.10,1,5,1
66,6,786.22,949.34,53.12,47.70,1,5,1
67,6,733.67,919.73,50.16,53.95,1,5,1
68,6,677.22,900.53,53.86,51.74,1,5,1
69,6,627.09,932.22,53.56,41.95,1,5,1
70,6,575.95,964.60,55.66,45.63,1,5,1
71,6,524.20,993.98,56.98,42.66,1,5,1
72,6,481.07,972.24,58.01,50.39,1,5,1
73,6,443.87,921.81,60.97,52.30,1,5,1
74,6,420.69,864.67,61.95,54.99,1,5,1
75,6,409.91,835.75,63.01,53.71,1,5,1
76,6,407.11,841.54,68.36,59.39,1,5,1
77,6,426.57,867.45,61.62,42.73,1,5,1
78,6,447.01,871.38,63.15,38.80,1,5,1
79,6,478.16,877.16,63.01,52.48,1,5,1
80,6,521.47,907.00,63.18,44.05,1,5,1
81,6,562.34,893.59,65.57,49.20,1,5,1
82,6,599.81,890.58,66.03,41.01,1,5,1
83,6,638.75,877.39,62.49,42.52,1,5,1
84,6,676.70,869.30,63.40,50.61,1,5,1
85,6,715.63,903.76,62.41,40.48,1,5,1
86,6,747.75,924.81,66.84,46.19,1,5,1
87,6,775.00,932.68,64.80,44.17,1,5,1
88,6,798.85,931.06,64.55,47.25,1,5,1
89,6,819.77,937.77,68.84,39.57,1,5,1
90,6,853.31,910.01,63.76,41.30,1,5,1
91,6,870.41,882.71,59.37,45.37,1,5,1
92,6,880.19,866.29,61.86,46.32,1,5,1
93,6,888.34,892.43,63.66,48.29,1,5,1
94,6,891.19,935.69,64.28,50.24,1,5,1
95,6,883.04,952.80,63.40,55.12,1,5,1
96,6,865.93,952.11,60.85,52.56,1,5,1
97,6,836.20,937.07,62.13,52.93,1,5,1
98,6,803.20,932.45,60.66,54.30,1,5,1
99,6,768.99,950.03,61.10,51.38,1,5,1
100,6,731.51,978.94,65.96,52.20,1,5,1
101,6,684.26,989.12,65.56,52.61,1,5,1
102,6,632.12,962.98,61.95,55.13,1,5,1
103,6,579.98,961.36,62.04,50.64,1,5,1
104,6,541.95,988.20,61.43,49.12,1,5,1
105,6,501.61,1002.31,60.37,55.39,1,5,1
106,6,458.72,994.44,66.01,57.31,1,5,1
107,6,418.81,975.94,72.86,59.68,1,5,1
108,6,383.14,981.03,79.15,60.54,1,5,1
109,6,359.36,1003.93,75.87,60.57,1,5,1
110,6,330.06,1004.16,76.49,60.34,1,5,1
111,6,302.03,978.25,88.78,58.22,1,5,1
112,6,277.40,940.54,80.33,58.13,1,5,1
113,6,253.20,894.28,80.48,58.96,1,5,1
114,6,250.65,830.67,78.86,56.33,1,5,1
115,6,260.84,767.74,80.47,57.25,1,5,1
116,6,278.68,745.31,85.07,58.88,1,5,1
117,6,313.07,765.20,77.28,45.78,1,5,1
118,6,365.30,769.60,83.11,57.10,1,5,1
119,6,409.89,808.46,76.92,44.99,1,5,1
1,8,815.17,902.04,4.83,7.26,1,3,1
2,8,846.65,897.76,8.15,13.47,1,3,1
3,8,894.43,898.80,8.15,8.56,1,3,1
4,8,910.73,897.14,8.15,8.56,1,3,1
5,8,951.88,902.12,8.15,8.56,1,3,1
6,8,979.22,918.13,8.15,8.56,1,3,1
7,8,1030.59,929.46,8.15,8.56,1,3,1
8,8,1066.83,944.12,4.67,4.33,1,3,1
9,8,1091.13,948.20,4.08,6.95,1,3,1
10,8,1120.89,955.68,3.50,6.76,1,3,1
11,8,1148.56,940.26,4.67,4.33,1,3,1
12,8,1164.34,927.16,4.67,4.33,1,3,1
13,8,1178.17,932.22,4.67,4.33,1,3,1
14,8,1178.96,941.59,4.67,4.33,1,3,1
15,8,1133.82,943.23,4.67,4.33,1,3,1
16,8,1119.72,944.23,4.67,4.11,1,3,1
17,8,1108.60,944.41,4.67,4.11,1,3,1
18,8,1069.48,961.22,4.54,4.47,1,3,1
19,8,1042.06,960.98,4.32,5.93,1,3,1
20,8,994.04,948.84,4.32,5.93,1,3,1
21,8,957.92,946.79,4.29,4.95,1,3,1
22,8,897.15,946.62,4.29,4.95,1,3,1
23,8,855.98,943.03,4.29,4.95,1,3,1
24,8,822.02,945.37,4.39,4.95,1,3,1
25,8,782.29,984.81,4.39,4.95,1,3,1
26,8,748.11,1030.46,4.35,6.13,1,3,1
27,8,711.78,1050.72,4.24,4.25,1,3,1
28,8,675.17,1023.82,4.24,4.25,1,3,1
29,8,647.24,985.00,3.72,4.25,1,3,1
30,8,628.13,936.45,3.72,9.17,1,3,1
31,8,620.09,922.88,3.17,3.77,1,3,1
32,8,609.33,923.38,3.16,3.77,1,3,1
33,8,610.94,930.36,3.16,3.77,1,3,1
34,8,633.15,923.81,3.16,3.77,1,3,1
35,8,656.76,907.82,3.16,3.77,1,3,1
36,8,699.24,886.07,4.81,6.97,1,3,1
37,8,747.41,866.86,4.81,6.97,1,3,1
38,8,792.58,865.25,3.63,3.85,1,3,1
39,8,833.57,895.95,3.63,3.85,1,3,1
40,8,883.35,927.40,3.63,3.90,1,3,1
41,8,933.46,937.16,3.63,3.90,1,3,1
42,8,987.49,904.84,3.63,3.90,1,3,1
43,8,1036.73,875.62,3.63,7.11,1,3,1
44,8,1087.66,894.30,6.44,6.36,1,3,1
45,8,1124.19,936.96,3.79,3.58,1,3,1
46,8,1197.34,966.78,2.89,5.70,1,3,1
47,8,1243.10,984.79,3.92,5.70,1,3,1
48,8,1287.37,984.56,3.92,5.70,1,3,1
49,8,1334.57,976.53,2.69,1.85,1,3,1
50,8,1378.64,971.20,2.38,2.63,1,3,1
51,8,1425.93,967.26,2.15,3.14,1,3,1
52,8,1461.68,972.66,2.15,3.14,1,3,1
53,8,1483.82,962.04,4.50,4.50,1,3,1
54,8,1494.19,936.44,2.17,3.94,1,3,1
55,8,1492.37,911.93,3.88,4.68,1,3,1
56,8,1495.30,920.64,4.67,8.17,1,3,1
57,8,1487.53,942.67,1.82,5.08,1,3,1
58,8,1487.77,944.81,1.19,3.73,1,3,1
59,8,1488.31,936.05,2.04,3.73,1,3,1
60,8,1350.77,913.51,4.08,5.85,1,3,1
61,8,1295.79,892.67,4.08,5.85,1,3,1
62,8,1244.74,884.51,4.08,5.85,1,3,1
63,8,1182.67,916.38,4.08,5.85,1,3,1
64,8,1135.09,946.89,4.08,5.85,1,3,1
65,8,1098.23,961.69,4.08,5.85,1,3,1
66,8,1052.17,962.60,4.08,5.85,1,3,1
67,8,1000.21,939.64,4.08,5.85,1,3,1
68,8,950.37,920.91,4.08,5.85,1,3,1
69,8,903.55,942.21,4.08,5.85,1,3,1
70,8,860.05,980.72,4.08,5.85,1,3,1
71,8,815.34,1008.97,4.08,5.85,1,3,1
72,8,773.80,1000.36,4.08,5.85,1,3,1
73,8,741.63,956.86,4.08,5.85,1,3,1
74,8,719.50,909.28,5.74,5.85,1,3,1
75,8,713.24,886.93,3.64,3.85,1,3,1
76,8,714.32,903.64,3.64,3.85,1,3,1
77,8,721.46,916.30,3.64,3.85,1,3,1
78,8,739.11,920.69,3.64,3.85,1,3,1
79,8,771.78,942.29,3.64,3.85,1,3,1
80,8,813.94,959.63,3.64,3.85,1,3,1
81,8,854.79,950.48,3.64,3.85,1,3,1
82,8,888.99,936.83,3.64,3.85,1,3,1
83,8,927.11,919.01,3.64,3.85,1,3,1
84,8,948.49,914.38,3.64,3.85,1,3,1
85,8,1001.33,939.56,3.64,3.85,1,3,1
86,8,1033.99,967.89,3.64,4.04,1,3,1
87,8,1059.55,976.74,3.64,4.04,1,3,1
88,8,1051.25,979.54,3.64,4.04,1,3,1
89,8,1087.12,980.44,3.64,4.04,1,3,1
90,8,1135.32,948.16,3.64,4.04,1,3,1
91,8,1147.59,918.39,5.72,6.67,1,3,1
92,8,1161.49,899.78,5.72,6.67,1,3,1
93,8,1171.58,924.00,5.72,6.67,1,3,1
94,8,1176.28,968.05,4.37,6.67,1,3,1
95,8,1171.58,983.30,4.37,6.67,1,3,1
96,8,1151.62,975.79,4.37,6.67,1,3,1
97,8,1122.59,955.38,4.37,6.67,1,3,1
98,8,1090.19,946.64,4.37,6.67,1,3,1
99,8,1057.24,956.51,4.37,6.67,1,3,1
100,8,1024.06,985.99,4.37,6.67,1,3,1
101,8,995.81,998.21,4.37,6.67,1,3,1
102,8,932.85,982.83,4.37,8.09,1,3,1
103,8,894.54,978.42,4.37,6.95,1,3,1
104,8,850.67,1004.77,4.37,6.95,1,3,1
105,8,816.77,1021.43,4.37,6.95,1,3,1
106,8,783.72,1009.18,4.37,6.95,1,3,1
107,8,746.28,989.96,3.50,6.95,1,3,1
108,8,741.01,988.53,3.50,6.95,1,3,1
109,8,720.21,1012.03,3.50,6.95,1,3,1
110,8,676.34,1020.72,3.50,6.95,1,3,1
111,8,649.42,1003.06,6.55,6.95,1,3,1
112,8,625.64,981.41,8.40,6.95,1,3,1
113,8,607.69,950.64,5.41,6.95,1,3,1
114,8,603.70,897.94,5.41,6.95,1,3,1
115,8,614.95,844.82,5.41,6.95,1,3,1
116,8,630.62,826.16,5.41,6.95,1,3,1
117,8,649.25,834.00,5.41,6.95,1,3,1
118,8,710.19,850.34,5.41,6.95,1,3,1
119,8,746.95,872.56,5.41,6.95,1,3,1
1,9,2096.64,971.34,6.76,11.26,1,3,1
2,9,2146.09,942.37,8.77,11.13,1,3,1
3,9,2190.87,915.66,8.73,11.17,1,3,1
4,9,2242.55,902.86,7.61,12.04,1,3,1
5,9,2290.46,910.62,7.95,13.65,1,3,1
6,9,2337.26,937.09,7.70,12.45,1,3,1
7,9,2378.74,961.61,8.53,14.22,1,3,1
8,9,2425.96,979.82,7.35,12.26,1,3,1
9,9,2464.02,981.29,7.35,11.95,1,3,1
10,9,2515.68,966.38,7.22,10.10,1,3,1
11,9,2544.34,918.61,7.23,13.62,1,3,1
12,9,2554.64,869.51,5.35,11.52,1,3,1
16,9,2528.04,772.01,7.63,12.43,1,3,1
17,9,2492.42,771.60,6.71,10.73,1,3,1
18,9,2454.42,815.44,8.18,12.18,1,3,1
19,9,2400.28,850.34,7.53,11.32,1,3,1
20,9,2356.10,860.89,7.87,11.08,1,3,1
21,9,2280.80,868.07,9.81,12.18,1,3,1
22,9,2221.18,861.14,9.34,11.08,1,3,1
23,9,2172.01,840.34,9.07,12.75,1,3,1
24,9,2129.26,828.79,10.68,11.45,1,3,1
25,9,2090.39,856.78,8.88,13.36,1,3,1
26,9,2054.08,900.31,7.64,12.57,1,3,1
27,9,2019.05,920.17,10.37,14.04,1,3,1
28,9,1984.88,913.05,10.93,12.77,1,3,1
29,9,1953.70,904.32,10.56,15.23,1,3,1
30,9,1931.20,902.57,9.85,14.28,1,3,1
31,9,1926.50,916.53,7.35,11.28,1,3,1
32,9,1924.51,945.72,7.65,12.42,1,3,1
33,9,1930.49,975.33,8.44,10.86,1,3,1
34,9,1948.86,983.10,9.23,11.69,1,3,1
35,9,1971.78,983.62,8.08,11.68,1,3,1
36,9,2008.38,978.40,10.96,15.19,1,3,1
37,9,2056.93,989.01,7.91,11.85,1,3,1
38,9,2120.58,1005.36,7.61,11.58,1,3,1
39,9,2175.11,1047.17,7.87,9.93,1,3,1
40,9,2241.18,1072.70,8.16,11.74,1,3,1
41,9,2310.96,1076.50,8.00,10.36,1,3,1
42,9,2376.79,1036.00,7.12,12.21,1,3,1
43,9,2442.47,994.79,6.74,10.68,1,3,1
44,9,2523.70,998.63,7.22,9.41,1,3,1
66,9,2500.47,822.11,7.87,10.20,1,3,1
67,9,2430.04,795.79,8.68,11.62,1,3,1
68,9,2365.84,785.16,7.26,11.22,1,3,1
69,9,2309.64,820.28,9.39,11.13,1,3,1
70,9,2259.67,872.51,9.91,11.75,1,3,1
71,9,2210.46,915.51,9.95,12.79,1,3,1
72,9,2170.06,928.75,9.10,10.67,1,3,1
73,9,2131.78,915.00,6.63,11.64,1,3,1
74,9,2109.06,896.61,7.90,10.01,1,3,1
75,9,2098.21,904.80,7.44,9.98,1,3,1
76,9,2103.96,951.61,8.32,9.57,1,3,1
77,9,2121.22,983.98,9.79,10.81,1,3,1
78,9,2146.91,1004.76,6.63,11.12,1,3,1
79,9,2185.24,1037.10,3.58,5.62,1,3,1
80,9,2234.75,1046.25,3.58,5.62,1,3,1
81,9,2286.38,1023.96,3.58,5.62,1,3,1
82,9,2330.26,990.29,3.58,5.62,1,3,1
83,9,2374.38,949.45,4.98,5.62,1,3,1
84,9,2425.33,933.25,4.98,5.62,1,3,1
85,9,2482.10,957.06,4.98,5.62,1,3,1
86,9,2535.26,997.07,4.98,5.62,1,3,1
100,9,2530.69,807.62,4.98,5.62,1,3,1
101,9,2476.63,846.33,4.98,5.62,1,3,1
102,9,2354.14,857.97,4.98,5.62,1,3,1
103,9,2361.21,866.49,4.98,5.62,1,3,1
104,9,2320.23,900.24,4.98,5.62,1,3,1
105,9,2278.45,903.45,4.98,5.62,1,3,1
106,9,2232.93,870.83,7.55,5.62,1,3,1
107,9,2191.85,827.26,4.88,5.62,1,3,1
108,9,2163.40,813.28,4.88,5.62,1,3,1
109,9,2138.66,835.94,4.88,5.62,1,3,1
110,9,2119.05,867.11,4.88,5.62,1,3,1
111,9,2099.93,901.18,4.88,5.62,1,3,1
112,9,2083.28,945.59,5.94,8.94,1,3,1
113,9,2064.90,984.10,6.63,10.12,1,3,1
114,9,2055.42,991.94,5.99,9.84,1,3,1
115,9,2063.93,984.43,5.64,8.51,1,3,1
116,9,2081.13,989.65,5.41,7.62,1,3,1
117,9,2110.69,1007.60,6.97,9.44,1,3,1
118,9,2175.29,1019.68,6.55,8.61,1,3,1
119,9,2221.09,1027.60,8.05,10.11,1,3,1
