1.0,1.0,578.02,469.74,179.01,51.26,1.0,0.0,1.0
1.0,3.0,912.36,510.69,7.11,5.91,1.0,3.0,1.0
1.0,5.0,1054.45,504.38,15.84,6.29,1.0,2.0,1.0
1.0,8.0,963.25,499.23,28.88,11.42,1.0,0.0,1.0
1.0,10.0,411.48,511.72,5.44,8.96,1.0,3.0,1.0
1.0,11.0,1455.23,502.68,14.88,6.46,1.0,2.0,1.0
2.0,1.0,572.26,460.0,179.01,51.26,1.0,0.0,1.0
2.0,3.0,906.78,509.16,7.11,4.66,1.0,3.0,1.0
2.0,5.0,1052.96,503.62,15.86,6.29,1.0,2.0,1.0
2.0,8.0,956.59,497.51,29.7,11.42,1.0,0.0,1.0
2.0,10.0,399.34,498.6,6.19,7.98,1.0,3.0,1.0
2.0,11.0,1450.04,508.33,14.88,6.46,1.0,2.0,1.0
3.0,1.0,566.07,451.35,180.89,52.84,1.0,0.0,1.0
3.0,10.0,393.09,490.93,5.02,6.93,1.0,3.0,1.0
3.0,11.0,1444.4,510.16,14.88,6.46,1.0,2.0,1.0
4.0,1.0,561.2,455.33,180.89,52.84,1.0,0.0,1.0
4.0,10.0,381.6,493.65,6.86,7.69,1.0,3.0,1.0
4.0,11.0,1436.46,513.67,14.88,6.46,1.0,2.0,1.0
5.0,1.0,554.57,455.33,180.89,52.84,1.0,0.0,1.0
5.0,10.0,375.91,494.14,6.36,8.53,1.0,3.0,1.0
5.0,11.0,1430.81,507.57,14.88,6.46,1.0,2.0,1.0
6.0,1.0,554.57,445.6,180.89,52.84,1.0,0.0,1.0
6.0,10.0,367.2,484.74,6.16,8.45,1.0,3.0,1.0
6.0,11.0,1440.27,494.75,14.88,6.46,1.0,2.0,1.0
7.0,1.0,558.11,440.73,180.89,52.84,1.0,0.0,1.0
7.0,10.0,366.31,481.03,7.05,8.15,1.0,3.0,1.0
7.0,11.0,1425.32,490.75,14.88,6.46,1.0,2.0,1.0
8.0,1.0,562.09,435.87,180.89,52.84,1.0,0.0,1.0
8.0,3.0,890.75,481.35,6.99,9.29,1.0,3.0,1.0
8.0,5.0,1039.39,480.27,12.36,5.58,1.0,2.0,1.0
8.0,8.0,938.42,475.46,33.28,9.11,1.0,0.0,1.0
8.0,10.0,369.21,476.32,5.63,6.82,1.0,3.0,1.0
8.0,11.0,1439.78,486.32,17.54,6.46,1.0,2.0,1.0
9.0,1.0,570.94,428.34,180.89,52.84,1.0,0.0,1.0
9.0,3.0,897.13,476.04,7.27,8.38,1.0,3.0,1.0
9.0,5.0,1047.97,473.97,12.39,5.59,1.0,2.0,1.0
9.0,8.0,945.89,469.27,33.28,9.11,1.0,0.0,1.0
9.0,10.0,376.58,469.39,5.69,6.72,1.0,3.0,1.0
9.0,11.0,1443.62,481.27,17.54,6.46,1.0,2.0,1.0
10.0,1.0,584.15,424.36,176.98,52.84,1.0,0.0,1.0
10.0,3.0,905.07,475.17,7.27,5.17,1.0,3.0,1.0
10.0,5.0,1056.96,470.62,12.42,5.59,1.0,2.0,1.0
10.0,8.0,954.28,465.33,33.28,9.11,1.0,0.0,1.0
10.0,10.0,387.96,466.42,5.45,6.68,1.0,3.0,1.0
10.0,11.0,1455.48,477.53,17.54,6.46,1.0,2.0,1.0
11.0,1.0,588.13,439.85,176.98,52.84,1.0,0.0,1.0
11.0,3.0,908.07,483.72,7.27,7.78,1.0,3.0,1.0
11.0,5.0,1061.35,478.38,12.45,5.6,1.0,2.0,1.0
11.0,8.0,960.82,475.2,33.28,9.11,1.0,0.0,1.0
11.0,10.0,385.84,484.0,5.59,6.96,1.0,3.0,1.0
11.0,11.0,1454.17,479.59,17.54,6.46,1.0,2.0,1.0
12.0,1.0,586.8,451.35,176.98,52.84,1.0,0.0,1.0
12.0,3.0,907.0,493.37,7.27,5.64,1.0,3.0,1.0
12.0,5.0,1060.55,485.23,12.48,5.6,1.0,2.0,1.0
12.0,8.0,958.23,483.01,33.28,9.02,1.0,0.0,1.0
12.0,10.0,385.97,496.37,6.2,7.59,1.0,3.0,1.0
12.0,11.0,1454.77,481.57,17.54,6.46,1.0,2.0,1.0
13.0,1.0,587.24,452.24,176.98,52.84,1.0,0.0,1.0
13.0,3.0,907.0,496.66,7.27,5.35,1.0,3.0,1.0
13.0,5.0,1060.49,489.4,12.51,5.6,1.0,2.0,1.0
13.0,8.0,958.23,486.32,33.28,9.02,1.0,0.0,1.0
13.0,10.0,382.76,494.64,5.45,7.58,1.0,3.0,1.0
13.0,11.0,1451.33,490.25,17.54,6.46,1.0,2.0,1.0
14.0,1.0,583.7,449.58,179.63,52.84,1.0,0.0,1.0
14.0,10.0,375.38,489.44,5.89,6.88,1.0,3.0,1.0
14.0,11.0,1450.1,499.63,17.54,6.46,1.0,2.0,1.0
15.0,1.0,576.18,450.47,179.63,52.84,1.0,0.0,1.0
15.0,10.0,361.58,489.94,5.34,7.32,1.0,3.0,1.0
15.0,11.0,1450.82,505.39,17.54,6.46,1.0,2.0,1.0
16.0,1.0,566.45,460.2,179.63,52.84,1.0,0.0,1.0
16.0,10.0,346.03,500.33,6.04,7.11,1.0,3.0,1.0
16.0,11.0,1441.22,512.59,17.54,6.46,1.0,2.0,1.0
17.0,1.0,561.58,464.62,179.63,52.84,1.0,0.0,1.0
17.0,10.0,335.84,506.77,5.34,6.84,1.0,3.0,1.0
17.0,11.0,1427.99,514.55,17.54,6.46,1.0,2.0,1.0
18.0,1.0,559.81,464.62,179.63,52.84,1.0,0.0,1.0
18.0,10.0,330.08,507.26,5.66,6.48,1.0,3.0,1.0
18.0,11.0,1429.94,512.43,17.54,6.46,1.0,2.0,1.0
19.0,1.0,562.02,461.08,179.63,52.84,1.0,0.0,1.0
19.0,3.0,876.13,509.16,5.53,5.8,1.0,3.0,1.0
19.0,5.0,1035.32,503.48,12.69,5.63,1.0,2.0,1.0
19.0,8.0,927.68,499.02,33.28,9.02,1.0,0.0,1.0
19.0,10.0,328.87,502.81,4.88,6.92,1.0,3.0,1.0
19.0,11.0,1435.45,508.65,17.54,6.46,1.0,2.0,1.0
20.0,1.0,554.5,459.76,179.63,52.84,1.0,0.0,1.0
20.0,10.0,318.68,502.31,7.15,7.54,1.0,3.0,1.0
20.0,11.0,1428.32,503.44,17.54,6.46,1.0,2.0,1.0
21.0,1.0,550.96,453.12,176.98,52.84,1.0,0.0,1.0
21.0,3.0,861.9,501.86,5.34,6.19,1.0,3.0,1.0
21.0,5.0,1022.34,496.8,13.93,5.64,1.0,2.0,1.0
21.0,8.0,918.45,491.86,33.28,9.64,1.0,0.0,1.0
21.0,10.0,303.75,494.64,5.5,6.73,1.0,3.0,1.0
21.0,11.0,1424.5,502.39,17.54,6.46,1.0,2.0,1.0
22.0,1.0,542.11,443.39,176.98,52.84,1.0,0.0,1.0
22.0,10.0,286.99,483.01,5.67,6.57,1.0,3.0,1.0
22.0,11.0,1415.11,497.18,17.54,6.46,1.0,2.0,1.0
23.0,1.0,524.86,448.25,180.52,52.84,1.0,0.0,1.0
23.0,10.0,264.03,493.65,5.86,6.29,1.0,3.0,1.0
23.0,11.0,1396.04,492.22,17.54,6.46,1.0,2.0,1.0
24.0,1.0,504.95,457.1,180.52,52.84,1.0,0.0,1.0
24.0,10.0,239.03,505.04,4.87,7.31,1.0,3.0,1.0
24.0,11.0,1379.81,487.78,17.54,6.46,1.0,2.0,1.0
25.0,1.0,492.56,453.12,180.52,52.84,1.0,0.0,1.0
25.0,3.0,802.22,501.48,4.54,5.37,1.0,3.0,1.0
25.0,5.0,970.96,493.86,14.04,5.66,1.0,2.0,1.0
25.0,8.0,846.51,488.44,47.09,11.93,1.0,0.0,1.0
25.0,10.0,215.98,502.04,6.04,3.76,1.0,3.0,1.0
25.0,11.0,1367.66,495.44,17.54,6.46,1.0,2.0,1.0
26.0,1.0,473.98,448.7,184.94,54.42,1.0,0.0,1.0
26.0,3.0,786.86,501.26,5.53,4.88,1.0,3.0,1.0
26.0,5.0,957.15,495.23,14.07,5.66,1.0,2.0,1.0
26.0,8.0,830.25,487.42,47.09,11.93,1.0,0.0,1.0
26.0,10.0,190.52,490.18,6.1,6.28,1.0,3.0,1.0
26.0,11.0,1354.0,502.52,17.54,6.46,1.0,2.0,1.0
27.0,1.0,457.61,447.37,184.94,54.42,1.0,0.0,1.0
27.0,3.0,770.95,500.61,5.53,5.53,1.0,3.0,1.0
27.0,10.0,166.21,487.71,5.65,5.5,1.0,3.0,1.0
27.0,11.0,1337.92,507.53,17.54,6.46,1.0,2.0,1.0
28.0,1.0,439.91,443.83,189.37,54.42,1.0,0.0,1.0
28.0,3.0,755.21,496.38,5.53,6.19,1.0,3.0,1.0
28.0,10.0,138.38,483.75,7.99,6.64,1.0,3.0,1.0
28.0,11.0,1327.35,502.66,17.54,6.46,1.0,2.0,1.0
29.0,1.0,423.98,441.62,190.25,54.42,1.0,0.0,1.0
29.0,3.0,737.97,492.93,8.99,5.92,1.0,3.0,1.0
29.0,5.0,914.7,489.02,14.15,5.68,1.0,2.0,1.0
29.0,8.0,787.2,482.15,47.09,11.0,1.0,0.0,1.0
29.0,10.0,107.84,482.26,6.84,7.65,1.0,3.0,1.0
29.0,11.0,1308.63,496.42,17.54,6.46,1.0,2.0,1.0
30.0,1.0,415.58,439.85,192.02,54.42,1.0,0.0,1.0
30.0,3.0,731.83,494.25,8.11,3.94,1.0,3.0,1.0
30.0,10.0,98.83,480.53,7.93,8.49,1.0,3.0,1.0
30.0,11.0,1299.05,494.94,17.54,6.46,1.0,2.0,1.0
31.0,1.0,414.69,439.4,192.02,54.42,1.0,0.0,1.0
31.0,3.0,728.67,491.34,9.3,6.19,1.0,3.0,1.0
31.0,10.0,93.49,482.02,6.84,6.99,1.0,3.0,1.0
31.0,11.0,1297.32,493.65,17.54,6.46,1.0,2.0,1.0
32.0,1.0,416.46,443.83,188.92,54.42,1.0,0.0,1.0
32.0,3.0,726.85,494.9,6.51,4.44,1.0,3.0,1.0
32.0,5.0,906.22,486.34,14.23,5.69,1.0,2.0,1.0
32.0,8.0,777.05,480.25,47.09,11.0,1.0,0.0,1.0
32.0,10.0,92.02,488.7,6.82,7.21,1.0,3.0,1.0
32.0,11.0,1293.48,489.43,18.91,7.48,1.0,2.0,1.0
33.0,1.0,425.31,443.39,188.92,54.42,1.0,0.0,1.0
33.0,3.0,731.97,493.15,5.53,5.2,1.0,3.0,1.0
33.0,10.0,94.4,488.45,7.42,7.72,1.0,3.0,1.0
33.0,11.0,1302.88,487.5,18.91,7.48,1.0,2.0,1.0
34.0,1.0,448.76,436.75,188.92,54.42,1.0,0.0,1.0
34.0,3.0,753.59,488.33,5.53,5.57,1.0,3.0,1.0
34.0,10.0,119.85,477.31,6.23,7.74,1.0,3.0,1.0
34.0,11.0,1321.05,488.51,18.91,7.48,1.0,2.0,1.0
35.0,1.0,470.44,438.52,188.92,54.42,1.0,0.0,1.0
35.0,3.0,775.86,490.52,5.53,5.85,1.0,3.0,1.0
35.0,5.0,957.35,486.64,14.31,5.71,1.0,2.0,1.0
35.0,8.0,829.94,478.58,47.09,11.0,1.0,0.0,1.0
35.0,10.0,152.21,479.54,6.54,7.82,1.0,3.0,1.0
35.0,11.0,1348.75,492.37,18.91,7.48,1.0,2.0,1.0
36.0,1.0,496.54,451.79,180.96,54.42,1.0,0.0,1.0
36.0,3.0,788.63,500.61,5.48,5.26,1.0,3.0,1.0
36.0,10.0,174.52,495.88,5.52,6.84,1.0,3.0,1.0
36.0,11.0,1367.38,495.46,18.91,7.29,1.0,2.0,1.0
37.0,1.0,514.24,457.1,178.3,54.42,1.0,0.0,1.0
37.0,3.0,803.02,503.9,5.53,6.37,1.0,3.0,1.0
37.0,10.0,193.65,502.31,5.94,7.58,1.0,3.0,1.0
37.0,11.0,1386.6,497.47,18.91,7.29,1.0,2.0,1.0
38.0,1.0,521.76,458.87,180.07,54.42,1.0,0.0,1.0
38.0,10.0,201.76,503.06,6.0,6.84,1.0,3.0,1.0
38.0,11.0,1398.35,502.82,18.91,7.29,1.0,2.0,1.0
39.0,1.0,528.4,458.87,177.86,54.42,1.0,0.0,1.0
39.0,3.0,812.31,508.5,6.13,4.99,1.0,3.0,1.0
39.0,5.0,999.5,502.06,14.42,5.72,1.0,2.0,1.0
39.0,8.0,867.01,495.85,47.09,11.0,1.0,0.0,1.0
39.0,10.0,206.24,499.84,6.97,8.48,1.0,3.0,1.0
39.0,11.0,1397.45,505.7,18.91,7.29,1.0,2.0,1.0
40.0,1.0,533.27,457.1,177.86,54.42,1.0,0.0,1.0
40.0,3.0,815.82,507.4,6.23,5.14,1.0,3.0,1.0
40.0,5.0,1004.13,501.14,14.45,5.73,1.0,2.0,1.0
40.0,8.0,872.39,495.85,47.09,11.0,1.0,0.0,1.0
40.0,10.0,207.33,498.6,5.63,8.27,1.0,3.0,1.0
40.0,11.0,1406.62,505.7,18.91,7.29,1.0,2.0,1.0
41.0,1.0,535.48,459.31,177.86,54.42,1.0,0.0,1.0
41.0,10.0,207.45,499.84,5.76,8.85,1.0,3.0,1.0
41.0,11.0,1407.43,506.3,18.91,7.29,1.0,2.0,1.0
42.0,1.0,533.27,457.55,177.86,54.42,1.0,0.0,1.0
42.0,10.0,198.49,496.62,6.3,8.8,1.0,3.0,1.0
42.0,11.0,1406.03,506.28,18.91,7.29,1.0,2.0,1.0
43.0,1.0,535.48,454.45,177.86,54.42,1.0,0.0,1.0
43.0,10.0,199.21,490.68,6.56,8.32,1.0,3.0,1.0
43.0,11.0,1406.59,510.21,18.91,7.29,1.0,2.0,1.0
44.0,1.0,543.44,455.78,177.86,54.42,1.0,0.0,1.0
44.0,10.0,203.69,492.66,5.55,7.67,1.0,3.0,1.0
44.0,11.0,1414.78,512.87,18.91,7.29,1.0,2.0,1.0
45.0,1.0,553.62,462.41,174.76,54.42,1.0,0.0,1.0
45.0,10.0,213.98,506.27,5.9,7.62,1.0,3.0,1.0
45.0,11.0,1426.73,506.89,18.91,7.29,1.0,2.0,1.0
46.0,1.0,559.81,469.93,174.76,54.42,1.0,0.0,1.0
46.0,3.0,831.39,515.96,4.92,5.33,1.0,3.0,1.0
46.0,5.0,1026.01,505.41,14.61,5.76,1.0,2.0,1.0
46.0,8.0,893.65,501.42,47.09,10.46,1.0,0.0,1.0
46.0,10.0,216.53,519.89,5.34,8.21,1.0,3.0,1.0
46.0,11.0,1435.39,500.63,18.91,7.29,1.0,2.0,1.0
46.0,6.0,1081.01,507.23,5.07,6.39,1.0,3.0,1.0
47.0,1.0,568.22,466.84,174.76,54.42,1.0,0.0,1.0
47.0,10.0,223.62,514.44,5.92,8.25,1.0,3.0,1.0
47.0,11.0,1437.61,499.66,18.91,7.29,1.0,2.0,1.0
48.0,1.0,570.57,452.24,173.6,54.42,1.0,0.0,1.0
48.0,10.0,220.46,491.67,6.61,8.9,1.0,3.0,1.0
48.0,11.0,1440.74,500.52,18.91,7.29,1.0,2.0,1.0
49.0,1.0,577.07,442.5,169.01,54.42,1.0,0.0,1.0
49.0,3.0,837.03,492.85,6.27,9.05,1.0,3.0,1.0
49.0,5.0,1041.87,493.33,11.34,4.8,1.0,2.0,1.0
49.0,8.0,902.38,485.41,47.09,10.46,1.0,0.0,1.0
49.0,10.0,221.13,478.3,6.43,8.04,1.0,3.0,1.0
49.0,11.0,1444.87,501.68,18.91,7.29,1.0,2.0,1.0
49.0,6.0,1084.48,498.28,4.27,4.73,1.0,3.0,1.0
50.0,1.0,577.51,434.98,176.97,54.42,1.0,0.0,1.0
50.0,3.0,842.74,485.44,6.27,9.05,1.0,3.0,1.0
50.0,5.0,1047.74,485.75,11.38,4.81,1.0,2.0,1.0
50.0,8.0,906.78,477.95,47.09,10.46,1.0,0.0,1.0
50.0,10.0,223.96,471.87,6.57,8.5,1.0,3.0,1.0
50.0,11.0,1454.79,493.49,18.91,7.29,1.0,2.0,1.0
50.0,6.0,1087.11,489.23,4.27,4.73,1.0,3.0,1.0
51.0,1.0,588.13,438.08,173.44,53.17,1.0,0.0,1.0
51.0,10.0,234.87,484.0,5.57,6.75,1.0,3.0,1.0
51.0,11.0,1462.99,481.7,18.91,7.29,1.0,2.0,1.0
52.0,1.0,601.22,446.36,171.77,53.17,1.0,0.0,1.0
52.0,10.0,242.17,496.37,5.69,6.62,1.0,3.0,1.0
52.0,11.0,1472.01,476.44,18.91,7.29,1.0,2.0,1.0
53.0,1.0,617.79,447.59,170.54,53.17,1.0,0.0,1.0
53.0,10.0,256.01,496.37,5.96,7.35,1.0,3.0,1.0
53.0,11.0,1486.72,479.96,18.91,7.29,1.0,2.0,1.0
54.0,1.0,621.47,447.59,171.77,53.17,1.0,0.0,1.0
54.0,3.0,876.38,493.8,6.46,7.91,1.0,3.0,1.0
54.0,5.0,1083.27,488.56,14.4,4.84,1.0,2.0,1.0
54.0,8.0,943.37,482.55,47.09,10.46,1.0,0.0,1.0
54.0,10.0,261.34,492.66,6.08,8.04,1.0,3.0,1.0
54.0,11.0,1493.91,488.49,18.91,7.29,1.0,2.0,1.0
54.0,6.0,1116.0,492.15,4.27,4.73,1.0,3.0,1.0
55.0,1.0,622.69,447.59,171.77,53.17,1.0,0.0,1.0
55.0,10.0,262.67,492.41,5.98,7.32,1.0,3.0,1.0
55.0,11.0,1497.73,489.62,18.91,7.29,1.0,2.0,1.0
56.0,1.0,620.24,450.65,171.77,51.64,1.0,0.0,1.0
56.0,3.0,871.74,498.63,5.98,4.98,1.0,3.0,1.0
56.0,5.0,1080.74,492.53,14.46,4.85,1.0,2.0,1.0
56.0,8.0,940.48,486.27,47.09,10.46,1.0,0.0,1.0
56.0,10.0,253.94,492.91,5.8,8.03,1.0,3.0,1.0
56.0,11.0,1500.82,494.75,18.91,7.29,1.0,2.0,1.0
56.0,6.0,1115.71,496.82,4.27,4.73,1.0,3.0,1.0
57.0,1.0,625.76,457.82,169.01,52.76,1.0,0.0,1.0
57.0,3.0,863.63,504.77,6.3,5.49,1.0,3.0,1.0
57.0,5.0,1082.35,495.3,14.49,4.86,1.0,2.0,1.0
57.0,8.0,936.7,490.59,47.09,10.46,1.0,0.0,1.0
57.0,10.0,228.29,504.29,6.45,8.27,1.0,3.0,1.0
57.0,11.0,1499.1,492.39,18.91,7.29,1.0,2.0,1.0
57.0,6.0,1115.13,498.28,4.27,4.73,1.0,3.0,1.0
58.0,1.0,623.61,449.84,167.48,52.76,1.0,0.0,1.0
58.0,10.0,206.16,492.66,6.3,6.69,1.0,3.0,1.0
58.0,11.0,1491.62,496.34,18.91,7.29,1.0,2.0,1.0
59.0,1.0,615.93,458.12,167.79,52.76,1.0,0.0,1.0
59.0,10.0,193.37,502.35,5.7,8.78,1.0,3.0,1.0
59.0,11.0,1486.34,497.8,18.91,7.29,1.0,2.0,1.0
60.0,1.0,608.53,453.22,169.37,52.76,1.0,0.0,1.0
60.0,10.0,180.01,493.92,5.69,8.16,1.0,3.0,1.0
60.0,11.0,1481.72,496.91,18.91,7.29,1.0,2.0,1.0
61.0,1.0,612.23,444.93,166.89,52.76,1.0,0.0,1.0
61.0,3.0,838.85,494.03,6.74,8.06,1.0,3.0,1.0
61.0,5.0,1065.88,490.1,14.6,4.89,1.0,2.0,1.0
61.0,8.0,917.72,483.45,47.09,10.46,1.0,0.0,1.0
61.0,10.0,176.46,482.58,7.2,8.58,1.0,3.0,1.0
61.0,11.0,1481.15,494.78,18.91,7.29,1.0,2.0,1.0
61.0,6.0,1108.12,493.32,4.27,4.73,1.0,3.0,1.0
62.0,1.0,615.93,444.32,167.49,52.76,1.0,0.0,1.0
62.0,10.0,176.18,479.96,7.49,9.2,1.0,3.0,1.0
62.0,11.0,1483.98,497.08,18.91,7.29,1.0,2.0,1.0
63.0,1.0,618.25,442.79,167.62,52.76,1.0,0.0,1.0
63.0,3.0,842.14,490.52,6.73,6.93,1.0,3.0,1.0
63.0,5.0,1069.47,485.45,14.66,5.32,1.0,2.0,1.0
63.0,8.0,922.09,478.88,47.09,10.46,1.0,0.0,1.0
63.0,10.0,176.89,482.31,6.85,7.43,1.0,3.0,1.0
63.0,11.0,1487.77,489.69,18.91,7.29,1.0,2.0,1.0
63.0,6.0,1111.92,490.4,4.27,4.73,1.0,3.0,1.0
64.0,1.0,621.03,439.11,167.3,52.76,1.0,0.0,1.0
64.0,10.0,176.75,485.5,6.67,8.41,1.0,3.0,1.0
64.0,11.0,1491.19,476.01,18.91,7.29,1.0,2.0,1.0
65.0,1.0,629.36,438.19,168.17,52.76,1.0,0.0,1.0
65.0,3.0,849.81,483.28,6.87,6.76,1.0,3.0,1.0
65.0,5.0,1080.93,474.52,14.71,5.33,1.0,2.0,1.0
65.0,8.0,929.53,469.88,47.09,10.46,1.0,0.0,1.0
65.0,10.0,181.63,486.13,7.2,8.2,1.0,3.0,1.0
65.0,11.0,1497.36,472.77,17.75,6.22,1.0,2.0,1.0
65.0,6.0,1119.51,477.56,4.27,4.73,1.0,3.0,1.0
66.0,1.0,633.99,437.27,166.0,52.76,1.0,0.0,1.0
66.0,3.0,851.56,482.84,6.97,7.2,1.0,3.0,1.0
66.0,5.0,1084.27,475.89,14.74,5.34,1.0,2.0,1.0
66.0,8.0,936.59,470.55,47.09,10.46,1.0,0.0,1.0
66.0,10.0,183.65,483.27,7.1,8.34,1.0,3.0,1.0
66.0,11.0,1505.01,476.47,17.75,7.04,1.0,2.0,1.0
66.0,6.0,1120.67,479.89,4.27,4.73,1.0,3.0,1.0
67.0,1.0,631.89,440.03,164.71,52.76,1.0,0.0,1.0
67.0,10.0,170.57,485.82,8.08,7.51,1.0,3.0,1.0
67.0,11.0,1502.18,478.02,17.75,7.04,1.0,2.0,1.0
68.0,1.0,625.45,441.56,165.63,52.76,1.0,0.0,1.0
68.0,3.0,839.5,490.08,7.31,6.55,1.0,3.0,1.0
68.0,5.0,1075.12,483.52,14.8,5.35,1.0,2.0,1.0
68.0,8.0,926.05,477.68,47.09,10.46,1.0,0.0,1.0
68.0,10.0,157.21,485.08,8.98,9.12,1.0,3.0,1.0
68.0,11.0,1492.91,486.62,17.75,7.04,1.0,2.0,1.0
68.0,6.0,1113.67,488.94,4.27,4.73,1.0,3.0,1.0
69.0,1.0,620.55,442.48,164.71,52.76,1.0,0.0,1.0
69.0,3.0,831.61,491.18,7.59,7.51,1.0,3.0,1.0
69.0,5.0,1073.07,490.29,10.17,4.17,1.0,2.0,1.0
69.0,8.0,920.32,480.18,47.09,11.61,1.0,0.0,1.0
69.0,10.0,142.12,476.94,8.08,8.35,1.0,3.0,1.0
69.0,11.0,1488.01,498.18,17.75,7.04,1.0,2.0,1.0
69.0,6.0,1110.46,493.61,4.27,4.73,1.0,3.0,1.0
70.0,1.0,610.42,442.48,166.55,52.76,1.0,0.0,1.0
70.0,3.0,823.06,493.37,7.09,6.96,1.0,3.0,1.0
70.0,5.0,1067.66,492.49,10.21,4.18,1.0,2.0,1.0
70.0,8.0,909.19,481.57,47.09,11.61,1.0,0.0,1.0
70.0,10.0,126.89,477.52,8.48,7.34,1.0,3.0,1.0
70.0,11.0,1481.04,500.25,17.75,7.04,1.0,2.0,1.0
70.0,6.0,1099.36,495.95,4.27,4.73,1.0,3.0,1.0
71.0,1.0,596.01,445.24,168.09,52.76,1.0,0.0,1.0
71.0,10.0,96.72,488.27,9.59,8.5,1.0,3.0,1.0
71.0,11.0,1468.07,491.85,17.75,7.04,1.0,2.0,1.0
72.0,1.0,590.18,450.76,168.4,52.76,1.0,0.0,1.0
72.0,3.0,798.72,498.63,8.59,7.67,1.0,3.0,1.0
72.0,5.0,1041.89,493.3,15.09,4.19,1.0,2.0,1.0
72.0,8.0,889.08,485.31,47.09,11.61,1.0,0.0,1.0
72.0,10.0,81.92,494.38,8.1,9.73,1.0,3.0,1.0
72.0,11.0,1460.16,494.33,17.75,7.04,1.0,2.0,1.0
72.0,6.0,1083.6,497.7,4.27,4.73,1.0,3.0,1.0
73.0,1.0,582.2,444.93,168.4,52.76,1.0,0.0,1.0
73.0,3.0,791.48,493.81,7.8,7.35,1.0,3.0,1.0
73.0,10.0,62.53,481.01,8.6,9.02,1.0,3.0,1.0
73.0,11.0,1454.67,495.1,17.75,7.04,1.0,2.0,1.0
74.0,1.0,577.3,441.56,170.54,52.76,1.0,0.0,1.0
74.0,3.0,786.65,492.05,8.3,8.07,1.0,3.0,1.0
74.0,5.0,1026.34,490.66,15.14,4.21,1.0,2.0,1.0
74.0,8.0,877.52,481.54,47.09,11.61,1.0,0.0,1.0
74.0,10.0,51.75,476.65,9.21,8.21,1.0,3.0,1.0
74.0,11.0,1452.02,498.94,17.75,7.04,1.0,2.0,1.0
74.0,6.0,1063.46,493.03,4.27,4.73,1.0,3.0,1.0
75.0,1.0,581.9,449.23,170.54,52.76,1.0,0.0,1.0
75.0,3.0,787.75,499.07,7.62,8.26,1.0,3.0,1.0
75.0,5.0,1032.96,497.03,15.17,4.22,1.0,2.0,1.0
75.0,8.0,882.06,487.68,47.09,11.61,1.0,0.0,1.0
75.0,10.0,50.89,487.69,10.07,7.79,1.0,3.0,1.0
75.0,11.0,1454.76,502.9,17.75,7.04,1.0,2.0,1.0
75.0,6.0,1069.59,501.79,4.27,4.73,1.0,3.0,1.0
76.0,1.0,584.66,451.68,168.09,52.76,1.0,0.0,1.0
76.0,3.0,789.51,499.95,7.3,6.56,1.0,3.0,1.0
76.0,5.0,1035.26,493.04,15.2,4.23,1.0,2.0,1.0
76.0,8.0,882.82,485.58,47.09,11.61,1.0,0.0,1.0
76.0,10.0,49.02,495.83,9.9,8.42,1.0,3.0,1.0
76.0,11.0,1455.63,493.17,17.75,7.04,1.0,2.0,1.0
76.0,6.0,1077.18,498.28,4.27,4.73,1.0,3.0,1.0
77.0,1.0,590.49,450.15,168.09,52.76,1.0,0.0,1.0
77.0,3.0,793.01,497.76,7.29,6.69,1.0,3.0,1.0
77.0,5.0,1040.14,489.93,15.23,4.23,1.0,2.0,1.0
77.0,8.0,887.78,483.02,47.09,11.61,1.0,0.0,1.0
77.0,10.0,52.47,496.99,9.94,8.98,1.0,3.0,1.0
77.0,11.0,1463.23,488.05,17.75,7.04,1.0,2.0,1.0
77.0,6.0,1086.81,492.45,4.27,4.73,1.0,3.0,1.0
78.0,1.0,597.85,446.77,168.09,52.76,1.0,0.0,1.0
78.0,3.0,797.62,496.66,8.04,6.14,1.0,3.0,1.0
78.0,5.0,1044.57,489.55,15.25,4.24,1.0,2.0,1.0
78.0,8.0,893.05,481.58,47.09,11.61,1.0,0.0,1.0
78.0,10.0,59.51,487.4,9.88,10.96,1.0,3.0,1.0
78.0,11.0,1472.99,491.83,17.75,7.04,1.0,2.0,1.0
78.0,6.0,1090.9,493.61,4.27,4.73,1.0,3.0,1.0
79.0,1.0,602.14,449.53,168.09,52.76,1.0,0.0,1.0
79.0,3.0,799.59,497.97,8.74,7.91,1.0,3.0,1.0
79.0,10.0,60.95,490.81,10.62,8.84,1.0,3.0,1.0
79.0,11.0,1473.5,495.76,17.75,7.04,1.0,2.0,1.0
80.0,1.0,608.62,445.83,166.09,52.76,1.0,0.0,1.0
80.0,3.0,802.66,493.81,7.73,8.17,1.0,3.0,1.0
80.0,10.0,63.68,488.42,9.09,8.5,1.0,3.0,1.0
80.0,11.0,1477.74,491.0,17.75,7.04,1.0,2.0,1.0
81.0,1.0,612.33,443.52,166.09,52.76,1.0,0.0,1.0
81.0,10.0,66.26,486.62,9.8,8.29,1.0,3.0,1.0
81.0,11.0,1485.22,489.17,17.75,7.04,1.0,2.0,1.0
82.0,1.0,618.34,454.16,166.09,52.76,1.0,0.0,1.0
82.0,3.0,809.02,501.04,8.57,8.96,1.0,3.0,1.0
82.0,5.0,1069.07,497.52,15.37,4.28,1.0,2.0,1.0
82.0,8.0,906.48,490.14,47.09,11.61,1.0,0.0,1.0
82.0,10.0,65.11,496.5,9.75,9.33,1.0,3.0,1.0
82.0,11.0,1491.98,498.6,17.75,7.04,1.0,2.0,1.0
82.0,6.0,1103.16,501.79,4.27,4.73,1.0,3.0,1.0
83.0,1.0,622.97,456.94,164.71,52.76,1.0,0.0,1.0
83.0,10.0,67.7,500.1,10.16,7.89,1.0,3.0,1.0
83.0,11.0,1492.95,502.05,17.75,7.04,1.0,2.0,1.0
84.0,1.0,625.29,455.09,167.5,52.76,1.0,0.0,1.0
84.0,10.0,64.97,500.39,10.19,8.02,1.0,3.0,1.0
84.0,11.0,1495.26,495.11,17.75,7.04,1.0,2.0,1.0
85.0,1.0,622.97,456.02,167.17,52.76,1.0,0.0,1.0
85.0,10.0,55.78,504.89,10.4,8.85,1.0,3.0,1.0
85.0,11.0,1494.82,492.92,17.75,7.04,1.0,2.0,1.0
86.0,1.0,621.12,455.09,166.38,52.76,1.0,0.0,1.0
86.0,10.0,46.29,492.61,10.01,9.2,1.0,3.0,1.0
86.0,11.0,1493.75,500.98,17.75,7.04,1.0,2.0,1.0
87.0,1.0,614.64,447.22,164.71,52.76,1.0,0.0,1.0
87.0,3.0,795.43,499.07,7.97,6.2,1.0,3.0,1.0
87.0,5.0,1064.17,496.5,15.5,4.95,1.0,2.0,1.0
87.0,8.0,899.27,486.85,47.09,11.61,1.0,0.0,1.0
87.0,10.0,27.62,480.03,8.03,7.84,1.0,3.0,1.0
87.0,11.0,1488.85,505.08,17.75,7.04,1.0,2.0,1.0
87.0,6.0,1100.53,501.49,3.69,4.73,1.0,3.0,1.0
88.0,1.0,609.55,442.13,164.71,52.76,1.0,0.0,1.0
88.0,3.0,789.72,492.71,8.32,6.38,1.0,3.0,1.0
88.0,5.0,1055.04,487.49,15.53,4.95,1.0,2.0,1.0
88.0,8.0,894.51,479.42,47.09,11.61,1.0,0.0,1.0
88.0,10.0,15.12,477.81,7.69,8.77,1.0,3.0,1.0
88.0,11.0,1482.63,495.33,17.75,7.04,1.0,2.0,1.0
88.0,6.0,1089.15,491.86,3.69,4.73,1.0,3.0,1.0
89.0,1.0,604.92,437.5,164.71,52.76,1.0,0.0,1.0
89.0,3.0,784.24,486.13,8.45,7.82,1.0,3.0,1.0
89.0,5.0,1051.1,479.51,15.56,4.96,1.0,2.0,1.0
89.0,8.0,889.28,473.19,47.09,10.74,1.0,0.0,1.0
89.0,10.0,0.32,480.03,8.68,8.7,1.0,3.0,1.0
89.0,11.0,1477.67,482.86,17.75,7.04,1.0,2.0,1.0
89.0,6.0,1086.52,484.56,3.69,4.73,1.0,3.0,1.0
90.0,1.0,604.92,434.72,164.71,52.76,1.0,0.0,1.0
90.0,3.0,782.49,485.04,7.74,5.83,1.0,3.0,1.0
90.0,5.0,1048.62,477.44,15.59,4.97,1.0,2.0,1.0
90.0,8.0,887.24,471.53,47.09,10.74,1.0,0.0,1.0
90.0,10.0,0.13,483.02,4.54,3.52,1.0,3.0,1.0
90.0,11.0,1475.83,480.76,17.75,7.04,1.0,2.0,1.0
90.0,6.0,1096.74,481.06,3.69,4.73,1.0,3.0,1.0
90.0,12.0,1233.44,477.26,13.88,4.56,1.0,0.0,1.0
91.0,1.0,609.55,431.02,164.71,52.76,1.0,0.0,1.0
91.0,3.0,784.24,480.65,7.42,6.92,1.0,3.0,1.0
91.0,5.0,1052.03,474.65,15.61,4.98,1.0,2.0,1.0
91.0,8.0,890.22,467.69,47.09,10.74,1.0,0.0,1.0
91.0,10.0,0.13,470.32,4.11,8.42,1.0,3.0,1.0
91.0,11.0,1479.97,478.7,17.75,7.04,1.0,2.0,1.0
91.0,6.0,1101.12,480.19,3.69,4.73,1.0,3.0,1.0
91.0,12.0,1235.56,474.73,13.88,4.56,1.0,0.0,1.0
92.0,1.0,618.34,429.17,164.71,52.76,1.0,0.0,1.0
92.0,3.0,789.72,479.77,7.5,6.36,1.0,3.0,1.0
92.0,5.0,1063.76,473.31,15.64,4.98,1.0,2.0,1.0
92.0,8.0,897.7,467.14,47.09,10.74,1.0,0.0,1.0
92.0,10.0,-0.11,467.03,8.54,9.23,1.0,3.0,1.0
92.0,11.0,1488.36,479.12,17.75,7.04,1.0,2.0,1.0
92.0,6.0,1105.2,478.73,3.69,4.73,1.0,3.0,1.0
92.0,12.0,1243.6,474.09,13.88,4.56,1.0,0.0,1.0
93.0,1.0,625.75,432.41,164.71,52.76,1.0,0.0,1.0
93.0,3.0,794.99,481.53,8.2,6.87,1.0,3.0,1.0
93.0,10.0,10.53,477.51,6.29,8.56,1.0,3.0,1.0
93.0,11.0,1494.98,476.86,17.75,7.04,1.0,2.0,1.0
93.0,12.0,1248.89,473.46,13.88,4.56,1.0,0.0,1.0
94.0,1.0,628.99,438.42,164.71,52.76,1.0,0.0,1.0
94.0,3.0,798.5,486.57,7.78,6.97,1.0,3.0,1.0
94.0,5.0,1072.93,476.67,15.7,5.0,1.0,2.0,1.0
94.0,8.0,906.94,471.12,47.09,10.74,1.0,0.0,1.0
94.0,10.0,9.81,487.43,7.48,8.46,1.0,3.0,1.0
94.0,11.0,1498.74,475.36,17.75,7.04,1.0,2.0,1.0
94.0,6.0,1107.54,481.94,3.69,4.73,1.0,3.0,1.0
94.0,12.0,1255.45,474.09,13.88,4.56,1.0,0.0,1.0
95.0,1.0,634.08,442.59,164.36,52.76,1.0,0.0,1.0
95.0,3.0,799.81,491.83,8.31,5.62,1.0,3.0,1.0
95.0,5.0,1074.7,482.08,15.73,5.0,1.0,2.0,1.0
95.0,8.0,909.57,476.47,47.09,10.74,1.0,0.0,1.0
95.0,10.0,8.54,488.45,7.75,9.25,1.0,3.0,1.0
95.0,11.0,1506.57,482.89,17.75,7.04,1.0,2.0,1.0
95.0,6.0,1112.5,486.9,3.69,4.73,1.0,3.0,1.0
95.0,12.0,1259.89,480.23,13.88,4.56,1.0,0.0,1.0
96.0,1.0,636.4,442.59,164.31,52.76,1.0,0.0,1.0
96.0,3.0,801.13,493.37,8.03,7.17,1.0,3.0,1.0
96.0,10.0,6.06,478.01,7.74,9.41,1.0,3.0,1.0
96.0,11.0,1509.16,497.54,17.75,7.04,1.0,2.0,1.0
96.0,12.0,1260.95,490.38,13.88,4.56,1.0,0.0,1.0
97.0,1.0,636.86,443.98,163.78,52.76,1.0,0.0,1.0
97.0,3.0,798.94,495.78,8.57,6.4,1.0,3.0,1.0
97.0,5.0,1079.22,492.27,15.78,5.02,1.0,2.0,1.0
97.0,8.0,910.4,483.22,47.09,10.74,1.0,0.0,1.0
97.0,10.0,0.04,479.5,5.71,7.21,1.0,3.0,1.0
97.0,11.0,1513.26,500.55,17.75,7.04,1.0,2.0,1.0
97.0,6.0,1111.04,497.41,3.69,4.73,1.0,3.0,1.0
97.0,12.0,1259.92,492.46,13.88,4.56,1.0,0.0,1.0
98.0,1.0,635.94,447.22,163.78,52.76,1.0,0.0,1.0
98.0,3.0,795.65,497.1,7.95,6.53,1.0,3.0,1.0
98.0,11.0,1510.76,490.97,17.75,7.04,1.0,2.0,1.0
98.0,12.0,1258.05,487.48,13.88,4.77,1.0,0.0,1.0
99.0,1.0,634.4,450.92,163.01,52.76,1.0,0.0,1.0
99.0,3.0,790.6,500.39,7.85,7.15,1.0,3.0,1.0
99.0,11.0,1505.79,492.83,17.75,7.02,1.0,2.0,1.0
99.0,12.0,1255.98,489.76,16.37,4.77,1.0,0.0,1.0
100.0,1.0,633.62,444.44,163.78,52.76,1.0,0.0,1.0
100.0,3.0,787.75,494.69,8.03,7.09,1.0,3.0,1.0
100.0,11.0,1503.67,496.14,17.75,7.02,1.0,2.0,1.0
100.0,12.0,1256.81,489.56,16.37,4.77,1.0,0.0,1.0
101.0,1.0,632.69,441.66,163.78,52.76,1.0,0.0,1.0
101.0,3.0,786.22,490.96,8.13,8.34,1.0,3.0,1.0
101.0,11.0,1505.26,494.81,17.75,7.02,1.0,2.0,1.0
101.0,12.0,1253.49,487.69,16.37,4.77,1.0,0.0,1.0
102.0,1.0,633.62,449.53,161.46,52.76,1.0,0.0,1.0
102.0,3.0,784.02,497.97,8.88,8.12,1.0,3.0,1.0
102.0,5.0,1072.07,491.87,15.92,5.05,1.0,2.0,1.0
102.0,8.0,902.15,485.56,47.09,10.74,1.0,0.0,1.0
102.0,11.0,1504.55,494.93,17.75,7.02,1.0,2.0,1.0
102.0,6.0,1107.25,494.78,3.69,4.73,1.0,3.0,1.0
102.0,12.0,1253.08,490.18,16.37,4.77,1.0,0.0,1.0
103.0,1.0,633.16,453.24,161.46,52.76,1.0,0.0,1.0
103.0,3.0,781.39,501.7,9.25,8.3,1.0,3.0,1.0
103.0,5.0,1071.97,493.22,15.95,5.06,1.0,2.0,1.0
103.0,8.0,901.2,487.27,47.09,10.74,1.0,0.0,1.0
103.0,11.0,1504.69,492.97,17.75,7.02,1.0,2.0,1.0
103.0,6.0,1109.29,495.66,4.57,6.19,1.0,3.0,1.0
103.0,12.0,1249.97,491.21,18.03,4.77,1.0,0.0,1.0
104.0,1.0,633.26,447.68,159.51,52.76,1.0,0.0,1.0
104.0,3.0,776.79,497.32,9.32,8.36,1.0,3.0,1.0
104.0,5.0,1070.01,489.25,15.97,5.07,1.0,2.0,1.0
104.0,8.0,897.46,483.53,47.09,10.74,1.0,0.0,1.0
104.0,11.0,1502.21,492.23,17.75,7.02,1.0,2.0,1.0
104.0,6.0,1106.66,493.03,4.57,6.19,1.0,3.0,1.0
104.0,12.0,1248.73,488.1,18.03,4.77,1.0,0.0,1.0
105.0,1.0,631.31,438.89,161.46,52.76,1.0,0.0,1.0
105.0,3.0,775.03,489.2,8.4,7.84,1.0,3.0,1.0
105.0,5.0,1069.34,485.44,16.0,5.07,1.0,2.0,1.0
105.0,8.0,896.81,477.73,47.09,10.74,1.0,0.0,1.0
105.0,11.0,1502.32,495.17,17.75,7.02,1.0,2.0,1.0
105.0,6.0,1106.95,488.36,4.57,6.19,1.0,3.0,1.0
105.0,12.0,1248.73,486.86,18.03,4.77,1.0,0.0,1.0
106.0,1.0,634.08,446.93,161.46,54.9,1.0,0.0,1.0
106.0,3.0,773.06,498.63,8.94,7.87,1.0,3.0,1.0
106.0,11.0,1502.54,499.97,17.75,7.02,1.0,2.0,1.0
106.0,12.0,1249.35,494.32,18.03,4.77,1.0,0.0,1.0
107.0,1.0,637.79,461.11,158.69,52.85,1.0,0.0,1.0
107.0,3.0,774.16,510.26,8.66,7.98,1.0,3.0,1.0
107.0,5.0,1072.16,500.8,16.06,5.09,1.0,2.0,1.0
107.0,8.0,897.51,496.42,47.09,10.74,1.0,0.0,1.0
107.0,11.0,1505.3,502.09,17.75,6.99,1.0,2.0,1.0
107.0,6.0,1109.0,504.7,4.57,6.19,1.0,3.0,1.0
107.0,12.0,1250.59,498.67,18.03,4.77,1.0,0.0,1.0
108.0,1.0,638.71,457.4,158.69,52.85,1.0,0.0,1.0
108.0,3.0,774.81,506.97,8.62,6.74,1.0,3.0,1.0
108.0,5.0,1072.06,497.97,16.09,5.09,1.0,2.0,1.0
108.0,8.0,899.49,491.28,47.09,10.74,1.0,0.0,1.0
108.0,11.0,1508.95,498.21,17.75,6.99,1.0,2.0,1.0
108.0,6.0,1108.12,501.2,4.57,6.19,1.0,3.0,1.0
108.0,12.0,1252.25,495.77,18.23,4.35,1.0,0.0,1.0
109.0,1.0,639.64,446.76,158.69,52.85,1.0,0.0,1.0
109.0,3.0,771.74,497.54,8.4,7.32,1.0,3.0,1.0
109.0,11.0,1510.53,497.08,17.75,6.99,1.0,2.0,1.0
109.0,12.0,1249.35,491.21,18.23,4.35,1.0,0.0,1.0
110.0,1.0,645.66,441.2,158.69,52.85,1.0,0.0,1.0
110.0,3.0,774.59,493.37,8.23,7.78,1.0,3.0,1.0
110.0,5.0,1075.02,490.18,16.14,5.11,1.0,2.0,1.0
110.0,8.0,903.68,481.67,47.09,10.74,1.0,0.0,1.0
110.0,11.0,1514.35,500.13,17.75,6.99,1.0,2.0,1.0
110.0,6.0,1109.87,492.45,4.57,6.19,1.0,3.0,1.0
110.0,12.0,1252.87,491.63,18.23,4.35,1.0,0.0,1.0
111.0,1.0,652.6,444.44,158.69,52.85,1.0,0.0,1.0
111.0,3.0,778.76,494.9,8.79,7.69,1.0,3.0,1.0
111.0,11.0,1519.47,495.81,20.19,6.99,1.0,2.0,1.0
111.0,12.0,1258.67,489.97,18.23,4.35,1.0,0.0,1.0
112.0,3.0,782.49,503.68,8.42,8.79,1.0,3.0,1.0
112.0,11.0,1526.44,486.82,20.19,6.99,1.0,2.0,1.0
112.0,12.0,1265.3,487.28,18.23,4.35,1.0,0.0,1.0
113.0,3.0,781.83,506.53,8.66,7.83,1.0,3.0,1.0
113.0,11.0,1524.49,486.56,20.19,8.06,1.0,2.0,1.0
113.0,12.0,1264.06,487.69,18.23,4.35,1.0,0.0,1.0
114.0,1.0,648.43,450.46,158.69,52.85,1.0,0.0,1.0
114.0,3.0,769.33,499.73,9.19,9.38,1.0,3.0,1.0
114.0,11.0,1524.48,501.15,22.1,7.99,1.0,2.0,1.0
114.0,12.0,1259.71,495.56,16.16,4.35,1.0,0.0,1.0
115.0,1.0,640.1,439.35,158.69,52.85,1.0,0.0,1.0
115.0,3.0,759.46,490.3,8.13,9.14,1.0,3.0,1.0
115.0,11.0,1515.41,503.28,22.1,7.99,1.0,2.0,1.0
115.0,12.0,1248.52,493.91,16.16,4.35,1.0,0.0,1.0
116.0,1.0,636.86,440.28,161.55,52.85,1.0,0.0,1.0
116.0,3.0,754.64,491.18,8.54,8.06,1.0,3.0,1.0
116.0,11.0,1505.34,492.07,22.1,7.99,1.0,2.0,1.0
116.0,12.0,1246.03,487.07,16.16,4.35,1.0,0.0,1.0
117.0,1.0,636.4,448.15,158.69,52.85,1.0,0.0,1.0
117.0,3.0,750.47,497.54,8.72,8.63,1.0,3.0,1.0
117.0,5.0,1068.22,486.44,16.33,5.16,1.0,2.0,1.0
117.0,8.0,890.21,481.55,47.09,10.74,1.0,0.0,1.0
117.0,11.0,1504.6,484.67,22.1,7.99,1.0,2.0,1.0
117.0,6.0,1101.12,489.23,4.57,6.19,1.0,3.0,1.0
117.0,12.0,1245.62,484.17,16.16,4.35,1.0,0.0,1.0
118.0,1.0,637.79,450.46,158.69,52.85,1.0,0.0,1.0
118.0,3.0,750.25,497.54,8.52,10.1,1.0,3.0,1.0
118.0,11.0,1505.11,488.88,22.1,7.99,1.0,2.0,1.0
118.0,12.0,1245.62,487.07,16.16,4.35,1.0,0.0,1.0
119.0,1.0,636.4,442.13,158.69,52.85,1.0,0.0,1.0
119.0,3.0,745.87,492.27,7.23,8.85,1.0,3.0,1.0
119.0,11.0,1503.28,490.84,22.1,7.99,1.0,2.0,1.0
119.0,12.0,1243.13,486.86,16.16,4.35,1.0,0.0,1.0
120.0,1.0,635.01,439.35,158.69,52.85,1.0,0.0,1.0
120.0,3.0,740.82,489.64,9.33,9.17,1.0,3.0,1.0
120.0,5.0,1063.66,485.63,16.42,5.18,1.0,2.0,1.0
120.0,8.0,884.69,477.97,47.09,10.74,1.0,0.0,1.0
120.0,11.0,1503.15,491.75,22.1,7.99,1.0,2.0,1.0
120.0,6.0,1097.03,489.82,4.57,6.19,1.0,3.0,1.0
120.0,12.0,1240.44,486.24,16.16,4.35,1.0,0.0,1.0
121.0,1.0,630.38,442.13,158.69,52.85,1.0,0.0,1.0
121.0,3.0,734.9,491.4,9.16,9.1,1.0,3.0,1.0
121.0,11.0,1496.42,497.92,22.1,7.99,1.0,2.0,1.0
121.0,12.0,1234.01,491.01,16.16,4.35,1.0,0.0,1.0
122.0,1.0,622.05,437.96,158.69,52.85,1.0,0.0,1.0
122.0,3.0,723.06,488.55,10.31,10.06,1.0,3.0,1.0
122.0,11.0,1489.54,497.27,22.1,7.99,1.0,2.0,1.0
122.0,12.0,1229.04,489.56,16.16,4.35,1.0,0.0,1.0
123.0,1.0,617.88,438.89,158.69,52.85,1.0,0.0,1.0
123.0,3.0,717.58,486.75,10.13,11.43,1.0,3.0,1.0
123.0,11.0,1487.31,492.42,19.02,7.99,1.0,2.0,1.0
123.0,12.0,1224.07,486.45,16.16,4.35,1.0,0.0,1.0
124.0,1.0,621.58,441.66,158.69,52.85,1.0,0.0,1.0
124.0,3.0,718.68,488.58,9.76,11.71,1.0,3.0,1.0
124.0,11.0,1493.32,482.87,19.02,7.99,1.0,2.0,1.0
124.0,12.0,1228.0,480.44,16.16,4.35,1.0,0.0,1.0
125.0,1.0,629.45,437.5,158.69,52.85,1.0,0.0,1.0
125.0,3.0,724.82,484.56,9.46,11.94,1.0,3.0,1.0
125.0,11.0,1502.13,468.85,19.02,7.99,1.0,2.0,1.0
125.0,12.0,1234.43,468.83,16.16,4.35,1.0,0.0,1.0
126.0,1.0,641.03,433.33,158.69,52.85,1.0,0.0,1.0
126.0,3.0,730.96,481.64,9.52,10.45,1.0,3.0,1.0
126.0,5.0,1064.39,470.95,16.58,5.22,1.0,2.0,1.0
126.0,8.0,885.12,466.43,47.09,10.74,1.0,0.0,1.0
126.0,11.0,1512.21,468.85,19.02,7.99,1.0,2.0,1.0
126.0,6.0,1092.65,473.76,3.98,6.19,1.0,3.0,1.0
126.0,12.0,1243.55,468.0,16.16,4.35,1.0,0.0,1.0
127.0,1.0,653.06,431.94,154.52,52.85,1.0,0.0,1.0
127.0,3.0,740.17,479.82,9.07,10.59,1.0,3.0,1.0
127.0,11.0,1527.59,484.74,19.02,7.99,1.0,2.0,1.0
127.0,12.0,1257.64,477.54,16.16,4.97,1.0,0.0,1.0
128.0,1.0,665.1,437.96,154.52,52.85,1.0,0.0,1.0
128.0,3.0,749.38,486.75,8.99,9.96,1.0,3.0,1.0
128.0,5.0,1087.91,481.67,16.64,5.23,1.0,2.0,1.0
128.0,8.0,905.6,473.92,47.09,10.74,1.0,0.0,1.0
128.0,11.0,1537.36,486.92,19.02,7.99,1.0,2.0,1.0
128.0,6.0,1114.83,487.48,3.98,6.19,1.0,3.0,1.0
128.0,12.0,1266.34,481.89,16.16,4.97,1.0,0.0,1.0
129.0,3.0,752.66,496.97,8.62,10.66,1.0,3.0,1.0
129.0,11.0,1543.95,487.86,19.02,7.99,1.0,2.0,1.0
129.0,12.0,1271.73,486.03,16.16,4.97,1.0,0.0,1.0
130.0,3.0,753.42,506.46,7.13,10.63,1.0,3.0,1.0
130.0,11.0,1549.22,504.11,19.02,7.99,1.0,2.0,1.0
130.0,12.0,1273.38,499.5,16.16,4.97,1.0,0.0,1.0
131.0,3.0,751.71,503.54,7.39,9.9,1.0,3.0,1.0
131.0,11.0,1549.22,509.47,19.02,7.99,1.0,2.0,1.0
131.0,12.0,1275.04,501.78,16.16,4.97,1.0,0.0,1.0
132.0,3.0,752.78,500.26,8.5,11.04,1.0,3.0,1.0
132.0,11.0,1553.98,504.82,19.02,7.99,1.0,2.0,1.0
132.0,12.0,1279.81,499.09,16.16,4.97,1.0,0.0,1.0
133.0,1.0,683.62,452.31,154.52,52.85,1.0,0.0,1.0
133.0,3.0,754.93,502.08,9.28,9.86,1.0,3.0,1.0
133.0,5.0,1102.1,495.06,16.78,5.27,1.0,2.0,1.0
133.0,8.0,919.69,488.2,47.09,10.87,1.0,0.0,1.0
133.0,11.0,1563.9,497.05,19.02,7.99,1.0,2.0,1.0
133.0,6.0,1132.64,496.82,3.98,6.19,1.0,3.0,1.0
133.0,12.0,1281.05,493.49,17.2,5.59,1.0,0.0,1.0
134.0,1.0,690.56,451.39,154.52,52.85,1.0,0.0,1.0
134.0,3.0,758.79,498.43,8.7,11.36,1.0,3.0,1.0
134.0,5.0,1107.0,492.46,16.81,5.28,1.0,2.0,1.0
134.0,8.0,923.53,486.38,47.09,10.87,1.0,0.0,1.0
134.0,11.0,1566.55,495.46,19.02,7.99,1.0,2.0,1.0
134.0,6.0,1135.56,495.95,3.98,6.19,1.0,3.0,1.0
134.0,12.0,1285.2,491.42,17.2,5.59,1.0,0.0,1.0
135.0,3.0,760.08,492.96,8.51,12.33,1.0,3.0,1.0
135.0,11.0,1572.89,489.52,19.02,7.99,1.0,2.0,1.0
135.0,12.0,1292.86,485.41,17.2,5.59,1.0,0.0,1.0
136.0,3.0,757.93,484.93,8.46,10.7,1.0,3.0,1.0
136.0,11.0,1572.89,479.22,19.02,7.99,1.0,2.0,1.0
136.0,12.0,1290.79,475.26,17.2,5.59,1.0,0.0,1.0
137.0,1.0,691.95,435.18,154.52,52.85,1.0,0.0,1.0
137.0,3.0,753.11,484.93,7.81,9.61,1.0,3.0,1.0
137.0,5.0,1111.46,477.63,16.89,5.3,1.0,2.0,1.0
137.0,8.0,921.94,469.97,47.09,10.87,1.0,0.0,1.0
137.0,11.0,1567.63,482.38,19.02,7.99,1.0,2.0,1.0
137.0,6.0,1136.73,479.6,3.98,6.19,1.0,3.0,1.0
137.0,12.0,1287.27,476.5,17.82,5.59,1.0,0.0,1.0
138.0,3.0,746.09,492.59,8.62,10.71,1.0,3.0,1.0
138.0,11.0,1564.99,495.78,19.02,7.99,1.0,2.0,1.0
138.0,12.0,1283.54,487.9,17.82,5.59,1.0,0.0,1.0
139.0,3.0,739.73,499.89,8.41,10.43,1.0,3.0,1.0
139.0,11.0,1562.69,501.53,19.02,7.99,1.0,2.0,1.0
139.0,12.0,1279.6,495.77,17.82,5.59,1.0,0.0,1.0
140.0,3.0,737.1,499.53,9.22,11.89,1.0,3.0,1.0
140.0,11.0,1560.31,498.96,19.02,7.99,1.0,2.0,1.0
140.0,12.0,1277.32,494.11,17.82,5.59,1.0,0.0,1.0
141.0,1.0,688.71,447.22,153.13,52.85,1.0,0.0,1.0
141.0,3.0,737.76,494.42,8.93,13.71,1.0,3.0,1.0
141.0,5.0,1104.88,490.08,17.0,5.33,1.0,2.0,1.0
141.0,8.0,916.53,481.13,47.09,13.11,1.0,0.0,1.0
141.0,11.0,1566.18,494.37,19.02,7.99,1.0,2.0,1.0
141.0,6.0,1123.88,496.24,3.98,6.19,1.0,3.0,1.0
141.0,12.0,1280.02,489.56,17.82,5.59,1.0,0.0,1.0
142.0,3.0,742.36,491.13,9.8,12.61,1.0,3.0,1.0
142.0,11.0,1575.16,489.24,19.02,7.99,1.0,2.0,1.0
142.0,12.0,1287.89,484.17,19.48,5.59,1.0,0.0,1.0
143.0,3.0,750.26,487.12,9.2,13.56,1.0,3.0,1.0
143.0,11.0,1587.22,482.15,19.02,7.99,1.0,2.0,1.0
143.0,12.0,1295.56,478.57,19.48,5.59,1.0,0.0,1.0
144.0,3.0,753.11,486.39,9.27,12.53,1.0,3.0,1.0
144.0,11.0,1593.08,480.28,19.02,7.99,1.0,2.0,1.0
144.0,12.0,1300.12,476.92,19.48,5.59,1.0,0.0,1.0
145.0,1.0,717.87,439.81,151.28,52.85,1.0,0.0,1.0
145.0,3.0,755.74,487.85,10.29,12.17,1.0,3.0,1.0
145.0,5.0,1131.97,481.29,17.11,5.35,1.0,2.0,1.0
145.0,8.0,940.97,472.98,47.09,13.11,1.0,0.0,1.0
145.0,11.0,1599.96,486.12,19.02,7.99,1.0,2.0,1.0
145.0,6.0,1153.95,489.53,3.98,6.19,1.0,3.0,1.0
145.0,12.0,1306.75,481.06,19.48,5.59,1.0,0.0,1.0
146.0,1.0,722.04,442.59,151.28,52.85,1.0,0.0,1.0
146.0,3.0,757.27,490.77,9.12,12.76,1.0,3.0,1.0
146.0,5.0,1136.11,481.95,17.14,5.36,1.0,2.0,1.0
146.0,8.0,943.41,474.22,47.09,13.11,1.0,0.0,1.0
146.0,11.0,1600.18,483.13,21.17,7.99,1.0,2.0,1.0
146.0,6.0,1155.99,488.94,3.98,6.19,1.0,3.0,1.0
146.0,12.0,1309.85,480.02,19.48,5.59,1.0,0.0,1.0
147.0,3.0,752.01,492.96,11.46,12.1,1.0,3.0,1.0
147.0,11.0,1601.53,470.95,21.17,7.99,1.0,2.0,1.0
147.0,12.0,1310.06,472.98,19.48,5.59,1.0,0.0,1.0
148.0,3.0,737.76,499.89,9.66,12.62,1.0,3.0,1.0
148.0,11.0,1588.47,487.97,21.17,7.99,1.0,2.0,1.0
148.0,12.0,1296.18,485.62,19.48,5.59,1.0,0.0,1.0
149.0,3.0,719.77,498.43,8.66,12.99,1.0,3.0,1.0
149.0,11.0,1570.85,511.13,21.17,7.99,1.0,2.0,1.0
149.0,12.0,1278.15,499.09,19.48,5.59,1.0,0.0,1.0
150.0,3.0,705.3,495.68,10.82,12.89,1.0,3.0,1.0
150.0,11.0,1561.54,516.28,21.17,7.99,1.0,2.0,1.0
150.0,12.0,1267.58,503.85,20.31,5.18,1.0,0.0,1.0
151.0,1.0,677.14,450.92,149.89,52.85,1.0,0.0,1.0
151.0,3.0,697.41,499.62,9.66,13.99,1.0,3.0,1.0
151.0,5.0,1089.14,500.33,13.62,4.97,1.0,2.0,1.0
151.0,8.0,896.4,485.98,49.18,15.0,1.0,0.0,1.0
151.0,11.0,1552.26,505.31,21.17,7.99,1.0,2.0,1.0
151.0,6.0,1106.37,504.7,3.98,6.19,1.0,3.0,1.0
151.0,12.0,1261.37,499.29,20.31,5.18,1.0,0.0,1.0
152.0,3.0,689.07,501.59,10.51,14.0,1.0,3.0,1.0
152.0,11.0,1547.02,493.47,21.17,7.99,1.0,2.0,1.0
152.0,12.0,1255.98,491.01,20.31,5.18,1.0,0.0,1.0
153.0,3.0,681.62,490.96,11.28,16.73,1.0,3.0,1.0
153.0,11.0,1544.07,484.08,21.17,7.99,1.0,2.0,1.0
153.0,12.0,1251.01,481.68,20.31,5.18,1.0,0.0,1.0
154.0,1.0,672.04,433.33,149.89,52.85,1.0,0.0,1.0
154.0,3.0,682.06,479.54,10.84,15.87,1.0,3.0,1.0
154.0,5.0,1076.54,477.08,17.36,5.6,1.0,2.0,1.0
154.0,8.0,887.25,465.88,49.18,15.0,1.0,0.0,1.0
154.0,11.0,1548.51,482.67,21.17,7.99,1.0,2.0,1.0
154.0,6.0,1099.36,482.88,5.06,6.12,1.0,3.0,1.0
154.0,12.0,1253.49,477.54,20.31,5.18,1.0,0.0,1.0
155.0,1.0,683.62,425.0,146.19,52.85,1.0,0.0,1.0
155.0,3.0,688.19,469.7,11.39,17.09,1.0,3.0,1.0
155.0,5.0,1089.36,475.13,17.39,5.63,1.0,2.0,1.0
155.0,8.0,894.34,460.31,49.18,15.0,1.0,0.0,1.0
155.0,11.0,1562.18,489.25,21.17,7.99,1.0,2.0,1.0
155.0,6.0,1109.87,480.55,5.06,6.12,1.0,3.0,1.0
155.0,12.0,1264.06,477.74,20.31,5.18,1.0,0.0,1.0
156.0,1.0,697.5,429.63,146.19,52.85,1.0,0.0,1.0
156.0,3.0,700.69,475.21,12.28,15.97,1.0,3.0,1.0
156.0,5.0,1102.16,477.88,17.42,5.43,1.0,2.0,1.0
156.0,8.0,907.06,464.47,49.18,15.0,1.0,0.0,1.0
156.0,11.0,1578.36,490.96,21.17,7.99,1.0,2.0,1.0
156.0,6.0,1125.93,486.68,5.06,6.12,1.0,3.0,1.0
156.0,12.0,1275.46,480.44,20.31,5.18,1.0,0.0,1.0
157.0,3.0,714.95,486.23,11.02,16.57,1.0,3.0,1.0
157.0,11.0,1595.05,474.77,21.17,7.99,1.0,2.0,1.0
157.0,12.0,1294.93,474.43,20.31,5.18,1.0,0.0,1.0
158.0,3.0,725.25,499.23,9.77,17.17,1.0,3.0,1.0
158.0,11.0,1610.0,466.87,21.17,7.99,1.0,2.0,1.0
158.0,12.0,1310.68,472.98,20.31,5.18,1.0,0.0,1.0
159.0,1.0,736.85,457.87,146.19,52.85,1.0,0.0,1.0
159.0,3.0,731.61,505.53,10.5,15.69,1.0,3.0,1.0
159.0,5.0,1145.93,491.46,17.5,5.45,1.0,2.0,1.0
159.0,8.0,940.94,484.82,49.18,15.0,1.0,0.0,1.0
159.0,11.0,1630.31,486.71,21.17,7.99,1.0,2.0,1.0
159.0,6.0,1167.08,499.52,5.06,6.12,1.0,3.0,1.0
159.0,12.0,1319.39,487.69,20.31,5.18,1.0,0.0,1.0
160.0,1.0,739.63,458.33,146.19,52.85,1.0,0.0,1.0
160.0,3.0,731.39,501.64,11.0,19.58,1.0,3.0,1.0
160.0,5.0,1145.74,503.5,17.53,5.46,1.0,2.0,1.0
160.0,8.0,945.09,491.23,49.18,15.0,1.0,0.0,1.0
160.0,11.0,1627.85,511.9,21.17,7.99,1.0,2.0,1.0
160.0,6.0,1165.92,510.32,5.06,6.12,1.0,3.0,1.0
160.0,12.0,1319.59,504.27,20.31,5.18,1.0,0.0,1.0
161.0,1.0,737.32,461.11,146.19,52.85,1.0,0.0,1.0
161.0,3.0,726.13,505.21,10.9,17.11,1.0,3.0,1.0
161.0,5.0,1141.38,506.92,17.55,5.47,1.0,2.0,1.0
161.0,8.0,941.54,494.33,49.71,14.54,1.0,0.0,1.0
161.0,11.0,1626.38,516.89,21.17,7.99,1.0,2.0,1.0
161.0,6.0,1162.41,514.7,5.06,6.12,1.0,3.0,1.0
161.0,12.0,1318.76,508.83,20.31,5.18,1.0,0.0,1.0
162.0,1.0,736.85,454.63,146.19,52.85,1.0,0.0,1.0
162.0,3.0,721.31,499.85,10.81,16.98,1.0,3.0,1.0
162.0,5.0,1139.86,496.66,17.58,5.47,1.0,2.0,1.0
162.0,8.0,939.56,486.64,49.71,14.1,1.0,0.0,1.0
162.0,11.0,1627.5,500.63,21.17,7.99,1.0,2.0,1.0
162.0,6.0,1159.2,500.98,5.06,6.12,1.0,3.0,1.0
162.0,12.0,1313.58,495.98,20.31,5.18,1.0,0.0,1.0
163.0,3.0,718.68,490.03,11.21,20.66,1.0,3.0,1.0
163.0,11.0,1627.17,492.02,21.17,7.99,1.0,2.0,1.0
163.0,12.0,1318.14,488.73,20.31,5.18,1.0,0.0,1.0
164.0,3.0,714.29,493.16,10.69,19.51,1.0,3.0,1.0
164.0,11.0,1624.01,496.77,21.17,7.99,1.0,2.0,1.0
164.0,12.0,1314.83,491.63,20.31,5.18,1.0,0.0,1.0
165.0,1.0,732.69,451.85,146.19,52.85,1.0,0.0,1.0
165.0,3.0,708.15,495.39,10.58,19.69,1.0,3.0,1.0
165.0,5.0,1136.62,494.02,17.67,5.49,1.0,2.0,1.0
165.0,8.0,933.12,486.3,50.17,11.9,1.0,0.0,1.0
165.0,11.0,1621.99,498.23,21.17,7.99,1.0,2.0,1.0
165.0,6.0,1158.91,496.6,5.06,6.12,1.0,3.0,1.0
165.0,12.0,1310.27,493.08,20.31,5.18,1.0,0.0,1.0
166.0,3.0,700.25,481.99,13.12,20.15,1.0,3.0,1.0
166.0,11.0,1616.93,486.66,21.17,7.99,1.0,2.0,1.0
166.0,12.0,1306.95,481.27,20.31,5.18,1.0,0.0,1.0
167.0,1.0,727.59,436.57,146.19,52.85,1.0,0.0,1.0
167.0,3.0,695.87,480.66,10.36,17.98,1.0,3.0,1.0
167.0,5.0,1130.11,477.64,17.72,5.51,1.0,2.0,1.0
167.0,8.0,925.41,469.92,50.17,11.9,1.0,0.0,1.0
167.0,11.0,1615.67,481.94,21.17,7.99,1.0,2.0,1.0
167.0,6.0,1149.57,483.47,5.06,6.12,1.0,3.0,1.0
167.0,12.0,1302.81,477.74,20.31,5.18,1.0,0.0,1.0
168.0,1.0,726.21,444.44,146.19,52.85,1.0,0.0,1.0
168.0,3.0,690.17,489.58,12.04,19.14,1.0,3.0,1.0
168.0,5.0,1128.87,480.34,17.75,5.51,1.0,2.0,1.0
168.0,8.0,924.92,475.35,50.17,11.9,1.0,0.0,1.0
168.0,11.0,1614.22,478.02,21.17,7.99,1.0,2.0,1.0
168.0,6.0,1146.36,485.22,5.06,6.12,1.0,3.0,1.0
168.0,12.0,1302.19,477.12,20.31,5.18,1.0,0.0,1.0
169.0,1.0,726.67,446.29,146.19,52.85,1.0,0.0,1.0
169.0,3.0,687.97,493.16,11.11,17.32,1.0,3.0,1.0
169.0,5.0,1128.72,482.22,17.78,5.52,1.0,2.0,1.0
169.0,8.0,925.2,477.6,50.17,11.9,1.0,0.0,1.0
169.0,11.0,1613.52,480.96,21.17,7.99,1.0,2.0,1.0
169.0,6.0,1149.57,487.85,5.06,6.12,1.0,3.0,1.0
169.0,12.0,1301.57,479.19,20.31,5.18,1.0,0.0,1.0
170.0,1.0,726.67,442.59,146.19,52.85,1.0,0.0,1.0
170.0,3.0,682.93,487.35,10.8,17.2,1.0,3.0,1.0
170.0,5.0,1128.7,485.45,17.8,5.53,1.0,2.0,1.0
170.0,8.0,923.47,477.6,50.17,11.9,1.0,0.0,1.0
170.0,11.0,1614.21,494.2,21.17,7.99,1.0,2.0,1.0
170.0,6.0,1148.11,491.64,5.06,6.12,1.0,3.0,1.0
170.0,12.0,1299.91,485.83,20.31,5.18,1.0,0.0,1.0
171.0,3.0,664.51,487.35,11.8,16.54,1.0,3.0,1.0
171.0,11.0,1597.74,503.41,23.83,7.99,1.0,2.0,1.0
171.0,12.0,1289.55,492.04,16.58,5.18,1.0,0.0,1.0
172.0,3.0,650.7,490.92,13.12,19.55,1.0,3.0,1.0
172.0,11.0,1583.83,501.81,23.83,7.99,1.0,2.0,1.0
172.0,12.0,1278.15,493.29,19.06,5.18,1.0,0.0,1.0
173.0,1.0,701.21,448.15,146.19,52.85,1.0,0.0,1.0
173.0,3.0,644.34,492.26,12.34,18.43,1.0,3.0,1.0
173.0,5.0,1101.65,492.08,17.89,5.55,1.0,2.0,1.0
173.0,8.0,895.51,481.54,50.17,13.51,1.0,0.0,1.0
173.0,11.0,1586.07,498.44,23.83,7.99,1.0,2.0,1.0
173.0,6.0,1121.55,495.44,5.06,6.12,1.0,3.0,1.0
173.0,12.0,1274.84,491.63,19.06,5.18,1.0,0.0,1.0
174.0,3.0,644.12,491.82,12.55,16.9,1.0,3.0,1.0
174.0,11.0,1590.0,495.26,23.83,7.99,1.0,2.0,1.0
174.0,12.0,1277.74,488.73,19.06,5.18,1.0,0.0,1.0
175.0,3.0,645.43,491.82,12.58,18.88,1.0,3.0,1.0
175.0,11.0,1593.92,487.04,23.83,7.99,1.0,2.0,1.0
175.0,12.0,1282.5,483.75,19.06,5.18,1.0,0.0,1.0
176.0,3.0,639.51,490.48,14.93,20.22,1.0,3.0,1.0
176.0,11.0,1593.92,482.44,23.83,7.99,1.0,2.0,1.0
176.0,12.0,1278.77,480.23,19.06,5.18,1.0,0.0,1.0
177.0,1.0,691.95,439.81,146.19,52.85,1.0,0.0,1.0
177.0,3.0,618.68,487.8,12.54,17.85,1.0,3.0,1.0
177.0,5.0,1094.5,480.3,18.0,6.41,1.0,2.0,1.0
177.0,8.0,883.63,472.53,50.17,13.51,1.0,0.0,1.0
177.0,11.0,1577.85,484.51,23.83,7.99,1.0,2.0,1.0
177.0,6.0,1108.41,487.26,5.06,6.12,1.0,3.0,1.0
177.0,12.0,1264.47,479.61,19.06,5.18,1.0,0.0,1.0
178.0,3.0,594.34,486.01,16.8,19.2,1.0,3.0,1.0
178.0,11.0,1554.15,485.33,23.83,7.99,1.0,2.0,1.0
178.0,12.0,1244.37,479.82,19.06,5.18,1.0,0.0,1.0
179.0,1.0,654.45,445.37,146.19,52.85,1.0,0.0,1.0
179.0,3.0,569.12,494.05,13.89,17.74,1.0,3.0,1.0
179.0,11.0,1534.86,478.08,23.83,7.99,1.0,2.0,1.0
179.0,12.0,1227.8,477.54,19.06,5.18,1.0,0.0,1.0
180.0,1.0,643.34,445.37,146.19,52.85,1.0,0.0,1.0
180.0,3.0,550.92,494.94,16.46,18.82,1.0,3.0,1.0
180.0,11.0,1526.1,476.17,23.83,8.08,1.0,2.0,1.0
180.0,12.0,1216.19,476.5,19.06,5.18,1.0,0.0,1.0
181.0,1.0,628.53,442.13,148.97,52.85,1.0,0.0,1.0
181.0,3.0,533.38,490.92,16.15,18.89,1.0,3.0,1.0
181.0,11.0,1505.77,483.86,23.83,8.08,1.0,2.0,1.0
181.0,12.0,1196.92,478.99,23.21,5.8,1.0,0.0,1.0
182.0,1.0,608.62,443.05,149.89,52.85,1.0,0.0,1.0
182.0,3.0,507.72,492.71,14.57,16.89,1.0,3.0,1.0
182.0,5.0,1016.12,487.63,15.19,5.51,1.0,2.0,1.0
182.0,8.0,799.46,477.18,50.17,13.51,1.0,0.0,1.0
182.0,11.0,1483.43,493.13,23.83,8.08,1.0,2.0,1.0
182.0,6.0,1030.19,493.39,5.06,6.12,1.0,3.0,1.0
182.0,12.0,1178.48,486.24,23.21,5.8,1.0,0.0,1.0
183.0,1.0,586.87,450.92,150.35,53.77,1.0,0.0,1.0
183.0,3.0,478.77,499.85,16.73,18.08,1.0,3.0,1.0
183.0,5.0,994.5,496.45,15.23,5.52,1.0,2.0,1.0
183.0,8.0,778.4,485.52,50.17,13.51,1.0,0.0,1.0
183.0,11.0,1459.95,503.54,23.83,8.08,1.0,2.0,1.0
183.0,6.0,1008.0,502.73,5.06,6.12,1.0,3.0,1.0
183.0,12.0,1154.44,495.98,24.24,6.77,1.0,0.0,1.0
184.0,1.0,565.57,459.26,150.35,53.77,1.0,0.0,1.0
184.0,3.0,448.95,508.78,17.09,19.24,1.0,3.0,1.0
184.0,8.0,757.28,493.52,50.17,13.51,1.0,0.0,1.0
184.0,11.0,1439.55,508.1,24.64,8.08,1.0,2.0,1.0
185.0,1.0,546.13,464.81,150.35,53.77,1.0,0.0,1.0
185.0,3.0,421.76,512.8,16.15,21.8,1.0,3.0,1.0
185.0,8.0,737.42,498.89,50.17,13.51,1.0,0.0,1.0
185.0,11.0,1419.98,509.78,24.64,7.98,1.0,2.0,1.0
186.0,1.0,524.83,458.79,150.35,53.77,1.0,0.0,1.0
186.0,3.0,391.93,506.1,16.07,21.26,1.0,3.0,1.0
186.0,5.0,938.97,506.05,15.34,5.54,1.0,2.0,1.0
186.0,8.0,720.57,494.6,50.17,13.51,1.0,0.0,1.0
186.0,11.0,1407.7,511.17,24.64,7.98,1.0,2.0,1.0
186.0,6.0,948.16,510.91,5.06,6.12,1.0,3.0,1.0
186.0,12.0,1104.51,505.1,17.82,4.91,1.0,0.0,1.0
187.0,1.0,506.32,447.68,154.52,53.77,1.0,0.0,1.0
187.0,3.0,366.94,492.26,16.96,21.06,1.0,3.0,1.0
187.0,5.0,921.59,496.75,15.38,5.55,1.0,2.0,1.0
187.0,8.0,704.1,484.54,50.17,13.51,1.0,0.0,1.0
187.0,11.0,1392.6,507.86,24.64,7.98,1.0,2.0,1.0
187.0,6.0,932.4,501.86,5.06,6.12,1.0,3.0,1.0
187.0,12.0,1090.83,498.05,17.82,4.91,1.0,0.0,1.0
188.0,1.0,501.69,437.96,156.37,53.77,1.0,0.0,1.0
188.0,3.0,355.97,481.99,17.65,23.87,1.0,3.0,1.0
188.0,8.0,699.07,475.14,50.17,13.51,1.0,0.0,1.0
188.0,11.0,1383.81,496.14,24.64,7.98,1.0,2.0,1.0
189.0,1.0,501.69,435.18,156.37,53.77,1.0,0.0,1.0
189.0,3.0,349.39,482.19,16.45,23.9,1.0,3.0,1.0
189.0,5.0,918.12,479.02,15.45,5.57,1.0,2.0,1.0
189.0,8.0,697.44,470.55,50.17,13.51,1.0,0.0,1.0
189.0,11.0,1384.92,482.07,24.64,7.98,1.0,2.0,1.0
189.0,6.0,931.53,484.93,5.06,6.12,1.0,3.0,1.0
189.0,12.0,1085.23,477.74,19.89,4.91,1.0,0.0,1.0
190.0,1.0,499.84,435.65,156.37,53.77,1.0,0.0,1.0
190.0,3.0,337.77,487.01,18.64,22.15,1.0,3.0,1.0
190.0,5.0,916.02,475.52,15.49,5.57,1.0,2.0,1.0
190.0,8.0,696.72,468.82,50.17,13.51,1.0,0.0,1.0
190.0,11.0,1386.81,475.07,24.64,7.98,1.0,2.0,1.0
190.0,6.0,926.56,483.76,5.06,6.12,1.0,3.0,1.0
190.0,12.0,1080.26,473.19,20.93,4.91,1.0,0.0,1.0
191.0,1.0,502.15,431.48,156.37,56.09,1.0,0.0,1.0
191.0,3.0,333.38,479.99,16.45,23.03,1.0,3.0,1.0
191.0,8.0,697.14,467.4,50.17,13.51,1.0,0.0,1.0
191.0,11.0,1386.81,481.98,24.64,7.98,1.0,2.0,1.0
192.0,1.0,508.63,426.85,156.37,56.09,1.0,0.0,1.0
192.0,3.0,334.26,473.85,16.45,23.03,1.0,3.0,1.0
192.0,5.0,920.38,477.28,15.56,5.59,1.0,2.0,1.0
192.0,8.0,703.67,466.59,50.17,13.51,1.0,0.0,1.0
192.0,11.0,1394.93,488.49,24.64,7.98,1.0,2.0,1.0
192.0,6.0,932.99,481.72,5.06,6.12,1.0,3.0,1.0
192.0,12.0,1092.07,478.99,17.2,5.12,1.0,0.0,1.0
193.0,1.0,521.59,428.7,156.37,56.09,1.0,0.0,1.0
193.0,3.0,338.21,476.27,17.32,23.46,1.0,3.0,1.0
193.0,8.0,715.26,465.49,50.17,13.51,1.0,0.0,1.0
193.0,11.0,1405.29,484.89,24.64,7.98,1.0,2.0,1.0
194.0,1.0,531.31,443.98,156.37,54.7,1.0,0.0,1.0
194.0,3.0,341.5,493.59,17.54,25.0,1.0,3.0,1.0
194.0,8.0,724.67,474.52,50.17,13.51,1.0,0.0,1.0
194.0,11.0,1415.5,479.64,24.64,7.98,1.0,2.0,1.0
195.0,1.0,540.11,453.24,154.06,54.7,1.0,0.0,1.0
195.0,3.0,341.72,505.21,17.54,25.66,1.0,3.0,1.0
195.0,5.0,951.96,488.47,15.67,5.61,1.0,2.0,1.0
195.0,8.0,729.37,483.6,50.17,13.51,1.0,0.0,1.0
195.0,11.0,1424.26,481.68,24.64,7.98,1.0,2.0,1.0
195.0,6.0,963.34,494.27,5.06,6.12,1.0,3.0,1.0
195.0,12.0,1120.25,483.96,16.16,4.91,1.0,0.0,1.0
196.0,1.0,542.42,453.24,154.06,54.7,1.0,0.0,1.0
196.0,3.0,334.04,501.26,17.54,27.85,1.0,3.0,1.0
196.0,8.0,734.41,485.42,50.17,13.51,1.0,0.0,1.0
196.0,11.0,1431.67,492.94,24.64,7.98,1.0,2.0,1.0
197.0,1.0,544.74,443.98,154.06,54.7,1.0,0.0,1.0
197.0,3.0,328.12,487.23,17.54,27.63,1.0,3.0,1.0
197.0,5.0,954.95,491.67,15.75,5.62,1.0,2.0,1.0
197.0,8.0,736.76,479.37,50.17,13.51,1.0,0.0,1.0
197.0,11.0,1428.47,500.16,24.64,7.98,1.0,2.0,1.0
197.0,6.0,963.93,497.77,5.06,6.12,1.0,3.0,1.0
197.0,12.0,1121.91,491.42,16.16,4.91,1.0,0.0,1.0
198.0,1.0,551.68,443.98,151.74,53.31,1.0,0.0,1.0
198.0,3.0,325.93,485.48,17.54,27.19,1.0,3.0,1.0
198.0,8.0,743.76,480.56,50.17,13.51,1.0,0.0,1.0
198.0,11.0,1433.76,505.94,24.64,7.98,1.0,2.0,1.0
199.0,1.0,563.72,449.53,151.74,53.31,1.0,0.0,1.0
199.0,3.0,328.34,492.93,17.54,25.0,1.0,3.0,1.0
199.0,5.0,968.95,499.42,15.82,4.88,1.0,2.0,1.0
199.0,8.0,749.96,486.58,50.17,13.51,1.0,0.0,1.0
199.0,11.0,1443.34,509.41,24.64,7.98,1.0,2.0,1.0
199.0,6.0,977.35,504.19,5.06,6.12,1.0,3.0,1.0
199.0,12.0,1135.79,498.67,16.16,4.91,1.0,0.0,1.0
200.0,1.0,579.92,449.07,151.74,53.31,1.0,0.0,1.0
200.0,3.0,336.02,494.69,21.49,23.9,1.0,3.0,1.0
200.0,5.0,984.56,497.19,15.86,4.89,1.0,2.0,1.0
200.0,8.0,765.09,484.6,50.17,13.51,1.0,0.0,1.0
200.0,11.0,1469.32,504.97,24.64,7.98,1.0,2.0,1.0
200.0,6.0,993.12,501.57,5.06,6.12,1.0,3.0,1.0
200.0,12.0,1147.61,497.22,19.48,4.91,1.0,0.0,1.0
201.0,1.0,603.07,449.53,148.5,53.31,1.0,0.0,1.0
201.0,3.0,355.75,495.34,19.3,23.68,1.0,3.0,1.0
201.0,11.0,1490.32,498.73,24.64,7.97,1.0,2.0,1.0
201.0,12.0,1170.4,492.66,18.03,5.32,1.0,0.0,1.0
202.0,1.0,629.92,449.53,148.5,53.31,1.0,0.0,1.0
202.0,3.0,382.72,496.44,17.54,24.78,1.0,3.0,1.0
202.0,5.0,1035.77,491.62,15.93,4.91,1.0,2.0,1.0
202.0,8.0,810.54,481.27,50.17,13.51,1.0,0.0,1.0
202.0,11.0,1519.05,493.92,26.02,7.97,1.0,2.0,1.0
202.0,6.0,1048.28,497.48,5.06,6.12,1.0,3.0,1.0
202.0,12.0,1190.25,490.35,20.35,4.32,1.0,0.0,1.0
203.0,1.0,661.4,451.85,148.5,53.31,1.0,0.0,1.0
203.0,3.0,407.72,501.92,17.54,24.12,1.0,3.0,1.0
203.0,5.0,1058.57,492.08,15.97,4.92,1.0,2.0,1.0
203.0,8.0,839.35,482.53,50.17,13.51,1.0,0.0,1.0
203.0,11.0,1548.89,492.23,26.02,7.97,1.0,2.0,1.0
203.0,6.0,1067.84,497.19,5.06,6.12,1.0,3.0,1.0
203.0,12.0,1218.43,489.73,20.35,4.32,1.0,0.0,1.0
204.0,1.0,685.01,453.7,148.5,53.31,1.0,0.0,1.0
204.0,3.0,425.49,504.11,17.54,23.9,1.0,3.0,1.0
204.0,5.0,1090.04,494.44,16.01,4.93,1.0,2.0,1.0
204.0,8.0,861.24,485.6,50.17,13.51,1.0,0.0,1.0
204.0,11.0,1581.0,494.54,26.02,8.08,1.0,2.0,1.0
204.0,6.0,1090.73,499.67,5.06,6.12,1.0,3.0,1.0
204.0,12.0,1248.06,492.42,20.35,4.32,1.0,0.0,1.0
205.0,1.0,705.74,459.26,146.75,53.31,1.0,0.0,1.0
205.0,3.0,441.27,508.5,18.2,23.9,1.0,3.0,1.0
205.0,5.0,1107.91,500.41,16.04,4.94,1.0,2.0,1.0
205.0,8.0,881.95,490.84,50.17,13.51,1.0,0.0,1.0
205.0,11.0,1614.33,500.84,26.02,8.08,1.0,2.0,1.0
205.0,6.0,1114.17,504.36,5.06,6.12,1.0,3.0,1.0
205.0,12.0,1278.21,497.37,14.27,5.19,1.0,0.0,1.0
206.0,3.0,456.41,509.6,18.2,23.9,1.0,3.0,1.0
206.0,11.0,1640.77,505.79,26.02,8.08,1.0,2.0,1.0
206.0,12.0,1294.49,500.83,19.17,5.19,1.0,0.0,1.0
207.0,3.0,469.78,499.95,16.89,25.66,1.0,3.0,1.0
207.0,11.0,1662.0,507.74,26.02,8.08,1.0,2.0,1.0
207.0,12.0,1309.13,500.18,17.29,5.84,1.0,0.0,1.0
208.0,1.0,764.53,446.76,141.65,53.31,1.0,0.0,1.0
208.0,3.0,477.24,491.62,18.2,27.41,1.0,3.0,1.0
208.0,5.0,1158.4,491.79,14.25,4.74,1.0,2.0,1.0
208.0,8.0,932.9,480.41,50.17,13.51,1.0,0.0,1.0
208.0,11.0,1683.55,496.58,26.02,8.08,1.0,2.0,1.0
208.0,6.0,1162.99,494.98,5.06,6.12,1.0,3.0,1.0
208.0,12.0,1330.52,489.81,16.86,6.05,1.0,0.0,1.0
209.0,3.0,482.72,488.55,20.39,27.41,1.0,3.0,1.0
209.0,5.0,1172.99,480.54,14.3,4.75,1.0,2.0,1.0
209.0,11.0,1702.63,481.64,26.02,8.08,1.0,2.0,1.0
209.0,6.0,1172.64,484.5,5.06,6.12,1.0,3.0,1.0
209.0,12.0,1344.58,476.62,16.86,6.05,1.0,0.0,1.0
210.0,3.0,488.2,486.35,20.39,27.41,1.0,3.0,1.0
210.0,5.0,1182.4,475.0,14.34,4.76,1.0,2.0,1.0
210.0,11.0,1711.77,472.88,26.02,8.08,1.0,2.0,1.0
210.0,6.0,1187.26,480.36,5.06,6.12,1.0,3.0,1.0
210.0,12.0,1351.28,471.43,17.94,4.97,1.0,0.0,1.0
211.0,3.0,481.4,483.94,20.39,27.41,1.0,3.0,1.0
211.0,5.0,1182.98,475.7,14.38,4.77,1.0,2.0,1.0
211.0,11.0,1720.34,478.21,26.02,8.08,1.0,2.0,1.0
211.0,6.0,1181.74,480.36,5.06,6.12,1.0,3.0,1.0
211.0,12.0,1355.38,472.95,18.37,6.15,1.0,0.0,1.0
212.0,1.0,787.22,435.65,142.12,51.46,1.0,0.0,1.0
212.0,3.0,473.07,479.12,20.39,27.41,1.0,3.0,1.0
212.0,5.0,1182.46,479.51,14.43,4.79,1.0,2.0,1.0
212.0,8.0,954.2,468.61,50.17,13.51,1.0,0.0,1.0
212.0,11.0,1721.69,487.01,26.02,9.37,1.0,2.0,1.0
212.0,6.0,1179.81,483.12,5.06,6.12,1.0,3.0,1.0
212.0,12.0,1352.79,479.0,18.37,6.15,1.0,0.0,1.0
213.0,3.0,460.79,483.94,22.15,28.51,1.0,3.0,1.0
213.0,5.0,1182.86,483.13,14.47,4.8,1.0,2.0,1.0
213.0,11.0,1721.12,489.04,26.02,9.37,1.0,2.0,1.0
213.0,6.0,1180.64,486.71,5.06,6.12,1.0,3.0,1.0
213.0,12.0,1352.36,482.02,18.37,6.15,1.0,0.0,1.0
214.0,1.0,784.44,453.7,139.8,50.27,1.0,0.0,1.0
214.0,3.0,445.22,500.61,21.93,30.26,1.0,3.0,1.0
214.0,5.0,1178.68,490.95,14.51,4.81,1.0,2.0,1.0
214.0,8.0,947.72,483.36,50.17,13.51,1.0,0.0,1.0
214.0,11.0,1718.18,487.71,26.02,9.37,1.0,2.0,1.0
214.0,6.0,1175.95,494.98,5.06,6.12,1.0,3.0,1.0
214.0,12.0,1347.17,487.43,18.37,6.15,1.0,0.0,1.0
215.0,1.0,776.35,460.93,139.8,50.27,1.0,0.0,1.0
215.0,3.0,425.49,509.6,21.93,30.26,1.0,3.0,1.0
215.0,5.0,1167.73,497.83,14.56,4.82,1.0,2.0,1.0
215.0,8.0,938.15,490.88,50.17,13.51,1.0,0.0,1.0
215.0,11.0,1705.01,497.52,26.02,8.03,1.0,2.0,1.0
215.0,6.0,1165.19,502.15,5.06,6.12,1.0,3.0,1.0
215.0,12.0,1337.01,494.56,18.37,6.15,1.0,0.0,1.0
216.0,3.0,396.1,511.35,21.93,28.51,1.0,3.0,1.0
216.0,11.0,1684.06,512.15,26.02,8.81,1.0,2.0,1.0
216.0,12.0,1317.23,505.15,21.94,6.15,1.0,0.0,1.0
217.0,3.0,366.06,498.85,21.93,28.51,1.0,3.0,1.0
217.0,11.0,1661.02,516.36,32.44,8.81,1.0,2.0,1.0
217.0,12.0,1305.13,506.45,22.59,5.5,1.0,0.0,1.0
218.0,3.0,341.5,487.45,23.24,29.38,1.0,3.0,1.0
218.0,11.0,1645.7,508.14,32.44,8.81,1.0,2.0,1.0
218.0,12.0,1294.97,496.94,20.42,5.5,1.0,0.0,1.0
219.0,3.0,318.25,485.04,23.9,30.26,1.0,3.0,1.0
219.0,11.0,1636.54,498.79,32.44,8.81,1.0,2.0,1.0
219.0,12.0,1287.83,489.81,18.48,5.5,1.0,0.0,1.0
220.0,1.0,721.21,442.15,141.87,52.38,1.0,0.0,1.0
220.0,3.0,301.37,488.33,23.9,30.26,1.0,3.0,1.0
220.0,5.0,1113.78,485.94,14.78,4.55,1.0,2.0,1.0
220.0,8.0,880.26,475.55,50.17,13.51,1.0,0.0,1.0
220.0,11.0,1631.69,492.0,32.44,8.81,1.0,2.0,1.0
220.0,6.0,1111.42,487.81,5.06,6.12,1.0,3.0,1.0
220.0,12.0,1282.43,484.19,16.32,5.5,1.0,0.0,1.0
221.0,1.0,720.74,438.91,141.87,52.38,1.0,0.0,1.0
221.0,3.0,288.87,483.72,25.66,33.11,1.0,3.0,1.0
221.0,5.0,1114.23,483.5,14.82,4.56,1.0,2.0,1.0
221.0,8.0,880.1,471.78,50.17,13.51,1.0,0.0,1.0
221.0,11.0,1633.0,488.64,32.44,8.81,1.0,2.0,1.0
221.0,6.0,1111.97,486.16,5.06,6.12,1.0,3.0,1.0
221.0,12.0,1281.57,482.02,16.32,5.5,1.0,0.0,1.0
222.0,3.0,277.68,483.5,25.66,33.11,1.0,3.0,1.0
222.0,11.0,1634.47,488.46,32.44,8.81,1.0,2.0,1.0
222.0,12.0,1282.86,480.73,16.32,5.5,1.0,0.0,1.0
223.0,3.0,270.23,483.06,27.63,36.18,1.0,3.0,1.0
223.0,11.0,1639.65,488.46,32.44,8.81,1.0,2.0,1.0
223.0,12.0,1286.32,481.38,16.32,5.5,1.0,0.0,1.0
224.0,1.0,738.99,444.99,141.87,52.38,1.0,0.0,1.0
224.0,3.0,268.25,486.38,27.63,39.01,1.0,3.0,1.0
224.0,5.0,1135.65,487.86,14.95,5.04,1.0,2.0,1.0
224.0,8.0,894.82,478.91,50.17,12.43,1.0,0.0,1.0
224.0,11.0,1657.83,491.77,32.44,8.81,1.0,2.0,1.0
224.0,6.0,1135.61,491.81,5.41,6.81,1.0,3.0,1.0
224.0,12.0,1296.7,485.48,16.32,5.5,1.0,0.0,1.0
225.0,3.0,264.37,495.71,27.63,39.01,1.0,3.0,1.0
225.0,11.0,1675.34,493.52,26.52,8.81,1.0,2.0,1.0
225.0,12.0,1305.99,489.37,16.32,5.5,1.0,0.0,1.0
226.0,3.0,258.93,496.48,27.63,39.01,1.0,3.0,1.0
226.0,11.0,1686.53,493.89,26.52,8.81,1.0,2.0,1.0
226.0,12.0,1312.91,489.81,16.32,5.5,1.0,0.0,1.0
227.0,1.0,763.9,450.98,138.46,51.54,1.0,0.0,1.0
227.0,3.0,255.3,497.0,27.63,39.01,1.0,3.0,1.0
227.0,5.0,1153.9,491.32,15.08,5.07,1.0,2.0,1.0
227.0,8.0,914.41,483.28,50.17,12.43,1.0,0.0,1.0
227.0,11.0,1698.31,492.39,26.52,8.81,1.0,2.0,1.0
227.0,6.0,1152.32,494.87,5.41,6.81,1.0,3.0,1.0
227.0,12.0,1322.21,488.82,15.24,4.97,1.0,0.0,1.0
228.0,1.0,770.44,455.22,138.46,51.54,1.0,0.0,1.0
228.0,3.0,244.91,505.15,29.07,39.08,1.0,3.0,1.0
228.0,5.0,1159.13,492.9,15.12,5.08,1.0,2.0,1.0
228.0,8.0,919.29,486.9,50.17,12.43,1.0,0.0,1.0
228.0,11.0,1705.87,491.85,26.52,8.81,1.0,2.0,1.0
228.0,6.0,1156.65,496.57,5.41,6.81,1.0,3.0,1.0
228.0,12.0,1327.83,489.47,15.24,4.97,1.0,0.0,1.0
229.0,3.0,226.37,509.4,29.07,37.08,1.0,3.0,1.0
229.0,11.0,1709.95,492.24,26.52,8.81,1.0,2.0,1.0
229.0,12.0,1326.83,489.97,18.22,4.97,1.0,0.0,1.0
230.0,1.0,762.92,460.13,138.46,51.54,1.0,0.0,1.0
230.0,3.0,196.88,506.31,31.31,38.48,1.0,3.0,1.0
230.0,5.0,1151.61,503.0,15.21,5.27,1.0,2.0,1.0
230.0,8.0,908.02,493.58,50.17,12.43,1.0,0.0,1.0
230.0,11.0,1697.73,510.42,26.52,8.81,1.0,2.0,1.0
230.0,6.0,1150.27,504.6,5.41,6.81,1.0,3.0,1.0
230.0,12.0,1317.15,502.14,18.22,4.97,1.0,0.0,1.0
231.0,1.0,754.43,457.84,138.46,51.54,1.0,0.0,1.0
231.0,3.0,164.01,494.24,33.28,39.89,1.0,3.0,1.0
231.0,5.0,1144.21,506.01,15.25,5.28,1.0,2.0,1.0
231.0,8.0,903.1,494.38,50.17,12.43,1.0,0.0,1.0
231.0,11.0,1688.15,517.78,26.52,8.81,1.0,2.0,1.0
231.0,6.0,1142.26,509.3,5.41,6.81,1.0,3.0,1.0
231.0,12.0,1311.43,506.61,18.22,4.97,1.0,0.0,1.0
232.0,3.0,133.08,490.85,35.24,41.35,1.0,3.0,1.0
232.0,11.0,1680.34,513.41,26.52,8.81,1.0,2.0,1.0
232.0,12.0,1302.49,502.14,18.22,4.97,1.0,0.0,1.0
233.0,1.0,742.66,455.22,138.46,51.54,1.0,0.0,1.0
233.0,3.0,108.28,495.65,33.77,45.87,1.0,3.0,1.0
233.0,5.0,1133.17,499.3,13.67,5.74,1.0,2.0,1.0
233.0,8.0,889.76,489.84,50.17,12.43,1.0,0.0,1.0
233.0,11.0,1678.78,506.04,26.52,8.81,1.0,2.0,1.0
233.0,6.0,1124.81,501.46,5.41,6.81,1.0,3.0,1.0
233.0,12.0,1299.45,498.28,18.22,4.97,1.0,0.0,1.0
234.0,1.0,744.3,455.22,138.46,51.54,1.0,0.0,1.0
234.0,3.0,89.04,487.51,35.64,54.86,1.0,3.0,1.0
234.0,5.0,1135.36,497.37,13.72,5.75,1.0,2.0,1.0
234.0,8.0,889.9,488.83,50.17,12.43,1.0,0.0,1.0
234.0,11.0,1681.24,502.45,28.9,9.57,1.0,2.0,1.0
234.0,6.0,1130.61,500.04,5.41,6.81,1.0,3.0,1.0
234.0,12.0,1299.04,496.45,18.22,4.97,1.0,0.0,1.0
235.0,3.0,75.73,480.85,35.82,55.59,1.0,3.0,1.0
235.0,11.0,1687.4,499.56,28.9,9.57,1.0,2.0,1.0
235.0,12.0,1303.91,493.0,18.22,4.97,1.0,0.0,1.0
236.0,1.0,758.67,442.48,136.35,51.54,1.0,0.0,1.0
236.0,3.0,61.67,471.97,40.13,56.84,1.0,3.0,1.0
236.0,5.0,1145.93,486.23,13.82,5.77,1.0,2.0,1.0
236.0,8.0,901.12,476.13,50.17,12.43,1.0,0.0,1.0
236.0,11.0,1699.25,493.7,28.9,9.57,1.0,2.0,1.0
236.0,6.0,1142.84,488.91,5.41,6.49,1.0,3.0,1.0
236.0,12.0,1310.61,486.71,18.22,4.97,1.0,0.0,1.0
237.0,3.0,49.09,473.45,43.81,60.02,1.0,3.0,1.0
237.0,11.0,1713.52,490.54,30.62,9.57,1.0,2.0,1.0
237.0,12.0,1321.02,484.34,17.04,5.05,1.0,0.0,1.0
238.0,3.0,40.22,480.11,42.94,60.99,1.0,3.0,1.0
238.0,11.0,1726.5,486.3,30.62,9.57,1.0,2.0,1.0
238.0,12.0,1331.43,482.21,17.04,5.05,1.0,0.0,1.0
239.0,1.0,786.45,443.46,136.35,51.54,1.0,0.0,1.0
239.0,3.0,32.08,474.19,42.18,68.18,1.0,3.0,1.0
239.0,5.0,1169.81,483.94,13.97,5.79,1.0,2.0,1.0
239.0,8.0,928.58,476.61,50.17,12.43,1.0,0.0,1.0
239.0,11.0,1739.01,486.18,30.62,9.57,1.0,2.0,1.0
239.0,6.0,1165.86,488.57,5.41,6.49,1.0,3.0,1.0
239.0,12.0,1339.06,481.98,13.67,5.05,1.0,0.0,1.0
240.0,3.0,15.8,475.67,47.87,65.85,1.0,3.0,1.0
240.0,5.0,1182.1,482.81,14.02,5.8,1.0,2.0,1.0
240.0,11.0,1752.21,485.08,30.62,9.57,1.0,2.0,1.0
240.0,6.0,1177.09,487.64,5.41,6.49,1.0,3.0,1.0
240.0,12.0,1351.37,481.03,18.16,5.05,1.0,0.0,1.0
241.0,1.0,805.73,441.17,136.35,51.54,1.0,0.0,1.0
241.0,3.0,2.59,479.37,47.25,69.35,1.0,3.0,1.0
241.0,5.0,1189.04,478.95,14.07,5.81,1.0,2.0,1.0
241.0,8.0,945.98,473.02,50.17,12.43,1.0,0.0,1.0
241.0,11.0,1767.08,475.88,30.62,9.57,1.0,2.0,1.0
241.0,6.0,1189.43,481.33,5.02,6.49,1.0,3.0,1.0
241.0,12.0,1359.65,476.3,18.16,5.05,1.0,0.0,1.0
242.0,1.0,813.25,444.77,134.06,51.54,1.0,0.0,1.0
242.0,3.0,0.27,493.43,29.08,67.58,1.0,3.0,1.0
242.0,5.0,1197.6,478.21,14.12,5.81,1.0,2.0,1.0
242.0,8.0,950.23,474.43,50.17,12.43,1.0,0.0,1.0
242.0,11.0,1775.36,469.48,30.62,9.57,1.0,2.0,1.0
242.0,6.0,1194.56,480.62,5.41,6.49,1.0,3.0,1.0
242.0,12.0,1365.33,472.98,18.16,5.05,1.0,0.0,1.0
243.0,5.0,1198.42,479.86,14.17,5.82,1.0,2.0,1.0
243.0,11.0,1780.31,472.46,30.62,9.57,1.0,2.0,1.0
243.0,6.0,1197.45,482.67,6.81,6.49,1.0,3.0,1.0
243.0,12.0,1368.41,475.11,19.35,4.81,1.0,0.0,1.0
244.0,1.0,810.96,455.55,133.41,52.93,1.0,0.0,1.0
244.0,5.0,1194.48,491.75,14.22,5.83,1.0,2.0,1.0
244.0,8.0,944.69,487.41,50.17,12.43,1.0,0.0,1.0
244.0,11.0,1773.34,488.42,30.62,9.57,1.0,2.0,1.0
244.0,6.0,1190.16,500.01,6.1,6.18,1.0,3.0,1.0
244.0,12.0,1362.25,487.18,17.45,5.52,1.0,0.0,1.0
245.0,5.0,1177.37,500.86,14.27,5.84,1.0,2.0,1.0
245.0,11.0,1757.65,503.37,30.62,9.57,1.0,2.0,1.0
245.0,6.0,1169.63,507.43,5.4,5.88,1.0,3.0,1.0
245.0,12.0,1344.74,497.83,19.11,5.05,1.0,0.0,1.0
246.0,11.0,1737.05,511.82,30.94,10.6,1.0,2.0,1.0
246.0,12.0,1326.57,505.64,17.64,5.95,1.0,0.0,1.0
247.0,11.0,1717.27,512.47,30.94,10.6,1.0,2.0,1.0
247.0,12.0,1310.28,507.74,16.4,5.33,1.0,0.0,1.0
248.0,11.0,1695.48,507.53,30.94,10.6,1.0,2.0,1.0
248.0,12.0,1295.87,502.77,16.4,5.33,1.0,0.0,1.0
249.0,1.0,735.8,457.84,137.0,52.31,1.0,0.0,1.0
249.0,5.0,1122.14,501.55,12.88,5.33,1.0,2.0,1.0
249.0,8.0,870.78,492.89,45.35,12.05,1.0,0.0,1.0
249.0,11.0,1684.43,505.64,30.94,10.6,1.0,2.0,1.0
249.0,6.0,1115.7,506.82,5.0,5.56,1.0,3.0,1.0
249.0,12.0,1286.19,499.79,16.4,5.33,1.0,0.0,1.0
250.0,11.0,1670.78,509.01,30.94,10.6,1.0,2.0,1.0
250.0,12.0,1273.02,503.02,16.4,5.33,1.0,0.0,1.0
251.0,11.0,1651.3,509.37,30.94,10.6,1.0,2.0,1.0
251.0,12.0,1260.35,499.54,16.52,7.27,1.0,0.0,1.0
252.0,11.0,1647.43,501.31,30.94,10.6,1.0,2.0,1.0
252.0,12.0,1250.44,492.6,16.52,7.27,1.0,0.0,1.0
253.0,11.0,1642.1,496.42,30.94,10.6,1.0,2.0,1.0
253.0,12.0,1246.14,487.66,19.83,6.92,1.0,0.0,1.0
254.0,11.0,1641.04,496.42,30.94,10.6,1.0,2.0,1.0
254.0,12.0,1243.5,487.99,19.83,6.92,1.0,0.0,1.0
255.0,11.0,1645.61,490.15,30.94,10.6,1.0,2.0,1.0
255.0,12.0,1246.14,482.7,19.83,6.92,1.0,0.0,1.0
256.0,11.0,1659.7,482.61,29.96,10.6,1.0,2.0,1.0
256.0,12.0,1257.05,476.42,19.83,6.92,1.0,0.0,1.0
257.0,1.0,733.94,436.56,134.65,53.11,1.0,0.0,1.0
257.0,5.0,1109.15,477.25,13.33,5.41,1.0,2.0,1.0
257.0,8.0,867.32,470.21,41.44,12.88,1.0,0.0,1.0
257.0,11.0,1688.16,479.56,29.96,10.6,1.0,2.0,1.0
257.0,6.0,1102.49,479.39,5.03,6.48,1.0,3.0,1.0
257.0,12.0,1278.2,475.43,19.83,6.92,1.0,0.0,1.0
258.0,11.0,1709.44,480.09,29.96,10.6,1.0,2.0,1.0
258.0,12.0,1296.05,478.07,18.51,7.92,1.0,0.0,1.0
259.0,1.0,759.22,449.12,132.71,52.04,1.0,0.0,1.0
259.0,5.0,1137.23,488.39,13.44,5.43,1.0,2.0,1.0
259.0,8.0,890.01,481.21,41.29,12.88,1.0,0.0,1.0
259.0,11.0,1727.65,485.27,28.44,10.63,1.0,2.0,1.0
259.0,6.0,1132.52,490.29,5.03,6.48,1.0,3.0,1.0
259.0,12.0,1305.3,484.35,18.51,7.92,1.0,0.0,1.0
260.0,1.0,763.65,449.37,132.71,52.04,1.0,0.0,1.0
260.0,5.0,1140.41,490.31,13.5,5.44,1.0,2.0,1.0
260.0,8.0,896.09,482.45,38.57,12.64,1.0,0.0,1.0
260.0,11.0,1736.84,490.78,28.44,10.63,1.0,2.0,1.0
260.0,6.0,1136.55,492.98,5.03,6.48,1.0,3.0,1.0
260.0,12.0,1309.93,486.34,18.51,7.92,1.0,0.0,1.0
261.0,1.0,771.53,449.37,132.71,52.53,1.0,0.0,1.0
261.0,5.0,1144.05,492.86,13.56,5.45,1.0,2.0,1.0
261.0,8.0,904.18,483.58,37.03,12.64,1.0,0.0,1.0
261.0,11.0,1749.21,497.45,28.44,10.63,1.0,2.0,1.0
261.0,6.0,1141.24,494.49,5.03,6.48,1.0,3.0,1.0
261.0,12.0,1317.86,490.3,18.51,7.92,1.0,0.0,1.0
262.0,11.0,1753.98,498.68,28.44,10.63,1.0,2.0,1.0
262.0,12.0,1324.36,492.95,17.63,7.92,1.0,0.0,1.0
263.0,11.0,1760.73,495.24,36.81,11.14,1.0,2.0,1.0
263.0,12.0,1330.64,494.6,17.63,7.92,1.0,0.0,1.0
264.0,1.0,784.58,468.09,131.23,52.53,1.0,0.0,1.0
264.0,5.0,1161.41,505.3,13.72,5.48,1.0,2.0,1.0
264.0,8.0,914.57,499.5,37.98,12.64,1.0,0.0,1.0
264.0,11.0,1766.23,502.2,36.81,11.14,1.0,2.0,1.0
264.0,6.0,1155.67,507.91,5.03,6.48,1.0,3.0,1.0
264.0,12.0,1332.62,501.21,17.63,7.92,1.0,0.0,1.0
265.0,1.0,787.29,465.62,131.23,52.53,1.0,0.0,1.0
265.0,5.0,1163.39,507.94,13.78,5.49,1.0,2.0,1.0
265.0,8.0,917.94,499.28,37.46,12.64,1.0,0.0,1.0
265.0,11.0,1773.98,514.08,32.82,11.14,1.0,2.0,1.0
265.0,6.0,1155.67,510.43,5.03,6.48,1.0,3.0,1.0
265.0,12.0,1334.6,506.16,17.63,7.92,1.0,0.0,1.0
266.0,5.0,1164.09,510.42,13.83,5.5,1.0,2.0,1.0
266.0,11.0,1775.7,520.79,32.82,11.14,1.0,2.0,1.0
266.0,12.0,1334.6,510.79,17.63,7.92,1.0,0.0,1.0
267.0,5.0,1163.37,511.63,13.89,5.51,1.0,2.0,1.0
267.0,11.0,1775.1,516.14,32.82,11.14,1.0,2.0,1.0
267.0,12.0,1330.64,509.8,17.63,7.92,1.0,0.0,1.0
268.0,1.0,783.84,467.35,131.23,52.53,1.0,0.0,1.0
268.0,5.0,1159.83,509.84,13.95,5.52,1.0,2.0,1.0
268.0,8.0,914.92,500.74,34.11,12.64,1.0,0.0,1.0
268.0,11.0,1773.7,513.2,32.82,11.14,1.0,2.0,1.0
268.0,6.0,1152.48,511.43,4.53,6.48,1.0,3.0,1.0
268.0,12.0,1327.66,507.16,17.63,7.92,1.0,0.0,1.0
269.0,11.0,1776.46,514.85,32.82,11.14,1.0,2.0,1.0
269.0,12.0,1327.99,504.84,17.63,7.92,1.0,0.0,1.0
270.0,1.0,793.45,455.53,131.23,52.53,1.0,0.0,1.0
270.0,5.0,1167.68,500.97,14.06,5.54,1.0,2.0,1.0
270.0,8.0,924.14,489.94,34.11,12.64,1.0,0.0,1.0
270.0,11.0,1791.35,510.39,30.67,10.71,1.0,2.0,1.0
270.0,6.0,1161.37,502.88,4.53,6.48,1.0,3.0,1.0
270.0,12.0,1336.25,498.56,17.63,7.92,1.0,0.0,1.0
271.0,5.0,1179.05,490.59,14.11,5.55,1.0,2.0,1.0
271.0,11.0,1807.11,489.87,30.67,10.71,1.0,2.0,1.0
271.0,6.0,1173.13,492.67,4.53,6.48,1.0,3.0,1.0
271.0,12.0,1350.13,486.01,17.63,7.92,1.0,0.0,1.0
272.0,1.0,817.34,447.89,133.69,52.53,1.0,0.0,1.0
272.0,5.0,1190.67,483.56,14.17,5.56,1.0,2.0,1.0
272.0,8.0,946.39,479.12,31.05,12.64,1.0,0.0,1.0
272.0,11.0,1827.59,473.51,30.67,10.71,1.0,2.0,1.0
272.0,6.0,1186.05,486.03,4.53,6.48,1.0,3.0,1.0
272.0,12.0,1361.7,477.08,17.63,7.92,1.0,0.0,1.0
273.0,1.0,822.27,451.09,130.0,52.53,1.0,0.0,1.0
273.0,5.0,1190.61,482.69,14.23,5.57,1.0,2.0,1.0
273.0,8.0,950.03,481.34,31.05,12.64,1.0,0.0,1.0
273.0,11.0,1833.16,469.21,30.67,10.71,1.0,2.0,1.0
273.0,6.0,1183.95,486.21,5.59,6.48,1.0,3.0,1.0
273.0,12.0,1363.68,475.43,17.63,7.92,1.0,0.0,1.0
274.0,5.0,1184.26,492.2,14.28,5.58,1.0,2.0,1.0
274.0,11.0,1829.43,484.55,30.67,10.71,1.0,2.0,1.0
274.0,6.0,1181.85,495.99,5.5,6.48,1.0,3.0,1.0
274.0,12.0,1359.72,485.34,16.3,7.26,1.0,0.0,1.0
275.0,5.0,1176.36,502.3,14.34,5.59,1.0,2.0,1.0
275.0,11.0,1808.99,507.05,30.67,11.34,1.0,2.0,1.0
275.0,6.0,1168.37,505.76,5.42,6.48,1.0,3.0,1.0
275.0,12.0,1343.85,499.55,16.3,7.26,1.0,0.0,1.0
276.0,11.0,1781.08,522.4,30.67,11.34,1.0,2.0,1.0
276.0,12.0,1320.39,511.12,16.3,7.26,1.0,0.0,1.0
277.0,1.0,759.71,469.57,132.46,52.53,1.0,0.0,1.0
277.0,5.0,1122.51,514.6,14.45,5.61,1.0,2.0,1.0
277.0,8.0,890.17,500.61,28.43,16.53,1.0,0.0,1.0
277.0,11.0,1754.62,524.45,30.67,11.34,1.0,2.0,1.0
277.0,6.0,1117.88,519.35,5.26,6.48,1.0,3.0,1.0
277.0,12.0,1299.24,514.43,18.95,7.79,1.0,0.0,1.0
278.0,1.0,743.7,464.89,132.46,52.53,1.0,0.0,1.0
278.0,5.0,1115.07,508.78,14.51,5.62,1.0,2.0,1.0
278.0,8.0,873.0,495.46,28.43,16.53,1.0,0.0,1.0
278.0,11.0,1733.93,517.09,30.67,11.34,1.0,2.0,1.0
278.0,6.0,1110.48,515.24,5.18,6.48,1.0,3.0,1.0
278.0,12.0,1281.42,509.0,21.94,7.79,1.0,0.0,1.0
279.0,11.0,1724.4,505.03,30.67,11.34,1.0,2.0,1.0
279.0,12.0,1270.1,501.22,21.94,7.79,1.0,0.0,1.0
280.0,1.0,727.69,449.37,132.46,52.53,1.0,0.0,1.0
280.0,5.0,1092.7,490.66,14.62,5.71,1.0,2.0,1.0
280.0,8.0,856.35,481.51,23.61,13.97,1.0,0.0,1.0
280.0,11.0,1713.51,491.59,30.67,13.1,1.0,2.0,1.0
280.0,6.0,1090.47,495.53,5.02,6.48,1.0,3.0,1.0
280.0,12.0,1261.25,490.25,21.94,7.43,1.0,0.0,1.0
281.0,11.0,1708.27,484.61,30.67,13.1,1.0,2.0,1.0
281.0,12.0,1259.84,479.98,21.94,7.43,1.0,0.0,1.0
282.0,11.0,1706.32,482.84,30.67,13.1,1.0,2.0,1.0
282.0,12.0,1258.42,479.28,21.94,7.43,1.0,0.0,1.0
283.0,11.0,1709.9,478.63,30.67,13.1,1.0,2.0,1.0
283.0,12.0,1256.3,478.57,21.94,7.43,1.0,0.0,1.0
284.0,11.0,1707.43,478.83,30.67,13.1,1.0,2.0,1.0
284.0,12.0,1255.24,478.57,19.82,7.43,1.0,0.0,1.0
285.0,11.0,1701.11,486.83,30.67,13.1,1.0,2.0,1.0
285.0,12.0,1246.74,481.05,19.82,6.72,1.0,0.0,1.0
286.0,1.0,709.5,442.06,131.72,53.27,1.0,0.0,1.0
286.0,5.0,1080.48,489.14,14.95,5.77,1.0,2.0,1.0
286.0,8.0,840.5,478.08,20.34,11.64,1.0,0.0,1.0
286.0,11.0,1705.35,498.51,30.67,13.1,1.0,2.0,1.0
286.0,6.0,1072.11,490.63,4.53,6.48,1.0,3.0,1.0
286.0,12.0,1247.1,489.18,19.82,6.72,1.0,0.0,1.0
287.0,11.0,1711.52,497.6,30.67,13.1,1.0,2.0,1.0
287.0,12.0,1250.28,488.83,19.82,6.72,1.0,0.0,1.0
288.0,11.0,1720.85,490.37,30.67,13.1,1.0,2.0,1.0
288.0,12.0,1253.11,485.29,22.65,8.14,1.0,0.0,1.0
289.0,11.0,1725.12,486.68,30.67,13.1,1.0,2.0,1.0
289.0,12.0,1257.01,484.94,22.65,8.14,1.0,0.0,1.0
290.0,1.0,725.99,448.44,131.72,53.27,1.0,0.0,1.0
290.0,5.0,1096.23,489.42,15.18,6.15,1.0,2.0,1.0
290.0,8.0,857.56,483.91,16.37,10.99,1.0,0.0,1.0
290.0,11.0,1730.17,490.68,30.67,13.1,1.0,2.0,1.0
290.0,6.0,1085.09,492.81,4.64,6.48,1.0,3.0,1.0
290.0,12.0,1259.48,486.0,22.29,8.14,1.0,0.0,1.0
291.0,11.0,1735.97,497.97,30.67,13.1,1.0,2.0,1.0
291.0,12.0,1251.7,490.6,28.31,12.03,1.0,0.0,1.0
292.0,11.0,1738.44,501.97,30.67,13.1,1.0,2.0,1.0
292.0,12.0,1251.7,492.72,28.31,12.03,1.0,0.0,1.0
293.0,11.0,1730.75,504.14,32.02,13.1,1.0,2.0,1.0
293.0,12.0,1244.62,496.62,28.31,12.03,1.0,0.0,1.0
294.0,1.0,718.81,453.49,130.18,53.27,1.0,0.0,1.0
294.0,5.0,1089.87,498.16,15.4,6.18,1.0,2.0,1.0
294.0,8.0,848.83,489.38,14.21,12.49,1.0,0.0,1.0
294.0,11.0,1730.93,503.06,32.02,13.1,1.0,2.0,1.0
294.0,6.0,1077.88,500.86,4.64,6.48,1.0,3.0,1.0
294.0,12.0,1242.85,497.32,28.31,12.03,1.0,0.0,1.0
295.0,11.0,1730.38,496.83,32.02,13.1,1.0,2.0,1.0
295.0,12.0,1245.68,491.31,28.31,12.03,1.0,0.0,1.0
296.0,11.0,1726.61,496.99,36.96,13.1,1.0,2.0,1.0
296.0,12.0,1240.38,491.31,28.31,12.03,1.0,0.0,1.0
297.0,1.0,714.29,451.1,130.18,53.27,1.0,0.0,1.0
297.0,5.0,1082.42,495.11,15.57,6.21,1.0,2.0,1.0
297.0,8.0,843.17,486.39,14.12,12.49,1.0,0.0,1.0
297.0,11.0,1726.82,501.12,36.96,13.1,1.0,2.0,1.0
297.0,6.0,1071.71,498.92,4.78,6.48,1.0,3.0,1.0
297.0,12.0,1238.61,493.78,28.31,12.03,1.0,0.0,1.0
298.0,11.0,1737.34,503.85,36.96,13.1,1.0,2.0,1.0
298.0,12.0,1242.5,495.2,28.31,12.03,1.0,0.0,1.0
299.0,1.0,730.78,447.91,130.18,53.27,1.0,0.0,1.0
299.0,5.0,1090.28,491.5,15.68,6.22,1.0,2.0,1.0
299.0,8.0,858.77,483.36,11.34,11.78,1.0,0.0,1.0
299.0,11.0,1748.71,497.54,36.96,13.1,1.0,2.0,1.0
299.0,6.0,1082.98,495.13,4.78,6.48,1.0,3.0,1.0
299.0,12.0,1251.7,490.6,28.31,12.03,1.0,0.0,1.0
300.0,11.0,1771.13,496.6,36.96,13.1,1.0,2.0,1.0
300.0,12.0,1264.08,491.31,28.31,12.03,1.0,0.0,1.0
301.0,1.0,753.39,456.95,130.18,53.27,1.0,0.0,1.0
301.0,5.0,1118.73,496.1,15.79,6.24,1.0,2.0,1.0
301.0,8.0,883.21,491.31,10.34,11.78,1.0,0.0,1.0
301.0,11.0,1789.42,494.28,36.96,13.1,1.0,2.0,1.0
301.0,6.0,1106.31,499.62,4.78,6.48,1.0,3.0,1.0
301.0,12.0,1278.95,493.78,28.31,12.03,1.0,0.0,1.0
302.0,11.0,1813.53,492.98,36.96,13.1,1.0,2.0,1.0
302.0,12.0,1295.93,492.72,28.31,12.03,1.0,0.0,1.0
303.0,1.0,787.43,456.95,126.72,53.27,1.0,0.0,1.0
303.0,5.0,1149.0,496.87,15.9,6.25,1.0,2.0,1.0
303.0,8.0,913.68,491.17,10.34,11.78,1.0,0.0,1.0
303.0,11.0,1840.99,499.04,36.96,13.1,1.0,2.0,1.0
303.0,6.0,1139.63,500.99,4.78,6.48,1.0,3.0,1.0
303.0,12.0,1314.33,494.49,28.31,12.03,1.0,0.0,1.0
304.0,1.0,803.12,459.35,125.52,52.46,1.0,0.0,1.0
304.0,5.0,1162.67,502.58,15.96,6.26,1.0,2.0,1.0
304.0,8.0,926.78,495.0,11.23,11.78,1.0,0.0,1.0
304.0,11.0,1865.73,506.49,36.96,13.1,1.0,2.0,1.0
304.0,6.0,1154.61,505.29,4.78,6.48,1.0,3.0,1.0
304.0,12.0,1328.84,500.51,28.31,12.03,1.0,0.0,1.0
305.0,1.0,817.26,461.87,126.28,52.46,1.0,0.0,1.0
305.0,5.0,1176.84,504.99,16.02,5.93,1.0,2.0,1.0
305.0,8.0,941.52,496.99,11.23,11.78,1.0,0.0,1.0
305.0,11.0,1896.49,508.46,23.72,13.1,1.0,2.0,1.0
305.0,6.0,1164.71,508.14,4.78,6.48,1.0,3.0,1.0
305.0,12.0,1342.64,502.63,28.31,12.03,1.0,0.0,1.0
306.0,1.0,831.67,463.13,124.99,52.46,1.0,0.0,1.0
306.0,5.0,1190.55,503.43,16.07,5.94,1.0,2.0,1.0
306.0,8.0,953.89,496.68,10.08,11.78,1.0,0.0,1.0
306.0,11.0,1903.09,505.58,17.12,11.29,1.0,2.0,1.0
306.0,6.0,1183.68,506.73,4.78,6.48,1.0,3.0,1.0
306.0,12.0,1353.61,500.86,30.08,12.03,1.0,0.0,1.0
307.0,1.0,839.25,466.42,124.99,52.46,1.0,0.0,1.0
307.0,5.0,1194.31,503.79,16.13,5.95,1.0,2.0,1.0
307.0,8.0,960.8,499.54,10.08,11.78,1.0,0.0,1.0
307.0,6.0,1184.93,507.06,4.78,6.48,1.0,3.0,1.0
307.0,12.0,1361.75,500.51,30.08,12.03,1.0,0.0,1.0
308.0,5.0,1198.56,510.79,16.18,5.96,1.0,2.0,1.0
308.0,6.0,1188.23,512.68,4.78,6.48,1.0,3.0,1.0
308.0,12.0,1359.98,508.65,30.08,12.03,1.0,0.0,1.0
309.0,5.0,1191.87,512.83,16.24,5.97,1.0,2.0,1.0
309.0,6.0,1185.9,515.98,4.78,6.48,1.0,3.0,1.0
309.0,12.0,1354.67,513.6,30.08,12.03,1.0,0.0,1.0
310.0,1.0,824.6,461.37,125.75,52.46,1.0,0.0,1.0
310.0,5.0,1182.29,510.86,16.3,5.98,1.0,2.0,1.0
310.0,6.0,1173.5,514.04,4.78,6.48,1.0,3.0,1.0
310.0,12.0,1347.95,511.83,31.85,12.03,1.0,0.0,1.0
311.0,1.0,825.61,456.32,125.75,52.46,1.0,0.0,1.0
311.0,5.0,1182.08,500.54,16.35,5.99,1.0,2.0,1.0
311.0,6.0,1175.04,502.78,4.78,6.48,1.0,3.0,1.0
311.0,12.0,1351.49,499.45,31.85,12.03,1.0,0.0,1.0
312.0,1.0,827.38,448.99,125.75,52.46,1.0,0.0,1.0
312.0,5.0,1182.24,488.95,16.41,6.0,1.0,2.0,1.0
312.0,6.0,1176.4,492.54,4.78,6.48,1.0,3.0,1.0
312.0,12.0,1351.49,486.0,31.85,12.03,1.0,0.0,1.0
313.0,5.0,1185.25,482.74,16.46,6.01,1.0,2.0,1.0
313.0,6.0,1179.47,486.74,4.78,6.48,1.0,3.0,1.0
313.0,12.0,1352.2,481.4,31.85,12.03,1.0,0.0,1.0
314.0,5.0,1190.71,485.12,16.52,6.02,1.0,2.0,1.0
314.0,6.0,1183.74,487.76,4.78,6.48,1.0,3.0,1.0
314.0,12.0,1366.0,486.0,31.85,12.03,1.0,0.0,1.0
315.0,1.0,852.38,439.4,125.75,52.46,1.0,0.0,1.0
315.0,5.0,1205.64,483.68,16.57,6.03,1.0,2.0,1.0
315.0,6.0,1200.46,487.76,4.78,6.48,1.0,3.0,1.0
315.0,12.0,1377.32,482.82,31.85,12.03,1.0,0.0,1.0
316.0,5.0,1213.46,479.41,16.63,6.04,1.0,2.0,1.0
316.0,6.0,1208.14,483.15,4.78,6.48,1.0,3.0,1.0
316.0,12.0,1391.12,476.45,29.37,12.03,1.0,0.0,1.0
317.0,5.0,1227.5,482.01,16.69,6.05,1.0,2.0,1.0
317.0,6.0,1219.06,485.37,4.78,6.48,1.0,3.0,1.0
317.0,12.0,1399.62,477.86,29.37,12.03,1.0,0.0,1.0
318.0,1.0,878.64,452.02,125.75,52.46,1.0,0.0,1.0
318.0,5.0,1232.33,492.19,16.74,6.06,1.0,2.0,1.0
318.0,6.0,1226.57,496.46,4.78,6.48,1.0,3.0,1.0
318.0,12.0,1410.94,489.54,29.37,12.03,1.0,0.0,1.0
319.0,5.0,1233.71,494.16,16.8,6.07,1.0,2.0,1.0
319.0,6.0,1228.96,498.51,4.78,6.48,1.0,3.0,1.0
319.0,12.0,1412.35,493.78,29.37,12.03,1.0,0.0,1.0
320.0,5.0,1238.12,497.57,16.85,6.51,1.0,2.0,1.0
320.0,6.0,1231.52,501.92,4.78,6.48,1.0,3.0,1.0
320.0,12.0,1412.71,496.97,29.37,12.03,1.0,0.0,1.0
321.0,5.0,1234.7,501.41,16.91,6.52,1.0,2.0,1.0
321.0,6.0,1227.94,505.17,4.78,6.48,1.0,3.0,1.0
321.0,12.0,1408.11,499.45,29.37,12.03,1.0,0.0,1.0
322.0,5.0,1224.27,501.81,16.97,6.53,1.0,2.0,1.0
322.0,6.0,1216.67,506.02,4.78,6.48,1.0,3.0,1.0
322.0,12.0,1397.85,500.15,29.37,12.03,1.0,0.0,1.0
323.0,5.0,1215.44,502.7,17.02,6.53,1.0,2.0,1.0
323.0,6.0,1208.99,507.04,4.78,6.48,1.0,3.0,1.0
323.0,12.0,1387.23,502.63,29.72,12.03,1.0,0.0,1.0
324.0,1.0,859.96,460.36,124.24,53.72,1.0,0.0,1.0
324.0,5.0,1211.11,503.75,17.08,6.54,1.0,2.0,1.0
324.0,6.0,1203.36,507.9,4.78,6.48,1.0,3.0,1.0
324.0,12.0,1383.34,505.11,29.72,12.03,1.0,0.0,1.0
325.0,1.0,858.44,457.07,124.24,53.72,1.0,0.0,1.0
325.0,5.0,1207.63,502.33,17.13,6.55,1.0,2.0,1.0
325.0,6.0,1200.46,506.02,4.78,6.48,1.0,3.0,1.0
325.0,12.0,1381.92,502.99,29.72,12.03,1.0,0.0,1.0
326.0,5.0,1204.65,501.74,17.19,6.56,1.0,2.0,1.0
326.0,6.0,1199.95,506.02,4.78,6.48,1.0,3.0,1.0
326.0,12.0,1380.86,501.57,29.72,12.03,1.0,0.0,1.0
327.0,5.0,1200.2,499.67,17.25,6.56,1.0,2.0,1.0
327.0,6.0,1194.49,503.8,4.78,6.48,1.0,3.0,1.0
327.0,12.0,1375.2,496.97,30.79,11.68,1.0,0.0,1.0
328.0,5.0,1193.46,494.31,17.3,6.57,1.0,2.0,1.0
328.0,6.0,1187.83,498.34,4.78,6.48,1.0,3.0,1.0
328.0,12.0,1367.15,491.66,32.47,11.68,1.0,0.0,1.0
329.0,1.0,842.6,456.17,124.24,53.72,1.0,0.0,1.0
329.0,5.0,1189.07,496.75,17.36,6.58,1.0,2.0,1.0
329.0,6.0,1184.25,500.56,5.2,6.48,1.0,3.0,1.0
329.0,12.0,1362.19,496.26,32.82,12.39,1.0,0.0,1.0
330.0,5.0,1182.55,507.75,13.26,6.45,1.0,2.0,1.0
330.0,6.0,1179.47,511.99,5.2,6.48,1.0,3.0,1.0
330.0,12.0,1357.59,507.94,32.82,12.39,1.0,0.0,1.0
331.0,1.0,829.96,461.23,124.24,53.72,1.0,0.0,1.0
331.0,5.0,1173.42,509.95,13.34,6.46,1.0,2.0,1.0
331.0,6.0,1169.75,513.87,5.2,6.48,1.0,3.0,1.0
331.0,12.0,1354.41,513.27,32.11,11.74,1.0,0.0,1.0
332.0,1.0,822.38,455.05,124.24,53.72,1.0,0.0,1.0
332.0,5.0,1160.92,501.91,15.85,6.47,1.0,2.0,1.0
332.0,6.0,1162.41,505.51,5.2,6.48,1.0,3.0,1.0
332.0,12.0,1342.02,502.65,32.11,11.74,1.0,0.0,1.0
333.0,12.0,1343.08,494.16,32.11,11.74,1.0,0.0,1.0
334.0,1.0,826.73,445.22,123.25,53.72,1.0,0.0,1.0
334.0,5.0,1167.38,485.37,15.98,6.48,1.0,2.0,1.0
334.0,6.0,1167.19,489.64,5.2,6.48,1.0,3.0,1.0
334.0,12.0,1346.27,482.48,32.11,11.74,1.0,0.0,1.0
335.0,5.0,1169.93,478.02,14.73,7.63,1.0,2.0,1.0
335.0,6.0,1170.77,483.49,5.2,6.48,1.0,3.0,1.0
335.0,12.0,1349.1,474.7,30.7,11.74,1.0,0.0,1.0
336.0,5.0,1170.36,477.33,14.81,7.64,1.0,2.0,1.0
336.0,6.0,1171.45,483.15,5.2,6.48,1.0,3.0,1.0
336.0,12.0,1352.28,475.41,27.88,11.74,1.0,0.0,1.0
337.0,5.0,1167.43,480.64,14.88,7.64,1.0,2.0,1.0
337.0,6.0,1167.36,486.05,5.2,6.48,1.0,3.0,1.0
337.0,12.0,1346.78,477.98,29.35,12.47,1.0,0.0,1.0
338.0,12.0,1339.45,482.74,29.35,12.47,1.0,0.0,1.0
339.0,12.0,1331.01,490.08,27.88,10.64,1.0,0.0,1.0
340.0,1.0,796.4,450.27,124.71,53.72,1.0,0.0,1.0
340.0,5.0,1139.25,491.29,15.1,7.64,1.0,2.0,1.0
340.0,6.0,1136.88,496.09,5.58,7.19,1.0,3.0,1.0
340.0,12.0,1317.8,492.28,27.88,10.64,1.0,0.0,1.0
341.0,1.0,787.97,453.36,124.71,53.72,1.0,0.0,1.0
341.0,5.0,1127.67,495.58,15.18,7.64,1.0,2.0,1.0
341.0,6.0,1127.91,500.3,5.58,7.19,1.0,3.0,1.0
341.0,12.0,1306.06,497.78,27.88,10.64,1.0,0.0,1.0
342.0,1.0,782.63,451.4,124.71,53.72,1.0,0.0,1.0
342.0,5.0,1122.03,494.17,15.25,7.64,1.0,2.0,1.0
342.0,6.0,1120.95,499.2,5.58,7.19,1.0,3.0,1.0
342.0,12.0,1297.99,495.58,31.18,10.64,1.0,0.0,1.0
343.0,1.0,779.26,450.27,124.71,54.97,1.0,0.0,1.0
343.0,5.0,1117.9,491.94,15.32,7.64,1.0,2.0,1.0
343.0,6.0,1118.39,497.37,5.58,7.19,1.0,3.0,1.0
343.0,12.0,1296.89,491.92,31.18,10.64,1.0,0.0,1.0
344.0,12.0,1293.96,493.38,31.18,10.64,1.0,0.0,1.0
345.0,12.0,1286.25,498.15,31.18,10.64,1.0,0.0,1.0
346.0,12.0,1277.81,501.09,31.92,10.64,1.0,0.0,1.0
347.0,12.0,1270.48,499.62,31.92,10.64,1.0,0.0,1.0
348.0,1.0,746.12,448.31,126.12,54.69,1.0,0.0,1.0
348.0,5.0,1083.94,495.32,13.97,6.64,1.0,2.0,1.0
348.0,6.0,1085.05,498.83,5.58,7.19,1.0,3.0,1.0
348.0,12.0,1263.51,496.32,31.92,10.64,1.0,0.0,1.0
349.0,1.0,744.15,446.34,126.12,54.69,1.0,0.0,1.0
349.0,5.0,1081.51,490.7,14.05,6.65,1.0,2.0,1.0
349.0,6.0,1081.94,495.54,5.58,7.19,1.0,3.0,1.0
349.0,12.0,1262.41,491.55,31.92,10.64,1.0,0.0,1.0
350.0,12.0,1266.81,485.31,31.92,10.64,1.0,0.0,1.0
351.0,1.0,764.38,439.32,126.12,54.69,1.0,0.0,1.0
351.0,5.0,1096.41,481.16,14.22,6.66,1.0,2.0,1.0
351.0,6.0,1099.71,485.83,5.58,7.19,1.0,3.0,1.0
351.0,12.0,1273.78,482.38,31.92,10.64,1.0,0.0,1.0
352.0,12.0,1283.68,483.11,31.92,10.64,1.0,0.0,1.0
353.0,12.0,1288.45,488.25,31.92,10.64,1.0,0.0,1.0
354.0,12.0,1297.62,488.61,33.75,12.47,1.0,0.0,1.0
355.0,12.0,1300.93,500.35,33.75,12.47,1.0,0.0,1.0
356.0,12.0,1302.39,510.62,34.85,12.11,1.0,0.0,1.0
357.0,12.0,1304.59,510.99,34.85,12.11,1.0,0.0,1.0
358.0,1.0,789.64,457.93,122.72,54.69,1.0,0.0,1.0
358.0,5.0,1121.13,505.65,14.82,6.72,1.0,2.0,1.0
358.0,6.0,1122.6,510.55,5.58,7.19,1.0,3.0,1.0
358.0,12.0,1306.06,509.16,34.85,12.11,1.0,0.0,1.0
359.0,12.0,1316.7,502.19,35.22,12.11,1.0,0.0,1.0
360.0,1.0,813.2,451.2,123.68,54.69,1.0,0.0,1.0
360.0,5.0,1142.32,496.75,12.09,6.46,1.0,2.0,1.0
360.0,6.0,1143.66,501.21,5.58,7.19,1.0,3.0,1.0
360.0,12.0,1328.07,496.68,37.79,12.11,1.0,0.0,1.0
361.0,5.0,1165.87,488.35,12.19,6.47,1.0,2.0,1.0
361.0,6.0,1166.98,492.73,5.58,7.19,1.0,3.0,1.0
361.0,12.0,1351.18,487.51,38.89,12.11,1.0,0.0,1.0
362.0,1.0,858.52,440.38,122.35,54.69,1.0,0.0,1.0
362.0,5.0,1189.06,479.83,12.3,6.48,1.0,2.0,1.0
362.0,6.0,1189.48,484.33,5.58,7.19,1.0,3.0,1.0
362.0,12.0,1377.96,477.24,38.89,12.11,1.0,0.0,1.0
363.0,5.0,1199.73,478.22,12.41,5.41,1.0,2.0,1.0
363.0,6.0,1202.08,480.7,5.58,7.19,1.0,3.0,1.0
363.0,12.0,1396.31,472.47,34.85,12.11,1.0,0.0,1.0
364.0,5.0,1232.92,488.41,12.51,5.43,1.0,2.0,1.0
364.0,6.0,1230.32,491.85,5.58,7.19,1.0,3.0,1.0
364.0,12.0,1413.18,480.91,34.85,12.11,1.0,0.0,1.0
365.0,1.0,906.36,455.04,122.35,54.69,1.0,0.0,1.0
365.0,5.0,1240.21,496.63,12.62,5.45,1.0,2.0,1.0
365.0,6.0,1239.49,500.66,5.58,7.19,1.0,3.0,1.0
365.0,12.0,1419.42,491.92,34.85,12.11,1.0,0.0,1.0
366.0,1.0,909.48,459.37,119.95,54.69,1.0,0.0,1.0
366.0,5.0,1238.87,502.89,11.43,6.21,1.0,2.0,1.0
366.0,6.0,1240.39,507.14,5.58,7.19,1.0,3.0,1.0
366.0,12.0,1431.89,499.99,34.85,12.11,1.0,0.0,1.0
367.0,5.0,1238.1,509.3,11.55,6.22,1.0,2.0,1.0
367.0,6.0,1239.31,513.61,5.58,7.19,1.0,3.0,1.0
367.0,12.0,1430.79,509.52,34.85,12.11,1.0,0.0,1.0
368.0,5.0,1235.24,513.2,11.66,6.24,1.0,2.0,1.0
368.0,6.0,1236.61,517.03,5.58,7.19,1.0,3.0,1.0
368.0,12.0,1432.62,512.83,34.85,12.11,1.0,0.0,1.0
369.0,5.0,1234.66,507.75,11.78,6.25,1.0,2.0,1.0
369.0,6.0,1237.87,512.0,5.58,7.19,1.0,3.0,1.0
369.0,12.0,1432.62,507.69,34.85,12.11,1.0,0.0,1.0
370.0,5.0,1236.93,495.89,11.89,6.26,1.0,2.0,1.0
370.0,6.0,1243.09,498.51,5.85,8.27,1.0,3.0,1.0
370.0,12.0,1443.26,493.38,34.85,13.57,1.0,0.0,1.0
371.0,5.0,1244.69,484.5,12.01,6.27,1.0,2.0,1.0
371.0,6.0,1248.84,487.9,5.85,8.27,1.0,3.0,1.0
371.0,12.0,1448.77,479.81,36.32,14.31,1.0,0.0,1.0
372.0,5.0,1245.91,477.76,12.12,6.29,1.0,2.0,1.0
372.0,6.0,1251.36,481.24,5.85,8.27,1.0,3.0,1.0
372.0,12.0,1449.87,472.47,36.32,14.31,1.0,0.0,1.0
373.0,1.0,919.34,439.66,119.47,53.83,1.0,0.0,1.0
373.0,5.0,1242.92,477.17,12.24,6.3,1.0,2.0,1.0
373.0,6.0,1249.56,481.24,5.85,8.27,1.0,3.0,1.0
373.0,12.0,1444.73,471.74,36.32,14.31,1.0,0.0,1.0
374.0,5.0,1232.72,481.34,12.35,6.31,1.0,2.0,1.0
374.0,6.0,1240.03,485.2,5.85,8.27,1.0,3.0,1.0
374.0,12.0,1434.46,476.87,36.32,14.31,1.0,0.0,1.0
375.0,5.0,1227.16,486.24,12.47,6.32,1.0,2.0,1.0
375.0,6.0,1232.12,490.23,7.11,8.81,1.0,3.0,1.0
375.0,12.0,1425.29,484.58,36.32,14.31,1.0,0.0,1.0
376.0,5.0,1216.87,492.06,12.58,6.33,1.0,2.0,1.0
376.0,6.0,1221.15,495.63,7.11,8.81,1.0,3.0,1.0
376.0,12.0,1414.28,490.08,36.32,14.31,1.0,0.0,1.0
377.0,1.0,886.16,451.2,118.74,55.03,1.0,0.0,1.0
377.0,5.0,1207.03,495.75,12.7,6.35,1.0,2.0,1.0
377.0,6.0,1213.05,498.51,7.11,8.81,1.0,3.0,1.0
377.0,12.0,1405.84,494.12,36.32,14.31,1.0,0.0,1.0
378.0,5.0,1198.4,497.89,12.81,6.36,1.0,2.0,1.0
378.0,6.0,1202.98,501.02,7.11,8.81,1.0,3.0,1.0
378.0,12.0,1397.77,495.22,39.62,13.94,1.0,0.0,1.0
379.0,5.0,1188.3,495.27,12.93,6.37,1.0,2.0,1.0
379.0,6.0,1192.01,498.08,5.67,9.42,1.0,3.0,1.0
379.0,12.0,1383.83,491.18,42.55,15.41,1.0,0.0,1.0
380.0,1.0,859.96,448.31,118.74,55.03,1.0,0.0,1.0
380.0,5.0,1179.8,492.29,13.04,6.38,1.0,2.0,1.0
380.0,6.0,1186.08,495.03,5.67,9.42,1.0,3.0,1.0
380.0,12.0,1376.36,488.98,45.26,15.41,1.0,0.0,1.0
381.0,1.0,855.64,448.07,118.74,55.03,1.0,0.0,1.0
381.0,5.0,1174.78,492.39,13.16,6.39,1.0,2.0,1.0
381.0,6.0,1182.66,495.39,5.67,9.42,1.0,3.0,1.0
381.0,12.0,1371.23,490.81,43.42,16.88,1.0,0.0,1.0
382.0,1.0,849.39,450.71,118.74,55.03,1.0,0.0,1.0
382.0,5.0,1168.65,493.63,13.27,6.41,1.0,2.0,1.0
382.0,6.0,1172.79,496.46,5.83,9.42,1.0,3.0,1.0
382.0,12.0,1366.46,490.45,42.32,16.22,1.0,0.0,1.0
383.0,6.0,1169.55,495.03,5.83,9.42,1.0,3.0,1.0
383.0,12.0,1362.97,487.87,37.25,14.7,1.0,0.0,1.0
384.0,12.0,1355.52,494.37,40.79,14.7,1.0,0.0,1.0
385.0,1.0,834.96,456.48,118.74,55.03,1.0,0.0,1.0
385.0,5.0,1151.3,501.15,13.62,6.44,1.0,2.0,1.0
385.0,6.0,1158.4,503.3,5.83,9.42,1.0,3.0,1.0
385.0,12.0,1349.84,499.15,42.44,14.7,1.0,0.0,1.0
386.0,12.0,1349.64,499.62,41.16,16.25,1.0,0.0,1.0
387.0,12.0,1346.1,498.47,35.89,15.04,1.0,0.0,1.0
388.0,12.0,1347.32,495.39,35.89,15.04,1.0,0.0,1.0
389.0,12.0,1355.52,492.32,35.89,15.04,1.0,0.0,1.0
390.0,1.0,846.98,452.88,118.74,55.03,1.0,0.0,1.0
390.0,5.0,1156.53,495.32,9.78,6.25,1.0,2.0,1.0
390.0,6.0,1166.73,497.42,6.95,10.76,1.0,3.0,1.0
390.0,12.0,1358.6,492.66,35.89,15.72,1.0,0.0,1.0
391.0,6.0,1167.18,497.2,6.95,10.76,1.0,3.0,1.0
391.0,12.0,1361.33,493.34,35.89,15.72,1.0,0.0,1.0
392.0,1.0,845.3,456.72,116.58,55.03,1.0,0.0,1.0
392.0,5.0,1154.46,500.53,10.09,6.28,1.0,2.0,1.0
392.0,6.0,1165.83,502.13,6.95,10.76,1.0,3.0,1.0
392.0,12.0,1357.57,498.13,35.89,15.72,1.0,0.0,1.0
393.0,1.0,842.66,458.41,116.58,55.03,1.0,0.0,1.0
393.0,5.0,1152.78,501.19,10.24,6.3,1.0,2.0,1.0
393.0,6.0,1162.7,503.25,6.95,10.76,1.0,3.0,1.0
393.0,12.0,1354.5,499.15,35.89,15.72,1.0,0.0,1.0
394.0,12.0,1352.1,497.1,35.89,15.04,1.0,0.0,1.0
395.0,12.0,1350.39,491.97,35.89,15.04,1.0,0.0,1.0
396.0,12.0,1351.42,486.16,37.59,14.35,1.0,0.0,1.0
397.0,1.0,843.38,442.78,116.58,55.03,1.0,0.0,1.0
397.0,5.0,1149.51,484.13,10.86,6.35,1.0,2.0,1.0
397.0,6.0,1162.25,486.89,6.95,10.76,1.0,3.0,1.0
397.0,12.0,1352.79,482.4,37.94,12.65,1.0,0.0,1.0
398.0,6.0,1166.73,481.73,6.95,10.76,1.0,3.0,1.0
398.0,12.0,1356.2,479.33,37.94,12.65,1.0,0.0,1.0
399.0,6.0,1170.77,480.61,6.95,10.76,1.0,3.0,1.0
399.0,12.0,1360.99,477.28,38.28,15.38,1.0,0.0,1.0
400.0,1.0,856.84,440.14,116.58,55.03,1.0,0.0,1.0
400.0,5.0,1159.86,480.93,11.33,6.4,1.0,2.0,1.0
400.0,6.0,1175.03,483.3,6.95,10.76,1.0,3.0,1.0
400.0,12.0,1367.48,478.3,38.28,15.38,1.0,0.0,1.0
401.0,5.0,1165.45,482.03,11.48,6.41,1.0,2.0,1.0
401.0,6.0,1181.3,484.2,6.95,10.76,1.0,3.0,1.0
401.0,12.0,1372.95,477.62,38.28,15.38,1.0,0.0,1.0
402.0,1.0,865.49,443.02,115.62,55.03,1.0,0.0,1.0
402.0,5.0,1167.73,484.46,11.64,6.43,1.0,2.0,1.0
402.0,6.0,1183.99,486.89,6.95,10.76,1.0,3.0,1.0
402.0,12.0,1379.1,478.64,38.28,17.77,1.0,0.0,1.0
403.0,1.0,861.16,449.51,115.62,55.03,1.0,0.0,1.0
403.0,5.0,1162.04,492.61,11.79,6.44,1.0,2.0,1.0
403.0,6.0,1177.27,496.3,6.95,10.76,1.0,3.0,1.0
403.0,12.0,1373.29,491.29,38.28,15.72,1.0,0.0,1.0
404.0,1.0,855.64,452.16,115.62,55.03,1.0,0.0,1.0
404.0,5.0,1155.56,496.8,11.95,6.45,1.0,2.0,1.0
404.0,6.0,1171.89,498.77,6.95,10.76,1.0,3.0,1.0
404.0,12.0,1366.46,496.42,38.28,15.72,1.0,0.0,1.0
405.0,6.0,1168.3,499.22,7.17,10.76,1.0,3.0,1.0
405.0,12.0,1364.41,496.42,40.33,15.72,1.0,0.0,1.0
406.0,6.0,1168.3,493.39,7.17,10.76,1.0,3.0,1.0
406.0,12.0,1363.04,491.29,42.04,15.04,1.0,0.0,1.0
407.0,1.0,854.92,441.58,115.62,55.03,1.0,0.0,1.0
407.0,5.0,1154.82,484.96,12.21,7.08,1.0,2.0,1.0
407.0,6.0,1171.89,487.11,7.17,10.76,1.0,3.0,1.0
407.0,12.0,1366.12,484.45,42.38,15.04,1.0,0.0,1.0
408.0,1.0,857.8,440.38,115.62,55.03,1.0,0.0,1.0
408.0,5.0,1157.51,482.85,12.37,7.09,1.0,2.0,1.0
408.0,6.0,1175.7,485.32,7.17,10.76,1.0,3.0,1.0
408.0,12.0,1369.53,481.38,42.38,15.04,1.0,0.0,1.0
409.0,6.0,1177.94,485.54,7.17,10.76,1.0,3.0,1.0
409.0,12.0,1375.0,479.67,42.38,15.04,1.0,0.0,1.0
410.0,6.0,1182.43,479.26,7.17,10.76,1.0,3.0,1.0
410.0,12.0,1378.08,472.83,42.38,15.04,1.0,0.0,1.0
411.0,1.0,871.5,433.17,111.53,54.07,1.0,0.0,1.0
411.0,5.0,1166.86,472.94,12.84,7.12,1.0,2.0,1.0
411.0,6.0,1184.44,476.13,7.17,10.76,1.0,3.0,1.0
411.0,12.0,1383.89,469.42,42.38,15.04,1.0,0.0,1.0
412.0,5.0,1171.64,482.6,13.0,7.12,1.0,2.0,1.0
412.0,6.0,1189.6,485.54,7.17,10.76,1.0,3.0,1.0
412.0,12.0,1387.31,479.33,42.38,15.04,1.0,0.0,1.0
413.0,1.0,873.18,446.39,111.53,54.07,1.0,0.0,1.0
413.0,5.0,1169.89,488.37,13.15,7.13,1.0,2.0,1.0
413.0,6.0,1186.69,491.15,7.17,10.76,1.0,3.0,1.0
413.0,12.0,1385.6,487.53,42.38,15.04,1.0,0.0,1.0
414.0,6.0,1182.87,490.25,7.17,10.76,1.0,3.0,1.0
414.0,12.0,1378.42,486.16,42.38,15.04,1.0,0.0,1.0
415.0,1.0,859.0,452.88,111.53,54.07,1.0,0.0,1.0
415.0,5.0,1152.17,494.68,13.47,7.15,1.0,2.0,1.0
415.0,6.0,1171.21,498.99,7.17,10.76,1.0,3.0,1.0
415.0,12.0,1366.8,493.0,42.38,15.04,1.0,0.0,1.0
416.0,6.0,1166.06,502.58,7.17,10.76,1.0,3.0,1.0
416.0,12.0,1361.33,499.15,42.38,15.72,1.0,0.0,1.0
417.0,12.0,1356.89,500.52,42.38,15.72,1.0,0.0,1.0
418.0,12.0,1349.71,493.0,42.38,15.72,1.0,0.0,1.0
419.0,1.0,841.94,450.71,111.53,54.07,1.0,0.0,1.0
419.0,5.0,1132.13,491.25,14.1,7.18,1.0,2.0,1.0
419.0,6.0,1156.42,494.73,7.17,10.76,1.0,3.0,1.0
419.0,12.0,1350.05,490.61,42.38,15.72,1.0,0.0,1.0
420.0,12.0,1350.39,489.92,42.38,15.72,1.0,0.0,1.0
421.0,12.0,1353.81,482.4,41.35,16.06,1.0,0.0,1.0
422.0,12.0,1363.04,483.43,38.28,16.06,1.0,0.0,1.0
423.0,6.0,1169.65,489.35,7.17,10.76,1.0,3.0,1.0
423.0,12.0,1365.43,483.43,40.33,16.06,1.0,0.0,1.0
424.0,6.0,1172.34,486.89,7.17,10.76,1.0,3.0,1.0
424.0,12.0,1369.53,480.01,37.25,15.38,1.0,0.0,1.0
425.0,1.0,856.84,447.11,111.53,54.07,1.0,0.0,1.0
425.0,5.0,1144.3,486.94,15.04,7.23,1.0,2.0,1.0
425.0,8.0,840.3,481.82,24.33,14.11,1.0,0.0,1.0
425.0,6.0,1170.54,490.92,7.17,10.76,1.0,3.0,1.0
425.0,12.0,1366.8,484.8,37.94,15.38,1.0,0.0,1.0
426.0,12.0,1360.31,489.92,40.33,15.38,1.0,0.0,1.0
427.0,1.0,850.83,445.19,111.53,54.07,1.0,0.0,1.0
427.0,5.0,1137.41,489.55,15.35,7.25,1.0,2.0,1.0
427.0,8.0,838.95,476.66,26.36,14.15,1.0,0.0,1.0
427.0,6.0,1162.7,493.16,7.17,10.76,1.0,3.0,1.0
427.0,12.0,1358.6,490.61,39.65,15.38,1.0,0.0,1.0
428.0,1.0,855.4,439.9,111.53,54.07,1.0,0.0,1.0
428.0,5.0,1140.74,484.21,15.51,7.25,1.0,2.0,1.0
428.0,8.0,840.88,471.94,26.49,14.17,1.0,0.0,1.0
428.0,6.0,1167.18,487.11,7.17,10.76,1.0,3.0,1.0
428.0,12.0,1362.7,483.43,39.65,15.72,1.0,0.0,1.0
429.0,6.0,1173.91,482.85,7.17,10.76,1.0,3.0,1.0
429.0,12.0,1371.93,475.91,33.84,15.72,1.0,0.0,1.0
430.0,6.0,1186.91,476.13,7.17,10.76,1.0,3.0,1.0
430.0,12.0,1386.96,467.71,33.84,16.41,1.0,0.0,1.0
431.0,6.0,1196.1,475.23,7.17,10.76,1.0,3.0,1.0
431.0,12.0,1395.85,466.68,36.23,16.41,1.0,0.0,1.0
432.0,5.0,1173.83,476.85,16.14,7.29,1.0,2.0,1.0
432.0,6.0,1204.4,481.06,7.17,10.76,1.0,3.0,1.0
432.0,12.0,1402.69,473.18,38.62,16.41,1.0,0.0,1.0
433.0,1.0,893.13,446.63,109.13,54.07,1.0,0.0,1.0
433.0,5.0,1174.63,485.28,16.3,7.29,1.0,2.0,1.0
433.0,8.0,871.5,479.34,28.98,14.27,1.0,0.0,1.0
433.0,6.0,1205.29,490.03,7.17,10.76,1.0,3.0,1.0
433.0,12.0,1403.71,482.06,38.62,16.41,1.0,0.0,1.0
434.0,1.0,888.09,449.99,110.33,54.07,1.0,0.0,1.0
434.0,5.0,1168.74,488.66,16.45,7.3,1.0,2.0,1.0
434.0,8.0,869.75,482.09,26.99,14.29,1.0,0.0,1.0
434.0,6.0,1201.71,493.39,7.17,10.76,1.0,3.0,1.0
434.0,12.0,1401.66,487.01,38.62,14.87,1.0,0.0,1.0
435.0,1.0,877.51,453.84,110.33,54.07,1.0,0.0,1.0
435.0,5.0,1155.3,494.28,16.61,7.31,1.0,2.0,1.0
435.0,8.0,852.66,485.93,29.7,14.31,1.0,0.0,1.0
435.0,6.0,1188.93,499.22,7.17,10.76,1.0,3.0,1.0
435.0,12.0,1390.38,494.19,38.62,14.87,1.0,0.0,1.0
436.0,6.0,1180.18,503.7,7.17,10.76,1.0,3.0,1.0
436.0,12.0,1377.1,498.97,41.99,14.53,1.0,0.0,1.0
437.0,6.0,1176.15,503.93,7.17,10.76,1.0,3.0,1.0
437.0,12.0,1371.63,499.31,43.07,16.0,1.0,0.0,1.0
438.0,6.0,1173.46,500.56,7.17,10.76,1.0,3.0,1.0
438.0,12.0,1371.97,495.9,43.07,16.0,1.0,0.0,1.0
439.0,6.0,1176.82,493.61,7.17,10.76,1.0,3.0,1.0
439.0,12.0,1374.21,488.54,41.05,16.0,1.0,0.0,1.0
440.0,6.0,1184.89,488.46,7.17,10.76,1.0,3.0,1.0
440.0,12.0,1381.57,482.93,41.05,16.89,1.0,0.0,1.0
441.0,6.0,1196.33,484.87,7.85,12.62,1.0,3.0,1.0
441.0,12.0,1397.41,478.98,43.43,17.29,1.0,0.0,1.0
442.0,1.0,899.87,440.38,107.93,54.07,1.0,0.0,1.0
442.0,5.0,1161.35,479.12,17.71,7.37,1.0,2.0,1.0
442.0,8.0,862.32,472.63,39.31,14.53,1.0,0.0,1.0
442.0,6.0,1210.0,481.51,7.85,12.62,1.0,3.0,1.0
442.0,12.0,1411.66,475.02,43.43,17.29,1.0,0.0,1.0
443.0,6.0,1215.16,480.83,7.85,12.62,1.0,3.0,1.0
443.0,12.0,1419.97,472.25,43.43,17.29,1.0,0.0,1.0
444.0,1.0,908.52,445.91,107.93,54.07,1.0,0.0,1.0
444.0,5.0,1176.85,484.81,18.02,7.38,1.0,2.0,1.0
444.0,8.0,870.02,479.69,39.75,14.57,1.0,0.0,1.0
444.0,6.0,1217.85,486.66,7.85,12.62,1.0,3.0,1.0
444.0,12.0,1423.14,478.98,41.05,17.29,1.0,0.0,1.0
445.0,1.0,908.04,452.16,107.93,54.07,1.0,0.0,1.0
445.0,5.0,1173.94,490.34,18.18,7.39,1.0,2.0,1.0
445.0,8.0,866.6,483.68,39.96,14.59,1.0,0.0,1.0
445.0,6.0,1215.16,493.84,7.85,12.62,1.0,3.0,1.0
445.0,12.0,1423.14,486.1,41.05,17.29,1.0,0.0,1.0
446.0,5.0,1170.65,490.68,18.34,7.4,1.0,2.0,1.0
446.0,6.0,1210.23,493.84,7.85,12.62,1.0,3.0,1.0
446.0,12.0,1418.39,488.48,40.75,17.29,1.0,0.0,1.0
447.0,5.0,1165.86,491.98,18.49,7.41,1.0,2.0,1.0
447.0,6.0,1200.36,496.08,7.85,12.62,1.0,3.0,1.0
447.0,12.0,1406.12,490.85,40.75,17.52,1.0,0.0,1.0
448.0,6.0,1195.43,495.86,7.85,12.62,1.0,3.0,1.0
448.0,12.0,1398.59,490.06,40.75,17.52,1.0,0.0,1.0
449.0,6.0,1191.84,487.78,7.85,12.62,1.0,3.0,1.0
449.0,12.0,1394.64,482.14,40.75,17.52,1.0,0.0,1.0
450.0,6.0,1192.29,484.65,7.85,12.62,1.0,3.0,1.0
450.0,12.0,1395.43,480.56,40.75,17.52,1.0,0.0,1.0
451.0,6.0,1199.46,478.37,7.85,12.62,1.0,3.0,1.0
451.0,12.0,1402.28,472.94,40.75,17.52,1.0,0.0,1.0
452.0,6.0,1208.66,470.52,7.85,12.62,1.0,3.0,1.0
452.0,12.0,1411.04,462.66,40.75,17.52,1.0,0.0,1.0
453.0,5.0,1173.0,470.68,19.44,7.46,1.0,2.0,1.0
453.0,6.0,1222.11,473.88,7.85,12.62,1.0,3.0,1.0
453.0,12.0,1424.37,464.56,42.65,17.52,1.0,0.0,1.0
454.0,5.0,1178.82,476.23,19.59,7.46,1.0,2.0,1.0
454.0,6.0,1228.61,479.49,7.85,12.62,1.0,3.0,1.0
454.0,12.0,1433.89,472.94,40.44,17.52,1.0,0.0,1.0
455.0,1.0,922.35,439.59,105.28,54.07,1.0,0.0,1.0
455.0,5.0,1177.6,479.61,19.75,7.47,1.0,2.0,1.0
455.0,8.0,866.66,472.22,42.13,14.79,1.0,0.0,1.0
455.0,6.0,1229.73,483.08,7.85,12.62,1.0,3.0,1.0
455.0,12.0,1433.89,476.75,40.44,17.52,1.0,0.0,1.0
456.0,5.0,1174.45,485.06,19.91,7.48,1.0,2.0,1.0
456.0,6.0,1224.58,489.35,7.85,12.62,1.0,3.0,1.0
456.0,12.0,1427.8,482.46,40.44,17.52,1.0,0.0,1.0
457.0,5.0,1168.83,490.62,20.07,7.49,1.0,2.0,1.0
457.0,6.0,1217.4,495.18,7.85,12.62,1.0,3.0,1.0
457.0,12.0,1419.04,488.94,40.44,17.52,1.0,0.0,1.0
458.0,6.0,1208.88,499.67,7.85,12.62,1.0,3.0,1.0
458.0,12.0,1415.0,497.02,36.39,16.17,1.0,0.0,1.0
459.0,6.0,1205.97,501.91,7.85,12.62,1.0,3.0,1.0
459.0,12.0,1407.81,498.37,36.39,17.52,1.0,0.0,1.0
460.0,6.0,1199.91,495.41,7.85,12.62,1.0,3.0,1.0
460.0,12.0,1403.32,489.39,38.19,17.52,1.0,0.0,1.0
461.0,1.0,890.0,450.37,105.28,54.07,1.0,0.0,1.0
461.0,5.0,1148.74,490.03,20.69,7.52,1.0,2.0,1.0
461.0,8.0,828.3,482.09,43.43,14.91,1.0,0.0,1.0
461.0,6.0,1196.77,493.39,7.85,12.62,1.0,3.0,1.0
461.0,12.0,1400.18,486.24,38.19,17.52,1.0,0.0,1.0
462.0,6.0,1194.76,497.65,7.85,12.62,1.0,3.0,1.0
462.0,12.0,1395.68,491.18,38.19,16.55,1.0,0.0,1.0
463.0,6.0,1195.2,493.16,7.85,12.62,1.0,3.0,1.0
463.0,12.0,1398.38,488.94,36.39,16.55,1.0,0.0,1.0
464.0,1.0,893.92,440.57,102.91,54.07,1.0,0.0,1.0
464.0,5.0,1139.62,480.19,21.16,7.69,1.0,2.0,1.0
464.0,8.0,826.5,472.58,44.08,14.97,1.0,0.0,1.0
464.0,6.0,1199.91,485.99,7.85,12.62,1.0,3.0,1.0
464.0,12.0,1398.38,479.95,38.42,16.55,1.0,0.0,1.0
465.0,6.0,1202.83,485.99,7.85,12.62,1.0,3.0,1.0
465.0,12.0,1401.97,478.16,38.42,16.55,1.0,0.0,1.0
466.0,1.0,901.76,448.41,102.91,54.07,1.0,0.0,1.0
466.0,5.0,1148.33,486.16,21.48,7.7,1.0,2.0,1.0
466.0,8.0,833.26,481.5,44.51,15.01,1.0,0.0,1.0
466.0,6.0,1208.21,490.47,7.85,12.62,1.0,3.0,1.0
466.0,12.0,1409.61,480.85,38.42,16.55,1.0,0.0,1.0
467.0,6.0,1210.45,491.37,7.85,12.62,1.0,3.0,1.0
467.0,12.0,1412.76,482.65,38.42,16.55,1.0,0.0,1.0
468.0,1.0,907.97,446.45,102.91,54.07,1.0,0.0,1.0
468.0,5.0,1150.14,487.15,21.79,7.71,1.0,2.0,1.0
468.0,8.0,836.96,477.9,44.94,15.06,1.0,0.0,1.0
468.0,6.0,1212.24,491.6,7.85,12.62,1.0,3.0,1.0
468.0,12.0,1413.65,484.44,38.42,16.1,1.0,0.0,1.0
469.0,6.0,1212.24,493.16,7.85,12.62,1.0,3.0,1.0
469.0,12.0,1415.0,484.89,38.42,16.1,1.0,0.0,1.0
470.0,6.0,1207.09,491.6,7.85,12.62,1.0,3.0,1.0
470.0,12.0,1407.81,484.0,37.52,16.1,1.0,0.0,1.0
471.0,6.0,1203.28,492.04,7.85,12.62,1.0,3.0,1.0
471.0,12.0,1405.12,485.79,36.07,16.33,1.0,0.0,1.0
472.0,6.0,1199.69,493.16,7.85,12.62,1.0,3.0,1.0
472.0,12.0,1400.18,490.8,39.17,14.15,1.0,0.0,1.0
473.0,6.0,1197.0,493.16,7.85,12.62,1.0,3.0,1.0
473.0,12.0,1395.68,489.9,39.39,14.15,1.0,0.0,1.0
474.0,6.0,1192.96,487.78,7.85,12.62,1.0,3.0,1.0
474.0,12.0,1389.72,479.16,45.1,14.15,1.0,0.0,1.0
475.0,1.0,882.48,439.26,101.61,54.07,1.0,0.0,1.0
475.0,5.0,1127.94,479.85,15.31,6.69,1.0,2.0,1.0
475.0,8.0,804.5,470.88,46.46,15.2,1.0,0.0,1.0
475.0,6.0,1188.7,481.95,7.85,12.62,1.0,3.0,1.0
475.0,12.0,1383.71,473.5,45.1,13.45,1.0,0.0,1.0
476.0,1.0,871.05,439.26,101.61,54.07,1.0,0.0,1.0
476.0,5.0,1119.33,478.48,15.76,6.73,1.0,2.0,1.0
476.0,8.0,792.83,470.9,46.68,15.22,1.0,0.0,1.0
476.0,6.0,1181.3,484.78,6.04,9.8,1.0,3.0,1.0
476.0,12.0,1368.84,472.44,45.1,13.45,1.0,0.0,1.0
477.0,12.0,1349.03,475.62,45.1,13.45,1.0,0.0,1.0
478.0,8.0,744.66,474.53,47.11,15.26,1.0,0.0,1.0
478.0,12.0,1323.55,478.45,45.1,13.45,1.0,0.0,1.0
479.0,1.0,802.07,437.96,99.99,54.07,1.0,0.0,1.0
479.0,5.0,1053.35,483.81,12.4,5.06,1.0,2.0,1.0
479.0,8.0,717.92,469.4,47.33,15.28,1.0,0.0,1.0
479.0,6.0,1108.21,487.83,6.97,10.33,1.0,3.0,1.0
479.0,12.0,1297.36,478.1,45.1,13.45,1.0,0.0,1.0
480.0,1.0,769.72,437.96,101.63,54.07,1.0,0.0,1.0
480.0,5.0,1025.33,482.55,14.11,5.06,1.0,2.0,1.0
480.0,8.0,682.6,466.89,47.54,16.26,1.0,0.0,1.0
480.0,6.0,1083.77,486.81,8.03,9.56,1.0,3.0,1.0
480.0,12.0,1263.39,475.27,45.1,14.15,1.0,0.0,1.0
481.0,8.0,646.27,473.28,47.76,16.63,1.0,0.0,1.0
481.0,12.0,1228.0,475.27,45.1,13.09,1.0,0.0,1.0
482.0,1.0,697.18,448.74,103.59,54.96,1.0,0.0,1.0
482.0,5.0,951.99,489.38,13.4,4.91,1.0,2.0,1.0
482.0,8.0,609.01,480.81,47.98,16.66,1.0,0.0,1.0
482.0,6.0,1007.54,493.61,8.97,10.82,1.0,3.0,1.0
482.0,12.0,1190.85,479.87,45.1,13.09,1.0,0.0,1.0
483.0,1.0,664.83,444.49,103.59,54.96,1.0,0.0,1.0
483.0,8.0,573.74,475.58,48.19,16.69,1.0,0.0,1.0
484.0,1.0,635.42,440.9,103.59,54.96,1.0,0.0,1.0
484.0,8.0,544.09,469.07,48.41,16.72,1.0,0.0,1.0
485.0,1.0,606.34,444.49,106.2,54.96,1.0,0.0,1.0
485.0,8.0,514.23,473.83,48.63,16.74,1.0,0.0,1.0
486.0,1.0,580.85,446.78,107.84,56.27,1.0,0.0,1.0
486.0,8.0,489.45,478.79,48.84,16.77,1.0,0.0,1.0
487.0,1.0,565.81,446.78,107.84,56.27,1.0,0.0,1.0
487.0,8.0,470.56,478.67,49.06,16.8,1.0,0.0,1.0
488.0,1.0,551.76,447.76,108.82,56.27,1.0,0.0,1.0
488.0,5.0,803.61,492.66,16.68,6.03,1.0,2.0,1.0
488.0,8.0,455.67,479.12,49.27,16.83,1.0,0.0,1.0
488.0,6.0,874.81,495.63,8.07,11.5,1.0,3.0,1.0
488.0,12.0,1057.55,488.06,45.1,11.62,1.0,0.0,1.0
489.0,1.0,540.33,443.18,109.86,58.1,1.0,0.0,1.0
489.0,8.0,441.27,475.35,48.31,16.85,1.0,0.0,1.0
490.0,1.0,533.1,438.85,110.66,58.25,1.0,0.0,1.0
490.0,5.0,786.5,487.27,16.66,6.03,1.0,2.0,1.0
490.0,8.0,433.67,473.06,48.06,15.2,1.0,0.0,1.0
491.0,1.0,531.24,440.45,110.66,58.25,1.0,0.0,1.0
491.0,5.0,787.62,488.86,14.28,5.71,1.0,2.0,1.0
491.0,8.0,431.76,474.37,48.27,15.22,1.0,0.0,1.0
491.0,6.0,855.31,492.49,8.07,11.5,1.0,3.0,1.0
491.0,12.0,1043.49,484.53,45.1,11.97,1.0,0.0,1.0
492.0,1.0,533.63,444.97,110.66,58.25,1.0,0.0,1.0
492.0,5.0,783.81,492.66,17.13,6.03,1.0,2.0,1.0
492.0,8.0,434.18,478.25,48.48,15.24,1.0,0.0,1.0
493.0,1.0,539.22,448.42,110.66,57.45,1.0,0.0,1.0
493.0,5.0,791.42,494.89,19.04,6.35,1.0,2.0,1.0
493.0,8.0,439.42,482.05,48.69,15.26,1.0,0.0,1.0
494.0,1.0,546.4,446.3,110.39,57.45,1.0,0.0,1.0
494.0,8.0,448.36,480.39,48.89,15.28,1.0,0.0,1.0
495.0,1.0,555.17,441.24,110.39,57.45,1.0,0.0,1.0
495.0,8.0,454.88,474.64,49.1,15.3,1.0,0.0,1.0
496.0,1.0,562.38,440.18,109.57,57.45,1.0,0.0,1.0
496.0,8.0,463.97,473.5,49.31,15.31,1.0,0.0,1.0
497.0,1.0,575.41,444.17,109.57,57.45,1.0,0.0,1.0
497.0,8.0,474.9,477.72,49.52,15.33,1.0,0.0,1.0
498.0,1.0,594.56,440.45,106.38,56.65,1.0,0.0,1.0
498.0,8.0,494.98,473.26,49.72,15.35,1.0,0.0,1.0
499.0,1.0,613.97,438.59,106.38,56.65,1.0,0.0,1.0
499.0,8.0,513.22,471.83,49.93,15.37,1.0,0.0,1.0
500.0,1.0,632.06,440.45,105.31,56.65,1.0,0.0,1.0
500.0,8.0,527.18,472.37,54.96,15.39,1.0,0.0,1.0
