1,1,1345.32,508.75,28.03,18.78,1,1,1
2,1,1494.58,509.48,29.49,18.59,1,1,1
3,1,1537.97,502.87,28.47,18.42,1,1,1
4,1,1661.36,501.40,30.17,18.54,1,1,1
5,1,1688.14,499.69,30.85,18.90,1,1,1
6,1,1746.10,499.20,32.88,20.40,1,1,1
7,1,1750.51,495.52,32.88,20.69,1,1,1
8,1,1749.49,493.32,32.88,20.18,1,1,1
9,1,1742.71,493.56,31.53,19.93,1,1,1
10,1,1733.56,497.24,31.53,19.99,1,1,1
11,1,1719.66,500.18,31.53,19.42,1,1,1
12,1,1702.38,500.18,30.51,19.76,1,1,1
13,1,1681.36,497.24,28.47,18.97,1,1,1
14,1,1613.22,504.83,27.46,21.55,1,1,1
15,1,1580.68,504.58,27.46,20.10,1,1,1
16,1,1498.65,504.58,25.08,20.10,1,1,1
17,1,1469.83,506.79,25.08,19.59,1,1,1
18,1,1365.09,509.97,23.73,19.80,1,1,1
19,1,1331.60,507.03,21.62,20.02,1,1,1
20,1,1200.00,512.42,21.36,19.84,1,1,1
21,1,1157.45,513.40,19.73,21.31,1,1,1
22,1,1015.66,515.60,19.73,19.35,1,1,1
23,1,964.32,516.09,19.73,19.01,1,1,1
24,1,797.96,522.95,21.97,21.45,1,1,1
25,1,744.85,520.50,21.97,21.60,1,1,1
26,1,584.85,525.15,23.93,22.53,1,1,1
27,1,543.54,524.91,25.57,22.44,1,1,1
28,1,444.85,524.42,26.89,23.91,1,1,1
29,1,425.83,523.68,26.89,23.99,1,1,1
30,1,400.58,517.07,29.18,24.70,1,1,1
31,1,417.63,514.87,29.84,24.98,1,1,1
32,1,427.80,519.03,30.16,23.73,1,1,1
33,1,438.62,519.77,30.16,24.49,1,1,1
34,1,465.50,518.54,30.16,22.91,1,1,1
35,1,473.37,522.22,30.16,24.49,1,1,1
36,1,481.57,524.17,28.52,23.50,1,1,1
37,1,504.85,517.56,30.62,23.89,1,1,1
38,1,526.81,520.75,31.43,24.00,1,1,1
39,1,540.26,519.52,32.79,23.89,1,1,1
40,1,545.83,517.32,33.44,25.44,1,1,1
41,1,544.19,521.24,34.75,24.00,1,1,1
42,1,542.88,518.79,36.07,24.96,1,1,1
43,1,542.22,518.30,37.57,25.12,1,1,1
44,1,540.91,519.03,39.02,24.38,1,1,1
45,1,535.01,520.75,42.30,24.96,1,1,1
46,1,533.37,520.99,42.30,24.72,1,1,1
47,1,528.78,518.05,42.30,24.38,1,1,1
48,1,526.49,520.75,44.26,24.64,1,1,1
49,1,522.55,520.26,46.89,25.13,1,1,1
50,1,522.55,520.50,48.85,24.23,1,1,1
51,1,527.14,519.77,49.84,24.30,1,1,1
52,1,535.34,521.48,55.08,23.90,1,1,1
53,1,538.62,519.77,56.39,24.96,1,1,1
54,1,550.09,520.99,60.00,23.08,1,1,1
55,1,554.68,520.99,60.33,24.06,1,1,1
56,1,565.83,518.79,65.57,24.96,1,1,1
57,1,578.62,519.03,69.18,23.73,1,1,1
58,1,583.86,518.30,70.16,24.13,1,1,1
59,1,589.11,519.03,70.49,23.73,1,1,1
60,1,591.40,520.01,71.80,23.08,1,1,1
61,1,595.34,519.28,72.46,24.79,1,1,1
62,1,598.94,517.07,73.44,24.70,1,1,1
63,1,602.23,516.09,73.44,25.09,1,1,1
64,1,619.58,520.26,77.29,23.91,1,1,1
65,1,622.56,516.09,79.68,24.19,1,1,1
66,1,631.52,519.03,84.75,24.24,1,1,1
67,1,636.89,516.83,86.54,25.39,1,1,1
68,1,638.98,519.03,86.54,23.78,1,1,1
69,1,638.08,519.03,91.02,25.27,1,1,1
70,1,634.80,514.87,91.02,25.55,1,1,1
71,1,629.43,521.97,94.60,23.83,1,1,1
72,1,618.38,513.89,98.19,24.74,1,1,1
73,1,612.41,517.32,99.38,24.90,1,1,1
74,1,598.08,518.05,104.16,25.95,1,1,1
75,1,572.11,516.34,109.53,25.88,1,1,1
76,1,567.04,519.52,109.53,25.08,1,1,1
77,1,552.71,517.32,111.62,26.69,1,1,1
78,1,551.22,518.05,112.22,25.06,1,1,1
79,1,561.66,519.52,113.41,25.68,1,1,1
80,1,567.63,522.46,112.24,25.13,1,1,1
81,1,593.90,514.87,114.63,26.75,1,1,1
82,1,620.77,516.58,115.82,26.53,1,1,1
83,1,627.93,518.79,115.82,25.52,1,1,1
84,1,647.34,516.34,117.31,25.28,1,1,1
85,1,665.84,514.87,115.52,25.55,1,1,1
86,1,668.83,517.07,114.33,24.84,1,1,1
87,1,671.52,517.81,114.33,25.60,1,1,1
88,1,674.50,514.62,114.33,27.29,1,1,1
89,1,675.69,513.64,114.33,27.08,1,1,1
90,1,678.68,512.91,114.33,27.51,1,1,1
91,1,678.68,516.09,115.52,26.12,1,1,1
92,1,679.28,518.54,112.84,25.11,1,1,1
93,1,676.74,513.15,114.82,27.46,1,1,1
94,1,672.69,514.62,116.09,25.74,1,1,1
95,1,650.30,514.13,116.96,26.73,1,1,1
96,1,643.97,514.62,117.22,26.50,1,1,1
97,1,640.43,516.09,117.47,27.05,1,1,1
98,1,637.39,517.56,117.97,27.10,1,1,1
99,1,635.11,515.11,115.70,27.27,1,1,1
100,1,632.83,515.11,116.96,26.77,1,1,1
101,1,632.07,516.34,116.46,27.82,1,1,1
102,1,631.82,516.34,116.71,28.58,1,1,1
103,1,634.61,514.38,115.70,28.51,1,1,1
104,1,642.45,517.56,114.43,27.10,1,1,1
105,1,647.01,516.83,112.91,26.32,1,1,1
106,1,659.42,514.13,114.43,27.49,1,1,1
107,1,664.99,516.09,112.91,26.04,1,1,1
108,1,668.28,516.09,112.15,27.31,1,1,1
109,1,668.53,516.34,112.66,26.30,1,1,1
110,1,669.04,515.36,112.41,27.54,1,1,1
111,1,667.26,514.13,112.91,27.49,1,1,1
112,1,665.75,513.15,113.67,28.73,1,1,1
113,1,654.35,516.09,112.91,28.07,1,1,1
114,1,646.25,514.38,112.91,27.50,1,1,1
115,1,616.13,517.56,115.70,27.36,1,1,1
116,1,572.07,516.83,116.96,26.83,1,1,1
117,1,557.90,518.05,116.46,26.11,1,1,1
118,1,502.54,520.01,120.39,25.67,1,1,1
119,1,484.27,521.48,122.71,25.94,1,1,1
120,1,441.09,519.03,123.87,27.22,1,1,1
121,1,429.59,517.81,123.77,27.00,1,1,1
122,1,415.39,518.79,125.22,26.60,1,1,1
123,1,372.49,522.71,127.83,27.32,1,1,1
124,1,359.73,525.15,129.28,26.03,1,1,1
125,1,331.62,519.03,128.70,28.38,1,1,1
126,1,309.88,523.44,129.28,28.03,1,1,1
127,1,306.69,519.28,129.57,29.59,1,1,1
128,1,300.60,524.91,129.57,28.01,1,1,1
129,1,301.18,523.68,128.70,29.53,1,1,1
130,1,302.92,523.68,126.96,29.53,1,1,1
131,1,312.20,523.19,124.06,27.70,1,1,1
132,1,333.94,524.66,120.87,27.97,1,1,1
133,1,363.79,522.95,116.81,27.36,1,1,1
134,1,373.36,524.17,115.65,27.01,1,1,1
135,1,412.49,519.03,111.30,27.80,1,1,1
136,1,424.66,520.75,110.43,26.67,1,1,1
137,1,435.68,523.44,109.86,26.58,1,1,1
138,1,445.24,523.93,108.12,27.54,1,1,1
139,1,463.71,521.24,107.62,27.63,1,1,1
140,1,478.00,519.52,105.80,27.89,1,1,1
141,1,533.36,518.79,101.45,27.18,1,1,1
142,1,548.14,517.81,100.58,27.29,1,1,1
143,1,583.21,518.54,97.68,26.27,1,1,1
144,1,612.20,519.52,96.52,25.58,1,1,1
145,1,618.29,518.30,95.07,25.93,1,1,1
146,1,636.55,517.07,93.91,25.71,1,1,1
147,1,640.60,517.32,93.91,25.46,1,1,1
148,1,649.30,517.32,91.30,26.62,1,1,1
149,1,650.17,516.83,92.17,26.24,1,1,1
150,1,644.37,514.38,91.30,26.37,1,1,1
151,1,639.73,517.07,92.75,25.42,1,1,1
152,1,635.68,521.97,91.59,24.29,1,1,1
153,1,631.91,523.19,91.59,24.80,1,1,1
154,1,627.27,520.50,90.43,25.18,1,1,1
155,1,622.92,516.09,90.43,25.82,1,1,1
156,1,615.97,514.87,91.88,24.43,1,1,1
157,1,600.60,521.48,91.01,25.36,1,1,1
158,1,588.72,521.97,90.72,25.45,1,1,1
159,1,554.23,522.22,91.01,26.36,1,1,1
160,1,519.44,521.24,90.14,25.60,1,1,1
161,1,512.78,523.68,90.14,26.05,1,1,1
162,1,500.02,520.99,87.83,25.85,1,1,1
163,1,495.97,524.91,86.67,25.70,1,1,1
164,1,489.59,522.22,87.54,26.36,1,1,1
165,1,488.14,520.99,85.22,25.56,1,1,1
166,1,486.40,519.77,86.09,25.62,1,1,1
167,1,485.24,520.01,86.09,26.82,1,1,1
168,1,485.24,523.68,84.06,26.34,1,1,1
169,1,486.98,522.95,81.74,25.92,1,1,1
170,1,491.04,522.46,79.71,25.83,1,1,1
171,1,493.36,523.44,80.27,25.29,1,1,1
172,1,502.69,520.50,74.93,25.29,1,1,1
173,1,518.42,518.79,70.40,25.67,1,1,1
174,1,521.62,516.83,69.87,25.76,1,1,1
175,1,534.69,523.68,65.07,25.57,1,1,1
176,1,539.76,521.24,65.07,25.36,1,1,1
177,1,545.09,519.28,64.27,25.18,1,1,1
178,1,560.02,521.73,58.13,24.87,1,1,1
179,1,593.36,519.77,50.40,24.96,1,1,1
180,1,620.56,521.24,46.40,25.09,1,1,1
181,1,628.02,518.79,46.40,25.94,1,1,1
182,1,634.16,517.32,46.13,26.34,1,1,1
183,1,655.22,520.75,41.87,25.05,1,1,1
184,1,661.62,517.32,40.80,26.34,1,1,1
185,1,667.49,515.60,39.68,26.46,1,1,1
186,1,670.66,516.58,39.93,25.48,1,1,1
187,1,674.92,517.56,38.69,26.14,1,1,1
188,1,678.53,519.52,38.36,25.49,1,1,1
189,1,681.48,519.03,37.38,25.65,1,1,1
190,1,681.48,516.34,37.38,26.05,1,1,1
191,1,680.82,517.56,37.38,26.14,1,1,1
192,1,670.33,515.85,37.38,26.21,1,1,1
193,1,650.66,518.79,37.38,25.24,1,1,1
194,1,644.43,517.56,37.38,27.12,1,1,1
195,1,637.87,518.30,37.38,26.06,1,1,1
196,1,608.36,518.05,37.38,26.30,1,1,1
197,1,594.26,520.50,38.69,26.15,1,1,1
198,1,567.38,518.30,43.93,27.04,1,1,1
199,1,537.87,520.99,45.57,26.97,1,1,1
200,1,530.66,520.50,47.21,27.46,1,1,1
201,1,523.12,520.26,47.54,27.38,1,1,1
202,1,504.43,520.01,48.85,27.62,1,1,1
203,1,497.21,520.01,48.85,28.28,1,1,1
204,1,492.95,520.26,49.51,29.02,1,1,1
205,1,488.03,520.75,49.51,28.53,1,1,1
206,1,479.18,521.48,51.48,28.45,1,1,1
207,1,475.25,522.22,51.48,27.71,1,1,1
208,1,456.89,520.01,52.79,28.28,1,1,1
209,1,444.43,525.15,54.43,27.73,1,1,1
210,1,440.17,522.46,55.41,29.44,1,1,1
211,1,432.30,524.66,55.74,28.22,1,1,1
212,1,430.66,523.93,56.39,27.97,1,1,1
213,1,430.00,521.97,54.75,28.94,1,1,1
214,1,431.31,522.46,55.08,28.78,1,1,1
215,1,435.90,522.95,53.44,28.95,1,1,1
216,1,437.21,522.95,52.13,27.96,1,1,1
217,1,446.39,522.95,49.84,29.60,1,1,1
218,1,449.67,521.97,49.18,28.94,1,1,1
219,1,461.15,523.19,47.54,28.05,1,1,1
220,1,467.05,522.46,46.56,28.45,1,1,1
221,1,470.66,521.48,47.21,28.78,1,1,1
222,1,477.54,520.99,46.56,29.27,1,1,1
223,1,482.46,520.99,46.56,29.59,1,1,1
224,1,486.72,521.48,46.56,29.10,1,1,1
225,1,496.56,520.26,47.54,28.69,1,1,1
226,1,501.15,518.05,45.57,28.93,1,1,1
227,1,505.74,519.52,46.23,28.77,1,1,1
228,1,512.30,524.42,44.59,29.77,1,1,1
229,1,516.89,521.48,44.26,28.78,1,1,1
230,1,519.84,518.30,43.61,28.35,1,1,1
231,1,526.39,522.46,42.62,28.12,1,1,1
232,1,529.35,524.17,42.95,28.71,1,1,1
233,1,537.54,519.28,41.97,27.70,1,1,1
234,1,548.69,523.44,40.00,28.13,1,1,1
235,1,551.31,519.77,40.33,29.18,1,1,1
236,1,562.13,521.73,40.33,28.86,1,1,1
237,1,567.05,519.52,39.02,28.44,1,1,1
238,1,575.90,520.99,37.70,27.95,1,1,1
239,1,587.38,520.01,38.03,26.97,1,1,1
240,1,590.66,522.22,36.72,28.04,1,1,1
241,1,601.15,515.11,36.72,27.93,1,1,1
242,1,605.41,518.05,36.07,27.61,1,1,1
243,1,606.72,519.52,36.07,28.11,1,1,1
244,1,608.36,519.77,36.07,29.51,1,1,1
245,1,610.66,519.28,36.07,29.34,1,1,1
246,1,612.62,519.52,36.72,28.77,1,1,1
247,1,613.61,518.05,37.05,29.58,1,1,1
248,1,618.53,521.48,37.05,29.43,1,1,1
249,1,619.84,524.91,36.07,29.61,1,1,1
250,1,620.82,526.38,35.41,29.78,1,1,1
251,1,621.15,526.62,35.41,29.21,1,1,1
252,1,622.46,524.66,35.41,29.53,1,1,1
253,1,623.77,522.46,34.75,29.76,1,1,1
254,1,624.76,521.73,34.75,29.52,1,1,1
255,1,622.79,522.22,34.75,29.35,1,1,1
256,1,621.48,523.19,34.75,31.00,1,1,1
257,1,620.17,526.38,34.75,29.45,1,1,1
258,1,619.51,527.11,33.77,30.03,1,1,1
259,1,617.54,526.38,33.77,29.78,1,1,1
260,1,615.25,525.64,33.77,29.86,1,1,1
261,1,612.30,527.60,34.43,29.87,1,1,1
262,1,605.41,528.58,33.77,30.53,1,1,1
263,1,600.82,526.87,33.77,30.27,1,1,1
264,1,592.62,531.28,34.43,30.46,1,1,1
265,1,590.00,528.58,34.43,32.82,1,1,1
266,1,586.07,532.01,34.43,32.34,1,1,1
267,1,582.46,532.01,34.43,33.98,1,1,1
268,1,577.87,530.30,35.08,36.35,1,1,1
269,1,578.20,534.21,36.72,35.39,1,1,1
270,1,576.23,534.70,38.36,37.85,1,1,1
271,1,574.92,532.50,40.00,39.40,1,1,1
272,1,573.28,531.03,42.30,40.21,1,1,1
273,1,570.33,532.50,44.26,40.38,1,1,1
274,1,570.00,532.50,44.59,40.05,1,1,1
275,1,567.38,532.01,47.87,40.54,1,1,1
276,1,564.10,530.79,50.16,43.73,1,1,1
277,1,559.18,530.79,54.43,44.39,1,1,1
278,1,555.90,530.79,57.70,46.36,1,1,1
279,1,554.92,529.56,60.98,47.58,1,1,1
280,1,550.00,523.13,67.21,50.08,1,1,1
281,1,542.13,524.04,77.70,51.79,1,1,1
282,1,538.20,522.52,86.23,54.29,1,1,1
283,1,542.13,524.96,88.52,55.46,1,1,1
284,1,602.79,511.56,97.05,58.37,1,1,1
285,1,630.00,511.44,99.02,59.14,1,1,1
286,1,655.58,509.73,103.61,59.55,1,1,1
287,1,736.56,516.09,108.85,61.05,1,1,1
288,1,876.89,515.36,122.30,62.77,1,1,1
289,1,920.17,515.36,126.56,62.44,1,1,1
290,1,1080.17,507.77,140.33,66.10,1,1,1
291,1,1132.95,505.32,146.89,65.92,1,1,1
292,1,1333.28,500.42,172.46,72.46,1,1,1
293,1,1406.72,496.01,185.93,76.32,1,1,1
294,1,1653.94,490.87,250.16,82.99,1,1,1
1,6,670.12,524.35,9.84,6.25,1,2,1
2,6,805.79,521.63,9.84,6.25,1,2,1
3,6,841.75,520.17,9.84,6.25,1,2,1
4,6,938.12,516.20,9.84,6.25,1,2,1
5,6,956.31,513.90,9.84,6.25,1,2,1
6,6,992.27,514.16,9.89,5.98,1,2,1
7,6,993.10,511.45,9.89,5.98,1,2,1
8,6,990.18,511.03,9.89,5.98,1,2,1
9,6,982.02,513.54,9.89,5.98,1,2,1
10,6,974.08,515.22,9.48,5.55,1,2,1
11,6,961.42,514.89,9.48,5.55,1,2,1
12,6,946.46,514.07,9.48,5.55,1,2,1
13,6,927.40,513.58,9.48,5.55,1,2,1
14,6,866.74,519.17,10.14,5.87,1,2,1
15,6,836.66,518.35,9.97,5.55,1,2,1
16,6,757.92,521.63,9.97,5.55,1,2,1
17,6,729.65,521.96,9.97,5.55,1,2,1
18,6,619.35,527.55,9.97,5.55,1,2,1
19,6,581.54,523.94,9.97,5.55,1,2,1
20,6,427.68,528.70,9.97,5.55,1,2,1
21,6,371.96,530.84,11.12,5.22,1,2,1
22,6,164.67,531.33,14.25,6.20,1,2,1
23,6,76.73,537.91,15.73,6.86,1,2,1
290,6,190.38,529.71,15.73,6.86,1,2,1
291,6,267.56,523.64,15.73,6.86,1,2,1
292,6,509.93,527.13,12.33,6.80,1,2,1
293,6,585.20,523.21,11.68,6.14,1,2,1
294,6,802.50,518.19,11.02,5.45,1,2,1
295,6,1040.09,502.48,11.02,5.45,1,2,1
296,6,1111.66,506.83,9.21,5.47,1,2,1
297,6,1178.77,508.47,9.21,5.47,1,2,1
298,6,1353.84,495.89,10.67,6.01,1,2,1
299,6,1410.01,495.53,10.67,6.01,1,2,1
300,6,1618.63,488.05,11.22,6.19,1,2,1
301,6,1691.22,492.24,12.31,5.83,1,2,1
302,6,1882.52,489.32,15.41,6.19,1,2,1
1,7,865.90,512.25,41.33,12.33,1,0,1
2,7,999.78,510.58,39.37,11.92,1,0,1
3,7,1032.47,508.49,42.00,11.92,1,0,1
4,7,1134.05,505.36,36.79,11.50,1,0,1
5,7,1153.70,502.85,35.96,12.13,1,0,1
6,7,1189.87,503.47,36.58,11.50,1,0,1
7,7,1190.71,500.13,36.79,11.92,1,0,1
8,7,1186.32,499.29,38.26,12.13,1,0,1
9,7,1175.24,501.18,41.60,12.33,1,0,1
10,7,1167.92,503.06,39.93,12.13,1,0,1
11,7,1157.68,505.36,37.63,9.62,1,0,1
12,7,1143.25,504.73,36.38,9.41,1,0,1
13,7,1125.06,503.89,36.38,9.41,1,0,1
14,7,1064.86,510.37,34.70,9.20,1,0,1
15,7,1035.17,508.91,34.70,9.20,1,0,1
16,7,958.87,511.63,34.91,9.20,1,0,1
17,7,929.60,512.88,34.91,9.20,1,0,1
18,7,827.16,517.06,34.28,9.83,1,0,1
19,7,790.16,513.72,36.79,9.83,1,0,1
20,7,651.77,518.53,36.79,9.83,1,0,1
21,7,603.27,520.83,36.79,9.83,1,0,1
22,7,433.10,520.83,38.47,9.41,1,0,1
23,7,364.53,524.80,45.57,10.66,1,0,1
24,7,124.95,527.10,55.82,10.87,1,0,1
25,7,36.32,526.26,61.46,12.75,1,0,1
287,7,0.40,528.13,30.88,11.26,1,0,1
288,7,200.95,521.17,64.19,15.46,1,0,1
289,7,265.36,521.36,63.07,14.61,1,0,1
290,7,477.13,514.32,54.29,15.90,1,0,1
291,7,538.18,509.40,50.39,15.62,1,0,1
292,7,745.61,512.51,49.85,17.56,1,0,1
293,7,812.05,509.01,50.46,17.58,1,0,1
294,7,1018.18,502.60,51.08,17.60,1,0,1
295,7,1259.79,486.18,51.69,17.62,1,0,1
296,7,1334.93,491.56,52.30,17.63,1,0,1
297,7,1406.68,493.45,52.92,17.65,1,0,1
298,7,1603.48,480.06,53.53,17.67,1,0,1
299,7,1671.63,477.95,54.14,17.69,1,0,1
1,32,914.01,509.01,37.96,13.32,1,0,1
2,32,1046.99,507.99,47.06,14.16,1,0,1
3,32,1085.81,505.92,38.12,13.35,1,0,1
4,32,1181.41,502.33,42.50,13.00,1,0,1
5,32,1201.64,499.67,41.78,13.11,1,0,1
6,32,1235.45,500.30,38.21,12.96,1,0,1
7,32,1238.63,498.08,37.58,12.01,1,0,1
8,32,1235.44,497.27,41.40,12.89,1,0,1
9,32,1225.75,497.71,47.06,14.16,1,0,1
10,32,1219.13,499.57,41.59,13.40,1,0,1
11,32,1205.93,502.20,41.32,12.37,1,0,1
12,32,1192.95,500.70,39.74,13.79,1,0,1
13,32,1171.20,497.53,42.49,14.35,1,0,1
14,32,1110.64,505.28,42.50,13.85,1,0,1
15,32,1080.10,505.28,39.94,11.98,1,0,1
16,32,999.93,507.39,41.62,12.48,1,0,1
17,32,977.56,507.39,43.22,13.51,1,0,1
18,32,873.04,513.02,39.32,12.65,1,0,1
19,32,837.34,508.94,39.49,13.87,1,0,1
20,32,697.93,512.51,43.97,13.65,1,0,1
21,32,648.32,514.59,47.39,14.16,1,0,1
22,32,486.17,514.02,48.70,14.16,1,0,1
23,32,421.42,521.05,47.06,12.03,1,0,1
24,32,197.42,519.23,55.64,17.71,1,0,1
25,32,118.04,518.90,55.12,18.74,1,0,1
287,32,43.50,523.17,56.42,15.60,1,0,1
288,32,276.92,518.88,43.40,15.69,1,0,1
289,32,338.06,520.64,41.45,14.62,1,0,1
290,32,537.17,514.32,31.34,14.71,1,0,1
291,32,604.43,509.95,21.36,14.34,1,0,1
292,32,805.75,512.25,22.36,14.43,1,0,1
293,32,872.67,508.46,23.36,14.51,1,0,1
294,32,1077.94,502.99,24.37,14.60,1,0,1
295,32,1316.76,486.39,25.37,14.69,1,0,1
296,32,1398.44,491.99,23.25,12.36,1,0,1
297,32,1470.63,492.56,24.32,12.50,1,0,1
298,32,1672.11,479.06,30.82,13.68,1,0,1
299,32,1743.15,477.86,31.77,13.80,1,0,1
1,30,572.13,517.18,49.79,14.53,1,0,1
2,30,712.13,513.25,49.79,14.53,1,0,1
3,30,750.82,511.28,49.79,14.53,1,0,1
4,30,845.90,507.35,49.79,14.53,1,0,1
5,30,866.23,507.02,49.79,14.53,1,0,1
6,30,901.96,506.69,49.79,14.53,1,0,1
7,30,904.26,504.39,49.79,14.53,1,0,1
8,30,900.32,504.39,49.79,14.53,1,0,1
9,30,892.13,506.36,49.79,14.53,1,0,1
10,30,882.95,507.67,49.79,14.53,1,0,1
11,30,869.36,507.30,52.18,14.53,1,0,1
12,30,853.51,507.30,52.18,14.53,1,0,1
13,30,833.89,505.41,52.18,14.53,1,0,1
14,30,774.27,510.31,52.18,14.53,1,0,1
15,30,742.95,511.07,52.18,14.53,1,0,1
16,30,661.06,514.84,52.18,14.53,1,0,1
17,30,631.63,512.96,52.18,14.53,1,0,1
18,30,511.34,516.05,66.51,17.38,1,0,1
19,30,471.34,515.51,66.51,17.38,1,0,1
20,30,308.92,520.36,66.51,17.38,1,0,1
21,30,249.53,520.36,66.51,17.38,1,0,1
22,30,37.69,521.58,53.45,17.38,1,0,1
290,30,78.51,518.32,49.65,17.38,1,0,1
291,30,157.49,511.20,49.65,17.38,1,0,1
292,30,409.01,516.28,49.65,17.38,1,0,1
293,30,488.29,513.74,49.65,17.38,1,0,1
294,30,711.56,506.46,49.65,17.38,1,0,1
295,30,947.56,489.74,49.65,17.38,1,0,1
296,30,1021.74,496.65,49.65,17.38,1,0,1
297,30,1091.56,497.01,49.65,17.38,1,0,1
298,30,1261.74,485.74,49.65,17.38,1,0,1
299,30,1319.92,483.92,44.00,17.38,1,0,1
300,30,1519.20,478.83,47.47,17.38,1,0,1
301,30,1584.86,483.17,52.69,17.38,1,0,1
302,30,1755.77,479.79,59.18,17.38,1,0,1
303,30,1801.62,467.48,68.25,18.72,1,0,1
304,30,1850.54,457.94,68.25,18.72,1,0,1
1,27,307.37,520.26,84.38,18.17,1,0,1
2,27,472.28,511.77,72.16,20.39,1,0,1
3,27,502.87,514.91,78.04,17.65,1,0,1
4,27,615.26,511.38,67.22,17.65,1,0,1
5,27,638.79,507.07,67.22,17.65,1,0,1
6,27,670.95,509.81,67.22,17.65,1,0,1
7,27,676.05,506.28,67.22,17.65,1,0,1
8,27,670.95,506.68,67.22,17.65,1,0,1
9,27,660.36,512.17,67.22,17.65,1,0,1
10,27,654.09,510.60,67.22,17.65,1,0,1
11,27,638.40,509.81,67.22,17.65,1,0,1
12,27,620.75,508.24,67.22,17.65,1,0,1
13,27,604.28,509.42,67.22,17.65,1,0,1
14,27,537.62,514.13,78.98,17.65,1,0,1
15,27,503.11,513.34,71.53,17.65,1,0,1
16,27,407.81,514.91,75.06,18.82,1,0,1
17,27,374.87,517.26,79.76,18.82,1,0,1
18,27,234.87,523.54,90.75,18.82,1,0,1
19,27,181.14,517.66,93.88,18.82,1,0,1
20,27,1.54,525.11,31.53,15.69,1,0,1
292,27,53.30,523.13,111.42,19.81,1,0,1
293,27,162.48,519.19,98.31,18.83,1,0,1
294,27,439.37,515.30,79.93,15.17,1,0,1
295,27,702.39,497.95,75.31,15.17,1,0,1
296,27,775.14,502.07,71.54,16.84,1,0,1
297,27,842.68,504.10,71.54,16.84,1,0,1
298,27,1011.09,492.50,68.99,16.84,1,0,1
299,27,1062.97,489.89,68.99,16.84,1,0,1
300,27,1247.38,486.84,71.43,16.84,1,0,1
301,27,1307.38,490.23,71.43,16.84,1,0,1
302,27,1446.84,482.81,82.15,20.48,1,0,1
303,27,1485.13,474.30,82.15,20.48,1,0,1
304,27,1525.13,468.34,82.15,18.78,1,0,1
305,27,1640.23,497.02,82.15,18.78,1,0,1
306,27,1678.78,494.99,92.81,18.78,1,0,1
307,27,1717.04,484.84,99.18,18.78,1,0,1
308,27,1755.30,472.09,99.18,18.78,1,0,1
309,27,1906.67,481.96,13.21,20.97,1,0,1
1,28,399.07,514.02,82.33,23.62,1,0,1
2,28,551.16,508.44,74.42,23.62,1,0,1
3,28,589.30,507.05,74.42,23.62,1,0,1
4,28,690.69,503.79,74.42,23.62,1,0,1
5,28,710.23,500.53,74.42,23.62,1,0,1
6,28,746.04,501.93,74.42,23.62,1,0,1
7,28,747.44,499.14,74.42,23.62,1,0,1
8,28,746.97,500.53,74.42,23.62,1,0,1
9,28,735.35,502.86,74.42,23.62,1,0,1
10,28,726.04,503.79,74.42,23.62,1,0,1
11,28,711.63,503.79,74.42,23.62,1,0,1
12,28,700.46,501.46,74.42,23.62,1,0,1
13,28,680.46,500.07,74.42,23.62,1,0,1
14,28,616.28,507.05,74.42,23.62,1,0,1
15,28,583.72,505.65,74.88,23.62,1,0,1
16,28,493.49,510.30,81.86,23.62,1,0,1
17,28,461.39,511.23,81.86,23.62,1,0,1
18,28,329.30,514.49,91.63,23.62,1,0,1
19,28,282.79,512.63,95.07,23.62,1,0,1
20,28,79.52,517.28,116.48,22.35,1,0,1
21,28,7.52,515.97,113.20,24.03,1,0,1
292,28,180.98,517.42,106.15,24.03,1,0,1
293,28,277.96,512.51,98.23,24.03,1,0,1
294,28,528.90,510.19,88.98,21.08,1,0,1
295,28,781.88,491.13,79.57,21.19,1,0,1
296,28,855.22,496.93,79.57,21.19,1,0,1
297,28,924.49,497.80,75.22,21.19,1,0,1
298,28,1090.58,485.91,77.68,21.19,1,0,1
299,28,1143.91,484.46,77.68,21.19,1,0,1
300,28,1329.42,478.37,82.76,21.19,1,0,1
301,28,1391.06,483.85,82.76,21.19,1,0,1
302,28,1539.80,480.47,91.15,21.19,1,0,1
303,28,1579.80,469.77,95.37,21.19,1,0,1
304,28,1618.67,465.26,99.60,21.19,1,0,1
305,28,1740.89,490.98,111.86,21.19,1,0,1
306,28,1785.97,491.93,118.84,21.19,1,0,1
307,28,1830.53,478.91,89.84,21.19,1,0,1
308,28,1868.94,465.90,51.11,21.19,1,0,1
1,29,496.26,520.85,59.61,12.99,1,0,1
2,29,637.67,514.54,59.61,12.99,1,0,1
3,29,671.35,514.19,62.42,12.99,1,0,1
4,29,771.00,509.98,62.42,12.99,1,0,1
5,29,787.84,509.27,62.42,12.99,1,0,1
6,29,819.32,508.55,65.85,12.99,1,0,1
7,29,821.50,506.37,65.85,12.99,1,0,1
8,29,819.32,506.37,65.85,14.45,1,0,1
9,29,809.86,508.18,65.85,15.16,1,0,1
10,29,800.41,511.09,65.85,15.16,1,0,1
11,29,787.32,508.18,65.85,15.16,1,0,1
12,29,773.14,507.09,65.85,15.16,1,0,1
13,29,754.59,507.09,65.85,15.16,1,0,1
14,29,691.18,512.46,65.85,14.67,1,0,1
15,29,660.44,511.00,65.85,14.67,1,0,1
16,29,575.08,514.41,68.78,14.67,1,0,1
17,29,547.76,515.39,68.78,14.67,1,0,1
18,29,426.79,520.75,76.59,14.67,1,0,1
19,29,381.42,516.36,76.59,14.67,1,0,1
20,29,223.86,522.21,65.37,15.62,1,0,1
21,29,173.13,522.21,53.17,15.62,1,0,1
290,29,1.08,525.14,17.95,15.62,1,0,1
291,29,10.83,516.94,100.00,15.62,1,0,1
292,29,303.75,516.94,84.76,20.85,1,0,1
293,29,391.66,516.84,76.85,16.30,1,0,1
294,29,626.08,509.40,71.74,16.30,1,0,1
295,29,871.19,490.33,64.10,16.30,1,0,1
296,29,941.92,497.87,64.10,16.30,1,0,1
297,29,1009.74,500.19,64.10,16.30,1,0,1
298,29,1178.73,489.75,64.10,16.30,1,0,1
299,29,1234.09,487.72,64.10,16.30,1,0,1
300,29,1424.24,481.92,69.47,16.30,1,0,1
301,29,1491.09,485.21,69.47,16.30,1,0,1
302,29,1646.58,479.93,81.99,19.61,1,0,1
303,29,1692.55,468.50,85.68,19.61,1,0,1
304,29,1734.63,461.74,88.80,19.61,1,0,1
305,29,1870.86,490.54,49.96,20.00,1,0,1
1,31,656.23,517.62,50.99,13.09,1,0,1
2,31,791.40,512.78,50.02,14.75,1,0,1
3,31,827.61,512.39,52.40,13.11,1,0,1
4,31,924.04,507.66,53.43,13.11,1,0,1
5,31,942.54,505.69,52.75,12.53,1,0,1
6,31,975.99,506.09,53.58,14.18,1,0,1
7,31,975.21,502.55,56.00,15.27,1,0,1
8,31,970.70,501.15,59.69,16.67,1,0,1
9,31,959.24,503.32,62.58,14.50,1,0,1
10,31,952.31,506.97,58.08,13.30,1,0,1
11,31,938.44,505.51,62.56,14.76,1,0,1
12,31,928.59,502.22,54.86,17.23,1,0,1
13,31,907.79,504.05,56.47,14.18,1,0,1
14,31,845.11,508.52,60.38,15.83,1,0,1
15,31,816.70,509.27,60.14,15.48,1,0,1
16,31,737.18,511.92,58.20,15.76,1,0,1
17,31,713.71,512.30,63.14,15.87,1,0,1
18,31,604.27,516.47,59.41,18.05,1,0,1
19,31,561.48,513.44,61.22,16.69,1,0,1
20,31,408.87,519.88,64.56,16.10,1,0,1
21,31,351.31,519.12,68.08,18.32,1,0,1
22,31,143.80,519.50,76.17,19.66,1,0,1
23,31,45.72,526.69,89.47,19.32,1,0,1
290,31,172.89,514.78,87.26,19.95,1,0,1
291,31,250.51,509.11,78.18,19.95,1,0,1
292,31,498.25,513.32,64.14,17.93,1,0,1
293,31,572.53,510.47,64.14,17.93,1,0,1
294,31,789.06,504.96,64.14,17.93,1,0,1
295,31,1027.09,488.24,64.14,17.93,1,0,1
296,31,1097.91,493.16,64.14,17.93,1,0,1
297,31,1164.85,493.97,64.14,17.93,1,0,1
298,31,1340.70,482.65,63.38,17.93,1,0,1
299,31,1398.15,482.29,59.21,17.93,1,0,1
300,31,1589.79,476.07,91.74,18.33,1,0,1
301,31,1656.91,479.63,100.09,18.33,1,0,1
302,31,1840.48,477.09,79.33,19.73,1,0,1
18,5,1857.80,532.76,6.37,5.26,1,4,1
19,5,1767.78,534.18,6.32,5.23,1,4,1
20,5,1661.75,535.69,6.80,4.42,1,4,1
21,5,1612.11,535.69,7.14,5.44,1,4,1
22,5,1458.41,537.39,6.26,5.75,1,4,1
23,5,1374.93,538.99,6.20,5.62,1,4,1
24,5,1167.44,570.70,5.52,5.28,1,4,1
25,5,1165.27,560.52,6.25,6.34,1,4,1
26,5,1096.04,556.00,6.13,5.88,1,4,1
27,5,1026.80,551.49,6.00,5.43,1,4,1
28,5,957.57,546.98,5.88,4.97,1,4,1
29,5,943.97,549.36,5.88,4.97,1,4,1
30,5,931.10,540.65,5.88,4.97,1,4,1
31,5,954.19,543.30,5.88,4.97,1,4,1
32,5,963.09,543.49,5.88,4.97,1,4,1
33,5,974.63,544.43,7.62,4.99,1,4,1
34,5,994.18,543.60,7.62,4.99,1,4,1
35,5,1005.71,548.55,7.62,4.99,1,4,1
36,5,1016.93,549.36,7.62,4.42,1,4,1
37,5,1044.46,542.76,7.62,4.99,1,4,1
38,5,1069.85,544.20,7.62,4.99,1,4,1
39,5,1088.24,546.17,7.24,4.99,1,4,1
40,5,1099.48,543.98,6.56,4.46,1,4,1
41,5,1100.61,546.61,6.97,4.99,1,4,1
42,5,1104.37,546.17,6.07,4.99,1,4,1
43,5,1105.70,545.29,6.05,4.75,1,4,1
44,5,1106.44,545.73,5.97,4.99,1,4,1
45,5,1104.07,548.52,6.08,4.55,1,4,1
46,5,1104.74,549.21,5.27,4.55,1,4,1
47,5,1104.02,545.26,5.27,4.55,1,4,1
48,5,1103.78,546.22,5.27,4.55,1,4,1
49,5,1104.62,550.17,5.27,4.55,1,4,1
50,5,1106.50,548.63,5.27,4.55,1,4,1
51,5,1111.80,546.75,5.27,4.55,1,4,1
52,5,1124.45,549.83,5.27,4.55,1,4,1
53,5,1128.49,550.01,5.27,4.55,1,4,1
54,5,1142.80,549.65,5.27,4.55,1,4,1
55,5,1147.02,550.93,5.27,4.55,1,4,1
56,5,1161.33,548.91,5.27,4.55,1,4,1
57,5,1177.66,550.01,5.27,4.55,1,4,1
58,5,1182.98,550.38,5.27,4.55,1,4,1
59,5,1189.22,549.83,5.27,4.55,1,4,1
60,5,1192.52,549.65,5.27,4.55,1,4,1
61,5,1196.56,548.91,5.27,4.55,1,4,1
62,5,1202.06,547.63,5.27,4.55,1,4,1
63,5,1205.73,547.08,5.27,4.55,1,4,1
64,5,1224.82,548.54,5.27,4.55,1,4,1
65,5,1229.04,547.08,5.27,4.55,1,4,1
66,5,1242.73,548.70,5.27,4.55,1,4,1
67,5,1250.66,550.14,5.27,4.55,1,4,1
68,5,1252.64,549.78,5.27,4.55,1,4,1
69,5,1255.70,549.96,5.27,4.55,1,4,1
70,5,1254.44,549.96,5.27,4.55,1,4,1
71,5,1251.38,551.22,5.27,4.55,1,4,1
72,5,1243.81,544.01,5.27,4.55,1,4,1
73,5,1239.49,550.14,5.27,4.55,1,4,1
74,5,1228.50,548.16,5.27,4.55,1,4,1
75,5,1209.40,548.52,5.27,4.55,1,4,1
76,5,1205.25,548.52,5.27,4.55,1,4,1
77,5,1192.82,553.74,5.27,4.55,1,4,1
78,5,1192.82,548.34,5.27,4.55,1,4,1
79,5,1203.76,554.15,5.27,4.55,1,4,1
80,5,1208.38,555.18,5.27,4.55,1,4,1
81,5,1209.17,556.86,6.40,5.64,1,4,1
82,5,1261.64,553.50,6.40,5.64,1,4,1
83,5,1270.95,552.11,6.40,5.64,1,4,1
84,5,1290.55,551.32,6.40,5.64,1,4,1
85,5,1309.17,547.75,6.40,5.64,1,4,1
86,5,1312.40,551.45,6.40,5.57,1,4,1
87,5,1315.23,551.45,6.40,5.57,1,4,1
88,5,1318.66,547.62,6.40,5.57,1,4,1
89,5,1320.68,546.20,6.40,5.57,1,4,1
90,5,1323.11,548.63,6.40,5.57,1,4,1
91,5,1325.33,554.08,6.40,5.57,1,4,1
92,5,1325.53,553.27,6.40,5.57,1,4,1
93,5,1322.91,545.39,6.40,5.57,1,4,1
94,5,1320.48,548.22,6.40,5.57,1,4,1
95,5,1299.66,548.81,6.40,5.57,1,4,1
96,5,1293.72,549.47,6.40,5.57,1,4,1
97,5,1290.20,550.57,6.40,5.57,1,4,1
98,5,1287.13,551.23,6.40,5.57,1,4,1
99,5,1285.37,550.57,6.40,5.57,1,4,1
100,5,1283.39,552.11,6.42,5.57,1,4,1
101,5,1282.73,553.43,6.42,5.57,1,4,1
102,5,1283.61,550.57,6.42,5.59,1,4,1
103,5,1285.37,550.57,6.42,5.59,1,4,1
104,5,1293.06,550.79,6.42,5.59,1,4,1
105,5,1296.98,552.02,6.42,5.39,1,4,1
106,5,1311.00,547.48,6.42,5.39,1,4,1
107,5,1316.57,552.64,6.42,5.39,1,4,1
108,5,1318.47,553.21,6.42,5.39,1,4,1
109,5,1320.95,552.83,6.42,5.39,1,4,1
110,5,1320.95,548.26,6.42,5.39,1,4,1
111,5,1320.57,545.97,6.42,5.39,1,4,1
112,5,1319.60,546.55,6.42,5.39,1,4,1
113,5,1308.95,554.81,6.42,5.39,1,4,1
114,5,1301.42,549.87,6.42,5.39,1,4,1
115,5,1274.52,556.08,6.42,5.39,1,4,1
116,5,1233.18,551.14,6.42,5.39,1,4,1
117,5,1236.63,556.57,6.42,5.39,1,4,1
118,5,1173.67,552.87,6.42,5.39,1,4,1
119,5,1157.81,556.08,6.42,5.39,1,4,1
120,5,1122.87,555.85,6.42,5.39,1,4,1
121,5,1112.98,553.33,6.42,5.39,1,4,1
122,5,1099.88,553.10,6.42,5.39,1,4,1
123,5,1067.46,559.07,6.42,5.39,1,4,1
124,5,1058.50,560.02,6.42,6.06,1,4,1
125,5,1035.13,553.95,6.42,6.06,1,4,1
126,5,1019.17,557.32,6.42,6.06,1,4,1
127,5,1017.15,556.20,6.42,6.06,1,4,1
128,5,1013.55,558.44,6.42,6.06,1,4,1
129,5,1012.88,558.44,6.42,6.06,1,4,1
130,5,1013.78,558.44,6.42,6.06,1,4,1
131,5,1020.52,558.67,6.42,6.06,1,4,1
132,5,1036.48,561.14,6.42,6.06,1,4,1
133,5,1060.30,556.42,6.42,6.06,1,4,1
134,5,1067.71,560.47,6.42,6.06,1,4,1
135,5,1098.27,554.17,6.42,6.06,1,4,1
136,5,1108.16,555.75,6.42,6.06,1,4,1
137,5,1117.63,558.48,6.42,6.06,1,4,1
138,5,1127.32,559.33,6.42,6.06,1,4,1
139,5,1140.94,556.25,6.42,6.06,1,4,1
140,5,1154.57,555.59,6.42,6.06,1,4,1
141,5,1202.70,554.71,6.42,6.06,1,4,1
142,5,1215.89,552.95,6.42,6.06,1,4,1
143,5,1247.76,557.35,6.42,6.06,1,4,1
144,5,1275.23,555.15,6.42,6.06,1,4,1
145,5,1280.51,555.15,6.42,6.06,1,4,1
146,5,1299.41,552.95,6.42,6.06,1,4,1
147,5,1304.02,552.95,6.42,6.06,1,4,1
148,5,1312.81,554.93,6.42,6.06,1,4,1
149,5,1314.57,552.51,6.42,6.06,1,4,1
150,5,1309.74,553.17,6.42,6.06,1,4,1
151,5,1307.10,554.93,6.42,6.06,1,4,1
152,5,1302.04,558.23,6.42,6.06,1,4,1
153,5,1299.41,559.77,6.42,6.06,1,4,1
154,5,1295.01,556.69,6.42,6.06,1,4,1
155,5,1290.62,554.27,6.42,6.06,1,4,1
156,5,1284.68,555.37,6.42,6.06,1,4,1
157,5,1269.30,555.15,6.42,6.06,1,4,1
158,5,1259.19,557.13,6.42,6.06,1,4,1
159,5,1228.42,557.13,6.42,6.06,1,4,1
160,5,1198.06,557.36,6.42,6.06,1,4,1
161,5,1191.48,558.30,6.42,6.06,1,4,1
162,5,1180.89,559.01,6.42,6.06,1,4,1
163,5,1177.59,562.54,6.42,6.06,1,4,1
164,5,1172.89,560.42,6.42,6.06,1,4,1
165,5,1171.71,558.78,6.42,6.36,1,4,1
166,5,1169.86,557.54,6.42,6.36,1,4,1
167,5,1168.82,557.54,6.42,6.36,1,4,1
168,5,1169.86,563.31,6.42,6.36,1,4,1
169,5,1170.68,560.84,6.42,6.36,1,4,1
170,5,1173.77,561.25,6.42,6.36,1,4,1
171,5,1176.87,559.81,6.42,6.36,1,4,1
172,5,1184.50,561.25,6.42,6.36,1,4,1
173,5,1197.48,561.87,6.42,6.36,1,4,1
174,5,1202.23,558.57,6.42,6.36,1,4,1
175,5,1213.15,564.14,6.42,6.36,1,4,1
176,5,1217.48,563.72,6.42,6.36,1,4,1
177,5,1223.67,560.42,6.42,6.36,1,4,1
178,5,1236.66,561.66,6.42,6.36,1,4,1
179,5,1266.98,558.50,6.42,6.36,1,4,1
180,5,1292.87,561.66,6.42,6.36,1,4,1
181,5,1299.19,561.87,6.42,6.36,1,4,1
182,5,1307.19,561.03,6.42,6.36,1,4,1
183,5,1326.34,558.93,6.42,6.36,1,4,1
184,5,1334.55,558.08,6.42,6.36,1,4,1
185,5,1338.77,559.77,6.42,6.36,1,4,1
186,5,1343.40,561.87,6.42,6.36,1,4,1
187,5,1348.24,562.71,6.42,6.36,1,4,1
188,5,1351.61,561.45,6.42,6.36,1,4,1
189,5,1353.92,559.14,6.42,6.36,1,4,1
190,5,1357.08,560.61,6.42,6.36,1,4,1
191,5,1356.45,561.45,6.42,6.36,1,4,1
192,5,1346.77,558.08,6.42,6.36,1,4,1
193,5,1329.50,562.50,6.42,6.36,1,4,1
194,5,1324.24,560.82,6.42,6.36,1,4,1
195,5,1317.50,559.56,6.42,6.36,1,4,1
196,5,1289.50,563.77,6.42,6.36,1,4,1
197,5,1278.49,563.54,6.42,6.36,1,4,1
198,5,1255.12,561.52,6.42,6.36,1,4,1
199,5,1229.05,563.32,6.42,6.36,1,4,1
200,5,1223.21,561.30,6.42,6.36,1,4,1
201,5,1217.82,563.99,6.42,6.36,1,4,1
202,5,1201.86,566.69,6.42,6.36,1,4,1
203,5,1196.02,562.87,6.42,6.36,1,4,1
204,5,1191.75,561.74,6.42,6.36,1,4,1
205,5,1188.60,562.87,6.42,6.36,1,4,1
206,5,1182.76,567.81,6.42,6.36,1,4,1
207,5,1178.49,568.04,6.42,6.36,1,4,1
208,5,1163.66,564.67,6.42,6.36,1,4,1
209,5,1154.45,566.69,6.42,6.36,1,4,1
210,5,1152.65,566.69,6.42,6.36,1,4,1
211,5,1147.03,566.91,6.42,6.36,1,4,1
212,5,1147.03,567.36,6.42,6.36,1,4,1
213,5,1145.01,565.56,6.42,6.36,1,4,1
214,5,1145.91,567.14,6.42,6.36,1,4,1
215,5,1151.52,566.46,6.42,6.36,1,4,1
216,5,1151.75,565.34,6.42,6.36,1,4,1
217,5,1160.06,568.71,6.42,6.36,1,4,1
218,5,1162.31,565.12,6.42,6.36,1,4,1
219,5,1173.10,569.83,6.42,6.36,1,4,1
220,5,1176.68,566.47,6.42,6.36,1,4,1
221,5,1180.05,566.05,6.42,6.36,1,4,1
222,5,1187.83,568.36,6.42,6.36,1,4,1
223,5,1192.26,569.83,6.42,6.36,1,4,1
224,5,1195.41,570.26,6.42,6.36,1,4,1
225,5,1207.41,566.26,6.42,6.36,1,4,1
226,5,1210.78,564.99,6.42,7.21,1,4,1
227,5,1215.41,568.57,6.42,7.21,1,4,1
228,5,1222.15,570.47,6.42,7.21,1,4,1
229,5,1226.57,567.31,6.42,7.21,1,4,1
230,5,1229.52,567.10,6.42,7.21,1,4,1
231,5,1235.20,567.73,6.42,7.21,1,4,1
232,5,1238.99,568.99,6.42,7.21,1,4,1
233,5,1248.26,570.05,6.42,7.21,1,4,1
234,5,1259.41,568.36,6.42,7.21,1,4,1
235,5,1261.94,567.31,6.42,7.21,1,4,1
236,5,1275.41,572.57,6.42,7.21,1,4,1
237,5,1278.78,566.89,6.42,7.21,1,4,1
238,5,1288.47,571.31,6.42,7.21,1,4,1
239,5,1300.89,571.52,6.42,7.21,1,4,1
240,5,1304.68,571.52,6.42,7.21,1,4,1
241,5,1315.20,571.94,6.42,7.21,1,4,1
242,5,1319.41,573.20,6.42,7.21,1,4,1
243,5,1323.41,570.68,6.42,7.21,1,4,1
244,5,1323.83,567.52,6.42,7.21,1,4,1
245,5,1326.78,571.31,6.42,7.21,1,4,1
246,5,1328.47,575.52,6.42,7.21,1,4,1
247,5,1331.41,577.20,6.42,7.21,1,4,1
248,5,1338.36,569.62,6.42,7.21,1,4,1
249,5,1342.36,577.62,6.42,7.21,1,4,1
250,5,1344.89,582.47,6.42,7.21,1,4,1
251,5,1348.68,581.83,6.42,7.21,1,4,1
252,5,1352.89,576.99,6.42,7.21,1,4,1
253,5,1358.15,574.47,6.42,7.21,1,4,1
254,5,1365.73,575.94,6.42,7.21,1,4,1
255,5,1368.68,581.20,6.42,7.21,1,4,1
256,5,1375.20,583.31,6.42,7.21,1,4,1
257,5,1378.78,582.26,6.42,7.21,1,4,1
258,5,1385.31,581.20,6.42,7.21,1,4,1
259,5,1390.99,581.41,7.87,7.21,1,4,1
260,5,1398.15,583.31,7.87,7.21,1,4,1
261,5,1405.52,588.78,7.87,7.21,1,4,1
262,5,1418.15,590.47,7.87,7.21,1,4,1
263,5,1427.62,586.05,7.87,7.21,1,4,1
264,5,1474.15,597.89,8.71,8.84,1,4,1
265,5,1544.12,600.62,10.95,11.58,1,4,1
266,5,1565.81,603.15,10.95,11.58,1,4,1
267,5,1659.76,605.90,12.34,14.85,1,4,1
268,5,1832.11,619.67,13.22,14.85,1,4,1
24,3,1882.73,497.99,38.86,36.89,1,1,1
25,3,1808.12,501.07,112.41,28.03,1,1,1
26,3,1622.35,506.42,97.06,27.57,1,1,1
27,3,1581.15,511.49,96.08,25.61,1,1,1
28,3,1496.61,503.21,88.76,24.53,1,1,1
29,3,1481.90,511.50,88.53,23.98,1,1,1
30,3,1471.24,495.65,90.63,24.09,1,1,1
31,3,1500.31,500.89,93.04,24.99,1,1,1
32,3,1512.31,498.25,92.41,25.76,1,1,1
33,3,1526.18,498.36,93.16,25.65,1,1,1
34,3,1557.91,500.55,96.50,24.79,1,1,1
35,3,1569.11,502.47,95.71,26.07,1,1,1
36,3,1579.25,503.56,97.63,26.05,1,1,1
37,3,1610.98,493.70,100.14,26.04,1,1,1
38,3,1645.11,497.16,105.32,26.58,1,1,1
39,3,1669.11,498.82,107.36,27.32,1,1,1
40,3,1681.38,494.35,109.82,28.06,1,1,1
41,3,1683.51,498.04,110.45,28.10,1,1,1
42,3,1688.58,495.46,109.98,27.49,1,1,1
43,3,1688.31,495.55,109.73,28.46,1,1,1
44,3,1688.85,496.30,109.58,27.44,1,1,1
45,3,1686.71,499.37,109.60,28.37,1,1,1
46,3,1686.71,500.39,110.46,26.02,1,1,1
47,3,1685.11,492.50,108.67,28.31,1,1,1
48,3,1683.25,495.36,110.53,27.31,1,1,1
49,3,1685.38,500.26,110.85,28.02,1,1,1
50,3,1688.85,496.99,110.24,27.82,1,1,1
51,3,1695.25,494.90,111.87,28.31,1,1,1
52,3,1712.05,499.64,113.24,26.50,1,1,1
53,3,1717.65,498.67,115.93,27.74,1,1,1
54,3,1736.85,498.89,117.73,28.31,1,1,1
55,3,1743.51,499.30,118.00,29.51,1,1,1
56,3,1762.18,498.08,121.78,27.80,1,1,1
57,3,1784.05,498.89,124.41,29.65,1,1,1
58,3,1792.31,499.71,126.75,28.03,1,1,1
59,3,1800.31,498.08,119.16,29.13,1,1,1
60,3,1805.11,499.14,114.93,27.53,1,1,1
61,3,1812.31,497.04,107.73,27.77,1,1,1
62,3,1817.91,496.34,102.13,27.94,1,1,1
63,3,1825.11,496.34,95.47,28.74,1,1,1
64,3,1851.25,496.69,69.33,25.19,1,1,1
65,3,1858.98,497.39,61.07,25.55,1,1,1
66,3,1878.98,494.14,41.07,29.87,1,1,1
67,3,1890.71,506.94,29.60,21.60,1,1,1
68,3,1893.91,509.61,26.13,16.53,1,1,1
69,3,1896.85,511.21,23.20,15.20,1,1,1
70,3,1892.85,511.74,27.20,16.53,1,1,1
71,3,1887.51,510.41,32.53,18.40,1,1,1
72,3,1874.71,491.48,45.07,29.60,1,1,1
73,3,1868.58,491.48,51.73,36.00,1,1,1
74,3,1850.71,483.48,68.80,36.80,1,1,1
75,3,1819.51,495.16,100.00,28.58,1,1,1
76,3,1812.85,492.76,107.20,27.52,1,1,1
77,3,1796.05,501.29,123.73,28.58,1,1,1
78,3,1795.51,492.76,125.33,28.32,1,1,1
79,3,1809.91,502.36,111.20,28.58,1,1,1
80,3,1820.31,503.16,100.00,26.45,1,1,1
81,3,1859.25,481.34,60.53,40.00,1,1,1
82,3,1900.05,516.81,20.27,15.47,1,1,1
115,3,1900.91,515.84,19.14,16.79,1,1,1
116,3,1836.21,497.73,84.08,26.02,1,1,1
117,3,1816.46,502.83,103.34,26.11,1,1,1
118,3,1746.59,494.98,128.94,30.00,1,1,1
119,3,1724.61,498.13,150.27,31.30,1,1,1
120,3,1676.85,499.98,142.02,30.52,1,1,1
121,3,1663.80,498.75,140.29,28.85,1,1,1
122,3,1648.15,493.78,139.53,31.79,1,1,1
123,3,1605.25,503.05,134.30,29.76,1,1,1
124,3,1593.08,504.79,133.14,28.60,1,1,1
125,3,1566.12,499.22,129.73,28.09,1,1,1
126,3,1546.70,501.89,128.91,27.74,1,1,1
127,3,1543.22,501.89,128.63,26.64,1,1,1
128,3,1538.64,502.83,128.97,26.66,1,1,1
129,3,1538.89,503.30,130.14,25.95,1,1,1
130,3,1539.37,502.02,131.49,27.71,1,1,1
131,3,1547.08,503.74,131.95,26.23,1,1,1
132,3,1566.60,505.90,135.23,29.38,1,1,1
133,3,1594.79,500.30,138.88,27.26,1,1,1
134,3,1603.70,504.60,141.58,29.22,1,1,1
135,3,1643.22,496.43,146.80,29.20,1,1,1
136,3,1655.27,496.43,152.82,32.09,1,1,1
137,3,1666.84,500.30,155.02,29.19,1,1,1
138,3,1677.92,498.15,155.55,30.61,1,1,1
139,3,1698.20,497.29,162.37,30.53,1,1,1
140,3,1713.95,496.86,164.26,30.67,1,1,1
141,3,1781.27,496.68,137.40,29.73,1,1,1
142,3,1799.30,492.20,121.37,31.86,1,1,1
143,3,1846.34,487.82,74.08,41.41,1,1,1
144,3,1890.01,507.82,30.42,18.03,1,1,1
145,3,1898.46,508.38,22.25,17.75,1,1,1
154,3,1910.79,506.46,9.92,16.28,1,1,1
155,3,1903.37,507.76,17.35,15.63,1,1,1
156,3,1894.98,511.41,25.09,17.14,1,1,1
157,3,1870.03,490.98,50.25,31.55,1,1,1
158,3,1853.26,493.78,66.81,31.55,1,1,1
159,3,1807.45,496.09,112.78,29.88,1,1,1
160,3,1762.94,494.20,156.04,32.46,1,1,1
161,3,1753.69,494.95,165.78,29.73,1,1,1
162,3,1738.42,499.86,166.09,31.44,1,1,1
163,3,1733.26,500.52,162.71,30.32,1,1,1
164,3,1726.81,499.50,164.22,28.65,1,1,1
165,3,1724.44,498.47,161.64,29.23,1,1,1
166,3,1724.01,496.42,161.17,29.48,1,1,1
167,3,1722.08,494.88,161.76,32.37,1,1,1
168,3,1723.37,500.52,162.71,30.77,1,1,1
169,3,1723.58,496.93,166.54,32.56,1,1,1
170,3,1728.74,497.45,165.43,30.25,1,1,1
171,3,1733.04,493.86,166.52,32.04,1,1,1
172,3,1743.37,497.45,166.99,33.40,1,1,1
173,3,1761.43,502.06,158.36,28.78,1,1,1
174,3,1766.59,501.53,153.37,27.24,1,1,1
175,3,1783.15,503.60,136.38,30.08,1,1,1
176,3,1789.82,503.09,131.32,31.12,1,1,1
177,3,1798.63,500.01,121.43,30.32,1,1,1
178,3,1816.27,501.04,103.97,29.40,1,1,1
179,3,1860.36,493.02,59.81,32.37,1,1,1
180,3,1901.22,511.84,19.28,15.91,1,1,1
198,3,1860.04,507.35,60.72,21.22,1,1,1
199,3,1819.92,498.10,99.28,27.62,1,1,1
200,3,1816.63,496.24,103.34,28.43,1,1,1
201,3,1810.58,499.10,108.87,28.17,1,1,1
202,3,1785.11,501.65,135.00,29.13,1,1,1
203,3,1779.36,495.80,140.75,27.82,1,1,1
204,3,1771.88,494.44,148.26,28.64,1,1,1
205,3,1764.06,495.91,154.77,30.16,1,1,1
206,3,1761.34,503.25,157.94,29.62,1,1,1
207,3,1758.23,502.90,159.87,30.44,1,1,1
208,3,1740.43,499.31,162.03,26.34,1,1,1
209,3,1723.21,497.44,174.42,29.50,1,1,1
210,3,1714.83,502.37,176.59,26.36,1,1,1
211,3,1702.91,500.14,176.83,28.59,1,1,1
212,3,1700.43,500.84,181.08,27.89,1,1,1
213,3,1695.63,498.44,181.46,30.29,1,1,1
214,3,1705.25,501.84,176.60,29.45,1,1,1
215,3,1709.69,496.74,179.99,29.25,1,1,1
216,3,1707.56,500.07,185.10,26.68,1,1,1
217,3,1718.97,504.12,175.13,24.09,1,1,1
218,3,1720.94,495.59,179.86,27.24,1,1,1
219,3,1737.79,503.55,170.96,27.82,1,1,1
220,3,1743.28,496.13,169.75,28.19,1,1,1
221,3,1747.69,495.38,171.20,28.93,1,1,1
222,3,1754.10,500.14,165.89,30.58,1,1,1
223,3,1756.24,502.50,162.78,29.08,1,1,1
224,3,1763.07,504.23,154.22,29.05,1,1,1
225,3,1773.48,498.34,146.50,26.74,1,1,1
226,3,1788.32,501.50,132.24,25.51,1,1,1
227,3,1794.31,503.61,125.30,26.08,1,1,1
228,3,1798.25,502.16,121.77,25.74,1,1,1
229,3,1805.09,500.71,115.46,25.78,1,1,1
230,3,1811.32,503.72,108.71,26.15,1,1,1
231,3,1821.49,501.10,98.53,26.68,1,1,1
232,3,1827.30,502.56,92.98,24.71,1,1,1
233,3,1837.76,509.53,82.26,23.71,1,1,1
234,3,1848.52,500.81,71.51,24.64,1,1,1
235,3,1852.30,500.52,67.73,25.19,1,1,1
236,3,1872.64,514.76,47.38,17.44,1,1,1
237,3,1880.20,507.79,39.83,16.62,1,1,1
238,3,1892.98,516.51,26.52,14.40,1,1,1
25,33,1881.94,489.14,37.46,37.28,1,1,1
26,33,1676.56,497.02,98.90,35.26,1,1,1
27,33,1643.60,501.25,85.80,35.26,1,1,1
28,33,1549.37,492.59,85.80,35.26,1,1,1
29,33,1534.16,500.38,85.68,35.26,1,1,1
30,33,1526.37,484.54,85.68,35.26,1,1,1
31,33,1556.76,489.73,85.68,35.26,1,1,1
32,33,1565.85,486.87,90.56,35.26,1,1,1
33,33,1580.37,487.97,90.56,35.26,1,1,1
34,33,1612.70,489.61,95.96,35.26,1,1,1
35,33,1625.58,493.18,95.96,35.26,1,1,1
36,33,1636.54,494.00,95.96,35.26,1,1,1
37,33,1671.88,484.93,97.87,34.46,1,1,1
38,33,1708.32,487.67,100.82,34.46,1,1,1
39,33,1736.77,488.51,102.63,35.87,1,1,1
40,33,1748.83,484.72,104.72,37.12,1,1,1
41,33,1744.83,487.27,110.67,37.96,1,1,1
42,33,1755.04,484.99,108.44,36.56,1,1,1
43,33,1755.04,484.62,108.44,36.56,1,1,1
44,33,1755.79,484.62,108.44,36.56,1,1,1
45,33,1752.81,489.72,108.44,36.56,1,1,1
46,33,1752.81,488.09,108.44,36.56,1,1,1
47,33,1750.36,481.97,108.44,36.56,1,1,1
48,33,1751.59,484.01,108.44,36.56,1,1,1
49,33,1752.00,489.72,108.44,36.56,1,1,1
50,33,1753.63,485.64,110.73,38.93,1,1,1
51,33,1766.28,484.42,110.73,38.93,1,1,1
52,33,1784.82,487.34,110.73,38.93,1,1,1
53,33,1786.77,486.86,110.73,38.93,1,1,1
54,33,1809.22,488.08,110.73,38.93,1,1,1
55,33,1812.54,490.53,107.00,38.93,1,1,1
56,33,1837.43,487.26,81.69,38.93,1,1,1
57,33,1861.92,487.26,57.21,40.61,1,1,1
58,33,1869.27,487.26,49.86,40.61,1,1,1
59,33,1875.11,487.26,44.02,19.94,1,1,1
60,33,1885.37,485.11,33.76,21.21,1,1,1
61,33,1893.39,482.65,26.79,19.65,1,1,1
75,33,1894.02,481.64,27.15,13.52,1,1,1
76,33,1890.20,477.85,28.47,14.91,1,1,1
77,33,1873.34,487.03,45.56,24.93,1,1,1
78,33,1878.04,479.14,41.10,16.15,1,1,1
79,33,1884.67,489.54,35.00,12.81,1,1,1
80,33,1885.61,488.21,34.07,14.95,1,1,1
116,33,1885.03,481.94,35.26,14.97,1,1,1
117,33,1883.16,485.57,35.73,14.28,1,1,1
118,33,1809.83,483.05,108.67,40.09,1,1,1
119,33,1804.56,488.32,113.77,40.09,1,1,1
120,33,1750.53,489.37,128.85,40.09,1,1,1
121,33,1731.23,486.91,132.36,40.09,1,1,1
122,33,1708.07,485.51,137.63,40.09,1,1,1
123,33,1670.96,492.53,125.61,40.09,1,1,1
124,33,1655.52,493.23,125.61,40.09,1,1,1
125,33,1626.75,485.86,125.61,40.09,1,1,1
126,33,1601.84,489.72,125.61,40.09,1,1,1
127,33,1598.68,489.02,125.61,40.09,1,1,1
128,33,1594.82,490.42,125.61,40.09,1,1,1
129,33,1604.30,490.77,117.19,38.95,1,1,1
130,33,1607.10,490.77,117.19,38.95,1,1,1
131,33,1615.17,490.42,117.19,38.95,1,1,1
132,33,1639.73,497.44,117.19,38.95,1,1,1
133,33,1666.05,488.67,121.40,38.95,1,1,1
134,33,1679.03,494.98,124.56,38.95,1,1,1
135,33,1724.30,487.96,127.02,37.89,1,1,1
136,33,1735.87,487.61,129.82,40.00,1,1,1
137,33,1750.50,486.42,129.82,40.00,1,1,1
138,33,1765.13,486.12,129.82,40.00,1,1,1
139,33,1784.23,485.52,137.13,40.00,1,1,1
140,33,1801.06,483.84,118.81,43.47,1,1,1
141,33,1849.84,480.74,70.03,17.00,1,1,1
142,33,1868.74,477.04,51.15,14.66,1,1,1
159,33,1856.33,480.62,63.90,15.46,1,1,1
160,33,1815.69,482.85,103.29,26.53,1,1,1
161,33,1800.15,481.35,118.83,28.02,1,1,1
162,33,1792.80,486.25,127.90,45.49,1,1,1
163,33,1785.45,487.72,136.35,44.48,1,1,1
164,33,1773.54,481.97,146.72,47.16,1,1,1
165,33,1773.54,481.04,147.06,46.40,1,1,1
166,33,1768.40,479.17,150.85,45.57,1,1,1
167,33,1767.47,478.70,151.58,46.91,1,1,1
168,33,1761.81,487.03,159.33,43.63,1,1,1
169,33,1765.65,484.90,153.95,44.74,1,1,1
170,33,1775.91,485.33,143.18,43.29,1,1,1
171,33,1778.90,480.20,141.73,44.31,1,1,1
172,33,1789.58,483.62,130.54,47.05,1,1,1
173,33,1815.95,487.46,104.16,24.95,1,1,1
174,33,1819.48,482.06,99.34,16.04,1,1,1
175,33,1838.28,486.68,81.32,16.92,1,1,1
176,33,1851.52,486.68,68.08,16.41,1,1,1
177,33,1862.20,483.60,58.42,16.41,1,1,1
178,33,1863.54,483.40,57.02,17.63,1,1,1
196,33,1890.98,510.51,28.40,17.96,1,1,1
197,33,1874.42,487.91,44.89,40.61,1,1,1
198,33,1835.89,479.39,83.33,47.05,1,1,1
199,33,1797.65,479.19,121.51,45.26,1,1,1
200,33,1790.01,478.99,129.08,45.14,1,1,1
201,33,1781.41,483.06,138.05,44.57,1,1,1
202,33,1756.89,486.49,163.73,44.64,1,1,1
203,33,1749.57,471.30,170.54,54.10,1,1,1
204,33,1743.52,471.79,175.05,52.02,1,1,1
205,33,1737.79,474.24,180.79,53.07,1,1,1
206,33,1727.60,488.45,191.42,46.51,1,1,1
207,33,1723.78,488.45,197.36,46.19,1,1,1
208,33,1703.96,484.06,216.16,44.05,1,1,1
209,33,1689.15,481.73,231.48,46.08,1,1,1
210,33,1686.37,485.00,234.26,45.89,1,1,1
211,33,1676.71,476.42,246.48,53.22,1,1,1
212,33,1677.29,476.42,241.80,53.51,1,1,1
213,33,1675.25,476.42,242.30,52.06,1,1,1
214,33,1677.29,478.99,239.24,52.11,1,1,1
215,33,1681.36,476.42,238.24,50.61,1,1,1
216,33,1683.91,479.99,236.72,46.86,1,1,1
217,33,1694.18,475.91,226.07,51.37,1,1,1
218,33,1694.78,480.50,225.46,43.89,1,1,1
219,33,1707.46,484.29,212.47,47.47,1,1,1
220,33,1714.46,479.07,206.42,44.69,1,1,1
221,33,1720.59,479.07,199.02,45.33,1,1,1
222,33,1727.69,488.61,193.26,42.05,1,1,1
223,33,1732.32,488.61,187.71,43.59,1,1,1
224,33,1739.41,488.61,180.61,44.21,1,1,1
225,33,1752.99,480.50,164.87,45.22,1,1,1
226,33,1759.78,481.58,159.17,47.22,1,1,1
227,33,1766.26,487.53,154.85,43.13,1,1,1
228,33,1774.59,485.37,145.44,42.82,1,1,1
229,33,1780.14,481.04,140.42,45.30,1,1,1
230,33,1784.46,484.36,135.30,44.67,1,1,1
231,33,1794.05,481.17,126.11,45.53,1,1,1
232,33,1797.53,481.17,122.62,45.82,1,1,1
233,33,1812.36,486.39,107.84,46.12,1,1,1
234,33,1828.05,480.50,92.52,44.16,1,1,1
235,33,1832.41,479.96,88.70,45.58,1,1,1
236,33,1851.69,484.53,68.35,46.88,1,1,1
237,33,1857.91,484.53,62.13,39.82,1,1,1
238,33,1872.31,484.53,47.73,45.75,1,1,1
239,33,1891.52,498.09,28.52,33.89,1,1,1
240,33,1898.01,505.71,22.03,23.12,1,1,1
26,4,1782.24,505.91,76.36,20.58,1,2,1
27,4,1735.22,510.13,71.43,19.74,1,2,1
28,4,1636.52,501.03,64.94,19.48,1,2,1
29,4,1620.42,510.13,66.02,19.22,1,2,1
30,4,1608.47,493.76,65.19,19.22,1,2,1
31,4,1641.20,500.26,64.16,17.92,1,2,1
32,4,1655.22,497.40,64.16,19.48,1,2,1
33,4,1668.21,496.62,65.45,19.48,1,2,1
34,4,1704.83,498.70,65.97,19.01,1,2,1
35,4,1718.60,501.29,65.08,19.17,1,2,1
36,4,1729.24,500.84,66.39,20.32,1,2,1
37,4,1768.97,491.27,65.06,18.62,1,2,1
38,4,1809.43,494.95,66.44,19.31,1,2,1
39,4,1838.16,497.71,69.43,19.54,1,2,1
40,4,1853.80,494.03,65.75,19.08,1,2,1
41,4,1854.95,497.25,65.29,19.54,1,2,1
42,4,1861.61,494.26,58.39,20.00,1,2,1
43,4,1861.61,494.49,58.39,19.08,1,2,1
44,4,1862.76,494.72,57.24,20.00,1,2,1
45,4,1860.23,498.86,59.77,20.00,1,2,1
46,4,1861.15,498.40,58.85,20.00,1,2,1
47,4,1858.62,492.19,61.38,20.00,1,2,1
48,4,1857.01,492.88,62.99,20.00,1,2,1
49,4,1859.31,498.86,60.92,21.15,1,2,1
50,4,1862.53,495.18,57.93,21.15,1,2,1
51,4,1872.65,493.34,47.59,21.15,1,2,1
52,4,1892.88,496.10,27.36,17.47,1,2,1
53,4,1900.00,496.56,20.23,16.55,1,2,1
119,4,1899.81,497.91,18.52,9.85,1,2,1
120,4,1844.60,500.01,47.13,22.30,1,2,1
121,4,1829.43,497.48,49.66,21.38,1,2,1
122,4,1811.73,495.18,47.82,21.38,1,2,1
123,4,1762.30,503.00,42.99,21.15,1,2,1
124,4,1748.28,503.23,46.44,21.38,1,2,1
125,4,1718.62,498.40,45.06,20.23,1,2,1
126,4,1696.78,500.47,45.06,19.54,1,2,1
127,4,1692.42,499.78,42.07,19.54,1,2,1
128,4,1687.82,500.24,43.22,19.54,1,2,1
129,4,1688.28,500.01,44.37,19.54,1,2,1
130,4,1688.97,501.16,44.14,19.54,1,2,1
131,4,1698.62,500.93,46.21,19.77,1,2,1
132,4,1721.15,506.22,47.36,19.54,1,2,1
133,4,1751.73,498.17,44.83,19.54,1,2,1
134,4,1764.37,503.69,43.91,20.46,1,2,1
135,4,1811.27,494.49,46.44,20.69,1,2,1
136,4,1824.60,496.56,47.13,20.92,1,2,1
137,4,1839.77,498.17,47.36,20.46,1,2,1
138,4,1852.65,496.79,47.82,20.69,1,2,1
139,4,1878.16,495.41,41.61,20.23,1,2,1
140,4,1897.70,495.41,22.07,10.34,1,2,1
204,4,1911.44,495.41,8.33,10.34,1,2,1
205,4,1903.73,495.41,16.04,13.25,1,2,1
206,4,1895.35,510.67,25.09,7.04,1,2,1
207,4,1886.64,500.61,33.80,17.09,1,2,1
208,4,1861.84,494.91,58.61,16.42,1,2,1
209,4,1848.43,494.58,56.65,16.09,1,2,1
210,4,1844.74,497.26,54.30,16.76,1,2,1
211,4,1833.01,494.91,56.98,16.42,1,2,1
212,4,1833.01,496.25,56.98,16.42,1,2,1
213,4,1828.99,494.24,56.98,16.42,1,2,1
214,4,1831.00,497.60,56.98,16.42,1,2,1
215,4,1836.70,492.90,56.98,16.42,1,2,1
216,4,1838.37,491.90,56.98,16.42,1,2,1
217,4,1848.09,493.91,56.98,16.42,1,2,1
218,4,1854.13,490.56,56.98,16.42,1,2,1
219,4,1871.89,496.59,49.27,16.42,1,2,1
220,4,1876.92,489.55,44.58,17.09,1,2,1
221,4,1883.62,490.22,37.20,16.42,1,2,1
222,4,1894.01,496.59,26.48,16.09,1,2,1
28,39,1909.79,537.64,10.78,18.62,1,2,1
29,39,1898.54,539.80,21.96,26.51,1,2,1
293,34,46.56,537.06,6.91,10.14,1,3,1
294,34,352.51,528.23,6.60,9.51,1,3,1
295,34,624.56,510.14,6.52,10.58,1,3,1
296,34,700.36,515.40,5.69,10.79,1,3,1
297,34,767.82,517.68,6.21,10.84,1,3,1
298,34,939.21,504.88,6.99,11.98,1,3,1
299,34,991.05,501.96,6.17,11.68,1,3,1
300,34,1171.41,498.15,7.34,12.12,1,3,1
301,34,1230.53,501.90,7.04,11.84,1,3,1
302,34,1366.64,497.68,7.72,9.97,1,3,1
303,34,1403.91,488.45,8.48,13.38,1,3,1
304,34,1438.08,484.93,7.68,11.84,1,3,1
305,34,1543.74,502.32,10.91,15.32,1,3,1
306,34,1580.45,504.09,10.91,15.32,1,3,1
307,34,1617.67,493.20,10.91,15.32,1,3,1
308,34,1650.32,483.58,10.91,15.32,1,3,1
309,34,1785.98,492.54,10.91,15.32,1,3,1
310,34,1844.32,487.36,10.91,15.32,1,3,1
311,34,1879.85,481.38,10.91,15.32,1,3,1
294,8,73.33,524.67,111.72,15.62,1,0,1
295,8,410.14,508.14,82.06,13.30,1,0,1
296,8,493.83,512.49,80.60,14.44,1,0,1
297,8,568.63,515.39,80.75,13.39,1,0,1
298,8,749.10,505.24,71.39,12.13,1,0,1
299,8,802.07,501.88,72.96,13.73,1,0,1
300,8,982.82,500.03,73.47,11.82,1,0,1
301,8,1041.06,505.09,69.33,9.77,1,0,1
302,8,1174.61,498.31,69.31,10.78,1,0,1
303,8,1208.75,491.78,70.73,10.27,1,0,1
304,8,1241.13,487.74,72.69,10.56,1,0,1
305,8,1339.54,507.10,73.27,10.27,1,0,1
306,8,1374.18,506.60,74.11,10.27,1,0,1
307,8,1407.07,496.57,83.40,12.27,1,0,1
308,8,1435.94,486.73,86.81,14.08,1,0,1
309,8,1549.41,492.63,93.38,14.20,1,0,1
310,8,1594.34,487.52,95.25,14.04,1,0,1
311,8,1623.46,482.79,99.22,16.25,1,0,1
312,8,1647.31,486.88,107.28,14.42,1,0,1
313,8,1705.05,500.28,108.55,15.34,1,0,1
314,8,1744.46,502.73,118.63,15.15,1,0,1
295,9,140.43,513.93,59.20,18.24,1,1,1
296,9,245.54,519.03,55.46,17.70,1,1,1
297,9,335.67,519.82,49.48,17.70,1,1,1
298,9,539.12,509.61,45.79,17.86,1,1,1
299,9,597.36,508.60,43.53,16.10,1,1,1
300,9,786.89,506.34,43.53,15.10,1,1,1
301,9,846.89,508.86,41.52,15.10,1,1,1
302,9,980.44,500.57,41.52,14.59,1,1,1
303,9,1014.08,496.55,42.27,13.59,1,1,1
304,9,1046.72,494.03,42.27,14.35,1,1,1
305,9,1142.61,509.10,42.27,14.35,1,1,1
306,9,1175.00,507.09,42.27,14.35,1,1,1
307,9,1207.13,500.81,42.84,14.35,1,1,1
308,9,1234.74,495.79,42.84,14.35,1,1,1
309,9,1337.92,497.80,46.36,14.85,1,1,1
310,9,1379.09,494.54,46.10,14.85,1,1,1
311,9,1405.45,493.78,47.86,15.36,1,1,1
312,9,1427.04,496.04,47.86,15.36,1,1,1
313,9,1477.75,507.84,48.87,14.35,1,1,1
314,9,1509.63,509.60,51.38,12.85,1,1,1
315,9,1667.53,490.77,56.65,13.10,1,1,1
316,9,1714.24,498.96,59.65,11.73,1,1,1
317,9,1893.24,496.47,26.87,12.27,1,1,1
295,10,-0.22,531.32,27.20,14.16,1,5,1
296,10,-0.97,527.96,145.71,25.34,1,5,1
297,10,35.18,529.45,207.00,25.34,1,5,1
298,10,299.76,518.27,156.70,23.48,1,5,1
299,10,357.52,516.41,157.82,23.48,1,5,1
300,10,577.01,513.06,131.36,22.73,1,5,1
301,10,638.87,515.67,128.75,21.24,1,5,1
302,10,773.77,505.98,125.77,20.87,1,5,1
303,10,807.31,501.88,125.77,20.87,1,5,1
304,10,841.97,502.25,123.16,20.50,1,5,1
305,10,934.76,513.80,123.16,20.50,1,5,1
306,10,964.94,511.57,123.16,20.50,1,5,1
307,10,995.50,506.35,123.16,20.50,1,5,1
308,10,1021.59,502.62,123.16,20.50,1,5,1
309,10,1119.97,502.62,123.16,20.50,1,5,1
310,10,1157.98,501.13,125.02,20.50,1,5,1
311,10,1175.86,502.62,130.61,20.12,1,5,1
312,10,1194.87,504.49,132.10,19.64,1,5,1
313,10,1238.84,513.43,135.08,18.89,1,5,1
314,10,1265.30,511.94,138.44,20.01,1,5,1
315,10,1397.96,496.04,146.64,21.86,1,5,1
316,10,1434.98,503.87,149.87,21.37,1,5,1
317,10,1580.10,499.03,154.91,22.05,1,5,1
318,10,1622.07,497.64,159.76,21.85,1,5,1
319,10,1768.07,489.32,151.44,24.62,1,5,1
320,10,1816.97,494.87,103.58,22.89,1,5,1
295,14,246.57,519.10,9.31,14.17,1,3,1
296,14,341.92,523.20,9.82,14.17,1,3,1
297,14,423.14,524.84,8.50,12.20,1,3,1
298,14,614.52,515.68,8.74,11.33,1,3,1
299,14,670.27,514.37,8.68,10.90,1,3,1
300,14,854.89,509.95,7.00,11.29,1,3,1
301,14,912.89,512.67,8.17,12.04,1,3,1
302,14,1044.92,505.27,8.10,11.42,1,3,1
303,14,1078.66,499.71,7.38,11.14,1,3,1
304,14,1111.30,498.48,6.83,10.55,1,3,1
305,14,1202.85,512.67,7.24,12.95,1,3,1
306,14,1236.40,513.90,7.31,10.07,1,3,1
307,14,1268.68,506.81,6.82,10.61,1,3,1
308,14,1295.49,500.02,7.78,11.74,1,3,1
309,14,1399.62,502.80,7.02,12.25,1,3,1
310,14,1438.65,499.40,6.56,11.26,1,3,1
311,14,1466.00,497.57,7.38,12.73,1,3,1
312,14,1488.43,499.14,6.44,12.80,1,3,1
313,14,1539.68,512.43,6.73,11.55,1,3,1
314,14,1573.23,512.10,6.50,12.61,1,3,1
315,14,1734.81,491.65,7.09,12.82,1,3,1
316,14,1783.87,501.03,6.53,11.10,1,3,1
302,35,0.37,503.57,110.72,32.75,1,0,1
303,35,-1.71,502.01,162.78,31.60,1,0,1
304,35,-1.71,502.01,207.86,35.94,1,0,1
305,35,103.48,500.47,233.07,23.62,1,0,1
306,35,157.17,498.61,220.17,24.34,1,0,1
307,35,206.26,498.61,210.71,23.76,1,0,1
308,35,244.25,501.74,206.04,23.50,1,0,1
309,35,374.64,493.82,190.54,22.80,1,0,1
310,35,421.82,498.61,194.49,22.61,1,0,1
311,35,450.09,502.50,182.88,26.76,1,0,1
312,35,473.35,508.16,179.15,21.68,1,0,1
313,35,521.71,509.29,179.04,21.69,1,0,1
314,35,557.55,502.12,170.78,17.37,1,0,1
315,35,696.62,505.14,169.58,19.53,1,0,1
316,35,734.85,505.52,167.54,20.30,1,0,1
317,35,857.11,492.69,165.34,21.06,1,0,1
318,35,889.56,496.08,167.35,21.11,1,0,1
319,35,1005.89,490.00,172.81,24.33,1,0,1
320,35,1039.36,490.82,170.93,25.23,1,0,1
321,35,1123.46,488.76,173.57,24.41,1,0,1
322,35,1146.54,488.76,174.62,22.41,1,0,1
323,35,1163.46,488.76,178.38,21.54,1,0,1
324,35,1177.82,488.76,181.25,20.97,1,0,1
325,35,1186.03,488.25,183.39,19.18,1,0,1
326,35,1200.39,488.25,179.94,18.61,1,0,1
327,35,1211.16,488.25,174.92,22.63,1,0,1
328,35,1222.95,494.92,178.06,19.41,1,0,1
329,35,1266.54,474.92,183.87,23.90,1,0,1
330,35,1280.26,483.87,177.62,20.69,1,0,1
331,35,1316.80,485.69,175.55,20.02,1,0,1
332,35,1359.87,488.76,179.58,16.94,1,0,1
333,35,1365.00,488.76,179.62,21.54,1,0,1
334,35,1390.13,479.53,178.05,21.58,1,0,1
335,35,1400.39,480.05,176.98,21.64,1,0,1
336,35,1438.45,484.56,185.45,22.87,1,0,1
337,35,1455.47,477.75,190.25,22.78,1,0,1
338,35,1488.03,487.99,193.89,23.47,1,0,1
339,35,1497.44,481.71,193.67,18.83,1,0,1
340,35,1517.44,485.86,192.62,21.79,1,0,1
318,16,11.36,532.76,48.50,14.22,1,1,1
319,16,206.58,523.22,38.46,13.10,1,1,1
320,16,255.52,521.54,38.46,13.10,1,1,1
321,16,370.09,525.00,35.67,13.16,1,1,1
322,16,398.91,525.58,35.67,12.25,1,1,1
323,16,421.03,523.57,32.53,12.25,1,1,1
324,16,436.79,521.56,31.86,11.91,1,1,1
325,16,451.87,519.88,31.86,11.91,1,1,1
326,16,465.61,518.54,31.86,12.25,1,1,1
327,16,478.35,517.87,30.52,12.25,1,1,1
328,16,491.09,517.87,30.52,12.25,1,1,1
329,16,544.92,521.32,28.80,10.75,1,1,1
330,16,559.87,521.90,27.44,11.45,1,1,1
331,16,597.45,517.20,26.80,11.45,1,1,1
332,16,640.15,520.19,25.94,11.02,1,1,1
333,16,647.84,519.12,25.94,11.02,1,1,1
334,16,672.20,510.90,25.94,11.02,1,1,1
335,16,679.50,516.60,26.67,10.78,1,1,1
336,16,718.22,513.35,24.73,10.78,1,1,1
337,16,733.78,511.92,24.73,10.78,1,1,1
338,16,764.91,515.40,24.73,10.78,1,1,1
339,16,774.53,514.79,22.88,10.78,1,1,1
340,16,790.41,511.68,24.89,11.56,1,1,1
319,17,115.75,525.33,41.09,11.67,1,1,1
320,17,170.05,523.32,37.94,11.67,1,1,1
321,17,291.67,527.12,33.45,11.67,1,1,1
322,17,322.51,526.45,32.85,11.87,1,1,1
323,17,347.98,524.78,27.15,11.87,1,1,1
324,17,365.07,522.76,27.15,11.87,1,1,1
325,17,382.50,520.42,27.15,11.87,1,1,1
326,17,395.24,520.08,27.15,11.87,1,1,1
327,17,408.65,518.74,24.80,11.87,1,1,1
328,17,420.71,517.74,25.14,11.87,1,1,1
329,17,479.71,521.75,21.77,11.87,1,1,1
330,17,492.09,524.25,22.83,10.44,1,1,1
331,17,529.03,518.91,22.83,9.80,1,1,1
332,17,573.66,521.69,22.83,9.80,1,1,1
333,17,580.70,521.26,22.83,9.80,1,1,1
334,17,606.74,512.04,22.83,9.80,1,1,1
335,17,614.27,518.66,22.83,9.80,1,1,1
336,17,654.20,514.36,20.15,9.80,1,1,1
337,17,671.19,512.92,18.31,9.80,1,1,1
338,17,700.15,515.99,21.09,10.24,1,1,1
339,17,707.93,516.19,21.09,10.24,1,1,1
340,17,726.37,513.08,19.58,9.85,1,1,1
319,18,63.92,524.73,40.39,14.61,1,1,1
320,18,121.75,523.37,40.39,14.07,1,1,1
321,18,252.06,526.90,34.52,14.07,1,1,1
322,18,282.56,526.90,34.92,14.07,1,1,1
323,18,307.70,526.25,33.58,13.04,1,1,1
324,18,325.80,523.91,33.58,13.38,1,1,1
325,18,342.22,521.90,33.58,13.38,1,1,1
326,18,356.97,520.22,33.58,13.38,1,1,1
327,18,370.38,519.55,31.90,13.38,1,1,1
328,18,384.45,518.54,30.56,13.38,1,1,1
329,18,443.25,524.33,28.53,12.21,1,1,1
330,18,457.34,525.53,28.55,11.86,1,1,1
331,18,497.27,518.48,28.55,11.86,1,1,1
332,18,542.11,521.47,27.27,12.07,1,1,1
333,18,550.65,521.05,27.91,11.65,1,1,1
334,18,576.68,512.31,27.08,11.65,1,1,1
335,18,584.44,519.18,27.28,12.08,1,1,1
336,18,624.37,513.44,27.28,12.08,1,1,1
337,18,639.73,513.44,27.28,12.08,1,1,1
338,18,672.49,516.40,27.28,11.17,1,1,1
339,18,680.27,516.40,28.48,11.38,1,1,1
340,18,697.32,513.36,28.48,11.38,1,1,1
323,20,-0.14,539.58,39.08,13.28,1,2,1
324,20,7.58,536.21,54.96,13.93,1,2,1
325,20,32.74,533.88,54.58,13.93,1,2,1
326,20,55.33,532.52,47.78,13.93,1,2,1
327,20,73.81,530.23,47.78,13.93,1,2,1
328,20,94.34,527.27,45.27,13.93,1,2,1
329,20,173.95,539.33,42.08,12.14,1,2,1
330,20,195.63,538.42,39.11,12.14,1,2,1
331,20,245.81,528.38,36.14,11.91,1,2,1
332,20,300.57,531.80,34.78,11.69,1,2,1
333,20,311.74,530.89,32.49,11.69,1,2,1
334,20,343.00,521.31,30.90,11.69,1,2,1
335,20,353.72,530.66,30.90,10.77,1,2,1
336,20,401.40,521.99,27.02,10.77,1,2,1
337,20,419.42,523.59,27.02,11.23,1,2,1
338,20,457.29,523.13,25.19,11.23,1,2,1
339,20,467.78,527.01,25.19,10.54,1,2,1
340,20,488.54,520.16,23.60,10.54,1,2,1
326,22,0.19,545.70,27.15,5.88,1,2,1
327,22,0.19,540.45,47.49,9.27,1,2,1
328,22,11.68,536.90,55.45,9.84,1,2,1
329,22,99.49,548.62,49.60,9.41,1,2,1
330,22,119.97,546.74,49.60,9.41,1,2,1
331,22,175.79,535.66,45.63,8.78,1,2,1
332,22,235.79,539.42,42.28,8.78,1,2,1
333,22,245.40,538.80,43.12,8.78,1,2,1
334,22,278.02,528.34,42.49,8.78,1,2,1
335,22,288.68,538.38,41.65,8.36,1,2,1
336,22,338.64,529.18,38.52,8.36,1,2,1
337,22,357.67,531.69,38.52,8.36,1,2,1
338,22,395.71,530.02,38.52,8.36,1,2,1
339,22,407.42,534.41,37.89,8.36,1,2,1
340,22,427.70,527.51,37.05,8.36,1,2,1
329,23,56.46,550.07,32.99,8.29,1,2,1
330,23,79.99,548.75,32.74,7.57,1,2,1
331,23,136.58,537.58,29.90,6.25,1,2,1
332,23,199.04,540.99,28.58,6.25,1,2,1
333,23,210.40,540.04,28.58,6.06,1,2,1
334,23,244.47,530.39,28.58,6.06,1,2,1
335,23,254.12,540.23,27.82,6.06,1,2,1
336,23,303.52,529.44,27.82,6.06,1,2,1
337,23,323.96,533.04,26.69,6.06,1,2,1
338,23,363.33,530.96,25.36,6.06,1,2,1
339,23,374.87,535.31,25.36,6.06,1,2,1
340,23,396.26,527.74,24.04,6.06,1,2,1
332,24,36.89,542.78,28.39,7.58,1,2,1
333,24,42.68,540.72,34.71,9.34,1,2,1
334,24,81.82,530.42,34.71,9.34,1,2,1
335,24,93.93,541.99,34.71,8.59,1,2,1
336,24,155.21,530.14,34.71,8.59,1,2,1
337,24,177.36,534.52,34.71,8.59,1,2,1
338,24,222.93,530.40,34.25,8.59,1,2,1
339,24,236.58,536.32,34.25,8.59,1,2,1
340,24,260.27,527.82,34.25,8.59,1,2,1
332,37,14.67,542.56,28.08,9.15,1,2,1
333,37,28.91,542.56,25.21,9.01,1,2,1
334,37,72.21,532.10,25.21,9.01,1,2,1
335,37,83.17,543.44,25.21,9.01,1,2,1
336,37,145.95,531.52,25.21,9.01,1,2,1
337,37,166.58,535.59,25.21,9.01,1,2,1
338,37,213.96,531.52,25.21,9.01,1,2,1
339,37,228.20,537.91,25.21,9.01,1,2,1
340,37,249.15,528.90,25.21,9.01,1,2,1
338,26,14.62,595.56,7.36,6.48,1,4,1
339,26,31.42,602.76,7.36,6.48,1,4,1
340,26,67.42,589.89,7.36,6.48,1,4,1
340,38,-0.50,543.10,9.40,18.37,1,2,1
