1,1,107.33,356.25,72.41,14.34,1,5,0
1,2,631.45,368.82,47.69,13.85,1,0,0
2,1,111.86,350.91,72.28,15.00,1,5,0
2,2,635.26,369.21,44.11,14.86,1,0,0
3,1,112.98,351.69,74.41,15.68,1,5,0
3,2,637.44,372.78,41.85,15.01,1,0,0
4,1,115.40,356.41,72.70,14.72,1,5,0
4,2,640.89,375.52,38.38,14.32,1,0,0
5,1,118.02,357.93,74.59,15.04,1,5,0
5,2,643.82,374.44,35.41,14.29,1,0,0
6,1,123.88,349.77,74.50,15.53,1,5,0
6,2,649.23,365.02,30.20,14.45,1,0,0
7,1,125.19,351.51,75.91,14.76,1,5,0
7,2,651.63,366.91,27.87,13.23,1,0,0
8,1,130.81,361.29,74.39,15.08,1,5,0
8,2,657.91,377.82,21.69,14.18,1,0,0
9,1,134.45,353.71,73.20,14.57,1,5,0
9,2,661.30,371.28,18.22,14.50,1,0,0
10,1,138.12,350.35,75.31,15.41,1,5,0
10,2,665.87,368.33,13.45,13.90,1,0,0
11,1,143.35,354.77,76.17,14.94,1,5,0
12,1,152.40,358.91,74.93,15.34,1,5,0
13,1,158.87,356.38,75.07,15.44,1,5,0
14,1,162.25,353.95,76.22,14.79,1,5,0
15,1,168.32,359.09,74.78,14.86,1,5,0
16,1,166.05,360.71,76.58,15.57,1,5,0
17,1,165.04,362.33,75.76,15.24,1,5,0
18,1,160.84,358.89,76.90,15.24,1,5,0
19,1,157.37,356.86,76.11,15.48,1,5,0
20,1,153.03,358.57,76.64,15.60,1,5,0
21,1,148.42,362.86,77.49,15.71,1,5,0
22,1,147.42,356.16,77.03,15.25,1,5,0
23,1,146.79,355.74,77.99,15.72,1,5,0
24,1,145.76,362.43,76.84,15.53,1,5,0
25,1,145.69,358.29,76.68,15.27,1,5,0
26,1,147.67,354.37,76.37,15.89,1,5,0
27,1,147.72,356.55,76.92,15.52,1,5,0
28,1,148.54,360.41,77.75,15.93,1,5,0
29,1,148.98,359.00,76.48,15.41,1,5,0
30,1,143.25,352.55,78.11,15.52,1,5,0
31,1,140.83,356.79,77.48,16.06,1,5,0
32,1,136.87,360.27,79.28,16.18,1,5,0
33,1,136.03,356.01,77.72,16.19,1,5,0
34,1,134.46,352.26,77.64,15.45,1,5,0
35,1,134.55,351.17,76.96,15.25,1,5,0
36,1,137.23,360.90,78.22,16.00,1,5,0
37,1,138.40,353.04,78.78,15.86,1,5,0
38,1,138.67,359.92,80.16,15.76,1,5,0
39,1,138.84,364.36,78.68,15.87,1,5,0
40,1,135.81,352.92,78.94,16.09,1,5,0
41,1,134.82,353.76,78.27,15.99,1,5,0
42,1,128.47,353.89,79.90,16.33,1,5,0
43,1,123.87,352.39,79.70,16.09,1,5,0
43,2,666.24,364.84,13.07,14.31,1,0,0
44,1,120.00,361.58,79.37,16.04,1,5,0
44,2,663.11,367.97,16.14,15.72,1,0,0
45,1,117.24,357.93,79.80,17.07,1,5,0
45,2,661.34,370.86,17.91,15.31,1,0,0
46,1,116.13,351.77,80.59,17.30,1,5,0
46,2,660.92,367.85,18.37,15.61,1,0,0
47,1,116.21,351.59,81.18,17.10,1,5,0
47,2,661.05,367.38,18.19,15.55,1,0,0
48,1,116.61,351.82,81.09,17.27,1,5,0
48,2,662.74,367.10,16.57,15.56,1,0,0
49,1,117.80,352.98,80.54,17.02,1,5,0
49,2,663.87,367.55,15.32,15.55,1,0,0
50,1,117.93,358.09,81.86,17.19,1,5,0
50,2,665.79,371.02,13.39,15.22,1,0,0
51,1,120.83,357.45,81.56,17.00,1,5,0
51,2,667.26,370.57,12.06,14.85,1,0,0
52,1,126.29,355.30,80.66,17.14,1,5,0
53,1,127.00,355.14,80.67,17.27,1,5,0
54,1,127.47,357.75,81.19,17.09,1,5,0
55,1,128.50,356.64,82.47,17.06,1,5,0
56,1,128.45,355.30,81.71,16.59,1,5,0
57,1,127.84,352.48,81.03,16.32,1,5,0
58,1,120.70,360.79,82.32,16.43,1,5,0
59,1,118.13,358.86,81.13,16.70,1,5,0
59,2,668.37,366.35,11.08,14.85,1,0,0
60,1,113.50,349.05,80.74,17.34,1,5,0
60,2,664.25,360.30,15.02,16.06,1,0,0
61,1,108.55,352.22,81.83,17.27,1,5,0
61,2,660.53,367.17,18.71,15.70,1,0,0
62,1,106.63,359.04,82.20,17.20,1,5,0
62,2,660.14,374.42,19.11,15.70,1,0,0
63,1,106.00,351.32,81.92,16.60,1,5,0
63,2,658.79,366.13,20.57,15.00,1,0,0
64,1,105.64,353.74,81.48,16.55,1,5,0
64,2,658.57,363.76,20.87,16.42,1,0,0
65,1,104.93,357.84,82.15,17.03,1,5,0
65,2,659.58,366.81,19.69,16.34,1,0,0
66,1,100.48,351.05,81.74,16.68,1,5,0
66,2,655.44,361.85,23.81,15.79,1,0,0
67,1,101.57,355.13,82.70,16.95,1,5,0
67,2,656.72,366.30,22.65,16.28,1,0,0
68,1,102.37,359.84,83.16,17.32,1,5,0
68,2,658.51,375.42,20.81,16.09,1,0,0
69,1,101.09,348.56,84.07,17.67,1,5,0
69,2,658.01,363.40,21.27,16.41,1,0,0
70,1,101.99,351.92,83.23,16.92,1,5,0
70,2,658.97,359.36,20.17,17.00,1,0,0
71,1,104.60,358.92,82.91,17.18,1,5,0
71,2,662.06,366.09,17.20,15.77,1,0,0
72,1,109.98,355.62,83.18,17.64,1,5,0
72,2,666.97,369.88,12.10,16.06,1,0,0
73,1,112.33,361.66,83.11,17.72,1,5,0
74,1,115.45,355.13,83.43,17.16,1,5,0
75,1,118.69,350.46,83.57,17.06,1,5,0
76,1,122.29,359.37,83.56,17.40,1,5,0
77,1,122.65,356.32,83.68,17.48,1,5,0
78,1,122.75,356.46,83.76,17.87,1,5,0
79,1,120.47,352.20,83.52,17.59,1,5,0
80,1,117.82,353.88,84.53,17.99,1,5,0
81,1,115.35,352.98,84.03,17.27,1,5,0
82,1,113.40,359.36,84.10,17.05,1,5,0
83,1,110.34,352.91,84.36,18.27,1,5,0
84,1,110.15,347.74,84.21,18.04,1,5,0
85,1,108.39,345.46,84.53,18.24,1,5,0
86,1,109.05,363.22,84.87,17.80,1,5,0
87,1,109.32,356.38,85.14,18.41,1,5,0
88,1,111.91,348.49,84.79,18.45,1,5,0
89,1,111.36,352.15,84.56,18.74,1,5,0
90,1,111.17,358.26,85.48,18.88,1,5,0
91,1,110.86,352.46,85.74,18.20,1,5,0
92,1,110.17,346.98,86.23,19.55,1,5,0
93,1,109.76,355.14,86.82,19.36,1,5,0
94,1,113.21,350.19,86.73,18.41,1,5,0
95,1,117.90,350.75,87.40,18.50,1,5,0
96,1,124.93,358.65,87.19,19.50,1,5,0
97,1,129.95,344.10,87.87,19.65,1,5,0
98,1,138.60,353.82,87.20,19.96,1,5,0
99,1,145.09,356.32,88.22,19.96,1,5,0
100,1,152.06,350.72,89.86,19.47,1,5,0
101,1,158.31,355.28,88.99,20.01,1,5,0
102,1,163.77,354.82,90.20,20.90,1,5,0
103,1,164.27,344.73,88.75,21.07,1,5,0
104,1,167.61,356.57,88.01,21.10,1,5,0
105,1,167.84,360.35,89.56,20.52,1,5,0
106,1,175.44,345.06,90.07,21.70,1,5,0
107,1,182.53,346.10,89.62,21.39,1,5,0
108,1,189.16,360.18,91.64,21.40,1,5,0
109,1,194.36,351.31,91.77,19.86,1,5,0
110,1,198.78,351.71,90.78,21.03,1,5,0
111,1,203.11,359.46,92.42,21.58,1,5,0
112,1,201.82,346.99,91.77,20.35,1,5,0
113,1,200.61,345.21,92.63,20.29,1,5,0
114,1,199.29,360.40,91.24,20.94,1,5,0
115,1,196.34,359.18,93.31,21.61,1,5,0
116,1,191.41,348.06,93.99,21.33,1,5,0
117,1,187.36,353.60,92.56,21.73,1,5,0
118,1,187.16,352.16,94.06,21.66,1,5,0
119,1,188.16,355.54,92.79,21.71,1,5,0
120,1,189.15,359.42,93.79,21.35,1,5,0
121,1,187.90,354.61,95.52,21.47,1,5,0
122,1,184.53,355.26,94.68,21.12,1,5,0
123,1,181.73,354.51,94.55,21.75,1,5,0
124,1,176.39,352.84,95.71,21.36,1,5,0
125,1,168.76,357.02,94.88,22.23,1,5,0
126,1,168.53,358.80,96.36,21.27,1,5,0
127,1,165.03,350.02,96.64,21.67,1,5,0
128,1,163.46,351.88,96.06,21.71,1,5,0
129,1,158.36,356.41,96.63,21.43,1,5,0
130,1,151.88,352.56,97.22,21.79,1,5,0
131,1,144.01,354.37,95.35,21.34,1,5,0
132,1,140.22,349.36,96.04,21.23,1,5,0
133,1,133.79,355.57,98.08,22.51,1,5,0
134,1,133.17,356.14,96.77,21.61,1,5,0
135,1,132.48,345.75,96.76,22.02,1,5,0
136,1,132.82,351.49,96.98,21.76,1,5,0
137,1,132.71,352.97,95.80,22.29,1,5,0
138,1,132.84,350.49,97.22,21.63,1,5,0
139,1,132.08,350.73,97.52,21.89,1,5,0
140,1,129.48,351.22,99.06,21.66,1,5,0
141,1,128.02,353.86,98.56,21.94,1,5,0
142,1,121.68,352.92,97.82,21.83,1,5,0
143,1,113.25,344.61,98.79,21.98,1,5,0
144,1,105.04,345.60,98.22,22.10,1,5,0
145,1,102.96,354.36,97.91,22.65,1,5,0
146,1,103.64,353.59,99.57,22.64,1,5,0
147,1,107.85,347.84,99.54,22.04,1,5,0
148,1,113.28,350.98,100.24,21.83,1,5,0
149,1,113.66,351.03,99.38,21.67,1,5,0
150,1,116.73,352.26,99.57,21.75,1,5,0
151,1,116.57,351.55,100.64,22.52,1,5,0
152,1,118.81,355.39,99.68,22.79,1,5,0
153,1,120.50,348.82,100.97,21.39,1,5,0
154,1,122.04,357.30,102.41,21.72,1,5,0
155,1,120.15,355.68,101.14,22.43,1,5,0
156,1,118.01,352.00,101.12,22.17,1,5,0
157,1,114.21,348.90,100.48,21.99,1,5,0
158,1,109.86,353.74,101.33,21.84,1,5,0
159,1,104.05,356.56,101.96,21.69,1,5,0
160,1,101.62,358.47,101.70,21.39,1,5,0
161,1,94.88,350.03,101.21,21.54,1,5,0
162,1,85.58,342.43,101.48,22.87,1,5,0
163,1,79.93,346.10,100.92,22.97,1,5,0
164,1,79.99,354.91,103.13,22.23,1,5,0
165,1,80.47,349.97,103.78,22.28,1,5,0
166,1,81.89,341.57,102.12,21.80,1,5,0
167,1,81.58,353.07,103.88,22.99,1,5,0
168,1,76.85,348.52,102.52,21.54,1,5,0
169,1,71.61,349.14,103.08,22.33,1,5,0
170,1,69.33,349.32,102.47,22.30,1,5,0
171,1,60.92,345.24,101.52,23.07,1,5,0
172,1,59.58,345.00,98.23,23.37,1,5,0
173,1,57.99,344.72,102.40,23.03,1,5,0
174,1,57.89,352.17,101.44,23.04,1,5,0
175,1,58.23,348.45,102.45,22.80,1,5,0
176,1,55.48,346.55,103.90,22.81,1,5,0
177,1,52.64,349.11,104.04,22.42,1,5,0
178,1,49.28,349.32,103.00,23.06,1,5,0
179,1,47.46,346.34,102.02,23.24,1,5,0
180,1,44.00,349.60,107.62,23.81,1,5,0
181,1,42.06,345.46,101.90,22.47,1,5,0
182,1,42.22,349.61,102.51,23.57,1,5,0
182,3,669.26,360.04,9.99,20.92,1,0,0
183,1,41.75,342.12,97.71,23.81,1,5,0
183,3,665.97,365.95,13.31,21.01,1,0,0
184,1,41.21,333.37,85.38,23.18,1,5,0
184,3,663.61,359.58,15.71,21.73,1,0,0
185,1,40.99,340.49,96.81,22.91,1,5,0
185,3,663.07,359.99,16.29,22.37,1,0,0
186,1,40.94,349.01,85.76,21.43,1,5,0
186,3,666.83,361.01,12.40,21.72,1,0,0
187,1,41.78,350.91,87.19,21.58,1,5,0
187,3,669.18,360.26,10.05,21.79,1,0,0
188,1,41.06,351.41,88.47,21.10,1,5,0
189,1,41.60,346.90,88.62,21.97,1,5,0
190,1,41.41,344.70,90.99,21.56,1,5,0
191,1,45.37,347.55,86.60,20.82,1,5,0
192,1,42.25,350.94,90.83,20.96,1,5,0
193,1,42.00,350.74,91.37,21.39,1,5,0
194,1,41.30,346.04,89.62,21.75,1,5,0
195,1,41.04,348.76,88.11,20.94,1,5,0
196,1,40.90,350.51,88.18,21.98,1,5,0
197,1,41.19,350.92,88.76,21.03,1,5,0
198,1,40.33,349.24,86.77,20.58,1,5,0
199,1,40.39,344.43,82.29,21.61,1,5,0
200,1,40.42,345.17,79.60,22.54,1,5,0
200,3,670.82,359.93,8.50,21.38,1,0,0
201,1,40.01,347.73,74.02,21.11,1,5,0
201,3,666.41,361.34,12.75,22.68,1,0,0
202,1,40.15,345.42,69.81,21.88,1,5,0
202,3,663.22,359.86,16.09,23.03,1,0,0
203,1,40.06,345.59,65.70,21.68,1,5,0
203,3,659.85,361.31,19.38,23.64,1,0,0
204,1,39.83,345.24,59.73,21.64,1,5,0
204,3,654.22,355.83,25.06,27.17,1,0,0
205,1,39.88,349.54,55.46,20.76,1,5,0
205,3,651.60,358.99,27.37,25.33,1,0,0
206,1,39.94,351.57,53.58,20.80,1,5,0
206,3,650.33,359.10,28.79,26.53,1,0,0
207,1,39.91,346.16,48.11,19.80,1,5,0
207,3,642.76,356.55,36.43,24.36,1,0,0
208,1,40.00,350.67,37.63,17.94,1,5,0
208,3,636.03,357.55,43.16,24.66,1,0,0
209,1,39.93,351.27,27.86,19.10,1,5,0
209,3,627.80,357.18,51.17,28.87,1,0,0
210,1,39.99,342.76,22.84,19.36,1,5,0
210,3,623.05,356.31,56.32,29.12,1,0,0
211,1,39.83,338.54,20.89,19.33,1,5,0
211,3,620.89,357.07,58.73,28.53,1,0,0
212,1,39.83,341.17,22.10,20.23,1,5,0
212,3,623.95,359.35,55.35,29.40,1,0,0
213,1,40.10,342.52,25.54,19.90,1,5,0
213,3,629.21,357.49,49.79,28.86,1,0,0
214,1,39.84,339.73,35.69,19.41,1,5,0
214,3,638.57,359.05,40.87,26.29,1,0,0
215,1,40.01,337.59,46.83,21.04,1,5,0
215,3,652.54,363.30,26.54,25.53,1,0,0
216,1,40.50,338.05,69.63,23.30,1,5,0
217,1,39.76,335.16,79.23,24.95,1,5,0
218,1,42.15,338.51,93.56,24.75,1,5,0
219,1,44.47,343.52,97.60,24.47,1,5,0
220,1,60.69,341.91,95.62,24.99,1,5,0
221,1,68.87,336.25,96.05,25.38,1,5,0
222,1,77.60,343.53,96.46,24.98,1,5,0
223,1,87.01,343.10,98.07,24.45,1,5,0
224,1,94.52,341.37,97.54,24.84,1,5,0
225,1,105.12,342.61,100.66,25.44,1,5,0
226,1,114.48,344.94,101.19,24.89,1,5,0
227,1,122.91,345.42,100.69,24.39,1,5,0
228,1,133.87,346.45,100.10,24.73,1,5,0
229,1,141.38,347.16,100.43,25.02,1,5,0
230,1,143.91,347.22,100.37,24.99,1,5,0
231,1,152.55,349.46,101.33,24.76,1,5,0
232,1,155.76,348.12,99.75,25.38,1,5,0
233,1,160.13,349.04,100.58,24.92,1,5,0
234,1,164.14,347.44,100.85,25.65,1,5,0
235,1,171.87,345.05,101.40,25.51,1,5,0
236,1,189.84,336.79,98.77,27.41,1,5,0
237,1,227.15,346.43,83.14,26.76,1,5,0
238,1,264.57,353.96,81.57,28.50,1,5,0
239,1,308.50,357.70,84.23,25.19,1,5,0
240,1,340.01,358.25,84.43,24.18,1,5,0
241,1,342.38,358.45,83.26,24.15,1,5,0
242,1,337.48,362.27,100.85,23.39,1,5,0
242,4,66.24,365.24,6.44,12.39,1,3,0
243,1,331.37,358.64,90.56,26.40,1,5,0
243,4,48.08,338.99,6.44,15.13,1,3,0
244,1,316.12,354.08,88.13,25.25,1,5,0
244,4,43.91,337.28,5.93,13.79,1,3,0
245,1,330.11,362.93,90.87,24.56,1,5,0
245,4,43.16,355.86,6.20,13.48,1,3,0
246,1,340.27,362.17,87.75,24.97,1,5,0
246,4,49.06,350.22,6.54,14.65,1,3,0
247,1,344.47,360.55,76.71,24.66,1,5,0
247,4,54.76,341.48,6.71,15.79,1,3,0
248,1,359.63,362.45,96.07,26.80,1,5,0
248,4,76.47,336.67,6.98,15.18,1,3,0
249,1,370.12,362.19,99.61,26.86,1,5,0
249,4,86.05,338.60,7.53,16.09,1,3,0
250,1,421.43,361.13,85.39,24.50,1,5,0
250,4,121.97,350.53,7.12,15.22,1,3,0
251,1,426.15,366.78,94.54,23.85,1,5,0
251,4,139.79,362.70,6.94,15.30,1,3,0
252,1,459.38,361.52,92.38,23.07,1,5,0
252,4,158.91,365.28,7.06,15.64,1,3,0
253,1,461.76,359.04,91.93,23.17,1,5,0
253,4,160.30,363.22,6.75,14.37,1,3,0
254,1,461.09,364.21,89.23,23.70,1,5,0
254,4,154.60,359.36,7.16,15.17,1,3,0
255,1,457.84,365.38,91.01,24.53,1,5,0
255,4,151.80,358.20,7.41,15.12,1,3,0
256,1,451.29,369.33,102.39,25.92,1,5,0
256,4,156.37,358.01,7.33,14.92,1,3,0
257,1,467.92,374.21,99.58,26.03,1,5,0
257,4,169.06,359.35,7.54,14.82,1,3,0
258,1,486.69,373.48,88.59,26.37,1,5,0
258,4,176.16,358.40,7.65,14.84,1,3,0
259,1,500.06,377.41,104.06,25.84,1,5,0
259,4,199.54,361.99,7.69,14.70,1,3,0
260,1,518.44,376.62,103.62,24.36,1,5,0
260,4,216.00,366.71,7.57,15.59,1,3,0
261,1,538.12,367.57,101.95,23.04,1,5,0
261,4,234.80,368.67,7.65,15.25,1,3,0
262,1,551.12,371.24,104.24,22.73,1,5,0
262,4,248.03,374.57,7.51,15.67,1,3,0
263,1,555.15,373.68,105.56,22.14,1,5,0
263,4,251.24,374.66,7.48,15.47,1,3,0
264,1,555.54,365.77,104.07,22.51,1,5,0
264,4,249.85,368.60,7.99,15.04,1,3,0
265,1,550.97,366.84,106.06,22.96,1,5,0
265,4,245.82,372.61,7.68,15.33,1,3,0
266,1,544.44,365.49,106.41,22.36,1,5,0
266,4,236.13,368.86,7.68,15.18,1,3,0
267,1,539.31,370.54,105.92,22.14,1,5,0
267,4,229.27,370.39,8.14,15.78,1,3,0
268,1,534.40,373.28,105.68,22.75,1,5,0
268,4,223.14,371.45,7.77,15.31,1,3,0
269,1,529.52,370.76,105.64,23.00,1,5,0
269,4,217.02,369.24,7.49,15.46,1,3,0
270,1,527.76,370.71,106.34,22.99,1,5,0
270,4,213.14,371.61,8.84,15.92,1,3,0
271,1,528.94,368.27,106.10,23.55,1,5,0
271,4,212.68,375.56,8.27,15.10,1,3,0
272,1,530.54,364.17,105.52,22.49,1,5,0
272,4,213.38,376.39,8.63,15.29,1,3,0
273,1,522.47,361.26,107.15,23.24,1,5,0
273,4,203.90,371.66,8.79,15.71,1,3,0
274,1,507.91,364.15,106.47,22.51,1,5,0
274,4,187.73,369.45,8.02,14.91,1,3,0
275,1,492.98,366.39,108.22,23.47,1,5,0
275,4,170.51,370.81,8.62,15.57,1,3,0
276,1,477.04,365.72,110.30,22.91,1,5,0
276,4,153.54,369.71,8.20,16.07,1,3,0
277,1,466.33,365.84,105.86,23.28,1,5,0
277,4,139.95,367.73,8.48,15.53,1,3,0
