1,1,833.44,562.85,145.68,35.13,1,0,0
1,2,739.98,560.27,90.60,32.91,1,0,0
1,3,320.09,544.95,25.75,30.23,1,0,0
2,1,871.54,549.86,145.52,34.88,1,0,0
2,2,779.57,549.29,89.76,32.44,1,0,0
2,3,350.93,541.03,28.17,30.11,1,0,0
3,1,890.19,568.46,145.67,34.43,1,0,0
3,2,796.71,568.98,90.98,32.62,1,0,0
3,3,366.00,564.66,27.71,30.08,1,0,0
3,4,359.48,589.46,8.03,14.55,1,3,0
4,1,908.42,553.43,144.63,35.52,1,0,0
4,2,814.20,551.74,91.59,33.25,1,0,0
4,3,379.81,538.54,29.40,30.21,1,0,0
4,4,371.27,564.13,8.23,13.90,1,3,0
5,1,924.32,564.58,145.53,35.46,1,0,0
5,2,830.09,563.19,91.54,33.32,1,0,0
5,3,393.85,551.09,28.22,30.24,1,0,0
5,4,381.96,576.03,9.12,14.60,1,3,0
6,1,925.51,576.29,145.77,34.43,1,0,0
6,2,831.11,575.97,91.21,32.89,1,0,0
6,3,394.16,569.99,27.84,29.67,1,0,0
7,1,929.66,565.28,145.32,35.28,1,0,0
7,2,834.48,564.15,91.81,32.91,1,0,0
7,3,395.13,553.41,28.41,30.25,1,0,0
8,1,926.15,566.70,145.26,35.21,1,0,0
8,2,830.55,565.55,91.89,33.10,1,0,0
8,3,389.79,556.20,29.71,29.80,1,0,0
8,4,373.09,580.00,8.66,15.53,1,3,0
9,1,920.57,564.70,146.38,35.30,1,0,0
9,2,825.70,564.56,91.71,32.89,1,0,0
9,3,385.45,557.55,28.09,29.69,1,0,0
9,4,365.57,581.46,8.70,15.47,1,3,0
10,1,903.66,571.71,146.86,34.28,1,0,0
10,2,808.91,571.57,91.98,32.89,1,0,0
10,3,367.86,566.92,29.01,29.60,1,0,0
10,4,347.42,591.02,8.42,15.79,1,3,0
11,1,871.56,552.19,147.29,36.32,1,0,0
11,2,777.51,549.64,91.03,33.82,1,0,0
11,3,339.09,534.37,28.30,28.90,1,0,0
12,1,851.57,562.13,147.53,35.52,1,0,0
12,2,757.52,561.44,91.11,33.15,1,0,0
12,3,320.69,552.35,27.00,29.98,1,0,0
13,1,851.57,562.13,147.53,35.52,1,0,0
13,2,757.52,561.44,91.11,33.15,1,0,0
13,3,320.69,552.35,27.00,29.98,1,0,0
14,1,855.34,560.97,147.47,35.10,1,0,0
14,2,760.88,560.38,90.98,33.10,1,0,0
14,3,320.87,552.91,28.27,29.23,1,0,0
15,1,850.47,553.58,147.30,36.48,1,0,0
15,2,754.83,552.65,92.57,33.69,1,0,0
15,3,319.49,541.62,24.42,29.36,1,0,0
16,1,838.69,561.40,146.41,35.80,1,0,0
16,2,742.91,560.33,92.13,33.35,1,0,0
16,3,319.04,549.85,13.02,30.57,1,0,0
17,1,825.69,562.15,148.10,36.14,1,0,0
17,2,730.76,560.61,91.75,33.56,1,0,0
18,1,811.14,562.20,147.54,35.85,1,0,0
18,2,716.28,561.36,91.81,33.20,1,0,0
19,1,794.85,563.61,148.09,36.04,1,0,0
19,2,700.88,562.85,90.80,33.58,1,0,0
20,1,782.48,566.32,147.65,37.02,1,0,0
20,2,686.98,562.75,91.65,34.38,1,0,0
21,1,794.22,565.94,148.38,36.66,1,0,0
21,2,698.97,563.18,91.49,34.06,1,0,0
22,1,814.61,549.59,149.87,34.78,1,0,0
22,2,719.31,550.47,91.69,33.16,1,0,0
23,1,819.11,547.00,149.23,35.72,1,0,0
23,2,724.05,546.62,92.01,33.72,1,0,0
24,1,809.76,554.28,148.70,37.50,1,0,0
24,2,713.93,552.17,93.12,34.47,1,0,0
25,1,813.61,550.00,147.46,36.61,1,0,0
25,2,716.82,547.25,92.29,34.32,1,0,0
26,1,837.65,557.01,150.00,35.06,1,0,0
26,2,741.99,558.56,91.28,33.38,1,0,0
27,1,844.81,562.94,151.02,36.85,1,0,0
27,2,748.98,560.73,92.40,34.35,1,0,0
28,1,858.49,577.33,148.98,38.16,1,0,0
28,2,760.73,573.60,94.28,35.08,1,0,0
28,3,319.23,548.98,13.25,30.83,1,0,0
29,1,892.77,562.09,149.44,36.44,1,0,0
29,2,794.70,560.36,93.56,34.34,1,0,0
29,3,332.88,549.42,28.05,29.24,1,0,0
30,1,923.86,565.07,150.58,35.28,1,0,0
30,2,825.05,565.14,94.67,33.66,1,0,0
30,3,360.39,562.85,27.58,28.70,1,0,0
31,1,932.24,563.74,149.83,36.67,1,0,0
31,2,833.71,562.49,94.98,34.43,1,0,0
31,3,366.77,552.81,26.67,28.82,1,0,0
32,1,926.14,572.23,150.40,37.25,1,0,0
32,2,828.15,569.27,94.30,34.86,1,0,0
32,3,360.79,553.13,26.16,29.11,1,0,0
33,1,943.31,556.13,150.82,36.70,1,0,0
33,2,844.56,554.57,95.32,34.67,1,0,0
33,3,373.96,543.25,26.34,29.48,1,0,0
34,1,962.53,554.93,149.99,36.04,1,0,0
34,2,864.78,554.17,93.53,34.53,1,0,0
34,3,389.37,548.70,27.64,29.50,1,0,0
35,1,969.61,552.05,150.55,36.08,1,0,0
35,2,870.21,551.27,95.10,34.43,1,0,0
35,3,394.97,545.09,26.50,29.25,1,0,0
36,1,975.67,551.03,149.32,36.84,1,0,0
36,2,874.94,548.40,95.49,35.39,1,0,0
36,3,398.15,537.02,26.68,28.82,1,0,0
37,1,976.36,561.28,150.50,36.91,1,0,0
37,2,876.83,558.99,94.45,34.97,1,0,0
37,3,398.75,546.49,26.19,29.41,1,0,0
38,1,985.62,567.96,151.47,35.75,1,0,0
38,2,886.82,567.91,94.70,34.32,1,0,0
38,3,407.44,563.84,25.29,28.56,1,0,0
39,1,1008.76,557.64,151.44,36.20,1,0,0
39,2,909.71,556.61,95.72,34.74,1,0,0
39,3,425.76,548.73,27.10,29.67,1,0,0
39,4,323.33,570.21,10.71,18.14,1,3,0
40,1,1015.11,566.12,151.44,37.07,1,0,0
40,2,914.93,565.22,96.25,34.97,1,0,0
40,3,430.51,556.08,26.52,29.46,1,0,0
40,4,324.90,577.11,10.26,18.19,1,3,0
41,1,1000.87,574.86,152.37,36.75,1,0,0
41,2,899.94,572.65,96.73,34.97,1,0,0
41,3,416.42,560.13,26.61,28.68,1,0,0
42,1,1005.32,567.92,149.89,37.60,1,0,0
42,2,903.22,565.87,96.83,34.96,1,0,0
42,3,417.01,550.26,26.82,30.08,1,0,0
43,1,1005.32,567.92,149.89,37.60,1,0,0
43,2,903.22,565.87,96.83,34.96,1,0,0
43,3,417.01,550.26,26.82,30.08,1,0,0
44,1,1027.64,563.65,151.73,36.27,1,0,0
44,2,926.77,563.56,95.98,34.16,1,0,0
44,3,436.63,558.62,27.07,28.76,1,0,0
44,4,321.47,578.65,11.58,20.05,1,3,0
45,1,1030.14,557.10,151.96,36.66,1,0,0
45,2,929.14,556.09,95.59,34.80,1,0,0
45,3,438.02,547.65,26.41,29.24,1,0,0
45,4,320.21,566.46,10.06,20.38,1,3,0
46,1,1030.06,562.90,151.34,36.65,1,0,0
46,2,928.45,561.63,95.91,34.85,1,0,0
46,3,437.38,552.62,25.96,29.51,1,0,0
46,4,319.35,576.58,6.64,14.73,1,3,0
47,1,1022.52,561.06,152.11,36.40,1,0,0
47,2,920.57,560.07,96.13,34.82,1,0,0
47,3,428.95,554.42,26.06,28.91,1,0,0
48,1,1008.77,559.85,152.50,37.70,1,0,0
48,2,906.86,557.61,97.68,35.41,1,0,0
48,3,414.80,545.67,25.95,28.90,1,0,0
49,1,1013.12,564.36,153.69,37.94,1,0,0
49,2,911.34,561.58,96.34,35.63,1,0,0
49,3,418.25,545.39,26.29,29.00,1,0,0
50,1,1031.15,561.60,152.61,36.69,1,0,0
50,2,929.33,560.60,96.57,34.84,1,0,0
50,3,433.97,552.77,25.15,29.15,1,0,0
51,1,1044.55,557.42,153.38,36.83,1,0,0
51,2,942.11,557.41,97.78,34.91,1,0,0
51,3,443.76,554.11,26.21,29.14,1,0,0
52,1,1050.18,558.28,153.91,37.36,1,0,0
52,2,948.09,557.13,97.06,34.95,1,0,0
52,3,448.54,547.42,25.04,28.92,1,0,0
53,1,1051.91,566.86,154.05,37.79,1,0,0
53,2,949.18,565.93,98.47,35.29,1,0,0
53,3,448.56,554.79,26.19,29.22,1,0,0
54,1,1064.12,577.64,153.88,37.72,1,0,0
54,2,961.43,576.75,98.25,35.43,1,0,0
54,3,458.18,567.33,26.20,28.99,1,0,0
55,1,1096.72,568.60,154.74,37.70,1,0,0
55,2,994.98,567.19,97.90,35.33,1,0,0
55,3,488.10,554.62,26.13,29.48,1,0,0
55,4,332.69,573.51,10.91,19.66,1,3,0
56,1,1113.67,569.97,154.55,36.63,1,0,0
56,2,1013.11,569.21,97.61,35.12,1,0,0
56,3,504.54,562.41,25.07,29.20,1,0,0
56,4,343.88,581.85,11.45,20.43,1,3,0
57,1,1131.35,564.29,152.68,37.15,1,0,0
57,2,1028.86,563.57,97.23,34.96,1,0,0
57,3,517.59,555.43,25.62,29.06,1,0,0
57,4,352.79,574.01,11.18,20.84,1,3,0
58,1,1147.28,561.23,153.36,37.39,1,0,0
58,2,1045.01,559.76,97.72,35.19,1,0,0
58,3,531.11,548.76,25.39,29.23,1,0,0
58,4,357.55,567.10,12.14,20.78,1,3,0
59,1,1150.23,564.69,154.05,36.79,1,0,0
59,2,1046.92,564.52,98.45,34.87,1,0,0
59,3,532.02,559.55,25.01,28.82,1,0,0
59,4,355.32,579.18,11.86,21.25,1,3,0
60,1,1147.09,565.36,154.78,38.10,1,0,0
60,2,1042.71,564.74,99.69,35.11,1,0,0
60,3,527.11,554.34,25.63,29.37,1,0,0
60,4,347.19,572.08,11.56,21.41,1,3,0
61,1,1151.92,567.00,154.69,36.87,1,0,0
61,2,1048.76,566.82,98.45,35.17,1,0,0
61,3,531.18,562.52,24.65,28.73,1,0,0
61,4,345.24,581.53,12.20,21.96,1,3,0
62,1,1141.22,569.99,155.32,37.38,1,0,0
62,2,1037.10,569.73,99.02,35.08,1,0,0
62,3,518.86,562.23,25.38,29.09,1,0,0
62,4,331.02,580.49,12.09,22.10,1,3,0
63,1,1125.21,565.37,155.34,37.51,1,0,0
63,2,1019.76,563.73,100.37,35.47,1,0,0
63,3,502.35,553.76,24.81,29.10,1,0,0
63,4,365.32,571.28,4.94,8.98,1,3,0
64,1,1115.00,563.73,155.37,37.64,1,0,0
64,2,1010.74,562.78,98.68,35.42,1,0,0
64,3,491.49,553.67,25.42,29.30,1,0,0
65,1,1115.00,563.73,155.37,37.64,1,0,0
65,2,1010.74,562.78,98.68,35.42,1,0,0
65,3,491.49,553.67,25.42,29.30,1,0,0
66,1,1108.76,564.44,156.60,37.51,1,0,0
66,2,1002.59,563.46,100.00,35.24,1,0,0
66,3,483.25,554.56,25.83,29.04,1,0,0
66,4,347.31,572.73,4.73,8.26,1,3,0
67,1,1081.76,552.58,158.00,37.72,1,0,0
67,2,976.74,552.64,99.90,35.71,1,0,0
67,3,458.13,549.64,24.77,28.89,1,0,0
68,1,1050.24,562.23,158.55,38.47,1,0,0
68,2,944.91,559.54,100.04,36.57,1,0,0
68,3,427.98,546.15,24.84,29.16,1,0,0
69,1,1043.91,566.10,157.55,38.59,1,0,0
69,2,937.94,565.14,100.63,36.22,1,0,0
69,3,420.16,553.41,24.83,28.87,1,0,0
70,1,1026.93,554.72,160.14,37.32,1,0,0
70,2,921.15,555.18,101.21,35.52,1,0,0
70,3,404.28,554.42,24.83,29.14,1,0,0
71,1,1007.19,570.09,159.51,38.66,1,0,0
71,2,901.37,568.24,99.96,36.40,1,0,0
71,3,384.59,554.89,24.45,28.98,1,0,0
72,1,1007.19,570.09,159.51,38.66,1,0,0
72,2,901.37,568.24,99.96,36.40,1,0,0
72,3,384.59,554.89,24.45,28.98,1,0,0
73,1,986.38,557.71,160.82,38.70,1,0,0
73,2,878.59,556.53,101.58,36.13,1,0,0
73,3,361.93,547.60,24.79,28.52,1,0,0
74,1,982.56,564.79,162.00,38.80,1,0,0
74,2,875.41,562.15,102.56,36.63,1,0,0
74,3,359.37,548.64,23.84,28.38,1,0,0
75,1,970.77,566.43,160.79,38.19,1,0,0
75,2,864.41,565.18,100.74,35.98,1,0,0
75,3,346.39,554.43,23.99,28.51,1,0,0
76,1,979.66,554.54,160.95,39.22,1,0,0
76,2,872.92,553.53,101.69,36.62,1,0,0
76,3,352.82,543.86,24.34,28.42,1,0,0
77,1,997.35,568.49,159.51,38.80,1,0,0
77,2,888.76,567.07,101.71,36.80,1,0,0
77,3,365.98,557.31,24.68,28.60,1,0,0
78,1,1010.63,558.92,161.24,37.91,1,0,0
78,2,902.03,558.31,102.31,35.93,1,0,0
78,3,377.74,552.97,24.11,28.41,1,0,0
79,1,1054.83,567.65,161.93,38.83,1,0,0
79,2,947.75,564.63,102.15,37.18,1,0,0
79,3,416.82,548.98,24.26,28.86,1,0,0
80,1,1054.83,567.65,161.93,38.83,1,0,0
80,2,947.75,564.63,102.15,37.18,1,0,0
80,3,416.82,548.98,24.26,28.86,1,0,0
81,1,1100.73,558.58,161.16,38.10,1,0,0
81,2,992.20,557.60,102.51,36.15,1,0,0
81,3,457.31,550.62,23.02,29.07,1,0,0
82,1,1123.63,560.53,161.59,38.45,1,0,0
82,2,1015.53,560.24,102.14,36.51,1,0,0
82,3,477.16,556.33,24.30,29.16,1,0,0
83,1,1133.65,573.51,160.64,39.18,1,0,0
83,2,1025.28,571.31,101.94,37.02,1,0,0
83,3,484.00,558.23,24.34,28.40,1,0,0
84,1,1142.03,565.31,161.14,39.77,1,0,0
84,2,1033.90,564.16,101.89,36.71,1,0,0
84,3,490.57,552.38,24.35,29.16,1,0,0
84,4,341.79,569.42,4.71,8.37,1,3,0
85,1,1151.09,564.05,162.27,38.75,1,0,0
85,2,1042.60,563.86,103.47,37.10,1,0,0
85,3,499.50,561.76,23.72,28.60,1,0,0
86,1,1162.95,566.25,163.41,38.79,1,0,0
86,2,1055.49,565.62,102.63,36.54,1,0,0
86,3,509.40,557.68,24.43,28.27,1,0,0
87,1,1162.59,568.27,162.40,38.97,1,0,0
87,2,1054.80,568.11,102.59,36.46,1,0,0
87,3,508.37,562.80,22.79,28.26,1,0,0
88,1,1154.11,565.66,162.57,39.14,1,0,0
88,2,1044.96,564.91,103.29,37.24,1,0,0
88,3,498.68,559.79,23.13,28.43,1,0,0
88,4,346.20,577.31,4.69,8.50,1,3,0
89,1,1136.57,568.25,164.14,40.15,1,0,0
89,2,1028.58,568.26,103.38,36.77,1,0,0
89,3,480.60,560.79,23.44,28.33,1,0,0
89,4,328.89,578.10,4.58,8.11,1,3,0
90,1,1119.90,559.25,165.19,39.87,1,0,0
90,2,1010.97,558.31,103.15,37.21,1,0,0
90,3,463.60,550.35,23.05,28.38,1,0,0
91,1,1099.92,568.37,165.55,39.55,1,0,0
91,2,990.18,567.93,104.19,36.60,1,0,0
91,3,443.96,560.39,22.89,28.24,1,0,0
92,1,1079.55,551.99,166.66,40.40,1,0,0
92,2,968.60,551.31,104.91,37.57,1,0,0
92,3,423.23,542.85,23.50,28.83,1,0,0
93,1,1061.39,562.17,166.95,40.14,1,0,0
93,2,951.40,561.64,103.69,37.34,1,0,0
93,3,406.35,555.89,22.25,28.34,1,0,0
94,1,1041.06,567.47,169.44,40.28,1,0,0
94,2,931.35,566.49,105.48,37.77,1,0,0
94,3,387.37,558.23,23.30,28.38,1,0,0
95,1,1034.19,567.28,166.99,41.69,1,0,0
95,2,922.24,565.28,105.69,38.79,1,0,0
95,3,378.32,553.11,22.15,28.40,1,0,0
96,1,1021.22,564.17,168.02,40.63,1,0,0
96,2,910.23,564.25,104.57,37.59,1,0,0
96,3,365.62,557.26,22.48,28.40,1,0,0
97,1,1005.80,552.45,168.58,40.75,1,0,0
97,2,894.21,552.14,105.86,38.13,1,0,0
97,3,350.87,547.54,22.21,27.77,1,0,0
98,1,999.09,553.77,170.05,41.71,1,0,0
98,2,886.55,552.92,106.62,38.27,1,0,0
98,3,342.18,544.37,22.20,28.55,1,0,0
99,1,992.09,554.89,173.05,40.96,1,0,0
99,2,882.09,554.47,105.96,38.06,1,0,0
99,3,337.41,549.30,21.74,28.07,1,0,0
100,1,1000.30,561.97,172.23,41.07,1,0,0
100,2,888.72,561.11,106.28,37.91,1,0,0
100,3,342.09,551.86,22.64,28.17,1,0,0
101,1,1020.55,576.05,170.19,42.03,1,0,0
101,2,907.33,574.51,106.74,38.45,1,0,0
101,3,358.92,561.55,21.71,27.67,1,0,0
102,1,1023.84,570.08,171.30,40.97,1,0,0
102,2,911.10,570.30,107.49,37.75,1,0,0
102,3,360.51,564.13,21.95,27.45,1,0,0
103,1,1045.26,562.65,170.51,41.44,1,0,0
103,2,933.39,561.30,105.49,38.17,1,0,0
103,3,378.47,550.88,21.62,28.49,1,0,0
104,1,1088.02,577.83,170.42,41.45,1,0,0
104,2,976.64,576.10,106.74,38.64,1,0,0
104,3,417.34,563.40,21.22,27.96,1,0,0
105,1,1113.85,559.14,170.35,40.69,1,0,0
105,2,1000.49,559.26,107.76,38.12,1,0,0
105,3,437.42,554.54,22.60,28.79,1,0,0
106,1,1128.25,557.18,169.03,42.36,1,0,0
106,2,1014.28,557.16,108.22,38.29,1,0,0
106,3,449.06,548.42,22.05,28.34,1,0,0
107,1,1138.26,561.09,171.50,41.06,1,0,0
107,2,1026.44,559.81,106.29,38.63,1,0,0
107,3,458.53,552.66,22.21,28.30,1,0,0
108,1,1146.01,555.84,171.37,41.68,1,0,0
108,2,1033.50,556.17,107.70,38.28,1,0,0
108,3,465.57,550.03,21.50,28.31,1,0,0
109,1,1146.01,555.84,171.37,41.68,1,0,0
109,2,1033.50,556.17,107.70,38.28,1,0,0
109,3,465.57,550.03,21.50,28.31,1,0,0
110,1,1143.23,563.96,172.21,41.43,1,0,0
110,2,1030.96,563.23,107.31,38.77,1,0,0
110,3,459.62,556.90,22.18,27.73,1,0,0
111,1,1141.68,565.19,172.10,41.03,1,0,0
111,2,1026.97,565.02,109.10,38.78,1,0,0
111,3,456.71,562.96,21.82,28.05,1,0,0
112,1,1141.68,565.19,172.10,41.03,1,0,0
112,2,1026.97,565.02,109.10,38.78,1,0,0
112,3,456.71,562.96,21.82,28.05,1,0,0
112,16,783.79,592.71,5.17,8.66,1,3,0
113,1,1152.48,573.55,172.81,41.81,1,0,0
113,2,1037.80,571.96,108.95,38.92,1,0,0
113,3,466.08,560.73,21.28,27.81,1,0,0
113,16,794.70,594.55,4.85,8.31,1,3,0
114,1,1156.27,567.80,171.44,41.91,1,0,0
114,2,1039.46,567.47,110.62,38.80,1,0,0
114,3,467.55,560.47,21.26,27.55,1,0,0
114,16,795.89,592.15,5.12,8.57,1,3,0
115,1,1154.16,563.80,173.82,40.93,1,0,0
115,2,1039.23,563.83,110.22,38.79,1,0,0
115,3,465.52,563.15,21.49,27.94,1,0,0
115,16,795.02,592.06,4.56,7.70,1,3,0
116,1,1147.64,565.45,173.92,42.14,1,0,0
116,2,1033.26,564.11,109.72,39.14,1,0,0
116,3,458.09,553.58,21.47,28.26,1,0,0
117,1,1141.94,565.74,174.29,42.45,1,0,0
117,2,1026.54,564.34,110.40,39.22,1,0,0
117,3,451.38,552.49,20.89,28.19,1,0,0
118,1,1136.26,557.75,174.42,42.00,1,0,0
118,2,1020.20,557.60,110.58,38.66,1,0,0
118,3,444.20,551.63,21.93,28.62,1,0,0
119,1,1128.44,564.15,175.29,41.74,1,0,0
119,2,1012.31,563.73,109.94,38.97,1,0,0
119,3,435.18,557.96,21.67,27.77,1,0,0
120,1,1122.45,568.53,175.38,42.56,1,0,0
120,2,1004.82,567.89,110.25,39.09,1,0,0
120,3,428.49,558.53,21.51,27.69,1,0,0
121,1,1117.11,561.67,177.53,42.12,1,0,0
121,2,1000.88,561.29,110.99,38.91,1,0,0
121,3,424.08,555.09,22.33,28.78,1,0,0
122,1,1114.54,559.10,177.92,43.09,1,0,0
122,2,997.68,558.53,112.07,39.59,1,0,0
122,3,419.67,549.11,21.80,28.49,1,0,0
122,16,748.35,582.27,4.98,8.20,1,3,0
123,1,1154.12,569.71,177.36,43.23,1,0,0
123,2,1036.90,566.65,111.72,40.39,1,0,0
123,3,455.24,550.61,21.59,28.46,1,0,0
124,1,1212.56,565.29,177.04,42.72,1,0,0
124,2,1097.48,563.70,110.19,39.55,1,0,0
124,3,509.67,551.84,21.90,28.35,1,0,0
125,1,1285.90,559.77,175.04,42.21,1,0,0
125,2,1172.37,559.50,108.20,39.08,1,0,0
125,3,580.10,554.57,21.41,28.19,1,0,0
126,1,1363.73,578.32,172.58,43.08,1,0,0
126,2,1251.63,577.27,108.56,39.50,1,0,0
126,3,659.30,565.28,22.03,27.94,1,0,0
127,1,1457.08,577.10,144.59,42.48,1,0,0
127,2,1348.76,576.49,107.84,38.80,1,0,0
127,16,758.08,564.41,22.63,28.68,1,0,0
128,1,1448.02,566.50,151.61,38.54,1,0,0
128,2,1555.83,565.85,46.19,39.11,1,0,0
128,16,863.63,566.42,21.75,28.29,1,0,0
128,4,319.72,559.42,32.07,22.95,1,0,0
129,2,1535.84,582.26,66.45,37.34,1,0,0
129,16,957.24,577.51,22.77,27.88,1,0,0
129,4,353.92,565.70,82.36,21.96,1,0,0
130,2,1442.43,596.64,14.83,18.71,1,0,0
130,16,1043.10,578.62,22.13,27.99,1,0,0
130,4,345.62,561.98,46.87,21.53,1,0,0
130,3,825.34,595.27,5.17,8.14,1,3,0
131,16,1120.94,561.82,23.41,28.60,1,0,0
131,4,415.05,553.64,48.07,21.47,1,0,0
131,18,500.93,557.57,86.46,21.51,1,0,0
131,3,904.12,580.56,5.58,8.72,1,3,0
132,16,1211.42,577.65,21.90,27.70,1,0,0
132,4,497.87,559.40,49.74,22.26,1,0,0
132,18,585.56,565.29,88.19,21.43,1,0,0
132,2,1542.70,606.89,5.71,10.67,1,3,0
133,16,1300.78,577.53,22.45,28.45,1,0,0
133,4,582.97,566.52,51.51,21.77,1,0,0
133,18,672.63,570.30,89.80,22.30,1,0,0
133,3,1085.35,595.14,5.39,8.91,1,3,0
134,16,1367.51,573.38,21.26,27.20,1,0,0
134,4,648.10,571.24,51.05,21.99,1,0,0
134,18,738.55,573.71,90.36,22.32,1,0,0
134,3,1154.11,592.98,5.62,8.80,1,3,0
135,16,1411.33,577.90,21.35,27.08,1,0,0
135,4,691.82,571.26,52.65,21.79,1,0,0
135,18,783.46,573.76,90.85,22.62,1,0,0
135,19,368.92,572.82,27.24,53.42,1,3,0
136,16,1440.99,587.06,20.79,27.56,1,0,0
136,4,720.52,580.24,53.28,22.08,1,0,0
136,18,813.02,583.36,91.51,22.37,1,0,0
136,19,384.94,581.70,27.27,53.97,1,3,0
136,3,1230.36,605.76,5.44,9.01,1,3,0
137,16,1448.45,567.83,21.88,28.06,1,0,0
137,4,728.08,568.10,53.71,22.05,1,0,0
137,18,820.21,569.69,92.38,22.56,1,0,0
137,19,379.70,573.31,28.04,54.90,1,3,0
137,3,1239.95,588.89,5.87,8.76,1,3,0
138,16,1451.09,580.17,22.24,27.69,1,0,0
138,4,729.96,573.60,53.24,22.05,1,0,0
138,18,822.59,576.74,92.34,22.61,1,0,0
138,19,370.66,574.64,28.34,56.17,1,3,0
139,16,1444.85,580.66,22.31,27.52,1,0,0
139,4,721.45,575.88,53.85,21.06,1,0,0
139,18,814.31,577.87,92.60,22.73,1,0,0
139,19,352.41,578.03,28.99,55.14,1,3,0
139,3,1236.13,599.85,5.67,9.25,1,3,0
140,16,1431.63,580.36,22.30,27.63,1,0,0
140,4,705.67,576.25,54.52,21.81,1,0,0
140,18,799.37,578.33,91.82,23.23,1,0,0
140,19,329.22,580.09,29.29,56.08,1,3,0
141,16,1415.79,575.68,23.24,27.80,1,0,0
141,4,688.32,570.75,54.02,22.69,1,0,0
141,18,781.15,574.00,92.59,22.63,1,0,0
141,19,320.04,583.06,13.72,50.75,1,3,0
141,3,1206.60,595.19,5.52,9.27,1,3,0
142,16,1384.98,579.57,21.13,28.21,1,0,0
142,4,653.64,576.97,53.98,21.60,1,0,0
142,18,747.31,578.84,91.26,23.00,1,0,0
143,16,1346.87,582.90,23.28,27.64,1,0,0
143,4,613.69,573.05,54.49,22.94,1,0,0
143,18,707.49,577.50,91.72,22.60,1,0,0
143,3,1136.13,601.00,5.68,9.62,1,3,0
144,16,1322.95,575.58,23.27,27.65,1,0,0
144,4,587.91,574.40,54.11,22.82,1,0,0
144,18,680.87,577.15,92.28,22.91,1,0,0
144,3,1110.87,596.66,6.73,9.31,1,3,0
145,16,1293.53,580.87,23.56,27.82,1,0,0
145,4,557.10,570.02,53.98,23.19,1,0,0
145,18,650.31,574.80,91.24,22.59,1,0,0
146,16,1272.05,570.98,24.24,28.88,1,0,0
146,4,534.11,562.52,54.75,22.76,1,0,0
146,18,627.83,566.03,91.63,23.38,1,0,0
146,3,1059.22,590.72,5.36,8.66,1,3,0
147,16,1259.72,580.93,24.78,28.03,1,0,0
147,4,522.00,573.91,54.17,22.69,1,0,0
147,18,615.78,577.93,90.32,22.26,1,0,0
147,3,1047.40,600.78,5.72,8.90,1,3,0
148,16,1240.08,573.84,24.59,27.87,1,0,0
148,4,501.50,564.59,54.47,22.53,1,0,0
148,18,595.74,568.75,89.76,22.63,1,0,0
148,3,1026.64,592.43,5.91,9.14,1,3,0
149,16,1226.35,576.51,23.71,27.35,1,0,0
149,4,486.86,564.15,55.24,22.53,1,0,0
149,18,580.29,568.62,90.65,22.72,1,0,0
149,3,1013.01,593.89,5.81,9.14,1,3,0
150,16,1231.03,585.79,24.48,27.65,1,0,0
150,4,489.96,572.72,54.96,22.99,1,0,0
150,18,583.32,577.24,90.89,23.15,1,0,0
151,16,1221.80,573.18,26.22,27.85,1,0,0
151,4,480.76,564.72,54.03,22.69,1,0,0
151,18,574.01,568.30,90.18,23.02,1,0,0
152,16,1213.30,572.85,26.06,28.76,1,0,0
152,4,471.56,562.20,54.20,23.22,1,0,0
152,18,564.70,566.68,91.08,23.22,1,0,0
152,3,1000.54,592.18,5.83,8.99,1,3,0
153,16,1225.96,586.34,24.97,27.87,1,0,0
153,4,481.53,568.88,54.26,23.45,1,0,0
153,18,575.13,574.83,91.01,22.82,1,0,0
153,3,1012.87,602.81,5.70,9.12,1,3,0
154,16,1246.34,572.08,25.23,27.77,1,0,0
154,4,499.01,564.00,55.09,22.99,1,0,0
154,18,593.30,567.90,92.09,22.99,1,0,0
154,3,1034.59,591.54,5.72,9.07,1,3,0
155,16,1259.33,584.78,25.29,27.29,1,0,0
155,4,510.94,576.63,55.04,22.89,1,0,0
155,18,606.19,580.25,91.30,23.24,1,0,0
155,3,1047.78,604.37,5.68,8.92,1,3,0
156,16,1268.72,579.43,26.37,28.30,1,0,0
156,4,519.10,563.25,56.02,23.88,1,0,0
156,18,614.48,569.39,92.60,23.06,1,0,0
157,16,1268.72,579.43,26.37,28.30,1,0,0
157,4,519.10,563.25,56.02,23.88,1,0,0
157,18,614.48,569.39,92.60,23.06,1,0,0
158,16,1275.37,579.47,26.32,28.34,1,0,0
158,4,524.40,570.92,56.26,23.69,1,0,0
158,18,620.04,575.16,92.88,23.10,1,0,0
158,3,1065.42,599.23,6.18,9.59,1,3,0
159,16,1282.89,578.16,25.36,27.40,1,0,0
159,4,528.36,569.39,56.66,23.41,1,0,0
159,18,624.61,573.46,92.90,23.17,1,0,0
160,16,1283.74,573.15,25.86,28.34,1,0,0
160,4,527.71,560.52,57.33,23.87,1,0,0
160,18,625.73,565.74,92.27,23.05,1,0,0
160,3,1073.01,591.65,5.85,9.37,1,3,0
161,16,1290.50,581.73,24.94,27.94,1,0,0
161,4,532.30,566.48,58.04,24.26,1,0,0
161,18,629.79,572.15,93.61,23.38,1,0,0
162,16,1314.47,578.80,25.23,27.99,1,0,0
162,4,554.62,563.23,58.08,23.98,1,0,0
162,18,651.85,568.47,94.74,23.88,1,0,0
163,16,1333.44,577.12,24.44,27.49,1,0,0
163,4,571.49,566.16,58.80,24.21,1,0,0
163,18,670.35,570.95,94.14,23.26,1,0,0
164,16,1346.86,573.24,24.34,27.98,1,0,0
164,4,583.95,564.99,58.88,24.54,1,0,0
164,18,684.51,569.14,93.57,23.73,1,0,0
164,3,1139.82,593.80,5.49,9.12,1,3,0
165,16,1356.96,594.20,26.07,27.65,1,0,0
165,4,595.65,580.97,59.32,24.33,1,0,0
165,18,694.12,586.04,96.59,23.86,1,0,0
166,16,1372.53,584.09,26.33,27.64,1,0,0
166,4,608.36,573.34,60.38,24.20,1,0,0
166,18,708.07,578.01,95.89,23.89,1,0,0
166,3,1167.70,603.33,6.32,9.96,1,3,0
167,16,1383.21,575.92,24.88,27.58,1,0,0
167,4,617.13,566.79,60.90,24.51,1,0,0
167,18,718.11,571.17,95.89,23.58,1,0,0
167,3,1178.60,595.04,5.77,9.64,1,3,0
168,16,1389.00,575.41,25.55,27.33,1,0,0
168,4,621.65,568.08,60.65,24.27,1,0,0
168,18,723.71,572.22,94.78,23.67,1,0,0
168,3,1184.97,595.45,6.12,9.56,1,3,0
169,16,1385.04,587.21,25.31,28.15,1,0,0
169,4,616.09,579.50,60.54,23.96,1,0,0
169,18,717.58,582.80,95.70,24.40,1,0,0
169,3,1180.80,607.21,6.26,10.10,1,3,0
170,16,1372.16,571.06,25.98,28.36,1,0,0
170,4,602.50,563.74,60.89,24.78,1,0,0
170,18,704.28,567.85,95.38,24.20,1,0,0
170,3,1168.64,591.86,6.16,9.68,1,3,0
171,16,1365.04,578.65,25.99,27.72,1,0,0
171,4,594.12,568.51,61.08,24.56,1,0,0
171,18,695.35,572.95,96.22,24.01,1,0,0
171,3,1162.09,598.37,6.18,9.57,1,3,0
172,16,1349.97,581.50,25.95,28.07,1,0,0
172,4,577.19,572.13,61.02,24.21,1,0,0
172,18,679.37,576.52,95.31,24.07,1,0,0
172,3,1146.80,601.40,6.21,9.66,1,3,0
173,16,1345.78,581.64,24.98,28.09,1,0,0
173,4,571.25,570.32,61.86,25.17,1,0,0
173,18,672.87,575.79,95.96,23.70,1,0,0
173,3,1142.92,601.43,5.87,9.56,1,3,0
174,16,1352.35,583.45,26.44,27.86,1,0,0
174,4,577.66,568.81,61.22,24.52,1,0,0
174,18,679.99,574.34,95.80,23.83,1,0,0
175,16,1348.93,571.32,26.51,27.48,1,0,0
175,4,572.18,564.01,61.63,24.98,1,0,0
175,18,673.87,568.32,96.93,23.81,1,0,0
176,16,1340.72,580.21,25.58,27.47,1,0,0
176,4,562.03,570.69,61.83,25.57,1,0,0
176,18,664.36,575.71,96.34,24.43,1,0,0
176,3,1139.70,600.19,6.12,10.09,1,3,0
177,16,1336.33,572.90,26.99,28.03,1,0,0
177,4,557.00,558.46,62.51,25.38,1,0,0
177,18,659.75,564.17,96.51,23.93,1,0,0
178,16,1337.60,585.55,26.00,27.71,1,0,0
178,4,557.17,576.14,62.12,24.95,1,0,0
178,18,659.66,580.62,97.12,24.19,1,0,0
179,16,1331.43,571.57,25.85,27.46,1,0,0
179,4,548.40,558.88,62.88,25.60,1,0,0
179,18,651.69,564.32,96.57,24.29,1,0,0
179,3,1131.00,590.57,6.44,10.33,1,3,0
180,16,1319.63,575.49,26.14,27.89,1,0,0
180,4,536.51,567.16,62.13,25.63,1,0,0
180,18,638.91,571.59,97.01,24.55,1,0,0
180,3,1120.21,595.44,6.36,10.70,1,3,0
181,16,1315.40,585.67,26.52,27.12,1,0,0
181,4,531.24,572.20,62.33,25.16,1,0,0
181,18,633.13,577.34,97.27,24.69,1,0,0
181,3,1117.21,604.17,6.55,10.43,1,3,0
182,16,1305.22,567.25,25.58,27.62,1,0,0
182,4,518.63,555.23,61.62,25.24,1,0,0
182,18,620.31,559.69,97.68,24.67,1,0,0
182,3,1105.17,586.30,6.84,10.53,1,3,0
183,16,1290.55,581.09,26.39,27.57,1,0,0
183,4,504.26,567.88,61.45,25.31,1,0,0
183,18,606.67,573.09,97.02,24.50,1,0,0
183,3,1092.38,600.17,6.20,10.28,1,3,0
184,16,1277.74,573.51,27.07,27.72,1,0,0
184,4,491.03,562.39,61.47,25.63,1,0,0
184,18,593.18,567.28,97.06,24.56,1,0,0
185,16,1265.02,562.03,24.64,27.67,1,0,0
185,4,474.55,552.13,62.23,25.43,1,0,0
185,18,577.03,555.89,96.56,24.94,1,0,0
186,16,1245.26,588.37,24.92,27.10,1,0,0
186,4,454.69,572.14,61.61,25.61,1,0,0
186,18,556.41,578.17,96.54,24.66,1,0,0
186,3,1046.05,606.51,6.35,10.50,1,3,0
187,16,1252.44,574.16,26.02,27.94,1,0,0
187,4,460.54,555.61,62.36,25.74,1,0,0
187,18,562.42,561.99,97.04,24.48,1,0,0
188,16,1269.45,571.53,26.00,26.96,1,0,0
188,4,476.40,556.47,62.16,25.53,1,0,0
188,18,578.97,561.93,97.13,24.37,1,0,0
188,3,1073.21,589.65,6.24,10.12,1,3,0
189,16,1283.78,587.91,26.49,27.19,1,0,0
189,4,489.17,571.91,63.00,26.27,1,0,0
189,18,592.66,578.15,98.01,25.03,1,0,0
190,16,1314.56,567.16,27.07,27.73,1,0,0
190,4,518.10,547.24,63.22,26.11,1,0,0
190,18,622.21,553.93,98.12,24.91,1,0,0
190,3,1120.95,583.50,6.74,11.55,1,3,0
191,16,1339.43,569.80,25.67,26.90,1,0,0
191,4,541.20,565.76,63.08,25.78,1,0,0
191,18,645.62,569.08,98.85,25.05,1,0,0
192,16,1351.98,592.83,26.84,27.21,1,0,0
192,4,552.72,579.62,64.56,25.98,1,0,0
192,18,658.28,585.29,98.96,24.77,1,0,0
193,16,1361.96,563.06,25.76,27.88,1,0,0
193,4,558.82,543.93,64.46,26.12,1,0,0
193,18,666.00,550.14,98.35,25.03,1,0,0
193,3,1169.81,580.78,6.71,10.82,1,3,0
194,16,1368.65,565.96,25.44,27.20,1,0,0
194,4,566.30,560.59,64.38,25.71,1,0,0
194,18,672.44,564.10,99.42,25.42,1,0,0
194,3,1179.06,587.10,7.01,10.33,1,3,0
195,16,1375.57,588.92,26.24,27.69,1,0,0
195,4,571.67,578.21,64.85,25.67,1,0,0
195,18,678.29,582.83,100.32,25.19,1,0,0
196,16,1373.76,563.95,26.43,27.75,1,0,0
196,4,567.78,548.33,65.12,26.11,1,0,0
196,18,675.27,553.47,99.41,25.60,1,0,0
197,16,1369.21,572.71,25.66,27.45,1,0,0
197,4,561.13,564.48,66.01,26.61,1,0,0
197,18,668.90,569.00,99.53,25.25,1,0,0
197,3,1181.64,593.12,6.72,10.78,1,3,0
198,16,1367.17,580.32,25.58,27.40,1,0,0
198,4,558.48,566.16,65.57,26.45,1,0,0
198,18,665.49,571.47,100.30,25.44,1,0,0
198,3,1180.16,598.86,7.08,10.95,1,3,0
199,16,1364.89,565.75,26.03,27.29,1,0,0
199,4,555.11,548.96,65.67,26.54,1,0,0
199,18,661.26,554.62,101.48,25.57,1,0,0
199,3,1178.99,583.28,6.66,11.60,1,3,0
200,16,1353.44,574.70,25.80,27.42,1,0,0
200,4,542.85,567.10,64.65,27.02,1,0,0
200,18,649.29,571.70,100.58,25.61,1,0,0
200,3,1168.15,595.39,6.99,11.43,1,3,0
201,16,1342.63,576.02,25.77,27.29,1,0,0
201,4,529.74,563.48,65.50,26.14,1,0,0
201,18,637.03,568.35,100.08,25.63,1,0,0
201,3,1156.84,595.23,6.88,11.37,1,3,0
202,16,1324.39,566.19,25.86,26.96,1,0,0
202,4,510.90,551.35,65.29,27.30,1,0,0
202,18,617.00,556.91,100.87,25.74,1,0,0
203,16,1310.19,577.24,23.02,27.07,1,0,0
203,4,494.45,565.14,63.76,26.60,1,0,0
203,18,599.42,570.24,100.08,25.47,1,0,0
204,16,1307.52,577.95,24.85,27.20,1,0,0
204,4,489.81,557.30,65.54,26.92,1,0,0
204,18,597.45,564.11,99.89,25.66,1,0,0
204,3,1122.47,595.33,6.82,11.37,1,3,0
205,16,1319.94,573.52,26.52,28.32,1,0,0
205,4,502.12,558.11,65.49,26.97,1,0,0
205,18,608.88,563.41,101.82,26.43,1,0,0
205,3,1137.00,593.25,7.17,11.37,1,3,0
206,16,1321.55,573.08,25.69,27.48,1,0,0
206,4,501.96,570.07,65.86,26.80,1,0,0
206,18,609.58,573.32,100.82,25.88,1,0,0
206,3,1139.54,595.16,7.15,11.64,1,3,0
207,16,1310.53,568.18,26.10,27.74,1,0,0
207,4,490.85,553.83,65.19,26.89,1,0,0
207,18,597.65,559.34,100.95,25.77,1,0,0
207,3,1129.20,587.50,7.26,11.51,1,3,0
208,16,1315.31,590.47,26.01,27.52,1,0,0
208,4,494.58,568.20,64.94,27.13,1,0,0
208,18,600.72,575.70,101.81,25.91,1,0,0
208,3,1134.62,607.30,7.60,12.24,1,3,0
209,16,1317.69,571.00,25.45,27.52,1,0,0
209,4,494.05,560.73,64.99,27.30,1,0,0
209,18,600.93,565.43,101.34,26.46,1,0,0
209,3,1136.30,591.58,7.52,11.64,1,3,0
210,16,1308.12,574.74,26.12,27.85,1,0,0
210,4,483.77,563.07,66.17,27.63,1,0,0
210,18,590.34,568.09,102.61,26.61,1,0,0
210,3,1129.48,595.00,6.85,11.76,1,3,0
211,16,1313.92,576.52,25.34,27.74,1,0,0
211,4,487.88,552.93,64.95,27.44,1,0,0
211,18,594.01,559.81,102.88,26.55,1,0,0
211,3,1134.61,594.00,7.62,11.78,1,3,0
212,16,1315.99,577.70,26.94,27.88,1,0,0
212,4,488.09,567.12,66.11,27.66,1,0,0
212,18,595.61,571.94,102.78,26.56,1,0,0
212,3,1137.54,598.43,7.95,12.17,1,3,0
213,16,1332.52,572.75,25.45,27.40,1,0,0
213,4,502.89,558.92,66.17,27.00,1,0,0
213,18,610.73,563.74,102.50,26.68,1,0,0
213,3,1156.12,591.96,7.48,11.75,1,3,0
214,16,1339.89,573.81,27.71,27.90,1,0,0
214,4,510.41,554.54,66.71,27.71,1,0,0
214,18,617.91,561.02,103.65,26.50,1,0,0
214,3,1166.27,592.49,7.45,11.78,1,3,0
215,16,1346.61,579.76,25.01,27.10,1,0,0
215,4,513.75,566.11,66.17,27.28,1,0,0
215,18,621.36,571.47,104.01,26.19,1,0,0
216,16,1337.70,564.83,25.50,27.06,1,0,0
216,4,502.40,554.11,67.40,28.12,1,0,0
216,18,610.73,558.53,103.97,26.88,1,0,0
217,16,1348.19,573.00,26.10,27.64,1,0,0
217,4,513.79,549.34,66.43,27.54,1,0,0
217,18,621.67,555.89,104.05,27.04,1,0,0
217,3,1176.79,590.47,7.18,11.94,1,3,0
218,16,1361.42,572.87,24.89,27.47,1,0,0
218,4,524.16,561.02,67.11,28.01,1,0,0
218,18,631.93,565.54,105.31,27.39,1,0,0
218,3,1190.53,593.86,7.13,11.59,1,3,0
219,16,1357.27,572.42,24.77,27.64,1,0,0
219,4,518.16,564.15,67.17,28.21,1,0,0
219,18,626.42,568.39,104.50,27.52,1,0,0
219,3,1186.15,594.00,7.81,12.30,1,3,0
220,16,1349.39,576.09,25.72,27.58,1,0,0
220,4,508.60,559.33,68.11,27.97,1,0,0
220,18,617.70,564.44,104.17,27.70,1,0,0
220,3,1179.22,595.25,7.39,12.32,1,3,0
221,16,1344.46,575.10,25.22,28.11,1,0,0
221,4,502.87,557.04,67.17,28.09,1,0,0
221,18,610.50,563.15,105.36,27.40,1,0,0
222,16,1361.27,588.73,24.77,27.16,1,0,0
222,4,517.52,568.09,67.53,28.29,1,0,0
222,18,625.65,574.80,104.36,27.35,1,0,0
222,3,1192.93,607.27,7.72,12.82,1,3,0
223,16,1359.40,563.52,24.77,27.71,1,0,0
223,4,513.08,555.96,69.14,28.92,1,0,0
223,18,621.26,559.24,106.18,28.73,1,0,0
223,3,1191.97,584.99,8.41,12.75,1,3,0
224,16,1348.27,584.03,24.89,27.28,1,0,0
224,4,501.48,569.00,68.60,28.34,1,0,0
224,18,608.98,574.73,105.38,27.42,1,0,0
224,3,1182.17,604.07,7.56,12.56,1,3,0
225,16,1348.27,584.03,24.89,27.28,1,0,0
225,4,501.48,569.00,68.60,28.34,1,0,0
225,18,608.98,574.73,105.38,27.42,1,0,0
225,3,1182.17,604.07,7.56,12.56,1,3,0
226,16,1334.12,577.49,25.17,27.50,1,0,0
226,4,485.92,556.96,68.09,28.73,1,0,0
226,18,592.79,563.37,106.40,27.82,1,0,0
226,3,1168.77,597.16,7.80,11.96,1,3,0
227,16,1318.08,580.25,25.44,27.75,1,0,0
227,4,468.66,565.28,67.24,28.98,1,0,0
227,18,574.53,570.85,105.25,27.68,1,0,0
227,3,1154.89,601.01,7.89,12.69,1,3,0
228,16,1318.08,580.25,25.44,27.75,1,0,0
228,4,468.66,565.28,67.24,28.98,1,0,0
228,18,574.53,570.85,105.25,27.68,1,0,0
228,3,1154.89,601.01,7.89,12.69,1,3,0
229,16,1310.68,560.46,25.38,26.89,1,0,0
229,4,458.42,540.58,67.69,29.13,1,0,0
229,18,563.71,546.36,105.63,27.94,1,0,0
229,3,1146.60,578.33,7.77,13.12,1,3,0
230,16,1304.10,571.28,26.12,27.59,1,0,0
230,4,451.89,554.42,67.77,28.78,1,0,0
230,18,557.07,560.07,105.84,27.54,1,0,0
230,3,1143.32,591.20,7.89,12.60,1,3,0
231,16,1308.34,587.22,24.70,27.03,1,0,0
231,4,452.82,564.30,68.66,29.04,1,0,0
231,18,558.38,571.51,105.41,27.32,1,0,0
231,3,1146.72,605.73,8.08,13.22,1,3,0
232,16,1316.14,551.16,25.70,27.79,1,0,0
232,4,458.77,533.74,68.71,29.25,1,0,0
232,18,564.19,539.01,105.82,28.45,1,0,0
232,3,1156.37,570.89,7.88,12.96,1,3,0
233,16,1331.05,582.74,25.37,27.35,1,0,0
233,4,470.71,567.34,70.82,29.38,1,0,0
233,18,577.19,573.01,106.22,28.00,1,0,0
234,16,1338.69,582.00,25.04,27.41,1,0,0
234,4,475.61,560.61,70.64,29.66,1,0,0
234,18,582.37,567.15,105.92,28.22,1,0,0
234,3,1180.08,601.26,7.95,12.88,1,3,0
235,16,1342.06,560.14,26.12,27.06,1,0,0
235,4,477.31,542.73,71.64,30.18,1,0,0
235,18,583.04,547.88,107.72,29.20,1,0,0
236,16,1344.42,580.39,26.66,27.65,1,0,0
236,4,477.86,568.77,72.32,29.81,1,0,0
236,18,584.63,574.14,106.88,28.25,1,0,0
236,3,1190.22,601.59,8.04,13.23,1,3,0
237,16,1347.95,583.01,24.80,26.86,1,0,0
237,4,478.79,559.48,72.35,29.88,1,0,0
237,18,584.79,566.29,106.68,28.62,1,0,0
237,3,1193.22,601.46,8.07,13.39,1,3,0
238,16,1346.72,572.00,25.18,27.44,1,0,0
238,4,475.31,555.48,72.75,30.09,1,0,0
238,18,581.14,561.36,107.64,28.75,1,0,0
238,3,1193.23,592.40,8.20,13.69,1,3,0
239,16,1350.36,577.69,25.52,27.48,1,0,0
239,4,477.39,563.44,73.66,29.92,1,0,0
239,18,581.81,568.37,108.90,28.88,1,0,0
240,16,1350.32,572.53,25.94,27.07,1,0,0
240,4,475.98,554.77,73.58,29.86,1,0,0
240,18,581.44,560.09,107.33,28.98,1,0,0
240,3,1200.04,592.56,8.18,13.67,1,3,0
241,16,1358.38,574.43,24.87,27.72,1,0,0
241,4,478.80,557.75,74.73,30.19,1,0,0
241,18,584.46,562.64,107.09,29.65,1,0,0
241,3,1208.70,595.06,8.56,13.66,1,3,0
242,16,1358.38,574.43,24.87,27.72,1,0,0
242,4,478.80,557.75,74.73,30.19,1,0,0
242,18,584.46,562.64,107.09,29.65,1,0,0
242,3,1208.70,595.06,8.56,13.66,1,3,0
243,16,1348.05,575.76,25.74,27.42,1,0,0
243,4,465.63,557.07,75.39,30.47,1,0,0
243,18,570.72,562.56,106.78,29.47,1,0,0
243,3,1202.69,597.05,8.26,12.89,1,3,0
244,16,1339.43,576.99,25.74,27.02,1,0,0
244,4,453.64,559.06,76.33,30.82,1,0,0
244,18,558.18,565.18,106.77,28.77,1,0,0
244,3,1193.33,597.21,8.57,13.74,1,3,0
245,16,1326.60,578.65,25.48,27.03,1,0,0
245,4,439.71,560.13,75.89,30.26,1,0,0
245,18,544.70,565.04,105.16,29.76,1,0,0
245,3,1181.53,597.95,8.31,14.42,1,3,0
246,16,1337.63,573.39,25.19,27.58,1,0,0
246,4,448.26,549.89,76.17,30.39,1,0,0
246,18,552.29,555.77,106.13,29.83,1,0,0
246,3,1193.85,592.90,8.20,14.17,1,3,0
247,16,1340.28,590.65,25.98,26.77,1,0,0
247,4,449.54,569.25,77.16,30.58,1,0,0
247,18,554.02,574.61,105.83,30.28,1,0,0
247,3,1199.01,610.02,8.89,14.57,1,3,0
248,16,1338.55,570.17,27.32,27.12,1,0,0
248,4,444.99,554.87,78.28,31.16,1,0,0
248,18,549.53,559.03,106.04,30.73,1,0,0
248,3,1199.28,591.30,8.54,14.01,1,3,0
249,16,1345.07,586.22,25.95,26.67,1,0,0
249,4,449.17,568.83,77.90,31.04,1,0,0
249,18,552.88,573.45,106.38,30.58,1,0,0
249,3,1205.74,606.25,8.70,14.59,1,3,0
250,16,1351.21,577.22,27.02,26.86,1,0,0
250,4,452.41,554.20,79.92,31.03,1,0,0
250,18,558.25,559.67,106.47,30.36,1,0,0
250,3,1214.39,596.95,8.91,14.47,1,3,0
251,16,1355.46,569.95,26.24,27.12,1,0,0
251,4,454.97,550.74,80.27,31.10,1,0,0
251,18,558.62,555.75,108.33,30.15,1,0,0
252,16,1352.87,568.86,26.68,27.63,1,0,0
252,4,450.17,556.28,80.16,31.11,1,0,0
252,18,555.12,559.70,105.61,30.97,1,0,0
252,3,1218.60,590.11,8.94,14.96,1,3,0
253,16,1355.99,580.05,26.93,27.16,1,0,0
253,4,450.22,558.99,82.02,31.10,1,0,0
253,18,556.80,564.00,105.21,30.82,1,0,0
253,3,1223.29,600.58,8.71,14.26,1,3,0
254,16,1353.55,571.02,27.06,27.25,1,0,0
254,4,446.47,549.96,81.59,30.93,1,0,0
254,18,551.02,554.58,106.84,30.87,1,0,0
255,16,1353.41,571.75,27.06,27.11,1,0,0
255,4,444.38,553.61,81.91,31.58,1,0,0
255,18,547.82,557.82,107.77,31.46,1,0,0
255,3,1224.46,592.69,7.99,14.67,1,3,0
256,16,1345.44,568.15,26.12,27.27,1,0,0
256,4,432.27,555.73,82.71,31.46,1,0,0
256,18,536.06,558.65,107.35,31.58,1,0,0
256,3,1215.65,589.13,9.07,15.31,1,3,0
257,16,1344.57,569.89,25.55,27.28,1,0,0
257,4,430.39,542.33,82.78,31.67,1,0,0
257,18,534.27,547.44,106.75,31.83,1,0,0
257,3,1216.41,589.03,8.98,14.95,1,3,0
258,16,1357.21,585.89,24.83,26.14,1,0,0
258,4,439.08,560.55,84.37,31.64,1,0,0
258,18,544.35,566.00,106.36,31.45,1,0,0
258,3,1230.58,604.46,8.98,15.70,1,3,0
259,16,1357.39,573.04,25.22,26.40,1,0,0
259,4,436.55,564.79,85.32,31.25,1,0,0
259,18,541.96,567.03,105.81,31.44,1,0,0
259,3,1232.47,594.23,9.34,15.66,1,3,0
260,16,1357.39,573.04,25.22,26.40,1,0,0
260,4,436.55,564.79,85.32,31.25,1,0,0
260,18,541.96,567.03,105.81,31.44,1,0,0
260,3,1232.47,594.23,9.34,15.66,1,3,0
261,16,1350.92,582.64,26.54,26.93,1,0,0
261,4,429.00,559.34,85.51,31.35,1,0,0
261,18,533.19,563.59,106.48,32.04,1,0,0
261,3,1228.60,602.29,8.81,15.61,1,3,0
262,16,1361.93,580.42,25.77,26.69,1,0,0
262,4,436.26,555.05,86.20,31.66,1,0,0
262,18,541.67,559.83,105.74,31.85,1,0,0
262,3,1240.52,599.92,9.03,15.32,1,3,0
263,16,1366.00,567.83,26.55,27.26,1,0,0
263,4,437.93,552.87,87.96,31.88,1,0,0
263,18,543.14,555.96,107.00,32.49,1,0,0
263,3,1246.81,588.84,9.47,16.08,1,3,0
264,16,1353.75,573.22,25.89,26.90,1,0,0
264,4,424.05,553.98,87.59,31.84,1,0,0
264,18,529.04,557.79,106.63,32.20,1,0,0
264,3,1236.02,594.27,9.59,15.44,1,3,0
265,16,1355.21,577.50,26.15,26.66,1,0,0
265,4,424.02,548.52,88.42,32.20,1,0,0
265,18,528.78,553.98,106.52,32.24,1,0,0
265,3,1239.34,596.93,9.66,15.40,1,3,0
266,16,1365.07,585.35,26.06,26.16,1,0,0
266,4,429.83,569.82,89.50,32.09,1,0,0
266,18,536.72,573.38,104.78,32.53,1,0,0
266,3,1251.45,606.12,9.87,15.84,1,3,0
267,16,1360.06,570.31,24.79,26.48,1,0,0
267,4,421.03,552.74,90.42,31.64,1,0,0
267,18,527.35,555.34,105.23,32.98,1,0,0
267,3,1247.10,590.53,9.07,16.04,1,3,0
268,16,1353.73,583.74,26.00,26.80,1,0,0
268,4,413.53,557.86,91.05,31.79,1,0,0
268,18,519.38,561.53,105.43,33.22,1,0,0
268,3,1242.84,603.52,9.39,16.12,1,3,0
269,16,1350.34,566.91,26.18,27.05,1,0,0
269,4,406.80,549.10,91.91,31.41,1,0,0
269,18,513.98,551.42,104.77,33.10,1,0,0
269,3,1241.04,587.89,9.57,16.31,1,3,0
270,16,1341.65,567.19,26.48,26.74,1,0,0
270,4,397.31,548.41,92.24,32.72,1,0,0
270,18,503.82,551.35,104.33,33.45,1,0,0
270,3,1235.17,587.45,9.63,16.87,1,3,0
271,16,1356.96,590.71,25.92,26.63,1,0,0
271,4,409.22,559.59,93.79,32.25,1,0,0
271,18,517.62,564.83,103.81,32.83,1,0,0
271,3,1252.57,611.21,9.15,15.26,1,3,0
272,16,1365.08,572.83,26.41,26.34,1,0,0
272,4,414.38,555.91,94.53,32.65,1,0,0
272,18,522.60,558.81,104.23,33.27,1,0,0
272,3,1262.12,593.70,9.93,16.24,1,3,0
273,16,1365.08,572.83,26.41,26.34,1,0,0
273,4,414.38,555.91,94.53,32.65,1,0,0
273,18,522.60,558.81,104.23,33.27,1,0,0
273,3,1262.12,593.70,9.93,16.24,1,3,0
274,16,1355.85,566.92,26.25,26.90,1,0,0
274,4,403.25,555.00,94.51,32.95,1,0,0
274,18,510.24,556.88,104.72,33.86,1,0,0
274,3,1255.55,588.41,9.95,16.74,1,3,0
275,16,1367.55,603.35,24.99,26.14,1,0,0
275,4,411.85,569.27,94.47,32.36,1,0,0
275,18,520.93,574.18,102.19,33.65,1,0,0
276,16,1371.65,568.91,25.99,26.57,1,0,0
276,4,413.08,551.00,96.34,32.56,1,0,0
276,18,522.65,553.06,102.71,34.19,1,0,0
276,3,1274.53,588.99,9.85,17.43,1,3,0
277,16,1366.39,555.13,26.18,26.69,1,0,0
277,4,405.09,541.22,97.18,33.54,1,0,0
277,18,515.49,542.66,102.29,34.84,1,0,0
277,3,1271.71,575.86,10.17,17.39,1,3,0
278,16,1365.19,602.96,25.26,26.23,1,0,0
278,4,402.45,573.27,97.42,33.39,1,0,0
278,18,512.45,578.50,101.79,33.53,1,0,0
278,3,1272.05,622.47,9.91,17.06,1,3,0
279,16,1360.99,566.47,27.27,26.66,1,0,0
279,4,395.79,546.08,98.10,32.81,1,0,0
279,18,506.45,547.94,101.42,34.83,1,0,0
279,3,1270.58,586.13,10.31,18.26,1,3,0
280,16,1371.02,563.37,24.67,26.46,1,0,0
280,4,401.69,548.43,99.09,33.67,1,0,0
280,18,511.88,550.48,102.80,34.65,1,0,0
280,3,1282.53,584.02,10.26,17.57,1,3,0
281,16,1369.27,592.75,25.55,26.88,1,0,0
281,4,398.42,568.45,99.70,33.05,1,0,0
281,18,509.81,571.13,100.80,34.95,1,0,0
281,3,1283.17,613.25,10.13,17.67,1,3,0
282,16,1358.09,571.01,25.05,26.27,1,0,0
282,4,382.52,550.39,99.90,32.66,1,0,0
282,18,494.02,551.77,101.28,35.31,1,0,0
282,3,1272.27,591.32,10.57,17.71,1,3,0
283,16,1345.87,563.53,23.76,26.36,1,0,0
283,4,368.37,545.23,100.16,32.13,1,0,0
283,18,480.06,545.87,100.01,34.81,1,0,0
283,3,1261.47,584.09,10.67,17.98,1,3,0
284,16,1326.35,582.66,24.95,25.82,1,0,0
284,4,348.14,561.13,100.18,33.13,1,0,0
284,18,459.76,563.44,98.66,34.97,1,0,0
285,16,1330.95,581.77,25.14,26.26,1,0,0
285,4,349.91,552.87,101.35,33.43,1,0,0
285,18,460.90,555.16,100.59,36.15,1,0,0
285,3,1252.51,601.34,10.56,18.70,1,3,0
286,16,1328.28,569.93,26.67,26.22,1,0,0
286,4,344.82,550.48,101.56,33.26,1,0,0
286,18,457.57,551.92,98.61,35.47,1,0,0
286,3,1252.15,590.02,11.03,18.76,1,3,0
287,16,1316.74,578.90,25.36,26.27,1,0,0
287,4,330.60,561.44,102.33,33.95,1,0,0
287,18,442.44,562.96,98.50,35.81,1,0,0
287,3,1241.20,599.42,10.81,18.90,1,3,0
288,16,1325.31,587.89,25.25,25.65,1,0,0
288,4,336.10,557.22,102.95,33.74,1,0,0
288,18,449.15,560.30,97.69,36.28,1,0,0
288,3,1252.22,607.91,11.34,18.23,1,3,0
289,16,1329.26,565.65,27.42,26.35,1,0,0
289,4,338.30,543.88,103.96,33.30,1,0,0
289,18,450.54,544.16,98.29,36.92,1,0,0
289,3,1259.10,585.73,11.36,19.40,1,3,0
290,16,1348.48,574.57,27.39,26.83,1,0,0
290,4,352.81,549.63,106.09,34.28,1,0,0
290,18,469.20,551.07,96.18,37.29,1,0,0
290,3,1281.73,595.28,10.86,19.00,1,3,0
291,16,1351.14,588.74,26.47,26.16,1,0,0
291,4,351.58,564.44,107.45,34.86,1,0,0
291,18,467.92,566.75,96.23,36.81,1,0,0
291,3,1285.97,608.91,11.06,19.31,1,3,0
292,16,1351.87,575.25,26.15,26.24,1,0,0
292,4,348.39,550.39,108.30,34.69,1,0,0
292,18,465.13,552.18,96.10,37.14,1,0,0
292,3,1288.58,596.35,11.19,19.17,1,3,0
293,16,1352.24,564.14,27.67,25.73,1,0,0
293,4,346.17,541.41,109.11,34.36,1,0,0
293,18,463.75,542.59,95.04,37.05,1,0,0
293,3,1292.38,584.21,11.57,19.78,1,3,0
294,16,1358.03,586.05,24.77,25.88,1,0,0
294,4,348.90,567.27,108.39,33.64,1,0,0
294,18,465.46,567.77,94.66,36.72,1,0,0
294,3,1299.20,606.94,11.75,19.56,1,3,0
295,16,1356.65,580.37,26.38,26.11,1,0,0
295,4,343.86,552.03,110.53,34.84,1,0,0
295,18,462.37,554.07,94.19,37.39,1,0,0
295,3,1301.23,599.64,11.52,20.48,1,3,0
296,16,1353.06,558.74,27.21,25.99,1,0,0
296,4,338.31,535.50,111.19,35.39,1,0,0
296,18,457.24,535.95,93.17,38.47,1,0,0
296,3,1300.15,578.46,11.65,20.95,1,3,0
297,16,1355.19,592.06,27.17,26.37,1,0,0
297,4,338.59,567.89,111.74,33.72,1,0,0
297,18,457.82,568.65,92.40,37.26,1,0,0
297,3,1306.02,612.14,11.48,20.46,1,3,0
298,16,1372.93,580.45,28.44,26.58,1,0,0
298,4,350.15,551.76,115.66,35.69,1,0,0
298,18,472.33,553.49,92.54,38.29,1,0,0
298,3,1326.59,599.97,11.84,21.28,1,3,0
299,16,1392.43,559.62,26.77,26.02,1,0,0
299,4,365.62,540.97,116.46,35.73,1,0,0
299,18,488.18,540.96,92.87,38.53,1,0,0
299,3,1348.13,579.16,12.35,21.76,1,3,0
300,16,1396.72,591.41,27.90,26.17,1,0,0
300,4,367.09,570.33,116.57,35.00,1,0,0
300,18,490.33,571.11,91.93,38.36,1,0,0
300,3,1355.60,611.32,11.79,21.25,1,3,0
301,16,1388.05,579.80,28.23,25.92,1,0,0
301,4,356.36,552.24,117.87,35.50,1,0,0
301,18,479.95,553.22,91.34,38.79,1,0,0
301,3,1350.68,599.47,11.69,21.47,1,3,0
302,16,1376.72,575.22,27.44,25.64,1,0,0
302,4,341.70,552.85,117.77,36.27,1,0,0
302,18,464.90,553.73,90.34,39.04,1,0,0
302,3,1341.16,595.83,11.98,21.30,1,3,0
303,16,1373.79,579.76,26.89,25.80,1,0,0
303,4,336.72,553.14,118.48,35.63,1,0,0
303,18,460.02,554.63,88.52,38.39,1,0,0
303,3,1341.20,599.58,12.15,21.81,1,3,0
304,16,1375.72,578.67,27.43,25.72,1,0,0
304,4,335.85,553.22,118.45,36.37,1,0,0
304,18,458.50,554.03,88.77,39.85,1,0,0
304,3,1346.40,598.83,12.38,22.04,1,3,0
305,16,1368.69,577.18,27.16,26.20,1,0,0
305,4,324.33,559.06,120.12,35.77,1,0,0
305,18,448.76,558.06,87.11,39.74,1,0,0
305,3,1341.37,598.13,11.67,21.58,1,3,0
306,16,1364.43,574.01,28.61,26.24,1,0,0
306,4,320.47,545.08,120.15,34.72,1,0,0
306,18,444.35,544.26,86.98,39.98,1,0,0
306,3,1341.94,596.20,12.03,21.19,1,3,0
307,16,1360.25,571.88,27.98,26.03,1,0,0
307,4,319.47,548.55,113.99,36.67,1,0,0
307,18,436.28,548.61,86.29,40.46,1,0,0
307,3,1339.55,593.20,12.44,22.43,1,3,0
308,16,1360.25,571.88,27.98,26.03,1,0,0
308,4,319.47,548.55,113.99,36.67,1,0,0
308,18,436.28,548.61,86.29,40.46,1,0,0
308,3,1339.55,593.20,12.44,22.43,1,3,0
309,16,1346.94,570.83,26.01,25.96,1,0,0
309,4,319.81,551.63,97.85,36.98,1,0,0
309,18,419.61,551.51,85.18,40.30,1,0,0
309,3,1327.95,592.09,12.67,22.51,1,3,0
310,16,1338.86,578.13,25.56,27.51,1,0,0
310,4,319.31,553.47,85.22,36.28,1,0,0
310,18,406.12,552.39,83.58,41.62,1,0,0
310,3,1325.56,599.16,12.95,23.59,1,3,0
311,16,1338.86,578.13,25.56,27.51,1,0,0
311,4,319.31,553.47,85.22,36.28,1,0,0
311,18,406.12,552.39,83.58,41.62,1,0,0
311,3,1325.56,599.16,12.95,23.59,1,3,0
312,16,1315.69,569.62,25.81,26.17,1,0,0
312,4,319.13,555.71,60.51,35.90,1,0,0
312,18,380.30,553.42,82.91,41.15,1,0,0
312,3,1305.48,591.65,12.71,22.94,1,3,0
313,16,1292.67,576.44,24.32,26.66,1,0,0
313,4,319.03,549.60,36.78,37.60,1,0,0
313,18,355.11,550.01,80.92,40.86,1,0,0
313,3,1284.40,598.32,13.73,22.88,1,3,0
314,16,1267.03,582.93,23.89,26.13,1,0,0
314,18,327.98,551.11,80.15,41.96,1,0,0
314,3,1262.92,605.80,12.79,21.67,1,3,0
315,16,1275.74,598.77,25.01,26.68,1,0,0
315,18,335.63,564.80,79.06,41.46,1,0,0
315,3,1275.87,622.15,12.73,21.92,1,3,0
315,4,319.12,564.89,19.95,37.40,1,0,0
316,16,1325.20,577.17,23.30,25.72,1,0,0
316,18,372.38,550.54,79.11,42.02,1,0,0
316,3,1328.20,598.78,13.85,22.95,1,3,0
316,4,319.02,551.23,56.66,38.03,1,0,0
317,16,1350.03,593.08,24.37,26.43,1,0,0
317,18,393.12,560.72,79.40,42.24,1,0,0
317,3,1357.26,615.85,13.15,23.08,1,3,0
317,4,319.32,561.71,78.40,37.10,1,0,0
318,16,1361.04,583.80,25.43,26.41,1,0,0
318,18,399.64,553.86,79.68,42.94,1,0,0
318,3,1372.94,607.20,13.05,22.47,1,3,0
318,4,319.43,555.75,85.39,37.05,1,0,0
319,16,1368.45,562.83,25.21,26.14,1,0,0
319,18,404.59,538.77,78.35,42.64,1,0,0
319,3,1383.85,585.77,13.13,22.42,1,3,0
319,4,319.42,541.61,90.86,36.78,1,0,0
320,16,1377.90,586.29,25.59,25.89,1,0,0
320,18,409.03,561.04,79.16,43.29,1,0,0
320,3,1397.20,609.16,13.24,22.78,1,3,0
320,4,319.62,563.03,99.49,38.14,1,0,0
321,16,1373.12,591.14,28.17,26.28,1,0,0
321,18,405.00,560.91,78.83,43.22,1,0,0
321,3,1399.20,611.56,13.61,25.85,1,3,0
321,4,319.67,562.93,95.93,37.56,1,0,0
322,16,1371.77,574.41,26.55,25.25,1,0,0
322,18,396.77,548.22,78.07,42.70,1,0,0
322,3,1400.24,595.68,13.48,25.12,1,3,0
322,4,319.50,550.32,87.23,37.66,1,0,0
323,16,1361.59,574.55,29.01,26.33,1,0,0
323,18,389.71,542.86,74.18,44.25,1,0,0
323,3,1397.10,596.12,14.18,26.15,1,3,0
323,4,319.54,545.53,81.27,38.47,1,0,0
324,16,1361.59,574.55,29.01,26.33,1,0,0
324,18,389.71,542.86,74.18,44.25,1,0,0
324,3,1397.10,596.12,14.18,26.15,1,3,0
324,4,319.54,545.53,81.27,38.47,1,0,0
325,16,1370.64,597.90,26.87,26.34,1,0,0
325,18,391.11,562.92,76.55,45.23,1,0,0
325,3,1408.57,620.10,13.67,25.11,1,3,0
325,4,319.29,565.00,86.92,38.98,1,0,0
326,16,1361.75,565.01,29.95,25.89,1,0,0
326,18,383.31,542.71,74.41,44.06,1,0,0
326,3,1407.36,585.64,14.39,26.59,1,3,0
326,4,319.19,545.65,79.12,38.27,1,0,0
327,16,1357.29,569.42,31.15,25.99,1,0,0
327,18,376.59,542.44,74.12,44.84,1,0,0
327,3,1407.93,589.81,14.62,27.07,1,3,0
327,4,319.03,545.52,72.04,39.22,1,0,0
328,16,1366.66,591.49,28.56,25.92,1,0,0
328,18,379.92,551.80,73.68,45.01,1,0,0
328,3,1420.22,612.65,14.54,26.96,1,3,0
328,4,319.27,552.69,75.19,39.80,1,0,0
329,16,1363.60,572.95,30.30,26.09,1,0,0
329,18,375.37,549.79,71.64,44.75,1,0,0
329,3,1422.68,593.58,13.87,27.14,1,3,0
329,4,319.23,551.87,69.08,39.88,1,0,0
330,16,1364.30,580.80,30.01,26.06,1,0,0
330,18,373.52,554.15,71.20,45.06,1,0,0
330,3,1427.96,601.10,14.65,27.90,1,3,0
330,4,319.23,556.42,69.80,39.76,1,0,0
331,16,1369.38,593.94,31.68,25.39,1,0,0
331,18,374.71,547.97,71.25,45.34,1,0,0
331,3,1437.94,614.11,14.87,28.57,1,3,0
331,4,319.37,549.26,70.68,40.25,1,0,0
332,16,1367.28,573.42,31.90,26.02,1,0,0
332,18,368.81,549.06,70.07,45.71,1,0,0
332,3,1441.60,593.85,15.09,28.65,1,3,0
332,4,319.26,551.61,65.11,40.47,1,0,0
333,16,1364.31,580.39,31.81,25.72,1,0,0
333,18,362.35,553.46,70.08,46.27,1,0,0
333,3,1444.58,599.35,14.91,29.15,1,3,0
333,4,319.14,556.16,60.10,40.90,1,0,0
334,16,1367.97,594.79,31.34,25.93,1,0,0
334,18,363.19,551.20,68.56,46.75,1,0,0
334,3,1450.80,616.29,14.99,28.64,1,3,0
334,4,319.25,552.17,61.29,42.52,1,0,0
335,16,1367.62,579.83,31.73,25.84,1,0,0
335,18,359.41,545.97,67.69,46.13,1,0,0
335,3,1455.85,600.11,15.61,29.72,1,3,0
335,4,319.06,548.44,61.27,41.39,1,0,0
336,16,1357.03,574.70,31.25,26.23,1,0,0
336,18,344.52,549.61,67.86,46.87,1,0,0
336,3,1450.36,594.67,15.46,29.88,1,3,0
336,4,318.99,552.79,41.65,40.94,1,0,0
337,16,1339.90,572.88,30.87,25.79,1,0,0
337,18,321.75,539.78,70.20,47.09,1,0,0
337,3,1439.28,593.52,15.91,30.17,1,3,0
337,4,318.98,546.57,24.64,38.27,1,0,0
338,16,1339.90,572.88,30.87,25.79,1,0,0
338,18,321.75,539.78,70.20,47.09,1,0,0
338,3,1439.28,593.52,15.91,30.17,1,3,0
338,4,318.98,546.57,24.64,38.27,1,0,0
339,16,1329.53,586.06,32.84,25.95,1,0,0
339,18,319.52,549.34,59.52,48.10,1,0,0
339,3,1436.86,606.35,15.70,31.49,1,3,0
340,16,1324.62,580.48,31.89,25.77,1,0,0
340,18,318.93,544.86,48.66,48.51,1,0,0
340,3,1437.00,601.19,15.87,30.94,1,3,0
341,16,1317.88,579.99,32.21,25.78,1,0,0
341,18,319.27,542.31,38.48,48.88,1,0,0
341,3,1436.14,600.43,15.91,31.14,1,3,0
342,16,1324.33,589.02,31.86,25.77,1,0,0
342,18,319.16,549.08,40.86,49.44,1,0,0
342,3,1448.29,609.08,15.62,32.07,1,3,0
343,16,1328.55,587.10,33.09,26.03,1,0,0
343,18,319.48,550.06,35.88,49.60,1,0,0
343,3,1463.20,607.28,16.30,32.91,1,3,0
344,16,1351.22,595.66,32.39,25.72,1,0,0
344,18,319.45,546.18,53.13,49.57,1,0,0
344,3,1490.08,616.71,16.04,33.54,1,3,0
345,16,1351.22,595.66,32.39,25.72,1,0,0
345,18,319.45,546.18,53.13,49.57,1,0,0
345,3,1490.08,616.71,16.04,33.54,1,3,0
346,16,1361.25,564.68,33.47,25.73,1,0,0
346,18,319.60,536.66,59.14,51.21,1,0,0
346,3,1507.40,582.76,16.15,34.43,1,3,0
347,16,1370.09,590.58,33.21,25.77,1,0,0
347,18,319.62,558.49,63.03,50.31,1,0,0
347,3,1521.92,609.58,16.07,33.44,1,3,0
348,16,1367.57,597.02,32.48,25.43,1,0,0
348,18,319.41,550.80,54.60,51.10,1,0,0
348,3,1524.88,617.47,16.47,34.08,1,3,0
349,16,1368.74,564.59,31.03,26.17,1,0,0
349,18,319.09,533.73,49.86,51.47,1,0,0
349,3,1531.81,584.25,16.48,34.51,1,3,0
350,16,1359.22,577.45,33.16,25.46,1,0,0
350,18,319.51,540.25,37.99,53.90,1,0,0
350,3,1531.20,596.11,16.87,35.50,1,3,0
351,16,1356.86,605.60,33.55,25.39,1,0,0
351,18,319.68,560.08,31.29,52.56,1,0,0
351,3,1536.31,624.76,17.27,35.96,1,3,0
352,16,1353.73,562.63,34.40,25.97,1,0,0
352,18,319.69,526.01,24.48,52.69,1,0,0
352,3,1541.50,583.16,17.46,36.79,1,3,0
353,16,1349.86,577.73,32.19,25.50,1,0,0
353,3,1543.74,595.72,17.47,36.84,1,3,0
353,4,319.87,557.46,13.82,41.63,1,0,0
354,16,1343.62,603.66,32.18,25.61,1,0,0
354,3,1545.97,623.33,18.16,37.58,1,3,0
355,16,1337.62,585.58,32.41,26.33,1,0,0
355,3,1548.24,606.28,18.58,38.48,1,3,0
356,16,1327.41,571.61,33.51,26.00,1,0,0
356,3,1546.87,591.04,18.82,38.55,1,3,0
357,16,1314.99,582.09,31.62,25.87,1,0,0
357,3,1548.93,602.02,19.23,39.95,1,3,0
358,16,1325.69,573.59,32.15,25.91,1,0,0
358,3,1567.94,595.11,18.58,38.76,1,3,0
359,16,1330.05,579.44,31.87,25.80,1,0,0
359,3,1579.49,600.86,18.63,39.07,1,3,0
360,16,1324.43,584.60,32.14,25.55,1,0,0
360,3,1583.31,605.92,17.96,38.21,1,3,0
361,16,1299.22,576.79,33.30,26.17,1,0,0
361,3,1569.94,598.09,20.32,40.82,1,3,0
362,16,1234.05,564.85,29.84,26.12,1,0,0
362,3,1518.07,583.14,20.97,41.92,1,3,0
363,16,1179.43,587.78,32.19,26.13,1,0,0
363,3,1478.81,608.68,20.89,42.33,1,3,0
364,16,1132.74,566.37,33.70,26.02,1,0,0
364,3,1444.68,590.22,20.76,42.88,1,3,0
365,16,1087.28,584.54,32.87,25.88,1,0,0
365,3,1410.99,607.37,22.41,43.32,1,3,0
366,16,1087.28,584.54,32.87,25.88,1,0,0
366,3,1410.99,607.37,22.41,43.32,1,3,0
367,16,1064.86,575.06,34.11,26.30,1,0,0
367,3,1399.34,598.95,23.13,45.62,1,3,0
368,16,1055.05,555.67,34.27,24.85,1,0,0
368,3,1398.65,577.06,23.00,45.53,1,3,0
369,16,1053.35,589.30,33.47,25.81,1,0,0
369,3,1404.15,611.72,23.75,47.04,1,3,0
370,16,1042.48,591.71,33.09,26.24,1,0,0
370,3,1401.37,615.18,24.08,47.47,1,3,0
371,16,1022.03,558.23,33.98,26.19,1,0,0
371,3,1392.23,578.13,24.46,50.06,1,3,0
372,16,1007.77,576.33,32.10,26.15,1,0,0
372,3,1385.76,601.25,24.41,49.07,1,3,0
373,16,998.86,593.60,34.29,25.88,1,0,0
373,3,1386.81,620.20,25.17,49.50,1,3,0
374,16,997.66,572.55,33.39,25.76,1,0,0
374,3,1392.37,595.61,25.43,49.92,1,3,0
375,16,991.67,558.24,31.62,25.72,1,0,0
375,3,1393.25,581.50,25.52,49.59,1,3,0
376,16,973.26,586.00,32.79,25.46,1,0,0
376,3,1385.61,611.88,26.49,50.33,1,3,0
377,16,967.41,582.97,33.27,25.31,1,0,0
377,3,1388.33,608.42,26.99,51.29,1,3,0
378,16,951.13,559.97,33.07,25.89,1,0,0
378,3,1381.18,582.86,27.85,53.28,1,3,0
379,16,930.21,583.83,35.01,25.88,1,0,0
379,3,1372.57,610.72,27.30,54.16,1,3,0
380,16,938.98,562.17,31.84,26.24,1,0,0
380,3,1386.85,591.62,28.40,55.40,1,3,0
381,16,939.83,587.14,33.57,26.20,1,0,0
381,3,1399.34,609.22,29.33,56.17,1,3,0
382,16,937.64,581.25,33.02,26.04,1,0,0
382,3,1406.36,608.82,29.23,56.92,1,3,0
383,16,930.90,573.27,34.71,25.69,1,0,0
383,3,1412.32,599.34,29.36,58.46,1,3,0
384,16,923.97,578.83,31.03,25.39,1,0,0
384,3,1414.20,600.67,30.22,60.65,1,3,0
385,16,914.30,572.49,34.68,25.86,1,0,0
385,3,1417.86,599.09,31.93,62.81,1,3,0
386,16,902.93,578.52,33.60,25.44,1,0,0
386,3,1416.25,604.21,31.83,62.64,1,3,0
387,16,908.78,563.83,36.18,25.61,1,0,0
387,3,1435.96,591.49,32.59,63.43,1,3,0
388,16,908.78,563.83,36.18,25.61,1,0,0
388,3,1435.96,591.49,32.59,63.43,1,3,0
389,16,924.17,583.88,32.98,25.50,1,0,0
389,3,1460.63,610.77,32.30,64.57,1,3,0
390,16,935.95,550.04,33.51,26.68,1,0,0
390,3,1482.61,578.47,33.26,66.92,1,3,0
391,16,943.72,583.87,35.37,25.67,1,0,0
391,3,1503.67,611.99,33.69,68.76,1,3,0
392,16,944.31,568.27,35.02,25.08,1,0,0
392,3,1519.39,591.51,34.04,69.81,1,3,0
393,16,945.76,577.80,33.79,25.73,1,0,0
393,3,1535.64,607.30,34.99,71.18,1,3,0
394,16,934.66,582.97,34.27,25.92,1,0,0
394,3,1541.28,607.96,35.98,73.04,1,3,0
395,16,928.19,556.62,37.00,25.67,1,0,0
395,3,1554.90,580.66,36.36,76.93,1,3,0
396,16,928.19,556.62,37.00,25.67,1,0,0
396,3,1554.90,580.66,36.36,76.93,1,3,0
397,16,912.63,593.38,33.88,25.57,1,0,0
397,3,1557.33,619.25,38.12,78.27,1,3,0
398,16,903.44,554.29,34.56,25.84,1,0,0
398,3,1564.64,582.75,35.92,83.15,1,3,0
399,16,875.49,575.82,31.58,25.80,1,0,0
399,3,1558.60,603.55,40.37,80.05,1,3,0
400,16,859.90,572.61,35.64,25.57,1,0,0
400,3,1567.69,609.74,33.14,79.52,1,3,0
401,16,859.64,564.54,35.82,26.56,1,0,0
401,3,1585.28,627.63,15.94,61.95,1,3,0
402,16,849.92,570.28,34.72,25.82,1,0,0
403,16,857.72,579.16,34.76,25.84,1,0,0
404,16,854.22,565.89,37.14,25.71,1,0,0
405,16,857.35,574.30,36.34,25.63,1,0,0
405,3,1548.03,586.48,33.78,22.86,1,0,0
406,16,863.08,571.66,35.42,25.69,1,0,0
407,16,862.82,596.49,34.55,26.14,1,0,0
408,16,853.93,560.59,34.92,26.18,1,0,0
409,16,843.78,553.21,34.63,24.98,1,0,0
410,16,829.36,578.92,30.58,25.34,1,0,0
411,16,817.84,553.54,35.81,25.69,1,0,0
412,16,809.32,597.48,34.23,25.86,1,0,0
413,16,802.95,555.58,34.60,25.18,1,0,0
414,16,802.95,555.58,34.60,25.18,1,0,0
415,16,782.25,589.88,35.31,25.83,1,0,0
416,16,789.97,564.13,33.22,25.63,1,0,0
417,16,789.97,564.13,33.22,25.63,1,0,0
418,16,793.61,551.78,34.63,25.61,1,0,0
419,16,788.74,576.96,35.17,25.88,1,0,0
420,16,802.88,554.43,34.85,25.32,1,0,0
421,16,806.17,586.68,35.11,25.86,1,0,0
422,16,806.17,586.68,35.11,25.86,1,0,0
423,16,793.46,583.10,35.46,26.01,1,0,0
424,16,794.67,543.19,35.05,25.52,1,0,0
425,16,793.66,567.74,34.85,25.26,1,0,0
426,16,796.07,579.97,34.56,25.67,1,0,0
427,16,786.13,571.08,35.34,25.13,1,0,0
428,16,763.24,561.15,35.72,25.70,1,0,0
429,16,739.81,585.37,34.64,25.03,1,0,0
430,16,688.08,572.48,35.65,25.29,1,0,0
431,16,590.44,572.78,32.67,25.92,1,0,0
432,16,450.96,542.52,36.05,26.55,1,0,0
