1,1,320.21,549.86,15.46,25.18,1,0,0
2,1,360.88,576.37,45.78,14.42,1,0,0
3,1,474.05,534.30,47.82,12.87,1,0,0
4,1,679.20,602.30,51.70,9.58,1,0,0
5,1,679.20,602.30,51.70,9.58,1,0,0
6,1,810.71,550.50,56.35,10.20,1,0,0
7,1,938.05,592.99,53.47,9.57,1,0,0
8,1,1054.28,573.21,51.78,9.69,1,0,0
9,2,320.21,554.17,65.30,14.36,1,0,0
10,2,382.10,569.55,129.82,16.82,1,0,0
10,3,530.97,575.33,95.23,14.77,1,0,0
10,1,1286.25,605.03,53.58,10.18,1,0,0
11,2,471.33,569.07,134.16,15.74,1,0,0
11,3,625.00,571.40,97.87,14.34,1,0,0
11,1,1380.09,585.93,55.84,9.59,1,0,0
12,2,545.58,574.79,134.76,16.63,1,0,0
12,3,699.60,577.19,100.58,15.26,1,0,0
12,1,1455.41,593.65,51.40,9.34,1,0,0
12,4,361.62,568.68,89.92,16.93,1,0,0
13,2,588.55,586.06,142.30,16.91,1,0,0
13,3,750.19,589.55,110.04,15.75,1,0,0
13,1,1498.52,611.89,52.00,9.51,1,0,0
13,4,403.62,576.46,94.94,18.71,1,0,0
14,2,638.46,560.97,140.13,16.97,1,0,0
14,3,798.24,564.66,101.99,15.23,1,0,0
14,1,1544.08,585.87,51.63,9.46,1,0,0
14,4,444.68,554.38,96.52,16.80,1,0,0
14,5,320.16,552.00,97.30,15.02,1,0,0
15,2,659.96,570.30,140.98,15.60,1,0,0
15,3,820.95,571.22,102.99,15.14,1,0,0
15,1,1564.70,581.17,34.84,9.28,1,0,0
15,4,468.79,565.45,94.94,16.81,1,0,0
15,5,329.67,563.27,105.32,16.50,1,0,0
16,2,663.02,586.14,125.86,16.19,1,0,0
16,3,812.26,587.63,100.79,15.37,1,0,0
16,1,1554.28,598.22,44.50,9.47,1,0,0
16,4,458.50,581.41,95.06,16.36,1,0,0
17,2,641.29,576.36,140.37,16.69,1,0,0
17,3,801.81,580.98,99.83,15.27,1,0,0
17,1,1546.27,609.94,50.90,9.34,1,0,0
17,4,449.95,565.01,94.29,17.99,1,0,0
17,5,334.18,562.42,83.90,14.47,1,0,0
18,2,621.86,580.51,140.80,16.15,1,0,0
18,3,782.70,582.86,97.64,14.67,1,0,0
18,1,1528.71,593.71,51.54,9.31,1,0,0
18,4,432.17,576.36,93.97,15.99,1,0,0
18,5,322.40,574.01,76.93,14.77,1,0,0
19,2,598.31,573.57,140.58,16.33,1,0,0
19,3,760.18,574.57,101.51,15.68,1,0,0
19,1,1505.65,586.06,54.29,9.32,1,0,0
19,4,410.16,569.55,93.30,16.34,1,0,0
20,2,578.81,576.33,141.18,17.14,1,0,0
20,3,741.19,581.02,102.75,15.13,1,0,0
20,1,1488.05,603.93,53.84,9.34,1,0,0
20,4,391.19,568.49,91.47,17.61,1,0,0
20,5,319.50,568.54,41.14,12.42,1,0,0
21,2,552.28,581.76,137.84,15.74,1,0,0
21,3,712.11,584.16,96.86,14.76,1,0,0
21,1,1459.39,599.26,54.22,9.45,1,0,0
21,4,364.00,575.40,91.31,16.34,1,0,0
22,2,529.18,552.35,137.47,16.97,1,0,0
22,3,689.90,556.65,101.14,15.59,1,0,0
22,1,1438.81,585.98,55.87,9.25,1,0,0
22,4,343.76,542.74,89.92,17.51,1,0,0
23,2,495.52,584.80,138.70,16.52,1,0,0
23,3,655.46,587.81,99.73,14.76,1,0,0
23,1,1405.25,601.55,57.77,9.79,1,0,0
23,4,319.85,578.87,82.69,16.67,1,0,0
24,2,474.70,592.01,133.27,16.34,1,0,0
24,3,630.67,594.07,96.79,15.85,1,0,0
24,1,1380.82,610.39,57.21,9.22,1,0,0
24,4,320.00,586.52,58.71,15.46,1,0,0
25,2,444.72,549.95,136.04,16.37,1,0,0
25,3,602.91,553.25,96.69,15.81,1,0,0
25,5,319.85,543.12,32.17,14.34,1,0,0
26,2,419.42,581.52,134.66,16.47,1,0,0
26,3,576.45,583.56,97.94,15.39,1,0,0
26,1,1325.59,598.30,58.80,9.77,1,0,0
27,2,398.34,580.52,132.07,15.82,1,0,0
27,3,551.83,583.22,103.91,14.66,1,0,0
27,1,1299.98,599.43,59.76,9.87,1,0,0
28,2,384.06,560.82,131.63,17.03,1,0,0
28,3,537.84,565.88,96.73,15.83,1,0,0
28,1,1285.03,599.15,59.48,9.80,1,0,0
29,2,363.01,583.07,134.46,16.72,1,0,0
29,3,517.64,586.79,98.93,14.82,1,0,0
29,1,1265.07,604.63,60.77,10.23,1,0,0
30,2,346.90,553.34,131.97,16.83,1,0,0
30,3,500.13,555.85,97.63,16.09,1,0,0
30,1,1245.63,576.81,61.47,9.77,1,0,0
31,2,346.90,553.34,131.97,16.83,1,0,0
31,3,500.13,555.85,97.63,16.09,1,0,0
31,1,1245.63,576.81,61.47,9.77,1,0,0
32,2,350.88,570.92,130.11,17.39,1,0,0
32,3,502.76,575.70,96.64,16.20,1,0,0
33,2,358.65,564.17,131.45,16.47,1,0,0
33,3,510.44,566.15,98.77,15.45,1,0,0
33,1,1256.92,580.87,61.24,10.06,1,0,0
34,2,367.79,568.60,132.87,16.57,1,0,0
34,3,523.36,570.98,96.82,15.86,1,0,0
34,1,1267.95,588.98,61.39,9.87,1,0,0
35,2,371.68,571.16,129.21,16.91,1,0,0
35,3,521.69,576.26,96.26,15.83,1,0,0
35,1,1264.78,609.85,60.94,9.53,1,0,0
36,2,387.40,556.51,133.60,17.61,1,0,0
36,3,543.99,562.74,95.42,15.60,1,0,0
36,1,1288.46,598.10,60.85,9.71,1,0,0
37,2,410.61,574.66,136.72,16.81,1,0,0
37,3,568.91,576.42,99.39,16.26,1,0,0
37,1,1313.41,594.41,60.82,9.65,1,0,0
38,2,427.69,578.54,135.19,16.54,1,0,0
38,3,585.20,580.60,97.05,15.22,1,0,0
38,1,1329.31,591.79,60.16,9.23,1,0,0
39,2,440.08,549.74,137.18,16.92,1,0,0
39,3,600.04,552.86,102.74,16.67,1,0,0
39,1,1341.46,580.41,62.90,9.90,1,0,0
39,5,319.66,544.34,21.40,13.87,1,0,0
40,2,453.78,577.03,137.46,17.26,1,0,0
40,3,613.07,580.52,99.27,15.53,1,0,0
40,1,1357.53,599.05,59.60,9.84,1,0,0
40,5,320.06,572.88,34.04,14.51,1,0,0
41,2,451.35,588.77,137.28,16.38,1,0,0
41,3,612.33,590.77,100.71,15.74,1,0,0
41,5,320.03,584.37,30.87,14.54,1,0,0
42,2,456.66,549.32,141.61,17.20,1,0,0
42,3,620.54,554.81,101.47,15.48,1,0,0
42,5,320.10,540.29,37.41,14.88,1,0,0
42,1,1362.23,590.71,59.99,9.28,1,0,0
43,2,468.96,562.27,137.61,16.87,1,0,0
43,3,630.26,564.77,101.31,16.09,1,0,0
43,5,319.85,557.23,50.20,14.64,1,0,0
43,1,1373.08,585.95,60.96,9.65,1,0,0
44,2,491.26,594.63,140.99,16.83,1,0,0
44,3,655.99,597.82,100.25,15.12,1,0,0
44,5,319.86,587.89,70.40,16.84,1,0,0
44,1,1392.28,612.32,63.11,9.93,1,0,0
45,2,503.99,551.20,142.93,16.83,1,0,0
45,3,672.94,554.47,99.62,15.77,1,0,0
45,5,319.92,542.63,81.97,17.41,1,0,0
45,1,1411.10,579.88,58.03,9.56,1,0,0
46,2,508.25,565.78,139.70,16.72,1,0,0
46,3,671.22,567.86,103.95,15.91,1,0,0
46,5,319.87,558.38,85.18,18.53,1,0,0
47,2,505.68,574.92,139.84,16.36,1,0,0
47,3,670.61,577.91,100.68,14.90,1,0,0
47,5,319.89,567.24,83.02,17.00,1,0,0
47,1,1408.78,595.78,59.21,9.58,1,0,0
48,2,505.41,558.41,140.81,16.10,1,0,0
48,3,670.89,560.93,101.57,15.67,1,0,0
48,5,319.74,548.49,81.57,18.12,1,0,0
49,2,500.07,578.77,140.59,17.28,1,0,0
49,3,664.10,581.76,104.33,16.43,1,0,0
49,5,319.66,569.38,77.37,18.84,1,0,0
49,1,1402.04,602.92,60.97,9.54,1,0,0
50,2,491.76,569.46,141.77,16.08,1,0,0
50,3,657.67,571.87,103.32,16.38,1,0,0
50,5,319.75,559.61,68.92,16.96,1,0,0
50,1,1393.93,596.28,61.98,9.91,1,0,0
51,2,487.99,557.63,139.09,17.34,1,0,0
51,3,652.45,560.73,102.15,15.20,1,0,0
51,5,319.98,553.34,62.38,16.23,1,0,0
51,1,1386.74,575.63,62.65,9.85,1,0,0
52,2,490.85,582.72,140.15,16.12,1,0,0
52,3,655.91,585.55,101.47,15.23,1,0,0
52,5,319.95,574.38,65.09,17.04,1,0,0
52,1,1389.42,604.18,63.41,9.89,1,0,0
53,2,496.37,573.91,136.40,16.40,1,0,0
53,3,656.83,576.72,99.87,16.06,1,0,0
53,5,320.16,563.89,64.76,17.16,1,0,0
53,1,1389.49,600.97,62.85,9.81,1,0,0
54,2,480.23,547.60,144.72,16.91,1,0,0
54,3,647.98,549.26,104.23,15.88,1,0,0
54,5,319.94,543.25,57.31,16.74,1,0,0
54,1,1381.94,564.54,63.09,9.83,1,0,0
55,2,457.22,582.77,141.94,18.07,1,0,0
55,3,622.75,587.68,99.80,15.47,1,0,0
55,5,319.82,577.68,34.26,15.92,1,0,0
55,1,1357.15,605.10,61.84,10.46,1,0,0
56,2,452.74,555.75,135.13,16.04,1,0,0
56,3,613.43,558.79,99.79,16.12,1,0,0
56,5,320.06,548.17,23.94,13.00,1,0,0
56,1,1345.20,589.31,63.91,9.91,1,0,0
57,2,427.25,573.83,139.90,17.39,1,0,0
57,3,590.69,576.83,103.36,16.23,1,0,0
57,1,1323.42,596.12,64.03,9.74,1,0,0
58,2,417.88,568.08,138.29,16.59,1,0,0
58,3,581.26,570.57,101.95,16.56,1,0,0
58,1,1314.15,592.99,63.59,9.57,1,0,0
59,2,414.18,552.69,137.65,17.22,1,0,0
59,3,576.63,556.18,104.21,16.62,1,0,0
59,1,1307.04,580.91,64.97,10.74,1,0,0
60,2,406.04,571.15,138.51,16.08,1,0,0
60,3,571.48,573.15,103.62,16.11,1,0,0
60,1,1296.65,592.78,67.85,9.79,1,0,0
61,2,395.95,569.83,138.75,16.64,1,0,0
61,3,558.83,572.06,100.89,16.11,1,0,0
61,1,1287.65,589.97,66.11,9.96,1,0,0
62,2,378.11,554.37,138.78,18.09,1,0,0
62,3,543.10,558.34,103.49,16.89,1,0,0
63,2,382.18,559.17,138.51,19.07,1,0,0
63,3,544.71,565.11,104.87,17.16,1,0,0
63,1,1275.36,597.51,64.15,10.21,1,0,0
64,2,381.24,563.43,137.72,17.42,1,0,0
64,3,543.85,567.33,101.55,16.64,1,0,0
64,1,1273.34,591.86,63.72,9.74,1,0,0
65,2,381.24,563.43,137.72,17.42,1,0,0
65,3,543.85,567.33,101.55,16.64,1,0,0
65,1,1273.34,591.86,63.72,9.74,1,0,0
66,2,407.47,577.78,140.38,17.95,1,0,0
66,3,573.56,582.43,101.47,15.58,1,0,0
66,1,1297.39,602.33,66.04,10.03,1,0,0
67,2,405.02,568.01,140.19,17.21,1,0,0
67,3,573.50,570.78,109.08,17.55,1,0,0
67,1,1294.49,596.60,66.05,10.05,1,0,0
68,2,405.02,568.01,140.19,17.21,1,0,0
68,3,573.50,570.78,109.08,17.55,1,0,0
68,1,1294.49,596.60,66.05,10.05,1,0,0
69,2,397.77,554.32,138.27,17.74,1,0,0
69,3,564.28,558.87,103.61,16.30,1,0,0
69,1,1285.60,584.45,66.76,10.03,1,0,0
70,2,414.64,575.39,138.15,16.56,1,0,0
70,3,577.27,580.29,106.75,15.40,1,0,0
71,2,427.99,573.53,144.66,17.64,1,0,0
71,3,599.11,577.37,105.38,16.26,1,0,0
71,1,1318.64,599.34,66.85,10.31,1,0,0
72,2,429.19,569.22,140.74,16.81,1,0,0
72,3,599.00,570.76,104.96,16.52,1,0,0
72,1,1317.70,586.00,65.47,9.88,1,0,0
73,2,419.53,576.67,141.31,18.21,1,0,0
73,3,588.97,583.13,102.85,16.23,1,0,0
73,1,1306.43,612.68,65.51,9.90,1,0,0
74,2,405.18,550.95,141.28,18.13,1,0,0
74,3,573.62,555.76,105.61,16.04,1,0,0
74,1,1291.67,579.81,66.58,9.84,1,0,0
75,2,411.14,599.14,141.08,18.39,1,0,0
75,3,579.77,603.14,106.09,17.33,1,0,0
75,1,1295.85,622.97,68.53,10.61,1,0,0
76,2,416.00,560.09,143.09,19.49,1,0,0
76,3,584.32,564.91,106.56,17.89,1,0,0
76,1,1304.86,592.62,63.71,9.69,1,0,0
77,2,406.34,531.77,141.82,18.62,1,0,0
77,3,576.09,535.85,105.69,16.82,1,0,0
78,2,393.98,573.83,142.50,17.62,1,0,0
78,3,561.86,576.48,108.41,17.15,1,0,0
78,1,1277.41,597.00,67.74,10.26,1,0,0
79,2,409.24,558.65,141.65,18.04,1,0,0
79,3,579.31,564.22,105.40,17.00,1,0,0
79,1,1293.26,596.81,66.74,10.12,1,0,0
80,2,413.85,557.99,141.99,17.37,1,0,0
80,3,583.62,560.76,107.90,16.61,1,0,0
80,1,1296.04,579.04,68.78,9.81,1,0,0
81,2,406.69,578.27,141.37,17.76,1,0,0
81,3,575.16,582.06,107.22,16.15,1,0,0
81,1,1290.34,599.36,64.93,10.04,1,0,0
82,2,398.72,561.11,141.39,17.91,1,0,0
82,3,568.40,565.40,108.07,16.52,1,0,0
82,1,1279.11,590.79,68.32,10.13,1,0,0
83,2,413.35,567.18,140.52,17.01,1,0,0
83,3,582.49,571.10,106.83,16.49,1,0,0
83,1,1294.50,597.18,67.01,10.20,1,0,0
84,2,415.58,565.25,142.31,18.03,1,0,0
84,3,585.16,568.66,108.63,17.33,1,0,0
84,1,1296.43,589.68,67.54,10.17,1,0,0
85,2,416.78,572.38,142.73,18.50,1,0,0
85,3,588.87,577.00,106.77,16.52,1,0,0
85,1,1297.23,597.65,68.42,10.37,1,0,0
86,2,410.77,559.40,144.82,18.31,1,0,0
86,3,584.44,563.19,107.80,17.44,1,0,0
86,1,1293.74,586.91,66.34,10.20,1,0,0
87,2,403.33,559.69,144.86,18.33,1,0,0
87,3,576.74,562.98,108.09,16.77,1,0,0
87,1,1284.25,580.57,67.17,10.46,1,0,0
88,2,403.33,559.69,144.86,18.33,1,0,0
88,3,576.74,562.98,108.09,16.77,1,0,0
88,1,1284.25,580.57,67.17,10.46,1,0,0
89,2,389.03,565.33,145.04,17.91,1,0,0
89,3,560.38,569.02,106.93,17.77,1,0,0
89,1,1266.33,595.52,68.19,10.44,1,0,0
90,2,393.74,546.35,143.18,19.36,1,0,0
90,3,567.90,553.90,108.13,16.51,1,0,0
90,1,1271.78,585.74,67.32,10.39,1,0,0
91,2,402.49,571.75,142.31,17.18,1,0,0
91,3,574.69,573.53,108.21,17.42,1,0,0
91,1,1279.56,592.86,66.56,10.09,1,0,0
92,2,402.24,578.12,142.54,17.73,1,0,0
92,3,576.45,580.72,107.14,16.57,1,0,0
92,1,1280.59,593.80,66.69,10.21,1,0,0
93,2,393.93,566.87,143.46,18.31,1,0,0
93,3,566.49,571.46,109.59,17.04,1,0,0
93,1,1271.64,596.91,66.72,10.30,1,0,0
94,2,393.93,566.87,143.46,18.31,1,0,0
94,3,566.49,571.46,109.59,17.04,1,0,0
94,1,1271.64,596.91,66.72,10.30,1,0,0
95,2,387.90,561.81,144.00,18.24,1,0,0
95,3,561.15,567.83,110.32,16.81,1,0,0
95,1,1266.50,596.35,66.45,10.08,1,0,0
96,2,409.10,561.13,143.17,18.10,1,0,0
96,3,581.90,565.83,108.17,16.61,1,0,0
96,1,1284.69,591.60,66.10,10.48,1,0,0
97,2,421.37,571.44,145.75,18.13,1,0,0
97,3,595.43,575.53,110.12,17.27,1,0,0
97,1,1296.93,598.99,69.29,10.94,1,0,0
98,2,423.11,567.18,144.17,17.60,1,0,0
98,3,598.36,569.48,110.28,17.26,1,0,0
98,1,1297.64,586.11,68.05,10.54,1,0,0
99,2,426.49,567.77,145.23,17.64,1,0,0
99,3,601.53,572.18,109.57,16.75,1,0,0
99,1,1297.95,596.49,68.80,10.85,1,0,0
100,2,428.51,560.03,145.55,18.30,1,0,0
100,3,605.47,564.76,109.34,17.36,1,0,0
100,1,1302.63,592.61,70.01,10.54,1,0,0
101,2,426.57,570.26,147.38,17.83,1,0,0
101,3,604.85,571.53,110.50,17.61,1,0,0
101,1,1301.44,585.55,67.40,10.33,1,0,0
102,2,417.14,559.21,146.51,18.31,1,0,0
102,3,594.48,563.15,112.32,17.16,1,0,0
102,1,1288.06,585.21,70.04,10.12,1,0,0
103,2,412.43,581.97,144.81,17.94,1,0,0
103,3,590.15,585.01,108.72,17.43,1,0,0
103,1,1282.41,602.86,69.10,10.75,1,0,0
104,2,402.75,541.08,144.55,18.79,1,0,0
104,3,578.44,544.20,110.20,18.34,1,0,0
104,1,1271.89,567.13,68.06,10.93,1,0,0
105,2,391.68,564.57,146.17,18.21,1,0,0
105,3,569.95,569.13,110.54,17.18,1,0,0
105,1,1258.60,592.25,69.68,11.43,1,0,0
106,2,382.34,567.46,143.26,17.74,1,0,0
106,3,560.28,571.56,108.62,17.23,1,0,0
106,1,1247.74,595.46,71.08,10.60,1,0,0
107,2,384.90,575.51,145.40,18.23,1,0,0
107,3,562.28,580.37,111.22,17.39,1,0,0
107,1,1249.92,604.62,70.48,11.14,1,0,0
108,2,381.47,554.95,145.66,18.53,1,0,0
108,3,559.00,557.30,111.18,18.33,1,0,0
108,1,1249.68,576.86,67.01,10.41,1,0,0
109,2,381.30,564.87,145.64,19.05,1,0,0
109,3,559.44,568.58,109.92,18.32,1,0,0
109,1,1246.19,590.07,69.14,10.72,1,0,0
110,2,379.29,567.39,144.58,18.58,1,0,0
110,3,557.98,571.98,110.59,18.93,1,0,0
110,1,1241.37,602.61,71.64,10.91,1,0,0
111,2,373.85,549.27,144.65,18.57,1,0,0
111,3,551.99,552.64,112.70,18.39,1,0,0
111,1,1240.89,578.39,64.67,10.30,1,0,0
112,2,373.08,563.74,144.62,19.74,1,0,0
112,3,551.56,567.11,111.15,18.44,1,0,0
112,1,1235.10,584.32,69.72,10.61,1,0,0
113,2,370.22,564.87,144.57,18.74,1,0,0
113,3,546.61,567.67,114.64,19.26,1,0,0
113,1,1231.75,592.70,69.52,10.92,1,0,0
114,2,373.50,557.87,143.66,18.19,1,0,0
114,3,553.21,562.64,109.83,17.37,1,0,0
114,1,1232.86,589.02,70.05,10.99,1,0,0
115,2,380.99,559.52,145.83,18.50,1,0,0
115,3,559.91,562.58,113.77,18.07,1,0,0
115,1,1241.87,583.73,69.11,10.99,1,0,0
116,2,387.31,575.10,145.66,18.28,1,0,0
116,3,567.57,578.21,111.93,18.18,1,0,0
116,1,1250.97,598.75,66.64,10.43,1,0,0
117,2,394.07,546.50,146.84,19.02,1,0,0
117,3,577.80,550.25,110.84,18.34,1,0,0
117,1,1256.68,573.94,67.36,10.17,1,0,0
118,2,388.63,558.76,146.61,19.19,1,0,0
118,3,568.36,562.60,119.66,19.16,1,0,0
118,1,1246.30,589.46,72.07,10.89,1,0,0
119,2,393.29,573.73,149.62,19.51,1,0,0
119,3,577.18,578.54,114.13,18.97,1,0,0
119,1,1253.89,604.36,70.01,11.06,1,0,0
120,2,399.86,554.56,144.80,18.97,1,0,0
120,3,579.27,556.32,114.14,19.03,1,0,0
120,1,1253.08,573.67,73.37,10.62,1,0,0
121,2,399.86,554.56,144.80,18.97,1,0,0
121,3,579.27,556.32,114.14,19.03,1,0,0
121,1,1253.08,573.67,73.37,10.62,1,0,0
122,2,395.47,555.01,146.77,19.63,1,0,0
122,3,578.37,559.24,113.32,19.33,1,0,0
122,1,1253.13,588.03,68.75,10.52,1,0,0
123,2,400.20,573.14,147.20,18.32,1,0,0
123,3,583.25,578.43,112.70,17.41,1,0,0
123,1,1258.01,603.98,67.98,10.80,1,0,0
124,2,404.57,550.72,147.31,20.01,1,0,0
124,3,589.89,553.44,111.44,18.94,1,0,0
124,1,1264.70,570.92,67.61,10.02,1,0,0
125,2,412.43,579.22,147.67,19.52,1,0,0
125,3,595.72,583.03,115.47,19.52,1,0,0
126,2,415.44,559.92,147.60,18.88,1,0,0
126,3,601.01,562.42,114.87,20.31,1,0,0
126,1,1270.90,589.91,69.67,10.42,1,0,0
127,2,414.26,566.77,147.64,18.19,1,0,0
127,3,599.84,568.94,114.57,18.42,1,0,0
127,1,1270.50,587.58,67.99,10.21,1,0,0
128,2,409.97,556.19,145.50,18.15,1,0,0
128,3,594.09,559.32,114.08,18.39,1,0,0
129,2,403.52,559.91,146.54,18.88,1,0,0
129,3,588.80,563.52,115.78,19.82,1,0,0
129,1,1258.34,593.14,67.87,10.33,1,0,0
130,2,395.10,560.47,149.12,18.26,1,0,0
130,3,581.88,562.57,117.37,18.36,1,0,0
130,1,1251.41,580.98,66.60,10.47,1,0,0
131,2,389.77,561.56,146.31,18.99,1,0,0
131,3,575.66,564.63,115.42,19.32,1,0,0
131,1,1240.82,587.83,69.37,10.44,1,0,0
132,2,388.06,547.59,148.29,18.91,1,0,0
132,3,574.67,551.62,114.93,18.83,1,0,0
132,1,1240.18,578.78,68.82,9.87,1,0,0
133,2,395.07,566.07,147.28,19.45,1,0,0
133,3,580.34,568.18,117.74,20.15,1,0,0
133,1,1246.58,589.60,68.35,10.20,1,0,0
134,2,395.07,566.07,147.28,19.45,1,0,0
134,3,580.34,568.18,117.74,20.15,1,0,0
134,1,1246.58,589.60,68.35,10.20,1,0,0
135,2,373.89,579.36,147.53,19.09,1,0,0
135,3,560.60,583.05,115.53,19.22,1,0,0
136,2,367.41,549.73,146.91,20.80,1,0,0
136,3,553.66,553.75,115.97,20.27,1,0,0
136,1,1211.44,577.95,71.22,10.28,1,0,0
137,2,352.80,553.78,147.13,19.64,1,0,0
137,3,538.82,557.51,116.18,19.07,1,0,0
137,1,1195.46,580.10,70.84,10.50,1,0,0
138,2,339.26,555.71,146.55,20.46,1,0,0
138,3,526.49,560.65,115.44,19.18,1,0,0
138,1,1182.80,584.39,68.53,10.02,1,0,0
139,2,330.07,569.04,143.79,19.46,1,0,0
139,3,514.54,573.08,115.21,19.96,1,0,0
139,1,1167.72,599.74,71.02,10.68,1,0,0
140,2,336.81,548.27,120.67,19.35,1,0,0
140,3,497.75,550.40,116.01,20.48,1,0,0
140,1,1156.83,575.53,62.65,10.05,1,0,0
141,2,340.86,571.49,117.59,19.02,1,0,0
141,3,499.07,574.08,116.19,20.66,1,0,0
141,1,1151.45,600.37,67.66,10.74,1,0,0
142,2,335.26,549.67,124.07,21.30,1,0,0
142,3,499.57,555.54,114.16,19.46,1,0,0
142,1,1149.92,580.05,68.99,10.62,1,0,0
143,2,335.26,549.67,124.07,21.30,1,0,0
143,3,499.57,555.54,114.16,19.46,1,0,0
143,1,1149.92,580.05,68.99,10.62,1,0,0
144,2,336.18,563.08,118.23,20.20,1,0,0
144,3,495.39,566.18,116.62,20.24,1,0,0
144,1,1144.35,586.53,70.00,10.55,1,0,0
145,2,339.96,556.69,147.21,21.28,1,0,0
145,3,529.63,561.68,117.31,21.61,1,0,0
145,1,1179.15,591.78,66.47,10.17,1,0,0
146,2,341.11,548.54,148.76,20.31,1,0,0
146,3,530.40,552.04,117.57,19.57,1,0,0
146,1,1178.97,571.29,69.21,10.40,1,0,0
147,2,333.70,557.56,148.01,20.45,1,0,0
147,3,524.11,561.88,119.36,20.11,1,0,0
147,1,1168.82,585.58,70.90,10.80,1,0,0
148,2,353.91,562.78,148.00,20.71,1,0,0
148,3,543.91,569.71,116.67,19.70,1,0,0
148,1,1193.05,600.36,66.31,10.28,1,0,0
149,2,358.85,553.47,148.80,20.00,1,0,0
149,3,551.04,554.16,118.54,21.22,1,0,0
149,1,1196.69,572.93,69.14,10.31,1,0,0
150,2,355.98,573.14,148.93,21.79,1,0,0
150,3,549.54,576.50,117.35,21.89,1,0,0
150,1,1191.79,599.16,68.62,10.61,1,0,0
151,2,347.62,545.05,150.37,23.72,1,0,0
151,3,542.87,551.10,116.32,23.29,1,0,0
151,1,1183.06,583.65,69.68,10.92,1,0,0
152,2,343.43,550.93,148.74,21.15,1,0,0
152,3,534.55,555.92,118.92,19.06,1,0,0
152,1,1176.08,574.67,69.97,10.44,1,0,0
153,2,340.47,573.74,146.20,19.87,1,0,0
153,3,533.34,577.28,116.97,19.60,1,0,0
153,1,1172.61,598.03,68.02,10.28,1,0,0
154,2,336.46,572.79,147.15,21.19,1,0,0
154,3,526.56,579.01,119.81,20.76,1,0,0
155,2,332.73,532.29,140.47,19.85,1,0,0
155,3,521.30,534.87,114.08,20.48,1,0,0
155,1,1160.57,557.19,62.87,10.73,1,0,0
156,2,332.73,532.29,140.47,19.85,1,0,0
156,3,521.30,534.87,114.08,20.48,1,0,0
156,1,1160.57,557.19,62.87,10.73,1,0,0
157,2,329.82,560.85,147.89,20.72,1,0,0
157,3,522.12,565.33,119.25,21.71,1,0,0
157,1,1158.88,593.98,68.85,10.50,1,0,0
158,2,332.64,573.67,149.27,22.59,1,0,0
158,3,527.47,579.42,119.21,21.95,1,0,0
159,2,336.85,554.88,149.40,22.54,1,0,0
159,3,530.03,558.58,120.04,22.08,1,0,0
159,1,1166.77,581.23,68.26,11.13,1,0,0
160,2,336.31,547.28,149.27,20.36,1,0,0
160,3,531.32,549.62,120.85,20.11,1,0,0
160,1,1167.55,568.60,67.13,9.68,1,0,0
161,2,332.20,580.01,147.52,20.82,1,0,0
161,3,526.23,585.12,117.82,20.67,1,0,0
161,1,1158.00,611.44,68.78,10.32,1,0,0
162,2,332.20,580.01,147.52,20.82,1,0,0
162,3,526.23,585.12,117.82,20.67,1,0,0
162,1,1158.00,611.44,68.78,10.32,1,0,0
163,2,344.73,565.19,124.05,20.75,1,0,0
163,3,515.90,567.60,118.29,22.46,1,0,0
163,1,1146.89,593.64,66.90,10.18,1,0,0
164,2,335.86,545.12,122.38,20.68,1,0,0
164,3,505.93,547.99,118.79,21.42,1,0,0
164,1,1135.56,573.17,67.58,10.12,1,0,0
165,2,342.49,559.42,123.54,21.82,1,0,0
165,3,510.69,565.18,121.23,22.11,1,0,0
165,1,1141.14,595.42,69.58,10.46,1,0,0
166,2,338.95,560.92,127.67,21.27,1,0,0
166,3,515.18,564.48,119.89,20.97,1,0,0
166,1,1142.66,585.45,67.57,10.55,1,0,0
167,2,334.45,553.52,125.76,20.76,1,0,0
167,3,509.78,557.30,119.59,21.55,1,0,0
168,2,334.63,545.96,124.17,21.73,1,0,0
168,3,506.99,551.86,121.14,20.93,1,0,0
168,1,1135.88,578.51,65.62,10.03,1,0,0
169,2,325.53,550.69,147.20,22.82,1,0,0
169,3,523.22,556.13,120.77,22.54,1,0,0
169,1,1150.34,585.48,65.29,10.29,1,0,0
170,2,333.46,563.31,149.64,22.91,1,0,0
170,3,532.11,568.54,123.67,22.71,1,0,0
170,1,1159.76,595.35,67.32,10.28,1,0,0
171,2,343.98,560.19,150.50,21.58,1,0,0
171,3,545.05,563.73,121.34,22.31,1,0,0
171,1,1169.63,587.19,67.32,10.33,1,0,0
172,2,352.14,552.86,151.10,20.66,1,0,0
172,3,554.48,556.29,121.35,21.07,1,0,0
172,1,1177.49,579.94,67.97,10.05,1,0,0
173,2,358.92,562.28,151.22,23.19,1,0,0
173,3,560.55,566.91,123.86,23.52,1,0,0
173,1,1184.58,594.73,67.94,10.46,1,0,0
174,2,358.10,549.13,150.66,22.30,1,0,0
174,3,560.86,552.57,122.53,22.90,1,0,0
174,1,1184.49,577.92,64.77,10.22,1,0,0
175,2,346.24,564.08,154.06,22.81,1,0,0
175,3,550.36,567.80,124.20,22.53,1,0,0
175,1,1169.96,590.02,68.01,10.31,1,0,0
176,2,343.95,549.99,150.37,23.91,1,0,0
176,3,546.84,555.28,122.50,23.71,1,0,0
177,2,335.40,554.99,151.72,20.93,1,0,0
177,3,540.98,558.02,122.02,21.30,1,0,0
177,1,1156.32,578.67,68.96,10.21,1,0,0
178,2,336.74,569.28,133.09,20.49,1,0,0
178,3,524.09,570.53,124.01,22.62,1,0,0
178,1,1140.62,591.83,65.99,10.53,1,0,0
179,2,337.52,541.94,125.56,22.86,1,0,0
179,3,515.42,548.26,122.70,23.68,1,0,0
180,2,326.12,570.72,127.82,23.06,1,0,0
180,3,507.61,575.23,122.44,23.26,1,0,0
180,1,1122.17,600.29,64.66,10.11,1,0,0
181,2,326.12,570.72,127.82,23.06,1,0,0
181,3,507.61,575.23,122.44,23.26,1,0,0
181,1,1122.17,600.29,64.66,10.11,1,0,0
182,2,322.31,557.06,129.84,23.14,1,0,0
182,3,506.75,561.48,123.04,24.42,1,0,0
182,1,1117.68,590.45,67.15,10.24,1,0,0
183,2,321.16,558.64,127.38,21.71,1,0,0
183,3,503.28,560.50,122.59,23.44,1,0,0
183,1,1112.69,583.81,67.63,10.72,1,0,0
184,2,321.34,574.19,122.13,22.91,1,0,0
184,3,499.38,578.66,122.00,23.82,1,0,0
185,2,320.18,555.69,116.77,21.79,1,0,0
185,3,491.49,558.84,123.29,23.03,1,0,0
185,1,1099.11,584.07,67.44,10.36,1,0,0
186,2,319.61,546.37,121.11,25.00,1,0,0
186,3,496.46,551.71,122.11,25.32,1,0,0
186,1,1102.52,583.77,66.88,10.69,1,0,0
187,2,320.53,571.63,112.39,23.76,1,0,0
187,3,487.54,575.89,126.31,25.10,1,0,0
187,1,1091.69,604.50,67.57,10.63,1,0,0
188,2,320.32,558.89,118.22,25.13,1,0,0
188,3,494.30,562.71,124.68,25.53,1,0,0
188,1,1098.13,589.35,68.38,10.78,1,0,0
189,2,320.32,558.89,118.22,25.13,1,0,0
189,3,494.30,562.71,124.68,25.53,1,0,0
189,1,1098.13,589.35,68.38,10.78,1,0,0
190,2,320.20,554.36,120.11,24.32,1,0,0
190,3,496.53,557.61,124.56,24.76,1,0,0
191,2,320.14,554.74,109.81,23.34,1,0,0
191,3,485.72,559.63,125.15,25.04,1,0,0
191,1,1087.24,593.00,66.63,9.88,1,0,0
192,2,320.29,550.52,111.81,23.44,1,0,0
192,3,490.24,555.45,125.65,24.99,1,0,0
192,1,1089.38,588.75,69.45,10.70,1,0,0
193,2,319.81,552.59,118.80,23.40,1,0,0
193,3,497.85,554.70,123.72,24.06,1,0,0
193,1,1097.63,576.08,67.10,10.54,1,0,0
194,2,320.23,562.11,114.30,22.84,1,0,0
194,3,495.48,563.93,123.57,25.31,1,0,0
194,1,1091.12,589.51,69.47,10.91,1,0,0
195,2,321.67,548.20,130.22,24.34,1,0,0
195,3,511.14,554.85,124.84,25.65,1,0,0
195,1,1110.34,592.01,65.92,10.26,1,0,0
196,2,321.46,569.83,131.04,23.90,1,0,0
196,3,512.46,572.61,125.05,25.86,1,0,0
196,1,1110.40,599.33,65.88,10.45,1,0,0
197,2,321.34,540.79,130.35,24.58,1,0,0
197,3,511.70,543.35,126.36,25.02,1,0,0
197,1,1107.98,566.61,67.72,10.51,1,0,0
198,2,333.56,563.19,135.85,24.82,1,0,0
198,3,529.98,569.00,128.03,27.63,1,0,0
198,1,1128.14,608.20,66.33,10.59,1,0,0
199,2,333.08,552.30,153.82,25.43,1,0,0
199,3,545.88,555.42,129.12,25.81,1,0,0
199,1,1146.16,579.97,65.84,10.52,1,0,0
200,2,334.62,571.32,153.95,25.33,1,0,0
200,3,550.63,576.09,127.22,24.86,1,0,0
200,1,1148.06,601.72,64.49,10.31,1,0,0
201,2,330.81,558.86,155.63,26.48,1,0,0
201,3,544.62,563.98,131.58,27.55,1,0,0
201,1,1139.33,595.25,71.18,11.00,1,0,0
202,2,330.81,558.86,155.63,26.48,1,0,0
202,3,544.62,563.98,131.58,27.55,1,0,0
202,1,1139.33,595.25,71.18,11.00,1,0,0
203,2,321.07,569.68,150.19,24.23,1,0,0
203,3,535.97,574.56,127.70,24.76,1,0,0
203,1,1128.78,599.99,64.18,10.74,1,0,0
204,2,322.55,530.33,134.70,24.76,1,0,0
204,3,521.93,534.64,126.74,26.27,1,0,0
204,1,1112.94,566.26,64.88,10.43,1,0,0
205,2,320.43,567.90,119.82,24.03,1,0,0
205,3,502.69,570.71,128.57,25.21,1,0,0
205,1,1094.70,593.81,62.98,10.13,1,0,0
206,2,320.16,562.67,113.55,24.27,1,0,0
206,3,498.04,566.44,127.71,26.24,1,0,0
206,1,1085.97,595.48,64.83,11.00,1,0,0
207,2,319.82,550.84,111.20,25.56,1,0,0
207,3,496.13,555.00,127.83,27.78,1,0,0
207,1,1085.20,588.87,63.31,10.56,1,0,0
208,2,320.11,567.69,108.18,25.30,1,0,0
208,3,495.07,570.07,125.48,26.99,1,0,0
208,1,1079.91,594.50,65.37,10.69,1,0,0
209,2,319.91,548.62,100.45,26.29,1,0,0
209,3,484.41,554.44,128.89,28.80,1,0,0
209,1,1068.93,593.44,66.85,10.56,1,0,0
210,2,320.13,555.57,109.13,24.05,1,0,0
210,3,496.01,558.08,128.22,27.99,1,0,0
210,1,1080.25,590.30,65.06,10.55,1,0,0
211,2,320.13,555.57,109.13,24.05,1,0,0
211,3,496.01,558.08,128.22,27.99,1,0,0
211,1,1080.25,590.30,65.06,10.55,1,0,0
212,2,319.73,545.28,99.84,27.80,1,0,0
212,3,485.49,546.80,128.13,27.97,1,0,0
212,1,1071.46,568.62,62.16,10.16,1,0,0
213,2,320.43,567.61,106.72,24.85,1,0,0
213,3,493.80,574.78,128.63,27.26,1,0,0
213,1,1075.64,613.64,65.23,10.20,1,0,0
214,2,320.09,563.00,120.93,26.10,1,0,0
214,3,507.76,568.64,131.14,27.43,1,0,0
214,1,1088.26,601.39,68.30,10.88,1,0,0
215,2,319.85,562.70,119.29,25.98,1,0,0
215,3,507.99,563.32,130.18,26.92,1,0,0
215,1,1090.36,581.14,63.45,10.73,1,0,0
216,2,320.02,560.68,118.09,25.10,1,0,0
216,3,506.55,563.28,131.02,28.42,1,0,0
216,1,1085.46,594.56,67.04,10.27,1,0,0
217,2,319.88,561.42,114.91,26.20,1,0,0
217,3,504.73,567.70,129.86,25.93,1,0,0
217,1,1081.24,595.36,67.04,10.74,1,0,0
218,2,319.88,561.42,114.91,26.20,1,0,0
218,3,504.73,567.70,129.86,25.93,1,0,0
218,1,1081.24,595.36,67.04,10.74,1,0,0
219,2,319.87,540.17,97.34,25.23,1,0,0
219,3,487.08,542.02,132.06,26.32,1,0,0
219,1,1066.29,565.56,63.70,10.11,1,0,0
220,2,319.84,544.10,94.20,24.92,1,0,0
220,3,482.57,546.07,131.74,30.07,1,0,0
221,2,319.96,564.84,94.71,25.13,1,0,0
221,3,483.93,569.04,132.62,28.03,1,0,0
221,1,1061.07,602.59,64.17,10.55,1,0,0
222,2,319.91,545.96,92.40,26.48,1,0,0
222,3,484.00,550.76,130.91,28.21,1,0,0
222,1,1055.17,584.02,67.97,10.78,1,0,0
223,2,319.91,545.96,92.40,26.48,1,0,0
223,3,484.00,550.76,130.91,28.21,1,0,0
223,1,1055.17,584.02,67.97,10.78,1,0,0
224,2,319.67,569.49,89.76,27.43,1,0,0
224,3,480.27,575.33,132.61,28.64,1,0,0
224,1,1053.36,608.76,65.42,10.22,1,0,0
225,2,319.98,560.48,84.11,24.41,1,0,0
225,3,477.10,562.67,132.03,29.58,1,0,0
225,1,1048.62,598.07,63.97,10.09,1,0,0
226,2,319.53,558.90,84.45,25.67,1,0,0
226,3,477.46,563.02,130.94,27.02,1,0,0
226,1,1046.29,590.81,66.01,10.37,1,0,0
227,2,319.72,550.98,78.38,26.27,1,0,0
227,3,471.43,553.52,130.44,27.26,1,0,0
227,1,1043.12,578.99,62.61,10.12,1,0,0
228,2,319.87,537.10,74.28,25.90,1,0,0
228,3,467.45,541.34,132.67,29.21,1,0,0
228,1,1037.72,578.54,62.98,10.01,1,0,0
229,2,320.13,556.16,74.27,23.82,1,0,0
229,3,467.91,558.53,132.68,28.03,1,0,0
229,1,1034.17,591.02,67.35,10.21,1,0,0
230,2,319.81,580.63,76.67,24.02,1,0,0
230,3,472.96,581.10,132.43,26.56,1,0,0
230,1,1038.62,602.10,65.27,10.42,1,0,0
231,2,319.77,556.54,75.31,25.76,1,0,0
231,3,470.27,560.64,133.88,28.01,1,0,0
231,1,1039.00,592.28,60.82,10.13,1,0,0
232,2,319.97,548.24,61.79,25.03,1,0,0
232,3,458.23,550.47,132.76,28.77,1,0,0
232,1,1021.22,581.08,65.91,11.79,1,0,0
233,2,319.95,563.98,65.31,24.37,1,0,0
233,3,461.23,566.83,133.80,27.14,1,0,0
233,1,1025.79,594.65,65.36,10.71,1,0,0
234,2,319.94,565.43,75.70,25.28,1,0,0
234,3,476.86,570.83,131.38,28.39,1,0,0
234,1,1038.12,604.71,64.87,11.12,1,0,0
235,2,319.88,533.05,75.42,25.63,1,0,0
235,3,474.99,535.52,133.82,26.29,1,0,0
236,2,319.74,571.51,69.39,25.60,1,0,0
236,3,468.69,575.03,133.82,28.09,1,0,0
236,1,1031.47,603.92,62.71,10.27,1,0,0
237,2,319.76,537.67,67.96,25.05,1,0,0
237,3,467.29,541.62,134.53,30.38,1,0,0
237,1,1027.69,581.13,64.24,11.33,1,0,0
238,2,319.95,563.17,61.37,24.87,1,0,0
238,3,462.74,563.17,133.16,28.60,1,0,0
238,1,1021.84,587.76,61.64,10.47,1,0,0
239,2,320.01,568.93,57.05,23.68,1,0,0
239,3,456.86,568.85,134.28,28.16,1,0,0
239,1,1014.82,595.24,64.84,10.27,1,0,0
240,2,320.10,540.13,61.21,24.47,1,0,0
240,3,461.85,543.78,135.78,30.01,1,0,0
241,2,319.99,573.47,63.13,26.11,1,0,0
241,3,465.51,575.07,134.69,28.23,1,0,0
241,1,1021.26,599.06,64.75,10.52,1,0,0
242,2,319.83,557.98,52.56,23.23,1,0,0
242,3,455.38,558.76,135.06,28.69,1,0,0
242,1,1009.96,589.05,65.59,10.66,1,0,0
243,2,319.83,557.98,52.56,23.23,1,0,0
243,3,455.38,558.76,135.06,28.69,1,0,0
243,1,1009.96,589.05,65.59,10.66,1,0,0
244,2,319.91,555.34,55.46,24.52,1,0,0
244,3,459.02,555.21,138.27,29.78,1,0,0
244,1,1013.86,584.20,63.08,10.54,1,0,0
245,2,319.50,579.03,48.86,24.33,1,0,0
245,3,451.86,579.62,136.90,27.43,1,0,0
245,1,1005.36,602.39,63.27,10.47,1,0,0
246,2,319.56,540.43,45.47,22.82,1,0,0
246,3,449.36,540.26,136.03,30.70,1,0,0
246,1,1002.73,576.55,62.66,10.69,1,0,0
247,2,319.94,569.68,50.56,24.76,1,0,0
247,3,453.55,572.44,138.73,29.15,1,0,0
247,1,1006.46,603.75,65.03,10.63,1,0,0
248,2,319.70,548.75,55.81,23.57,1,0,0
248,3,461.22,548.90,137.93,28.74,1,0,0
248,1,1015.09,578.81,61.87,10.00,1,0,0
249,2,319.88,557.58,55.21,24.56,1,0,0
249,3,462.25,556.29,136.70,29.31,1,0,0
249,1,1015.24,580.87,61.25,10.33,1,0,0
250,2,319.88,557.58,55.21,24.56,1,0,0
250,3,462.25,556.29,136.70,29.31,1,0,0
250,1,1015.24,580.87,61.25,10.33,1,0,0
251,2,319.89,557.17,66.62,26.76,1,0,0
251,3,472.66,562.67,142.59,29.55,1,0,0
251,1,1024.03,597.22,64.01,10.61,1,0,0
252,2,319.95,558.80,66.02,25.52,1,0,0
252,3,474.89,560.92,138.86,28.13,1,0,0
252,1,1023.82,587.71,64.44,10.89,1,0,0
253,2,319.73,544.75,58.74,25.86,1,0,0
253,3,467.73,547.07,138.69,27.92,1,0,0
253,1,1016.88,572.96,63.37,10.36,1,0,0
254,2,319.92,569.32,57.11,25.58,1,0,0
254,3,467.51,572.74,140.42,30.68,1,0,0
255,2,319.99,550.17,53.67,24.34,1,0,0
255,3,463.11,551.61,142.15,29.35,1,0,0
255,1,1010.90,584.26,63.83,10.20,1,0,0
256,2,319.71,555.21,46.77,25.24,1,0,0
256,3,456.24,555.53,141.65,29.25,1,0,0
256,1,1001.56,580.96,65.35,11.38,1,0,0
257,2,320.04,571.73,65.76,26.23,1,0,0
257,3,479.19,576.87,142.46,30.73,1,0,0
257,1,1023.23,613.07,65.08,10.67,1,0,0
258,2,320.06,563.68,76.41,26.76,1,0,0
258,3,489.98,566.72,142.33,29.07,1,0,0
258,1,1036.73,594.35,63.21,10.34,1,0,0
259,2,320.30,554.29,72.77,28.09,1,0,0
259,3,486.51,557.44,143.02,28.97,1,0,0
260,2,320.04,563.66,64.44,27.62,1,0,0
260,3,479.68,567.55,142.07,31.62,1,0,0
260,1,1024.08,601.31,62.91,10.62,1,0,0
261,2,320.04,563.66,64.44,27.62,1,0,0
261,3,479.68,567.55,142.07,31.62,1,0,0
261,1,1024.08,601.31,62.91,10.62,1,0,0
262,2,319.98,572.03,70.30,27.33,1,0,0
262,3,488.69,579.82,140.04,29.42,1,0,0
262,1,1027.89,614.57,64.33,10.51,1,0,0
263,2,320.00,534.04,76.20,27.49,1,0,0
263,3,492.52,536.51,144.71,28.31,1,0,0
263,1,1037.82,561.83,61.50,9.71,1,0,0
263,10,1552.80,575.13,6.46,10.27,1,3,0
264,2,320.01,564.28,74.48,27.93,1,0,0
264,3,492.08,568.49,144.06,28.89,1,0,0
264,1,1036.24,595.01,62.18,9.96,1,0,0
265,2,319.88,570.13,76.61,26.91,1,0,0
265,3,495.27,576.11,143.55,29.24,1,0,0
265,1,1040.38,609.23,59.37,9.92,1,0,0
265,10,1560.40,625.64,7.17,10.81,1,3,0
266,2,319.86,548.26,85.20,28.45,1,0,0
266,3,503.99,553.19,144.91,29.67,1,0,0
266,10,1573.20,599.06,6.76,10.54,1,3,0
267,2,320.04,558.54,75.78,26.09,1,0,0
267,3,494.73,559.38,145.65,29.48,1,0,0
267,10,1567.20,597.67,7.09,10.69,1,3,0
267,1,1036.56,585.80,61.52,10.14,1,0,0
268,2,320.00,564.71,64.25,28.08,1,0,0
268,3,482.94,569.89,147.32,29.00,1,0,0
268,10,1560.34,611.99,7.05,10.94,1,3,0
268,1,1023.80,597.89,61.52,10.82,1,0,0
269,2,319.93,553.19,64.01,28.78,1,0,0
269,3,483.64,559.95,145.71,28.62,1,0,0
269,1,1022.41,589.76,62.96,10.60,1,0,0
270,2,319.85,570.02,64.45,26.49,1,0,0
270,3,486.13,575.21,145.51,28.97,1,0,0
270,1,1027.97,604.68,57.89,10.89,1,0,0
270,10,1567.85,621.65,7.21,10.57,1,3,0
271,2,319.87,542.35,57.83,28.44,1,0,0
271,3,479.49,546.38,146.67,29.14,1,0,0
271,1,1017.63,573.02,61.29,10.82,1,0,0
272,2,319.80,538.00,53.79,27.22,1,0,0
272,3,476.80,540.18,145.49,29.54,1,0,0
272,1,1012.33,566.99,62.34,10.59,1,0,0
273,2,319.49,510.98,40.30,23.61,1,0,0
273,3,463.01,510.52,144.51,29.15,1,0,0
273,1,996.17,540.52,60.74,10.50,1,0,0
274,2,319.28,502.30,30.75,23.76,1,0,0
274,3,454.72,502.08,146.36,29.15,1,0,0
274,1,991.48,532.50,56.16,10.48,1,0,0
274,10,1550.24,556.44,6.52,10.36,1,3,0
275,2,319.28,471.68,23.99,23.92,1,0,0
275,3,447.60,468.57,144.56,27.76,1,0,0
275,1,976.73,492.07,61.42,10.37,1,0,0
276,2,319.30,447.93,17.64,23.98,1,0,0
276,3,440.41,441.87,146.61,28.93,1,0,0
276,1,972.66,465.45,59.62,9.49,1,0,0
277,2,319.23,488.73,11.83,23.02,1,0,0
277,3,434.31,486.67,145.98,29.15,1,0,0
277,1,966.99,517.76,57.70,9.77,1,0,0
278,2,319.43,475.74,21.38,23.48,1,0,0
278,3,445.05,473.76,147.31,28.80,1,0,0
278,1,975.94,502.80,59.16,10.39,1,0,0
279,2,319.39,489.74,33.14,24.06,1,0,0
279,3,459.34,486.47,146.49,28.22,1,0,0
279,1,988.96,508.80,57.92,10.30,1,0,0
279,10,1567.43,527.02,6.83,11.09,1,3,0
280,2,319.47,516.55,34.89,24.72,1,0,0
280,3,459.96,515.17,148.60,29.30,1,0,0
280,1,988.16,542.16,62.06,10.34,1,0,0
281,2,319.61,495.98,41.13,24.96,1,0,0
281,3,465.84,496.50,150.10,29.93,1,0,0
281,1,998.55,528.46,58.44,10.03,1,0,0
282,2,319.74,499.89,46.80,24.92,1,0,0
282,3,473.49,499.34,148.79,28.42,1,0,0
282,1,1002.11,525.61,59.71,10.17,1,0,0
283,2,319.56,481.33,37.61,25.26,1,0,0
283,3,463.03,477.64,152.38,27.46,1,0,0
283,1,990.97,496.97,57.39,10.06,1,0,0
284,2,319.03,506.82,10.07,22.06,1,0,0
284,3,434.27,500.82,149.37,28.29,1,0,0
284,1,957.82,522.38,58.21,10.17,1,0,0
285,3,403.63,482.39,146.16,28.26,1,0,0
285,1,921.60,508.81,57.31,10.52,1,0,0
286,3,344.01,488.23,143.32,27.06,1,0,0
287,3,319.78,519.41,96.72,21.97,1,0,0
287,1,776.26,528.57,59.95,10.10,1,0,0
288,1,683.97,546.36,57.42,9.85,1,0,0
288,2,319.44,527.13,12.17,20.44,1,0,0
289,1,548.87,516.20,55.36,9.85,1,0,0
290,1,548.87,516.20,55.36,9.85,1,0,0
290,11,1176.98,531.54,7.24,10.80,1,4,0
291,1,502.16,523.58,58.78,9.97,1,0,0
291,11,1132.85,541.61,7.74,11.03,1,4,0
292,1,483.17,502.45,56.97,10.05,1,0,0
292,11,1116.63,528.51,7.77,10.41,1,4,0
293,1,473.15,475.27,56.00,9.87,1,0,0
293,11,1109.50,491.73,7.54,10.46,1,4,0
294,1,473.15,475.27,56.00,9.87,1,0,0
294,11,1109.50,491.73,7.54,10.46,1,4,0
295,11,1133.09,507.98,7.54,10.65,1,4,0
296,11,1166.89,573.15,8.02,11.21,1,4,0
296,1,520.94,552.99,57.57,9.85,1,0,0
297,11,1205.02,541.52,7.37,10.70,1,4,0
297,1,557.75,518.30,55.06,9.40,1,0,0
298,11,1254.98,497.09,7.65,9.95,1,4,0
298,1,604.60,473.69,54.84,9.30,1,0,0
299,1,648.21,489.27,57.37,9.30,1,0,0
300,1,681.69,513.46,58.09,9.87,1,0,0
300,2,319.49,495.58,27.11,22.53,1,0,0
301,1,720.68,505.65,58.39,10.46,1,0,0
301,2,319.87,483.10,62.40,23.04,1,0,0
302,1,754.35,509.13,60.63,10.74,1,0,0
302,2,319.96,496.54,98.17,21.88,1,0,0
303,1,790.43,519.27,58.48,9.88,1,0,0
303,2,320.00,502.76,130.10,25.07,1,0,0
304,1,790.43,519.27,58.48,9.88,1,0,0
304,2,320.00,502.76,130.10,25.07,1,0,0
305,1,828.95,480.44,58.58,10.23,1,0,0
305,2,341.49,454.84,146.37,27.54,1,0,0
306,1,825.77,532.88,57.72,10.39,1,0,0
306,2,339.88,515.36,146.97,27.59,1,0,0
307,1,823.24,533.18,57.23,10.91,1,0,0
307,2,338.98,507.76,146.32,28.99,1,0,0
308,1,809.19,485.32,55.89,11.11,1,0,0
308,2,331.16,464.03,143.36,26.33,1,0,0
309,1,787.76,491.12,58.44,9.87,1,0,0
309,2,319.87,471.38,136.03,25.96,1,0,0
310,1,772.36,492.34,57.95,10.61,1,0,0
310,2,319.93,468.56,123.00,24.79,1,0,0
311,1,748.53,517.27,56.59,9.75,1,0,0
311,2,320.17,498.85,101.24,23.34,1,0,0
312,1,748.53,517.27,56.59,9.75,1,0,0
312,2,320.17,498.85,101.24,23.34,1,0,0
313,1,726.38,503.41,56.66,10.27,1,0,0
313,2,319.72,480.81,84.07,22.08,1,0,0
314,1,715.63,503.05,49.20,9.77,1,0,0
314,2,319.86,483.09,71.73,21.46,1,0,0
315,1,694.74,491.83,52.49,9.64,1,0,0
315,2,319.86,481.37,57.55,21.38,1,0,0
315,11,1380.25,505.14,7.50,10.63,1,4,0
316,1,678.70,499.19,55.66,10.24,1,0,0
316,2,319.61,482.44,44.94,22.20,1,0,0
317,1,678.70,499.19,55.66,10.24,1,0,0
317,2,319.61,482.44,44.94,22.20,1,0,0
318,1,671.86,507.43,54.86,9.91,1,0,0
318,2,319.75,486.86,40.64,22.46,1,0,0
319,1,662.74,508.89,55.18,9.63,1,0,0
319,2,319.58,494.25,33.74,22.56,1,0,0
319,11,1356.91,527.02,8.00,10.61,1,4,0
320,1,650.41,507.10,54.86,9.81,1,0,0
320,2,319.46,491.40,24.87,20.84,1,0,0
321,1,644.23,506.01,53.97,10.16,1,0,0
321,2,319.54,485.46,19.37,21.67,1,0,0
322,1,644.35,504.29,55.27,9.85,1,0,0
322,2,319.46,491.54,21.52,20.54,1,0,0
323,1,646.32,494.05,55.60,9.76,1,0,0
323,2,319.34,482.38,24.63,20.95,1,0,0
324,1,645.13,517.57,56.19,9.95,1,0,0
324,2,319.51,497.66,27.24,23.08,1,0,0
325,1,639.41,551.10,53.97,9.70,1,0,0
325,2,319.42,537.50,22.20,21.05,1,0,0
325,11,1345.50,564.43,7.60,10.44,1,4,0
326,1,639.41,551.10,53.97,9.70,1,0,0
326,2,319.42,537.50,22.20,21.05,1,0,0
326,11,1345.50,564.43,7.60,10.44,1,4,0
327,1,639.93,479.41,52.83,9.72,1,0,0
327,2,319.57,463.75,23.17,21.16,1,0,0
327,11,1347.72,506.58,7.25,10.52,1,4,0
328,1,633.31,466.82,51.91,9.62,1,0,0
328,2,319.65,449.94,16.56,20.59,1,0,0
329,1,621.39,530.35,52.86,9.25,1,0,0
329,2,318.81,517.66,11.07,19.95,1,0,0
330,1,622.78,540.77,54.86,10.10,1,0,0
330,2,319.32,525.14,14.91,21.19,1,0,0
331,1,653.77,483.24,51.93,9.34,1,0,0
331,2,319.71,464.05,40.38,21.80,1,0,0
332,1,696.13,482.97,51.50,9.43,1,0,0
332,2,319.65,465.79,80.17,22.76,1,0,0
333,1,741.63,527.66,53.98,10.06,1,0,0
333,2,319.85,509.91,125.81,24.29,1,0,0
334,1,802.12,527.18,52.65,10.06,1,0,0
334,2,353.08,499.57,148.72,28.45,1,0,0
335,1,877.16,500.81,51.02,9.94,1,0,0
335,2,422.21,476.99,151.02,28.30,1,0,0
336,1,925.12,484.19,52.30,10.15,1,0,0
336,2,471.78,464.36,150.82,28.21,1,0,0
337,1,981.78,519.66,53.94,9.69,1,0,0
337,2,524.72,492.37,154.67,30.31,1,0,0
337,12,319.85,492.22,78.79,26.44,1,0,0
338,1,1035.85,542.99,53.21,9.98,1,0,0
338,2,579.40,515.20,156.11,29.99,1,0,0
338,12,319.67,512.16,131.47,27.05,1,0,0
339,1,1086.34,498.20,52.19,9.91,1,0,0
339,2,626.87,474.07,159.19,29.16,1,0,0
339,12,331.15,473.02,167.05,27.92,1,0,0
340,1,1118.27,496.95,49.53,10.01,1,0,0
340,2,657.75,475.76,159.34,28.09,1,0,0
340,12,360.41,472.95,168.19,30.08,1,0,0
341,2,687.07,509.09,159.10,29.42,1,0,0
341,12,384.21,502.61,169.58,31.45,1,0,0
342,2,697.66,491.07,157.88,30.37,1,0,0
342,12,395.04,485.87,171.31,30.35,1,0,0
342,1,1149.40,519.01,54.63,9.53,1,0,0
343,2,703.86,469.68,159.30,30.16,1,0,0
343,12,401.57,467.57,170.09,30.54,1,0,0
343,1,1161.30,494.91,47.82,9.32,1,0,0
344,2,705.72,505.82,160.49,29.12,1,0,0
344,12,403.96,499.05,170.76,31.42,1,0,0
344,1,1158.46,531.78,51.77,9.66,1,0,0
345,2,699.30,505.81,160.65,30.16,1,0,0
345,12,398.78,498.57,169.55,30.69,1,0,0
345,1,1149.39,533.24,52.62,10.61,1,0,0
346,2,673.53,473.68,162.77,28.67,1,0,0
346,12,374.85,472.45,169.78,29.49,1,0,0
346,1,1128.37,494.51,47.23,9.83,1,0,0
347,2,654.81,476.43,155.87,28.96,1,0,0
347,12,352.92,474.48,168.02,31.29,1,0,0
347,1,1101.57,498.06,48.55,9.18,1,0,0
348,2,635.56,493.60,156.98,30.56,1,0,0
348,12,336.12,485.55,169.52,30.62,1,0,0
348,1,1079.61,524.53,49.37,10.12,1,0,0
349,2,612.24,507.25,157.07,31.19,1,0,0
349,12,319.87,501.54,162.44,31.14,1,0,0
350,2,590.89,496.86,156.38,28.78,1,0,0
350,12,319.57,494.30,142.74,29.63,1,0,0
350,1,1030.99,518.91,50.85,9.66,1,0,0
351,2,579.73,465.07,153.90,29.33,1,0,0
351,12,319.76,461.42,131.31,29.59,1,0,0
351,1,1016.84,490.59,49.33,10.10,1,0,0
352,2,564.01,483.85,155.88,28.49,1,0,0
352,12,319.45,481.89,116.04,29.66,1,0,0
352,1,999.69,505.10,49.37,9.61,1,0,0
353,2,553.02,496.06,154.87,28.86,1,0,0
353,12,319.61,493.38,105.27,28.40,1,0,0
353,1,986.43,519.05,51.25,10.22,1,0,0
354,2,548.27,481.71,155.00,31.83,1,0,0
354,12,319.73,475.80,100.99,29.57,1,0,0
354,1,980.87,515.04,49.01,9.46,1,0,0
354,11,1344.14,530.86,50.38,8.17,1,0,0
355,2,548.27,481.71,155.00,31.83,1,0,0
355,12,319.73,475.80,100.99,29.57,1,0,0
355,1,980.87,515.04,49.01,9.46,1,0,0
355,11,1344.14,530.86,50.38,8.17,1,0,0
356,2,547.51,498.42,154.03,29.58,1,0,0
356,12,319.54,499.51,100.39,27.98,1,0,0
356,1,977.24,519.33,50.40,9.93,1,0,0
357,2,538.57,488.94,157.25,29.85,1,0,0
357,12,319.54,485.79,93.74,29.03,1,0,0
357,1,969.36,515.00,49.83,9.73,1,0,0
358,2,528.73,479.55,156.10,29.87,1,0,0
358,12,319.54,475.42,83.40,30.49,1,0,0
358,1,955.85,505.83,48.86,9.70,1,0,0
359,2,521.02,483.75,154.94,28.91,1,0,0
359,12,319.58,482.12,75.16,29.92,1,0,0
359,1,946.81,505.54,48.11,9.57,1,0,0
360,2,515.68,481.46,154.52,30.01,1,0,0
360,12,320.03,477.29,70.29,30.30,1,0,0
360,1,938.02,508.03,49.66,9.79,1,0,0
361,2,507.26,494.35,154.75,31.27,1,0,0
361,12,319.91,488.80,62.41,31.23,1,0,0
361,1,928.03,522.24,48.41,10.16,1,0,0
362,2,503.30,503.31,155.68,29.03,1,0,0
362,12,319.92,500.81,57.82,29.04,1,0,0
362,1,924.01,526.16,48.74,9.91,1,0,0
363,2,498.67,474.49,153.65,29.32,1,0,0
363,12,319.75,472.88,54.18,29.81,1,0,0
363,1,917.35,497.22,47.45,9.60,1,0,0
363,11,1294.26,505.98,51.48,8.56,1,0,0
364,2,479.51,462.69,152.05,28.11,1,0,0
364,12,319.48,462.30,36.28,28.64,1,0,0
364,1,896.50,482.88,44.51,9.71,1,0,0
365,2,434.91,494.09,151.88,29.71,1,0,0
365,1,843.53,519.55,48.36,9.58,1,0,0
366,2,384.83,516.28,146.18,28.95,1,0,0
366,1,781.70,540.89,51.37,10.39,1,0,0
367,2,322.47,470.17,146.39,26.50,1,0,0
367,1,721.29,490.32,45.73,9.00,1,0,0
368,1,640.25,473.19,43.25,9.33,1,0,0
368,12,319.76,460.09,75.22,20.98,1,0,0
369,1,560.48,522.81,45.95,9.22,1,0,0
370,1,467.12,531.46,45.22,8.98,1,0,0
370,11,1236.44,555.27,7.74,11.32,1,4,0
371,11,1127.21,505.28,7.54,10.76,1,4,0
371,12,362.64,482.95,44.60,8.43,1,0,0
