1,1,244.96,366.68,22.34,9.45,1,0,0
1,2,159.83,366.71,17.82,9.71,1,0,0
1,3,213.01,366.81,11.28,9.76,1,0,0
1,4,89.03,364.66,13.86,13.04,1,0,0
1,5,291.93,370.25,7.07,6.89,1,0,0
1,6,39.94,369.13,7.36,8.10,1,0,0
1,7,463.53,365.97,8.40,5.76,1,5,0
2,1,244.52,360.29,22.66,9.95,1,0,0
2,2,159.34,360.18,17.47,10.35,1,0,0
2,3,212.53,360.39,11.17,9.76,1,0,0
2,4,87.67,358.12,13.49,12.30,1,0,0
2,5,292.14,363.92,7.13,7.22,1,0,0
2,6,39.97,362.32,6.41,8.48,1,0,0
2,7,463.89,360.35,8.52,5.62,1,5,0
3,1,242.95,356.56,22.49,9.68,1,0,0
3,2,157.45,356.88,17.82,9.61,1,0,0
3,3,209.98,356.61,11.57,10.10,1,0,0
3,4,84.18,354.01,14.42,13.23,1,0,0
3,5,290.92,360.43,7.41,6.81,1,0,0
3,6,39.48,358.29,4.67,8.83,1,0,0
3,7,462.47,356.37,8.84,5.65,1,5,0
4,1,241.50,358.88,22.57,9.48,1,0,0
4,2,155.35,359.83,17.63,9.84,1,0,0
4,3,208.27,359.23,11.55,9.83,1,0,0
4,4,82.71,357.12,13.47,13.66,1,0,0
4,5,289.20,362.36,6.94,6.96,1,0,0
4,7,462.01,357.04,8.17,5.54,1,5,0
5,1,244.82,364.00,23.15,9.83,1,0,0
5,2,158.13,365.34,18.43,10.06,1,0,0
5,3,211.34,364.52,11.87,10.03,1,0,0
5,4,85.30,363.61,14.00,13.51,1,0,0
5,5,293.74,367.24,6.73,7.17,1,0,0
5,7,466.00,361.30,8.24,5.27,1,5,0
5,6,39.67,367.66,5.36,9.65,1,0,0
6,1,239.99,355.51,22.74,9.78,1,0,0
6,2,153.20,356.33,18.05,9.93,1,0,0
6,3,206.23,356.30,12.15,9.78,1,0,0
6,4,79.22,354.77,13.53,13.09,1,0,0
6,5,289.47,359.41,6.74,6.86,1,0,0
6,7,461.82,354.43,8.63,5.58,1,5,0
7,1,241.30,356.76,22.78,9.78,1,0,0
7,2,154.07,357.11,18.08,9.66,1,0,0
7,3,207.00,356.72,11.99,9.98,1,0,0
7,4,79.16,353.96,14.04,14.17,1,0,0
7,5,290.64,361.27,7.21,6.55,1,0,0
7,7,462.88,357.04,7.99,5.23,1,5,0
8,1,240.26,365.87,22.73,9.88,1,0,0
8,2,152.59,365.60,18.21,10.10,1,0,0
8,3,205.74,365.98,11.98,10.05,1,0,0
8,4,76.87,362.91,14.44,13.25,1,0,0
8,5,289.54,369.91,6.88,6.83,1,0,0
8,7,463.03,366.43,8.45,5.56,1,5,0
8,6,68.26,466.83,14.15,7.42,1,0,0
9,1,240.98,367.00,22.67,9.63,1,0,0
9,2,153.09,367.31,18.16,9.65,1,0,0
9,3,206.16,366.87,12.14,10.19,1,0,0
9,4,77.22,364.48,14.33,13.07,1,0,0
9,5,290.79,370.89,6.82,6.85,1,0,0
9,7,464.70,367.22,7.85,5.12,1,5,0
10,1,239.09,341.36,22.73,9.75,1,0,0
10,2,151.13,342.00,17.89,9.82,1,0,0
10,3,203.77,341.83,12.23,9.97,1,0,0
10,4,74.38,340.62,13.36,12.03,1,0,0
10,5,289.25,345.63,6.59,6.86,1,0,0
10,7,462.87,342.36,8.83,5.55,1,5,0
11,1,242.24,371.46,23.18,9.35,1,0,0
11,2,153.45,371.53,18.41,10.43,1,0,0
11,3,206.61,371.72,12.40,9.96,1,0,0
11,4,76.64,369.25,16.65,13.91,1,0,0
11,5,292.97,375.19,6.44,6.47,1,0,0
11,7,467.28,369.84,7.99,5.53,1,5,0
12,1,240.51,349.86,23.25,9.99,1,0,0
12,2,151.47,351.03,18.61,9.98,1,0,0
12,3,204.65,350.44,12.38,10.05,1,0,0
12,4,73.89,350.36,13.67,11.91,1,0,0
12,5,291.11,353.59,7.12,7.15,1,0,0
12,7,466.04,348.64,8.42,5.27,1,5,0
13,1,243.87,373.39,23.10,10.00,1,0,0
13,2,154.15,373.32,18.38,10.27,1,0,0
13,3,207.40,373.57,12.36,10.54,1,0,0
13,4,74.68,370.27,12.43,12.74,1,0,0
13,5,294.01,377.70,7.02,7.10,1,0,0
13,7,469.31,374.04,8.48,5.49,1,5,0
14,1,245.31,379.57,23.46,9.83,1,0,0
14,2,155.66,378.66,18.75,10.79,1,0,0
14,3,208.46,379.58,12.80,10.31,1,0,0
14,4,76.16,376.16,13.97,13.07,1,0,0
14,5,296.22,383.41,7.06,6.98,1,0,0
14,7,471.46,379.62,7.85,5.30,1,5,0
15,1,243.96,347.26,23.36,9.89,1,0,0
15,2,154.37,348.54,18.39,10.14,1,0,0
15,3,207.04,347.94,12.86,10.23,1,0,0
15,4,73.97,347.05,12.18,13.15,1,0,0
15,5,296.03,351.12,6.56,6.56,1,0,0
15,7,470.71,344.71,8.81,5.71,1,5,0
16,1,247.24,372.85,23.56,9.67,1,0,0
16,2,156.45,372.98,19.04,10.80,1,0,0
16,3,209.33,373.19,13.20,10.24,1,0,0
16,4,75.71,371.22,12.51,12.67,1,0,0
16,5,299.19,376.34,6.64,6.83,1,0,0
16,7,475.11,370.43,8.76,5.69,1,5,0
16,6,75.78,484.60,35.82,8.67,1,0,0
17,1,247.25,357.90,23.70,9.90,1,0,0
17,2,156.54,359.40,18.73,10.41,1,0,0
17,3,209.57,358.71,12.88,10.06,1,0,0
17,4,74.75,358.54,13.31,12.51,1,0,0
17,5,300.66,361.47,6.75,6.57,1,0,0
17,7,476.08,354.51,9.26,5.60,1,5,0
18,1,246.35,356.87,23.61,9.53,1,0,0
18,2,155.71,358.34,18.79,10.00,1,0,0
18,3,208.43,357.34,13.18,10.42,1,0,0
18,4,73.15,356.90,12.72,12.60,1,0,0
18,5,299.15,360.16,6.56,6.86,1,0,0
18,7,475.18,354.14,8.42,5.71,1,5,0
19,1,243.74,349.61,24.02,10.12,1,0,0
19,2,151.81,349.79,19.72,10.43,1,0,0
19,3,205.22,350.02,13.40,10.37,1,0,0
19,4,69.06,348.35,13.26,12.27,1,0,0
19,5,296.26,353.42,7.08,7.17,1,0,0
19,7,472.78,348.91,8.49,5.56,1,5,0
20,1,244.54,374.90,24.09,9.75,1,0,0
20,2,152.53,374.34,19.47,10.18,1,0,0
20,3,205.81,374.79,13.36,10.42,1,0,0
20,4,68.99,371.41,13.11,11.94,1,0,0
20,5,297.21,379.58,6.91,6.61,1,0,0
20,7,474.66,375.95,8.32,5.68,1,5,0
21,1,245.33,343.08,23.99,9.85,1,0,0
21,2,152.80,344.46,19.45,9.82,1,0,0
21,3,206.31,343.39,13.32,10.92,1,0,0
21,4,67.93,343.33,13.84,11.78,1,0,0
21,5,299.57,347.27,6.68,6.57,1,0,0
21,7,476.49,342.04,8.59,5.84,1,5,0
22,1,241.48,330.97,23.97,10.35,1,0,0
22,2,149.26,332.53,19.07,10.07,1,0,0
22,3,201.97,331.83,13.70,10.61,1,0,0
22,4,63.74,330.85,13.72,13.09,1,0,0
22,5,295.69,335.41,6.70,6.60,1,0,0
22,7,472.86,330.52,8.56,5.63,1,5,0
23,1,238.31,370.38,24.01,9.95,1,0,0
23,2,145.09,369.12,19.36,10.66,1,0,0
23,3,198.10,369.92,13.78,10.69,1,0,0
23,4,58.68,364.93,13.98,13.63,1,0,0
23,5,292.33,375.31,6.81,6.65,1,0,0
23,7,470.60,372.93,8.31,5.74,1,5,0
24,1,237.43,361.24,24.30,10.36,1,0,0
24,2,144.44,359.81,19.23,10.43,1,0,0
24,3,197.26,360.77,13.80,10.66,1,0,0
24,4,57.14,355.40,14.42,13.67,1,0,0
24,5,291.31,366.16,7.55,6.94,1,0,0
24,7,470.07,364.65,8.33,5.91,1,5,0
25,1,234.85,362.89,24.12,10.09,1,0,0
25,2,140.63,361.74,19.35,10.42,1,0,0
25,3,193.41,362.72,14.04,10.46,1,0,0
25,4,52.90,359.21,14.37,12.20,1,0,0
25,5,289.47,367.66,6.76,7.09,1,0,0
25,7,468.10,364.92,8.24,5.89,1,5,0
26,1,236.31,368.89,24.58,9.80,1,0,0
26,2,142.34,368.69,19.41,10.04,1,0,0
26,3,195.05,368.63,14.01,10.57,1,0,0
26,4,54.04,365.44,13.50,12.95,1,0,0
26,5,290.84,372.98,7.29,7.09,1,0,0
26,7,470.73,368.66,8.71,5.95,1,5,0
27,1,233.29,341.78,24.84,10.24,1,0,0
27,2,138.88,342.87,19.86,10.79,1,0,0
27,3,192.13,342.65,13.82,10.17,1,0,0
27,4,49.59,341.55,14.16,12.86,1,0,0
27,5,289.68,345.64,6.40,6.86,1,0,0
27,7,467.83,340.26,8.63,5.92,1,5,0
28,1,232.79,364.03,24.94,10.34,1,0,0
28,2,137.98,364.09,19.85,10.57,1,0,0
28,3,190.87,364.03,14.11,10.93,1,0,0
28,4,46.81,361.51,15.55,13.39,1,0,0
28,5,288.72,368.58,6.96,7.11,1,0,0
28,7,468.20,364.63,8.45,5.55,1,5,0
29,1,234.17,372.36,24.59,10.03,1,0,0
29,2,138.75,372.53,20.03,10.32,1,0,0
29,3,191.55,372.70,14.27,10.84,1,0,0
29,4,46.80,369.50,15.65,14.13,1,0,0
29,5,290.21,376.57,7.10,7.21,1,0,0
29,7,469.93,372.59,8.58,5.78,1,5,0
29,6,68.54,377.84,13.21,5.44,1,0,0
30,1,231.12,350.30,24.52,10.10,1,0,0
30,2,134.84,350.81,20.19,10.64,1,0,0
30,3,188.01,350.56,14.49,10.93,1,0,0
30,4,41.49,348.61,16.58,14.63,1,0,0
30,5,286.76,354.63,7.50,7.22,1,0,0
30,7,467.67,350.50,8.39,5.53,1,5,0
30,6,63.76,356.86,16.07,5.86,1,0,0
31,1,233.07,373.72,24.97,10.42,1,0,0
31,2,137.06,373.35,19.73,10.82,1,0,0
31,3,190.18,373.59,14.68,11.00,1,0,0
31,4,43.04,370.22,16.22,14.85,1,0,0
31,5,290.18,378.09,7.36,7.08,1,0,0
31,7,470.80,374.26,8.84,5.96,1,5,0
31,6,68.56,378.89,12.47,5.51,1,0,0
32,1,230.32,353.95,24.76,10.59,1,0,0
32,2,133.55,354.65,20.13,10.76,1,0,0
32,3,186.63,354.59,14.67,10.83,1,0,0
32,4,40.53,351.67,14.04,15.01,1,0,0
32,5,287.27,358.46,7.23,7.19,1,0,0
32,7,468.09,354.18,8.84,6.09,1,5,0
32,6,106.17,360.34,6.30,6.41,1,0,0
33,1,227.11,359.89,25.04,10.43,1,0,0
33,2,130.36,359.78,20.17,10.78,1,0,0
33,3,183.10,360.08,14.98,10.82,1,0,0
33,4,39.69,356.66,11.66,15.03,1,0,0
33,5,284.41,364.73,6.93,6.95,1,0,0
33,7,465.40,362.07,8.54,5.66,1,5,0
33,6,61.80,364.99,13.07,5.67,1,0,0
34,1,224.64,356.73,25.59,10.21,1,0,0
34,2,127.47,356.60,20.23,10.62,1,0,0
34,3,180.19,356.74,15.06,11.06,1,0,0
34,4,39.81,353.58,8.45,15.97,1,0,0
34,5,283.31,361.21,6.66,6.92,1,0,0
34,7,462.99,357.00,8.25,5.34,1,5,0
35,1,224.06,357.15,25.06,10.17,1,0,0
35,2,126.14,357.22,20.36,10.90,1,0,0
35,3,179.39,357.05,15.03,11.25,1,0,0
35,4,39.62,356.66,6.33,14.27,1,0,0
35,5,282.31,361.61,6.87,6.79,1,0,0
35,7,463.67,356.79,8.53,5.59,1,5,0
36,1,225.69,367.04,25.73,10.12,1,0,0
36,2,127.61,367.92,20.59,10.73,1,0,0
36,3,180.46,367.37,15.09,11.20,1,0,0
36,4,39.62,368.50,6.23,13.16,1,0,0
36,5,285.51,370.77,6.70,6.95,1,0,0
36,7,466.86,364.54,8.65,5.65,1,5,0
37,1,224.37,355.66,25.27,10.29,1,0,0
37,2,125.68,356.91,21.07,10.97,1,0,0
37,3,178.73,356.25,15.41,11.24,1,0,0
37,4,39.77,360.36,4.85,11.51,1,0,0
37,5,285.23,359.25,6.48,6.76,1,0,0
37,7,465.05,352.12,9.15,5.98,1,5,0
37,6,59.80,364.50,11.15,5.91,1,0,0
38,1,218.98,360.47,25.52,10.32,1,0,0
38,2,119.50,360.22,21.14,10.89,1,0,0
38,3,172.42,360.38,15.61,11.30,1,0,0
38,5,278.46,365.18,6.94,7.10,1,0,0
38,7,461.17,362.02,8.32,5.62,1,5,0
38,6,50.86,365.55,14.87,6.35,1,0,0
39,1,218.52,357.72,25.92,10.47,1,0,0
39,2,119.38,357.72,20.96,10.49,1,0,0
39,3,172.23,357.58,15.69,11.38,1,0,0
39,5,278.06,362.16,7.57,7.21,1,0,0
39,7,461.61,358.40,8.78,5.80,1,5,0
39,6,51.59,363.58,13.49,5.66,1,0,0
40,1,218.67,347.02,26.09,10.46,1,0,0
40,2,118.63,348.53,21.03,10.70,1,0,0
40,3,171.70,347.58,15.62,11.51,1,0,0
40,5,278.97,350.82,7.23,7.36,1,0,0
40,7,461.77,344.77,8.58,5.94,1,5,0
41,1,221.32,374.45,25.85,10.20,1,0,0
41,2,120.63,374.96,21.28,10.97,1,0,0
41,3,173.47,374.46,15.81,11.67,1,0,0
41,5,281.54,378.74,7.10,6.69,1,0,0
41,7,464.89,372.62,8.71,5.88,1,5,0
41,6,54.12,381.15,12.31,5.78,1,0,0
42,1,219.14,359.87,26.27,10.18,1,0,0
42,2,117.96,360.12,21.74,10.85,1,0,0
42,3,170.70,360.08,16.45,11.43,1,0,0
42,5,280.59,363.87,7.05,7.17,1,0,0
42,7,463.97,358.73,8.51,5.78,1,5,0
42,6,49.40,366.35,15.60,6.71,1,0,0
43,1,219.93,362.39,26.73,10.51,1,0,0
43,2,118.29,362.40,21.82,10.95,1,0,0
43,3,171.52,362.43,16.02,11.53,1,0,0
43,5,281.86,366.88,7.19,7.04,1,0,0
43,7,465.77,362.56,8.80,5.64,1,5,0
44,1,217.37,356.35,26.23,10.30,1,0,0
44,2,114.83,356.60,21.92,11.05,1,0,0
44,3,167.89,356.38,16.45,11.60,1,0,0
44,5,278.61,360.54,7.61,7.34,1,0,0
44,7,463.70,356.11,9.06,6.14,1,5,0
44,6,49.31,362.96,12.12,5.94,1,0,0
45,1,219.50,364.40,26.28,10.15,1,0,0
45,2,116.30,364.79,22.39,11.07,1,0,0
45,3,169.40,364.57,16.69,11.69,1,0,0
45,5,282.10,369.23,6.68,6.96,1,0,0
45,7,466.64,363.94,8.08,5.36,1,5,0
46,1,220.22,369.57,26.59,10.52,1,0,0
46,2,116.66,370.76,22.54,10.92,1,0,0
46,3,169.82,369.90,16.61,11.73,1,0,0
46,5,282.82,373.33,7.22,7.25,1,0,0
46,7,467.73,366.52,8.66,5.79,1,5,0
46,6,51.08,377.20,13.28,5.85,1,0,0
47,1,221.32,363.55,26.25,10.85,1,0,0
47,2,116.44,366.45,23.13,11.13,1,0,0
47,3,170.01,364.72,16.96,11.99,1,0,0
47,5,285.00,366.89,6.71,7.20,1,0,0
47,7,468.92,357.48,8.50,5.85,1,5,0
47,6,50.64,374.23,13.68,5.80,1,0,0
48,1,214.43,349.79,26.59,10.51,1,0,0
48,2,110.49,352.03,22.11,11.01,1,0,0
48,3,162.97,350.76,16.94,11.72,1,0,0
48,5,277.53,352.97,7.46,7.34,1,0,0
48,7,463.56,345.14,8.92,5.86,1,5,0
48,6,41.70,359.77,16.48,7.14,1,0,0
49,1,217.30,367.94,26.64,10.49,1,0,0
49,2,112.98,368.21,22.50,11.43,1,0,0
49,3,164.84,368.08,17.65,11.82,1,0,0
49,5,281.05,372.02,7.55,7.23,1,0,0
49,7,467.09,366.24,8.89,6.02,1,5,0
49,6,44.25,374.79,16.51,6.23,1,0,0
50,1,216.85,361.61,27.11,10.87,1,0,0
50,2,112.13,362.22,22.70,10.88,1,0,0
50,3,163.97,361.98,17.89,11.72,1,0,0
50,5,281.59,366.12,7.22,7.01,1,0,0
50,7,467.54,360.46,8.74,5.77,1,5,0
50,6,45.83,368.96,13.44,6.31,1,0,0
51,1,211.65,357.31,27.12,10.81,1,0,0
51,2,105.91,356.42,23.18,11.37,1,0,0
51,3,158.12,356.66,18.11,12.08,1,0,0
51,5,275.94,361.98,7.43,7.31,1,0,0
51,7,463.08,358.30,8.83,5.99,1,5,0
51,6,39.91,362.56,13.69,6.15,1,0,0
52,1,210.60,359.24,27.44,10.59,1,0,0
52,2,104.96,358.79,22.50,11.54,1,0,0
52,3,156.64,358.98,18.10,12.04,1,0,0
52,5,276.06,363.48,7.25,7.13,1,0,0
52,7,462.71,358.46,8.73,5.92,1,5,0
52,6,39.71,365.25,11.85,6.55,1,0,0
53,1,207.39,354.38,27.40,10.96,1,0,0
53,2,100.85,354.44,23.29,11.77,1,0,0
53,3,152.66,354.29,18.42,12.33,1,0,0
53,5,273.62,359.16,7.02,6.87,1,0,0
53,7,459.98,354.16,8.86,5.93,1,5,0
53,6,39.71,361.01,9.70,5.89,1,0,0
54,1,207.55,373.47,27.68,10.92,1,0,0
54,2,100.82,371.97,22.95,11.32,1,0,0
54,3,152.83,372.55,18.07,12.13,1,0,0
54,5,273.99,379.18,6.77,6.82,1,0,0
54,7,461.69,376.34,8.71,6.04,1,5,0
54,6,39.82,377.08,9.96,6.16,1,0,0
55,1,206.44,334.38,27.63,11.31,1,0,0
55,2,98.90,333.76,23.22,11.82,1,0,0
55,3,150.79,334.00,18.34,12.33,1,0,0
55,5,272.79,339.63,7.57,7.30,1,0,0
55,7,460.18,336.47,8.72,6.01,1,5,0
55,6,39.79,340.69,7.55,6.85,1,0,0
56,1,209.60,359.10,28.01,11.17,1,0,0
56,2,102.13,357.94,23.06,11.22,1,0,0
56,3,153.53,358.17,18.58,12.39,1,0,0
56,5,276.26,363.93,7.36,7.44,1,0,0
56,7,465.03,361.63,8.55,5.95,1,5,0
56,6,39.91,364.08,10.20,5.85,1,0,0
57,1,214.88,371.51,27.96,10.91,1,0,0
57,2,106.27,371.25,23.77,11.29,1,0,0
57,3,158.17,371.15,18.88,12.26,1,0,0
57,5,283.10,376.07,7.34,7.37,1,0,0
57,7,470.89,370.90,8.70,5.83,1,5,0
57,6,40.50,377.70,12.13,5.85,1,0,0
57,17,659.92,362.04,4.24,7.57,1,3,0
58,1,212.42,351.66,28.15,10.72,1,0,0
58,2,103.77,352.05,24.03,11.57,1,0,0
58,3,155.17,351.60,19.19,12.49,1,0,0
58,5,280.56,355.98,7.30,7.10,1,0,0
58,7,468.97,350.32,8.84,5.96,1,5,0
58,6,39.77,358.96,12.24,6.81,1,0,0
58,17,659.62,341.93,4.44,7.47,1,3,0
59,1,210.82,359.32,28.26,11.06,1,0,0
59,2,101.47,359.06,23.75,11.69,1,0,0
59,3,152.39,359.06,19.57,12.63,1,0,0
59,5,279.38,363.82,7.27,7.31,1,0,0
59,7,468.84,358.76,8.85,5.69,1,5,0
59,6,39.70,365.71,11.30,6.03,1,0,0
59,17,662.04,350.69,4.36,7.95,1,3,0
60,1,209.49,354.09,28.67,11.49,1,0,0
60,2,99.34,354.81,24.25,11.62,1,0,0
60,3,150.63,354.52,19.48,12.38,1,0,0
60,5,278.37,358.81,7.58,7.21,1,0,0
60,7,468.22,353.65,8.76,6.18,1,5,0
60,6,39.63,362.19,8.84,5.02,1,0,0
60,17,662.89,344.75,4.25,7.92,1,3,0
61,1,212.51,369.45,28.46,11.05,1,0,0
61,2,101.55,369.38,24.38,11.44,1,0,0
61,3,152.93,369.19,19.57,12.62,1,0,0
61,5,281.48,373.87,7.78,7.54,1,0,0
61,7,472.04,368.05,9.13,6.23,1,5,0
61,6,39.76,376.00,10.96,6.87,1,0,0
61,17,668.38,359.10,4.11,7.68,1,3,0
62,1,211.02,366.88,28.56,11.17,1,0,0
62,2,99.60,367.65,24.58,11.35,1,0,0
62,3,150.84,367.27,19.94,12.26,1,0,0
62,5,281.66,370.77,7.20,7.22,1,0,0
62,7,471.19,364.16,9.33,5.88,1,5,0
62,6,39.82,374.46,9.03,6.42,1,0,0
62,17,668.78,353.69,4.71,7.57,1,3,0
63,1,205.06,342.88,28.53,11.31,1,0,0
63,2,93.44,343.93,24.33,11.25,1,0,0
63,3,144.08,343.03,20.01,13.00,1,0,0
63,5,274.58,347.45,7.63,7.09,1,0,0
63,7,466.27,341.66,8.44,6.00,1,5,0
63,6,39.61,350.40,5.08,6.86,1,0,0
63,17,665.34,333.12,4.58,7.62,1,3,0
64,1,211.13,372.98,28.69,11.26,1,0,0
64,2,98.44,371.89,24.92,11.61,1,0,0
64,3,149.16,372.01,20.64,13.02,1,0,0
64,5,281.69,377.77,7.45,7.41,1,0,0
64,7,473.29,374.05,8.98,5.71,1,5,0
64,6,39.67,377.90,8.41,6.43,1,0,0
64,17,674.96,366.28,3.71,6.41,1,3,0
65,1,211.12,353.39,28.79,11.61,1,0,0
65,2,98.38,353.70,24.68,11.61,1,0,0
65,3,148.75,353.75,20.47,12.80,1,0,0
65,5,282.61,358.18,7.41,7.45,1,0,0
65,7,473.71,353.19,8.89,6.30,1,5,0
65,6,39.76,360.51,8.46,5.73,1,0,0
66,1,208.68,338.42,29.39,11.61,1,0,0
66,2,95.47,339.73,24.74,12.05,1,0,0
66,3,146.17,339.03,20.67,12.97,1,0,0
66,5,280.46,343.05,7.59,7.28,1,0,0
66,7,472.04,336.20,8.80,6.18,1,5,0
66,6,39.46,347.13,6.89,6.66,1,0,0
67,1,214.97,377.46,29.59,11.23,1,0,0
67,2,100.80,377.43,25.60,12.04,1,0,0
67,3,151.36,377.35,20.85,13.05,1,0,0
67,5,287.09,381.67,7.51,7.28,1,0,0
67,7,479.66,375.00,8.60,5.58,1,5,0
67,6,39.83,384.42,12.08,6.30,1,0,0
68,1,215.27,364.89,29.73,11.77,1,0,0
68,2,100.49,366.40,25.42,11.91,1,0,0
68,3,150.56,365.54,21.48,13.05,1,0,0
68,5,288.45,368.87,7.14,7.25,1,0,0
68,7,480.12,361.17,8.70,5.77,1,5,0
68,6,39.66,373.90,11.83,6.56,1,0,0
69,1,210.96,350.95,29.72,11.51,1,0,0
69,2,95.52,351.64,26.35,11.54,1,0,0
69,3,146.07,350.67,21.26,13.29,1,0,0
69,5,284.19,355.69,7.24,7.07,1,0,0
69,7,477.10,350.05,8.71,5.93,1,5,0
69,6,39.77,358.51,8.29,6.22,1,0,0
70,1,214.31,360.20,29.82,12.37,1,0,0
70,2,97.76,359.80,26.17,11.75,1,0,0
70,3,148.26,359.95,21.52,13.33,1,0,0
70,5,288.13,365.62,7.54,7.41,1,0,0
70,7,481.44,361.91,9.08,6.12,1,5,0
70,6,39.78,366.42,7.88,5.92,1,0,0
71,1,212.93,345.22,29.98,11.44,1,0,0
71,2,96.41,344.78,25.96,11.79,1,0,0
71,3,146.22,344.86,21.94,13.39,1,0,0
71,5,287.77,350.37,7.03,7.12,1,0,0
71,7,481.01,345.96,9.16,6.05,1,5,0
71,6,39.74,351.96,7.94,6.43,1,0,0
72,1,215.04,377.78,30.11,11.18,1,0,0
72,2,97.78,378.11,26.83,11.68,1,0,0
72,3,147.49,377.59,22.38,13.45,1,0,0
72,5,290.26,382.19,7.51,7.29,1,0,0
72,7,484.29,375.95,8.92,5.92,1,5,0
72,6,39.87,384.94,9.87,6.02,1,0,0
73,1,214.04,375.39,30.14,11.34,1,0,0
73,2,96.39,376.47,27.23,11.83,1,0,0
73,3,146.55,375.61,22.02,13.33,1,0,0
73,5,288.95,379.58,7.60,7.43,1,0,0
73,7,483.31,372.05,9.54,6.40,1,5,0
73,6,39.75,383.68,8.51,5.56,1,0,0
74,1,207.99,343.57,30.19,11.52,1,0,0
74,2,90.11,344.54,26.81,11.66,1,0,0
74,3,139.20,343.47,22.53,13.39,1,0,0
74,5,283.14,347.88,7.64,7.39,1,0,0
74,7,477.67,342.37,9.25,6.01,1,5,0
74,6,39.62,351.15,4.58,7.50,1,0,0
75,1,207.11,369.41,30.57,11.43,1,0,0
75,2,88.28,367.75,26.12,11.33,1,0,0
75,3,137.10,368.23,23.02,13.26,1,0,0
75,5,283.17,375.18,7.60,7.59,1,0,0
75,7,478.73,372.46,8.81,6.09,1,5,0
76,1,205.65,351.78,30.83,12.04,1,0,0
76,2,86.40,350.86,26.89,12.36,1,0,0
76,3,134.99,350.89,23.33,13.87,1,0,0
76,5,283.12,356.97,7.24,7.29,1,0,0
76,7,477.73,352.39,8.88,6.00,1,5,0
77,1,206.27,355.75,31.45,11.93,1,0,0
77,2,86.61,355.45,26.86,12.31,1,0,0
77,3,135.34,355.47,23.30,13.69,1,0,0
77,5,283.89,360.49,7.29,7.41,1,0,0
77,7,479.84,355.50,9.04,5.95,1,5,0
78,1,206.53,366.66,31.38,11.90,1,0,0
78,2,85.91,365.72,26.98,12.50,1,0,0
78,3,134.44,366.03,23.92,13.98,1,0,0
78,5,284.01,371.61,7.60,7.45,1,0,0
78,7,480.67,366.28,8.85,6.15,1,5,0
79,1,204.75,353.01,31.61,11.99,1,0,0
79,2,84.05,354.59,27.37,11.90,1,0,0
79,3,132.12,353.53,23.94,13.86,1,0,0
79,5,283.41,357.41,7.55,7.59,1,0,0
79,7,480.12,350.08,9.61,6.32,1,5,0
79,23,446.45,348.95,5.25,9.28,1,3,0
80,1,201.77,350.34,31.28,12.13,1,0,0
80,2,80.03,349.83,27.56,11.97,1,0,0
80,3,128.27,349.98,23.93,13.79,1,0,0
80,5,280.69,355.46,7.51,7.55,1,0,0
80,7,477.79,350.92,8.63,6.37,1,5,0
80,23,444.82,350.12,4.78,8.33,1,3,0
81,1,201.24,378.35,31.71,12.18,1,0,0
81,2,78.55,377.05,27.46,11.84,1,0,0
81,3,126.70,376.79,24.40,14.54,1,0,0
81,5,280.11,383.66,8.16,7.56,1,0,0
81,7,478.24,378.95,8.81,5.79,1,5,0
82,1,199.51,347.14,31.80,11.93,1,0,0
82,2,76.62,348.32,27.89,12.10,1,0,0
82,3,124.39,347.40,24.69,13.99,1,0,0
82,5,279.54,351.66,7.92,7.35,1,0,0
82,7,476.82,344.73,8.73,5.91,1,5,0
83,1,193.68,353.04,32.32,12.13,1,0,0
83,2,69.63,351.94,28.14,12.26,1,0,0
83,3,116.94,351.61,25.12,14.61,1,0,0
83,5,274.32,358.60,8.04,7.57,1,0,0
83,7,472.50,354.28,9.19,6.40,1,5,0
83,6,53.54,461.61,17.35,7.44,1,0,0
83,23,439.31,353.26,5.04,8.56,1,3,0
84,1,192.89,360.13,32.32,12.51,1,0,0
84,2,68.49,359.14,28.20,11.97,1,0,0
84,3,115.83,358.94,24.93,14.19,1,0,0
84,5,273.54,365.83,7.95,7.51,1,0,0
84,7,472.30,361.75,9.25,6.22,1,5,0
85,1,194.37,358.47,32.32,12.34,1,0,0
85,2,68.86,357.32,29.57,12.41,1,0,0
85,3,116.21,357.21,25.15,14.65,1,0,0
85,5,275.89,364.23,7.65,7.27,1,0,0
85,7,474.99,360.03,9.43,6.26,1,5,0
85,23,442.31,358.26,5.36,9.13,1,3,0
86,1,193.82,358.65,32.67,12.22,1,0,0
86,2,68.25,357.89,28.83,12.40,1,0,0
86,3,114.23,357.52,26.06,14.69,1,0,0
86,5,276.10,363.78,7.78,7.57,1,0,0
86,7,475.50,358.82,8.92,6.15,1,5,0
87,1,194.05,356.63,32.68,12.32,1,0,0
87,2,67.84,357.48,29.92,12.38,1,0,0
87,3,114.01,356.16,26.02,15.02,1,0,0
87,5,277.05,361.15,7.63,7.59,1,0,0
87,7,476.62,354.02,9.25,6.46,1,5,0
88,1,190.43,358.78,32.80,12.15,1,0,0
88,2,63.04,359.65,30.27,12.37,1,0,0
88,3,109.16,358.79,26.39,14.86,1,0,0
88,5,273.46,362.86,7.90,8.03,1,0,0
88,7,473.86,354.91,8.88,6.19,1,5,0
88,23,442.25,353.88,5.03,8.55,1,3,0
89,1,187.10,361.13,33.16,12.84,1,0,0
89,2,58.82,360.18,30.99,12.23,1,0,0
89,3,104.26,359.84,26.96,14.94,1,0,0
89,5,271.24,366.81,7.64,7.39,1,0,0
89,7,472.05,361.78,9.27,6.49,1,5,0
89,23,439.35,359.97,5.30,8.91,1,3,0
90,1,185.40,357.73,33.28,12.61,1,0,0
90,2,56.38,356.49,31.72,12.79,1,0,0
90,3,101.89,356.56,27.38,15.27,1,0,0
90,5,269.89,362.97,7.61,7.69,1,0,0
90,7,470.96,358.13,9.16,6.43,1,5,0
90,23,437.33,357.02,5.06,9.06,1,3,0
91,1,182.23,347.99,33.37,13.14,1,0,0
91,2,52.56,346.59,31.68,13.17,1,0,0
91,3,97.56,346.61,27.31,15.58,1,0,0
91,5,267.42,353.79,7.91,8.00,1,0,0
91,7,469.15,349.73,9.02,6.49,1,5,0
92,1,175.02,338.18,34.23,13.09,1,0,0
92,2,45.50,336.16,30.24,13.46,1,0,0
92,3,89.45,336.38,28.20,15.91,1,0,0
92,5,261.20,343.39,8.19,8.47,1,0,0
92,7,462.74,339.55,9.53,7.07,1,5,0
92,4,107.58,441.44,10.92,5.98,1,0,0
92,17,611.19,467.73,23.16,6.17,1,0,0
92,6,46.92,462.71,25.95,8.34,1,0,0
93,1,179.42,384.17,34.51,12.88,1,0,0
93,2,49.22,381.75,30.86,13.27,1,0,0
93,3,92.90,382.51,28.52,15.90,1,0,0
93,5,266.60,389.96,7.79,7.42,1,0,0
93,7,468.93,384.14,9.36,6.17,1,5,0
93,23,436.01,382.76,4.92,9.06,1,3,0
94,1,177.70,353.69,34.09,13.01,1,0,0
94,2,46.72,353.90,29.37,13.11,1,0,0
94,3,89.62,353.40,28.86,15.94,1,0,0
94,5,264.73,357.80,8.15,8.28,1,0,0
94,7,467.75,350.41,9.00,6.24,1,5,0
94,23,434.07,349.72,4.97,8.76,1,3,0
95,1,172.99,345.02,34.39,12.71,1,0,0
95,2,41.60,345.70,31.12,13.26,1,0,0
95,3,85.40,345.01,28.26,15.74,1,0,0
95,5,261.12,349.53,7.55,7.90,1,0,0
95,7,463.46,342.04,9.92,6.20,1,5,0
95,23,429.81,340.51,5.45,9.64,1,3,0
96,1,172.99,345.02,34.39,12.71,1,0,0
96,2,41.59,345.69,31.13,13.27,1,0,0
96,3,85.40,345.00,28.26,15.75,1,0,0
96,5,261.11,349.52,7.56,7.92,1,0,0
96,7,463.46,342.04,9.92,6.20,1,5,0
96,23,429.81,340.52,5.45,9.63,1,3,0
97,1,173.56,363.28,34.66,12.86,1,0,0
97,2,41.12,363.45,29.44,12.31,1,0,0
97,3,83.04,362.46,29.29,16.06,1,0,0
97,5,261.99,367.74,8.44,8.06,1,0,0
97,7,466.37,360.66,9.18,6.35,1,5,0
98,1,170.34,368.19,35.18,12.88,1,0,0
98,2,40.07,368.04,27.18,13.58,1,0,0
98,3,78.12,367.20,29.79,16.52,1,0,0
98,5,259.82,373.05,7.85,7.52,1,0,0
98,7,464.40,364.99,8.94,6.10,1,5,0
98,23,430.26,364.15,5.58,8.80,1,3,0
99,1,172.31,365.26,35.47,13.36,1,0,0
99,2,40.28,365.12,28.35,13.02,1,0,0
99,3,79.82,364.39,29.25,16.23,1,0,0
99,5,263.87,370.31,7.77,7.93,1,0,0
99,7,467.48,363.48,9.42,7.08,1,5,0
99,23,434.85,362.33,4.96,9.53,1,3,0
100,1,163.72,353.31,35.76,13.38,1,0,0
100,2,39.87,353.33,19.44,12.70,1,0,0
100,3,69.59,350.44,29.84,17.92,1,0,0
100,5,255.14,359.59,7.91,7.74,1,0,0
100,7,461.09,355.22,9.22,6.75,1,5,0
101,1,166.01,372.10,35.84,12.99,1,0,0
101,2,39.96,370.69,20.93,13.09,1,0,0
101,3,70.21,369.53,30.52,16.74,1,0,0
101,5,258.25,378.14,8.11,7.82,1,0,0
101,7,463.92,374.22,9.08,6.25,1,5,0
101,23,430.67,372.35,5.37,9.13,1,3,0
102,1,165.28,355.10,36.43,14.01,1,0,0
102,2,40.07,354.51,20.73,14.01,1,0,0
102,3,69.25,352.68,30.62,17.74,1,0,0
102,5,258.21,361.28,7.81,7.58,1,0,0
102,7,463.73,355.82,9.69,6.81,1,5,0
102,23,430.73,354.11,5.32,9.03,1,3,0
103,1,162.95,365.18,36.37,14.06,1,0,0
103,2,40.02,364.89,17.29,12.87,1,0,0
103,3,61.46,362.17,35.13,17.65,1,0,0
103,5,256.01,372.07,8.13,7.98,1,0,0
103,7,462.34,368.19,9.57,7.04,1,5,0
103,23,428.09,367.96,5.68,8.26,1,3,0
104,1,160.90,355.46,36.63,13.48,1,0,0
104,2,39.72,356.05,15.22,13.52,1,0,0
104,3,58.22,353.60,35.33,17.46,1,0,0
104,5,255.95,360.99,7.43,7.70,1,0,0
104,7,462.75,354.68,9.11,6.40,1,5,0
105,1,158.20,357.84,36.34,13.40,1,0,0
105,2,39.57,360.32,12.22,12.34,1,0,0
105,3,54.60,355.52,34.79,18.12,1,0,0
105,5,253.40,363.56,8.04,7.74,1,0,0
105,7,460.49,357.77,9.44,6.12,1,5,0
105,23,426.80,356.41,5.49,8.87,1,3,0
106,1,159.61,369.42,36.75,13.50,1,0,0
106,2,39.55,371.18,13.19,12.69,1,0,0
106,3,55.84,367.20,34.16,17.66,1,0,0
106,5,255.65,374.96,7.87,7.81,1,0,0
106,7,462.72,368.38,9.58,7.04,1,5,0
106,23,430.50,367.81,4.98,9.09,1,3,0
107,1,159.38,360.91,37.01,13.78,1,0,0
107,2,39.54,362.44,12.76,13.64,1,0,0
107,3,54.69,359.03,34.26,17.63,1,0,0
107,5,255.90,365.95,8.22,8.00,1,0,0
107,7,463.96,359.94,8.76,6.33,1,5,0
108,1,153.95,352.90,37.14,13.90,1,0,0
108,2,39.51,354.94,6.82,13.26,1,0,0
108,3,48.36,350.75,34.20,18.52,1,0,0
108,5,251.23,358.82,8.09,7.82,1,0,0
108,7,459.38,351.68,9.46,6.99,1,5,0
109,1,154.02,372.93,37.39,14.07,1,0,0
109,2,39.40,373.54,5.39,13.20,1,0,0
109,3,47.22,369.86,34.33,18.45,1,0,0
109,5,252.41,379.44,7.81,7.56,1,0,0
109,7,460.69,374.47,9.12,6.13,1,5,0
109,23,427.80,372.57,5.29,9.44,1,3,0
110,1,151.50,340.54,37.58,13.61,1,0,0
110,3,42.75,337.56,35.24,18.74,1,0,0
110,5,250.75,346.42,7.89,7.60,1,0,0
110,7,459.60,342.04,9.16,6.07,1,5,0
110,23,425.88,340.30,5.18,8.89,1,3,0
111,1,152.37,358.76,37.62,13.98,1,0,0
111,3,41.24,355.85,36.71,19.28,1,0,0
111,5,251.63,364.80,8.10,7.76,1,0,0
111,7,461.36,358.61,9.36,6.80,1,5,0
112,1,151.00,351.14,38.03,13.86,1,0,0
112,3,40.16,349.17,35.56,19.14,1,0,0
112,5,252.44,356.54,7.44,7.77,1,0,0
112,7,460.94,348.97,9.77,6.56,1,5,0
112,4,207.42,358.54,6.17,6.08,1,0,0
112,2,115.80,359.32,6.69,6.61,1,0,0
113,1,148.74,363.06,38.61,13.83,1,0,0
113,3,39.79,359.95,32.98,19.64,1,0,0
113,5,250.54,368.83,7.88,7.92,1,0,0
113,7,460.53,361.99,10.13,6.79,1,5,0
113,23,425.40,361.09,5.30,9.32,1,3,0
114,1,146.23,366.00,38.91,13.99,1,0,0
114,3,39.72,362.11,29.18,20.06,1,0,0
114,5,248.58,371.99,8.16,8.07,1,0,0
114,7,459.08,366.25,9.40,6.47,1,5,0
114,2,110.84,373.62,7.28,6.79,1,0,0
115,1,142.35,355.46,39.12,13.99,1,0,0
115,3,39.71,352.43,24.58,19.26,1,0,0
115,5,245.07,361.46,8.23,7.99,1,0,0
115,7,456.39,356.29,9.40,6.57,1,5,0
115,23,426.61,355.00,5.34,9.22,1,3,0
116,1,138.30,353.38,38.95,14.15,1,0,0
116,3,39.79,351.85,19.41,18.94,1,0,0
116,5,241.89,358.94,8.18,7.99,1,0,0
116,7,453.32,352.02,9.60,6.60,1,5,0
117,1,136.26,358.54,39.34,14.47,1,0,0
117,3,39.75,356.39,16.15,19.14,1,0,0
117,5,240.73,364.11,8.18,8.15,1,0,0
117,7,452.65,357.37,9.62,7.02,1,5,0
118,1,136.17,351.11,39.84,14.65,1,0,0
118,3,39.59,348.98,14.61,19.01,1,0,0
118,5,242.39,357.30,8.14,8.24,1,0,0
118,7,454.48,352.04,10.05,6.52,1,5,0
118,2,102.68,359.29,6.86,6.71,1,0,0
118,23,421.77,350.55,5.34,8.96,1,3,0
119,1,133.68,340.67,39.55,14.15,1,0,0
119,3,39.60,338.36,11.67,18.72,1,0,0
119,5,239.76,347.48,8.13,7.76,1,0,0
119,7,452.35,342.52,9.66,6.67,1,5,0
120,1,130.00,373.56,40.60,15.06,1,0,0
120,3,39.77,369.91,6.27,18.34,1,0,0
120,5,237.81,382.02,8.00,7.85,1,0,0
120,7,451.68,380.08,9.75,6.23,1,5,0
121,1,128.96,340.50,40.26,14.84,1,0,0
121,7,450.78,344.26,9.38,6.73,1,5,0
121,4,237.47,347.74,7.80,7.90,1,0,0
121,23,418.09,343.07,5.40,9.40,1,3,0
122,1,130.03,344.69,41.00,14.84,1,0,0
122,7,453.35,349.11,9.81,7.31,1,5,0
122,4,239.55,351.95,8.14,8.24,1,0,0
123,1,133.28,364.67,40.93,14.56,1,0,0
123,7,458.13,365.78,9.35,6.63,1,5,0
123,3,39.91,362.12,5.50,19.77,1,0,0
123,5,243.79,371.30,8.08,7.96,1,0,0
123,23,422.14,363.92,6.31,9.93,1,3,0
124,1,130.86,348.67,41.44,14.78,1,0,0
124,7,457.86,349.08,9.41,7.46,1,5,0
124,23,424.71,348.00,5.23,9.51,1,3,0
124,4,242.80,355.01,8.42,7.94,1,0,0
125,1,129.44,337.97,41.90,15.14,1,0,0
125,7,456.68,341.93,9.59,6.83,1,5,0
125,23,423.19,339.94,5.67,9.80,1,3,0
125,4,241.28,345.73,8.19,7.96,1,0,0
126,1,132.02,361.18,41.48,15.40,1,0,0
126,7,461.56,371.59,9.69,6.74,1,5,0
126,23,490.38,369.32,5.03,8.66,1,3,0
126,5,245.51,370.89,8.01,8.05,1,0,0
127,1,132.65,351.93,41.91,16.17,1,0,0
127,7,462.60,364.39,9.42,6.65,1,5,0
127,23,429.85,362.21,5.31,9.43,1,3,0
127,5,246.49,362.99,7.99,7.95,1,0,0
127,2,103.72,358.99,6.75,6.90,1,0,0
128,1,132.14,340.78,42.12,15.67,1,0,0
128,7,463.73,353.91,9.31,7.14,1,5,0
128,23,430.94,351.81,5.55,9.54,1,3,0
128,5,246.91,351.76,8.25,7.82,1,0,0
128,2,104.33,348.30,6.78,6.80,1,0,0
129,1,134.49,352.52,42.58,15.86,1,0,0
129,7,467.32,365.92,9.59,7.03,1,5,0
129,23,435.29,364.10,4.89,9.19,1,3,0
129,5,250.19,363.51,8.30,7.95,1,0,0
130,1,137.25,347.56,43.06,15.99,1,0,0
130,7,472.06,360.31,9.66,6.80,1,5,0
130,23,439.47,358.40,5.32,8.95,1,3,0
130,5,254.38,358.75,8.00,8.11,1,0,0
131,1,134.80,343.59,43.01,15.70,1,0,0
131,7,470.97,358.47,9.99,7.19,1,5,0
131,23,439.30,356.42,5.24,8.94,1,3,0
131,5,252.87,355.23,7.91,7.83,1,0,0
132,1,131.85,366.83,43.80,16.21,1,0,0
132,7,469.06,384.12,9.38,6.66,1,5,0
132,23,437.64,381.47,4.24,9.57,1,3,0
132,5,251.01,379.29,7.82,8.14,1,0,0
133,1,134.40,324.82,43.77,16.08,1,0,0
133,7,472.95,344.35,9.35,6.62,1,5,0
133,23,439.82,341.11,5.55,9.71,1,3,0
133,5,210.52,336.34,7.20,6.92,1,0,0
133,4,254.42,337.53,7.88,7.92,1,0,0
134,1,135.94,345.22,44.06,16.79,1,0,0
134,7,476.32,367.01,9.44,7.73,1,5,0
134,4,257.10,359.88,7.36,7.78,1,0,0
135,1,140.42,333.17,44.21,16.59,1,0,0
135,7,482.47,349.25,9.72,7.10,1,5,0
135,4,262.84,345.47,8.23,7.99,1,0,0
135,23,450.86,346.57,4.90,9.73,1,3,0
136,1,141.99,353.61,45.13,15.91,1,0,0
136,7,486.36,366.21,9.31,6.68,1,5,0
136,4,265.86,364.83,8.01,7.70,1,0,0
136,23,454.80,364.29,4.80,9.17,1,3,0
137,1,146.78,345.84,44.78,16.14,1,0,0
137,7,492.33,355.34,10.06,7.22,1,5,0
137,4,271.62,355.69,8.01,8.04,1,0,0
137,23,459.73,353.63,4.78,9.35,1,3,0
137,2,125.64,354.13,6.94,7.07,1,0,0
138,1,146.95,346.42,45.17,15.89,1,0,0
138,7,492.75,354.40,9.89,7.58,1,5,0
138,4,271.87,355.52,8.05,8.35,1,0,0
138,23,461.23,352.90,5.48,9.44,1,3,0
138,2,125.71,354.65,6.86,6.90,1,0,0
138,3,39.99,353.06,10.02,7.87,1,0,0
139,1,150.24,356.29,45.75,16.30,1,0,0
139,7,498.89,367.30,10.15,7.35,1,5,0
139,4,276.74,367.03,8.23,8.17,1,0,0
139,23,467.20,366.19,5.20,9.04,1,3,0
140,1,148.51,328.71,45.73,15.73,1,0,0
140,7,498.04,341.21,9.81,7.45,1,5,0
140,4,275.83,339.44,8.39,8.14,1,0,0
140,3,39.89,333.69,9.65,7.90,1,0,0
141,1,148.28,366.80,45.96,16.57,1,0,0
141,7,499.47,383.76,9.45,7.25,1,5,0
141,4,275.96,379.84,8.37,7.88,1,0,0
141,23,467.94,381.82,4.79,9.16,1,3,0
142,1,152.92,341.63,46.12,17.10,1,0,0
142,7,504.81,356.26,9.85,8.17,1,5,0
142,4,281.66,353.72,8.36,8.49,1,0,0
142,23,473.53,354.56,4.81,9.30,1,3,0
143,1,153.00,329.82,46.70,16.50,1,0,0
143,7,507.11,345.17,9.65,7.39,1,5,0
143,4,282.90,341.84,8.91,8.25,1,0,0
143,23,475.57,342.99,5.50,9.66,1,3,0
144,1,156.13,359.19,46.93,17.07,1,0,0
144,7,511.35,374.01,9.99,7.38,1,5,0
144,4,286.90,371.78,8.52,7.96,1,0,0
144,23,480.25,372.18,4.83,9.47,1,3,0
145,1,159.82,351.95,47.59,16.90,1,0,0
145,7,516.62,364.58,10.69,8.01,1,5,0
145,4,292.35,363.75,8.65,8.12,1,0,0
145,23,486.40,362.44,5.33,10.12,1,3,0
145,2,87.51,471.68,15.60,5.84,1,0,0
145,3,40.26,355.15,19.46,9.71,1,0,0
146,1,160.98,335.56,47.98,16.83,1,0,0
146,7,520.45,347.14,10.23,7.32,1,5,0
146,4,295.14,346.72,8.27,7.77,1,0,0
146,23,489.24,345.87,4.92,9.52,1,3,0
147,1,166.80,357.92,48.97,16.74,1,0,0
147,7,527.54,370.54,10.49,7.61,1,5,0
147,4,301.65,369.68,8.61,8.10,1,0,0
147,23,497.33,368.76,5.17,9.78,1,3,0
148,1,169.82,350.07,48.37,17.02,1,0,0
148,7,530.67,364.28,10.38,7.81,1,5,0
148,4,305.12,362.68,8.08,7.72,1,0,0
148,23,500.32,362.30,4.91,9.72,1,3,0
149,1,165.42,356.04,49.31,16.99,1,0,0
149,7,529.71,370.00,10.22,7.30,1,5,0
149,4,302.54,368.50,8.29,7.98,1,0,0
149,23,499.29,368.31,4.94,9.01,1,3,0
150,1,161.30,350.46,48.88,16.64,1,0,0
150,7,526.39,357.90,10.34,7.38,1,5,0
150,4,299.26,360.43,8.11,7.74,1,0,0
150,23,497.16,356.53,4.55,9.40,1,3,0
150,3,40.24,355.61,20.16,10.01,1,0,0
151,1,159.79,353.20,49.51,16.33,1,0,0
151,7,526.95,349.86,9.93,7.34,1,5,0
151,4,299.27,359.31,8.24,8.37,1,0,0
152,1,156.67,349.98,49.65,16.15,1,0,0
152,7,524.93,343.23,10.59,7.66,1,5,0
152,4,296.94,354.57,8.01,8.08,1,0,0
152,23,495.46,343.21,5.30,9.78,1,3,0
153,1,157.27,367.93,50.37,16.69,1,0,0
153,7,527.52,364.05,10.32,7.21,1,5,0
153,4,298.74,374.15,8.47,8.02,1,0,0
153,23,497.65,363.69,4.97,9.50,1,3,0
154,1,155.39,361.27,50.13,16.54,1,0,0
154,7,526.95,359.12,10.87,7.87,1,5,0
154,4,298.20,367.97,8.22,7.96,1,0,0
154,23,497.22,358.37,5.38,10.01,1,3,0
155,1,147.47,348.01,50.82,16.81,1,0,0
155,7,521.46,347.60,10.51,7.77,1,5,0
155,4,291.30,355.79,7.70,7.65,1,0,0
156,1,152.14,375.48,51.48,16.89,1,0,0
156,7,528.10,374.06,10.12,7.14,1,5,0
156,4,297.21,383.00,7.98,7.56,1,0,0
156,3,40.20,383.87,11.34,9.21,1,0,0
156,23,498.80,374.10,4.97,8.91,1,3,0
157,1,151.09,362.35,51.58,17.14,1,0,0
157,7,527.92,358.26,10.36,8.05,1,5,0
157,4,297.06,368.31,7.80,8.03,1,0,0
157,23,498.86,357.76,5.14,9.67,1,3,0
158,1,141.88,350.91,52.31,16.69,1,0,0
158,7,521.37,350.36,10.51,8.07,1,5,0
158,4,288.87,358.32,8.47,8.28,1,0,0
158,23,492.97,350.02,5.11,9.71,1,3,0
159,1,146.72,375.20,52.47,17.01,1,0,0
159,7,527.73,375.55,10.81,7.24,1,5,0
159,4,295.42,383.67,7.66,7.74,1,0,0
159,23,498.60,375.14,5.46,9.51,1,3,0
159,3,39.86,383.87,5.41,8.13,1,0,0
160,1,142.65,341.56,53.10,17.33,1,0,0
160,7,526.04,335.79,10.49,7.15,1,5,0
160,4,292.88,347.55,7.97,7.58,1,0,0
161,1,139.03,343.64,52.63,16.91,1,0,0
161,7,522.79,340.21,10.76,7.90,1,5,0
161,4,289.12,349.95,8.82,8.25,1,0,0
161,23,494.70,339.83,5.06,9.51,1,3,0
162,1,137.44,372.39,53.41,17.28,1,0,0
162,7,523.21,372.63,10.66,7.93,1,5,0
162,4,289.05,381.05,8.32,7.79,1,0,0
162,23,495.25,371.66,5.20,10.01,1,3,0
163,1,135.59,354.72,53.62,17.50,1,0,0
163,7,522.96,351.69,10.78,7.47,1,5,0
163,4,287.94,361.81,8.45,7.75,1,0,0
163,23,495.00,351.50,5.34,9.71,1,3,0
164,1,128.53,351.38,54.02,17.74,1,0,0
164,7,517.70,351.80,10.49,7.52,1,5,0
164,4,282.03,359.90,8.10,7.52,1,0,0
164,23,490.32,350.96,5.36,9.67,1,3,0
165,1,127.32,365.73,54.38,17.29,1,0,0
165,7,517.99,362.32,10.86,8.48,1,5,0
165,4,282.93,373.03,7.65,7.77,1,0,0
165,23,491.35,361.85,4.72,10.41,1,3,0
166,1,119.88,361.77,55.61,17.85,1,0,0
166,7,514.07,360.39,10.91,8.18,1,5,0
166,4,277.45,369.88,8.26,8.03,1,0,0
166,23,487.59,360.05,4.99,9.87,1,3,0
167,1,117.80,350.84,55.39,17.56,1,0,0
167,7,512.53,351.31,10.96,7.61,1,5,0
167,4,275.33,359.05,8.27,7.87,1,0,0
167,23,485.77,350.40,4.95,9.96,1,3,0
168,1,112.11,361.01,56.38,18.13,1,0,0
168,7,510.01,361.71,10.46,7.62,1,5,0
168,4,271.37,369.80,8.50,8.02,1,0,0
168,23,482.16,361.46,5.32,9.44,1,3,0
169,1,111.27,359.22,56.73,17.77,1,0,0
169,7,509.44,357.98,11.00,8.38,1,5,0
169,4,271.57,367.33,8.18,7.97,1,0,0
169,23,482.36,357.48,5.29,9.87,1,3,0
170,1,105.32,355.42,57.18,18.51,1,0,0
170,7,507.16,353.85,10.48,7.52,1,5,0
170,4,267.87,363.59,7.97,7.83,1,0,0
170,23,480.11,353.56,5.21,9.43,1,3,0
171,1,103.56,364.08,57.33,18.75,1,0,0
171,7,507.02,363.25,10.78,7.78,1,5,0
171,4,267.33,372.93,8.03,7.73,1,0,0
171,23,480.68,362.57,5.49,10.07,1,3,0
172,1,99.64,343.45,57.70,18.54,1,0,0
172,7,504.94,339.90,10.73,7.22,1,5,0
172,4,265.36,350.69,7.60,7.53,1,0,0
172,23,477.60,339.71,5.24,9.24,1,3,0
173,1,98.33,363.29,58.56,18.50,1,0,0
173,7,506.13,361.92,10.85,7.60,1,5,0
173,4,264.51,371.86,8.66,7.81,1,0,0
173,23,480.04,361.44,5.09,9.79,1,3,0
174,1,96.61,360.53,58.76,18.80,1,0,0
174,7,506.12,356.23,10.98,8.27,1,5,0
174,4,264.93,367.98,8.17,7.97,1,0,0
174,23,480.68,355.86,5.06,10.47,1,3,0
175,1,91.20,343.30,58.99,18.64,1,0,0
175,7,502.34,340.29,11.86,8.57,1,5,0
175,4,260.94,351.20,7.87,7.59,1,0,0
175,23,477.30,339.18,5.21,10.70,1,3,0
175,3,74.65,449.71,21.00,7.12,1,0,0
176,1,89.50,369.31,60.03,19.14,1,0,0
176,7,504.46,367.68,10.71,8.12,1,5,0
176,4,261.39,377.88,8.16,7.83,1,0,0
176,23,478.93,367.41,4.99,10.43,1,3,0
177,1,81.88,336.65,59.88,18.68,1,0,0
177,7,498.09,333.84,10.93,7.26,1,5,0
177,4,254.69,343.99,8.37,7.99,1,0,0
177,23,462.83,333.91,4.85,9.50,1,3,0
178,1,76.46,358.50,61.09,18.81,1,0,0
178,7,495.58,358.68,11.84,8.09,1,5,0
178,4,251.34,367.76,8.61,7.92,1,0,0
178,23,470.78,357.66,5.14,10.34,1,3,0
179,1,77.57,364.20,62.54,19.25,1,0,0
179,7,499.66,365.37,11.03,7.70,1,5,0
179,4,254.78,373.92,7.95,7.91,1,0,0
179,23,474.86,363.87,5.39,10.45,1,3,0
180,1,75.21,356.06,61.98,19.58,1,0,0
180,7,498.12,355.63,11.39,8.06,1,5,0
180,4,253.60,365.90,7.88,7.47,1,0,0
180,23,473.57,355.52,4.75,9.54,1,3,0
180,3,54.74,471.21,24.20,7.16,1,0,0
181,1,68.38,344.71,62.77,19.35,1,0,0
181,7,493.65,342.06,11.96,8.62,1,5,0
181,4,248.30,353.15,8.05,7.62,1,0,0
181,23,469.68,341.65,5.11,10.37,1,3,0
182,1,66.67,364.73,62.60,20.14,1,0,0
182,7,494.39,363.59,11.01,8.05,1,5,0
182,4,247.57,374.48,8.24,7.69,1,0,0
182,23,470.11,362.92,5.01,10.30,1,3,0
183,1,64.12,350.98,63.31,19.88,1,0,0
183,7,493.37,347.83,11.24,7.96,1,5,0
183,4,247.30,359.23,7.95,7.90,1,0,0
183,23,470.27,347.11,4.72,10.42,1,3,0
184,1,61.34,354.87,64.76,20.76,1,0,0
184,7,493.74,359.07,11.75,8.20,1,5,0
184,4,245.69,366.52,8.40,7.71,1,0,0
184,23,470.23,358.05,5.26,10.41,1,3,0
185,1,60.16,355.52,65.77,21.34,1,0,0
185,7,497.31,363.38,11.13,8.09,1,5,0
185,4,248.09,369.31,8.54,7.65,1,0,0
185,23,473.39,362.17,4.92,10.57,1,3,0
186,1,61.92,358.68,65.75,20.41,1,0,0
186,7,500.88,367.41,10.95,7.97,1,5,0
186,4,250.68,372.10,8.60,7.78,1,0,0
186,23,476.98,365.37,5.66,11.24,1,3,0
187,1,59.96,336.00,66.74,21.12,1,0,0
187,7,500.99,344.58,11.51,8.56,1,5,0
187,4,250.76,349.82,8.53,7.63,1,0,0
187,23,478.14,343.29,4.77,10.43,1,3,0
188,1,59.02,344.31,66.65,20.93,1,0,0
188,7,501.17,349.83,11.77,8.94,1,5,0
188,4,250.68,356.90,8.47,7.82,1,0,0
188,23,478.61,349.37,5.01,10.20,1,3,0
189,1,61.36,350.00,67.24,21.95,1,0,0
189,7,507.44,352.67,11.65,8.66,1,5,0
189,4,256.30,361.92,8.34,7.68,1,0,0
189,23,484.62,352.11,5.23,10.54,1,3,0
190,1,57.17,333.21,67.92,22.19,1,0,0
190,7,505.27,336.68,11.06,8.65,1,5,0
190,4,253.56,345.38,8.25,7.90,1,0,0
190,23,482.23,335.65,5.51,10.77,1,3,0
191,1,57.48,371.05,68.75,21.96,1,0,0
191,7,508.53,377.31,11.48,8.09,1,5,0
191,4,255.92,384.81,8.11,7.61,1,0,0
191,23,486.57,377.08,4.81,9.84,1,3,0
192,1,56.24,358.10,68.56,21.28,1,0,0
192,7,509.34,362.01,12.31,9.03,1,5,0
192,4,256.12,369.87,8.41,7.96,1,0,0
192,23,487.75,361.63,5.03,10.40,1,3,0
193,1,51.15,324.99,70.32,21.99,1,0,0
193,7,506.61,332.61,12.02,8.60,1,5,0
193,4,253.36,338.75,8.45,7.73,1,0,0
193,23,485.38,331.25,5.54,10.65,1,3,0
194,1,43.87,356.10,70.92,24.06,1,0,0
194,7,502.76,375.13,12.10,8.86,1,5,0
194,4,248.13,376.01,8.14,7.90,1,0,0
194,23,481.45,374.15,5.08,10.48,1,3,0
195,1,40.81,326.57,72.53,25.16,1,0,0
195,7,503.76,350.26,10.96,8.64,1,5,0
195,4,247.76,348.05,8.36,7.52,1,0,0
195,23,482.00,349.15,5.24,9.69,1,3,0
196,1,40.26,345.52,69.39,24.43,1,0,0
196,7,502.55,366.07,11.61,8.95,1,5,0
196,4,246.91,366.20,7.67,7.27,1,0,0
196,23,481.97,365.29,4.78,10.12,1,3,0
196,3,217.49,461.17,23.80,7.37,1,0,0
197,1,40.00,361.92,70.05,24.18,1,0,0
197,7,504.09,380.17,11.97,8.64,1,5,0
197,4,247.57,381.81,8.02,7.37,1,0,0
197,23,483.05,379.23,4.54,9.98,1,3,0
198,1,40.24,333.76,66.82,23.77,1,0,0
198,7,504.53,344.31,10.98,8.76,1,5,0
198,4,246.54,349.79,8.54,7.79,1,0,0
198,23,484.09,343.67,4.88,10.25,1,3,0
199,1,40.14,361.52,69.03,24.06,1,0,0
199,7,508.06,371.09,12.03,8.36,1,5,0
199,4,249.83,377.65,8.41,7.90,1,0,0
199,23,488.11,370.31,5.35,9.98,1,3,0
200,1,40.07,331.88,66.12,25.38,1,0,0
200,7,507.54,342.55,12.02,8.80,1,5,0
200,4,248.11,348.34,8.78,7.82,1,0,0
200,23,487.71,342.17,5.16,10.32,1,3,0
201,1,40.03,354.43,60.85,24.36,1,0,0
201,7,504.69,369.26,11.94,9.44,1,5,0
201,4,245.24,373.20,8.16,7.52,1,0,0
201,23,485.08,369.80,4.84,9.83,1,3,0
202,1,39.85,330.85,58.23,25.12,1,0,0
202,7,505.11,344.28,11.46,8.80,1,5,0
202,4,243.81,348.18,8.80,7.40,1,0,0
202,23,484.96,343.53,5.07,10.13,1,3,0
203,1,39.76,327.75,57.79,23.57,1,0,0
203,7,505.47,338.75,12.24,8.38,1,5,0
203,4,244.38,343.77,8.78,7.22,1,0,0
203,23,486.57,337.87,4.67,10.23,1,3,0
204,1,39.94,362.41,61.29,26.16,1,0,0
204,7,511.98,375.88,12.44,8.83,1,5,0
204,4,249.86,381.40,8.55,7.73,1,0,0
204,23,493.04,375.57,4.97,9.77,1,3,0
205,1,39.70,343.56,58.16,23.99,1,0,0
205,7,511.04,347.98,12.22,8.75,1,5,0
205,4,249.28,357.45,7.99,7.02,1,0,0
205,23,492.95,347.97,4.77,9.81,1,3,0
206,1,39.58,359.35,56.77,22.12,1,0,0
206,7,511.10,361.67,12.65,8.52,1,5,0
206,4,248.47,371.57,8.35,7.47,1,0,0
206,23,493.58,362.02,4.68,9.47,1,3,0
207,1,39.62,345.92,54.29,21.43,1,0,0
207,7,510.82,351.41,12.43,8.63,1,5,0
207,4,247.71,358.17,8.37,7.60,1,0,0
207,23,493.82,352.67,4.53,8.69,1,3,0
208,1,39.69,366.02,52.48,22.78,1,0,0
208,7,512.61,373.60,12.53,9.20,1,5,0
208,4,248.06,380.45,8.27,7.55,1,0,0
208,23,495.76,374.05,4.45,9.98,1,3,0
209,1,39.71,354.83,53.43,23.25,1,0,0
209,7,515.43,355.82,12.24,8.85,1,5,0
209,4,250.98,366.54,8.06,7.69,1,0,0
209,23,498.26,356.65,4.82,9.99,1,3,0
210,1,39.72,333.68,46.45,23.58,1,0,0
210,7,511.24,334.39,11.98,8.90,1,5,0
210,4,245.03,345.35,8.34,7.81,1,0,0
210,23,493.81,334.78,5.01,10.05,1,3,0
211,1,39.63,358.30,47.67,24.00,1,0,0
211,7,515.16,368.78,12.25,8.70,1,5,0
211,4,248.69,374.82,8.04,7.48,1,0,0
211,23,499.33,369.20,4.78,9.92,1,3,0
212,1,39.70,341.66,45.80,24.04,1,0,0
212,7,515.02,354.06,12.40,8.92,1,5,0
212,4,246.88,358.14,8.74,7.81,1,0,0
212,23,498.39,354.12,5.01,9.49,1,3,0
213,1,39.84,341.18,41.24,23.00,1,0,0
213,7,513.41,354.10,12.83,8.82,1,5,0
213,4,245.29,357.68,8.42,7.52,1,0,0
213,23,497.28,353.95,4.88,9.31,1,3,0
214,1,39.74,343.03,39.26,24.22,1,0,0
214,7,512.75,355.20,12.89,9.26,1,5,0
214,4,244.04,359.92,8.57,7.82,1,0,0
214,23,497.64,355.88,4.70,9.39,1,3,0
215,1,39.72,360.05,35.48,23.32,1,0,0
215,7,513.90,363.80,12.63,9.15,1,5,0
215,4,244.08,373.03,8.21,7.83,1,0,0
215,23,498.83,364.36,4.73,9.72,1,3,0
216,1,39.73,341.22,33.54,24.10,1,0,0
216,7,512.78,344.08,13.42,8.81,1,5,0
216,4,242.35,353.73,8.91,7.86,1,0,0
216,23,497.87,344.28,4.74,10.05,1,3,0
217,1,39.79,353.06,34.33,24.99,1,0,0
217,7,517.52,363.60,12.85,9.25,1,5,0
217,4,245.66,370.11,8.55,7.78,1,0,0
217,23,503.36,363.95,4.50,9.87,1,3,0
218,1,39.89,347.04,35.52,24.45,1,0,0
218,7,521.60,345.86,13.04,9.21,1,5,0
218,4,249.94,358.51,8.00,7.51,1,0,0
218,23,507.65,346.66,4.83,10.28,1,3,0
219,1,39.90,358.59,34.16,24.69,1,0,0
219,7,522.33,358.12,13.26,8.90,1,5,0
219,4,249.67,370.97,8.22,7.43,1,0,0
219,23,508.89,358.62,4.90,9.71,1,3,0
220,1,39.68,359.96,33.14,23.38,1,0,0
220,7,524.24,360.17,13.11,9.02,1,5,0
220,4,250.48,372.14,8.59,7.82,1,0,0
220,23,511.42,361.19,4.46,9.46,1,3,0
221,1,39.87,334.77,27.54,24.46,1,0,0
221,7,520.85,339.01,12.63,9.46,1,5,0
221,4,246.75,347.95,8.73,7.81,1,0,0
221,23,507.86,339.97,5.01,9.22,1,3,0
222,1,40.02,357.21,22.40,26.61,1,0,0
222,7,518.59,368.55,13.05,9.19,1,5,0
222,4,243.48,375.76,8.48,7.82,1,0,0
222,23,507.13,369.80,4.34,9.38,1,3,0
223,1,39.89,347.45,20.64,26.09,1,0,0
223,7,519.92,355.86,12.76,9.12,1,5,0
223,4,243.75,364.09,8.40,7.59,1,0,0
223,23,507.68,356.78,4.74,9.50,1,3,0
223,3,543.05,355.70,4.64,8.90,1,3,0
224,1,39.90,342.40,14.58,27.16,1,0,0
224,7,518.19,354.23,12.55,8.88,1,5,0
224,4,240.86,361.17,8.43,7.68,1,0,0
224,23,507.46,355.19,4.09,9.24,1,3,0
225,1,39.95,356.80,15.50,28.21,1,0,0
225,7,521.05,370.03,12.66,9.51,1,5,0
225,4,243.25,377.40,8.53,7.60,1,0,0
225,23,510.17,370.84,4.34,9.68,1,3,0
226,1,39.90,348.57,15.33,30.14,1,0,0
226,7,523.33,358.96,13.13,9.81,1,5,0
226,4,245.32,368.21,8.56,7.95,1,0,0
226,23,513.58,360.70,4.04,9.04,1,3,0
227,7,513.67,352.04,12.88,9.25,1,5,0
227,4,234.81,357.01,8.18,7.37,1,0,0
227,23,504.30,353.58,3.98,8.45,1,3,0
228,7,512.05,374.60,12.97,9.21,1,5,0
228,4,231.66,380.14,8.47,7.70,1,0,0
228,23,502.97,376.23,4.43,8.65,1,3,0
229,7,512.27,363.56,12.97,9.52,1,5,0
229,4,230.75,369.13,8.82,7.88,1,0,0
229,23,503.54,366.28,4.03,8.17,1,3,0
229,1,70.16,478.79,17.49,6.71,1,0,0
230,7,520.11,358.63,12.87,9.48,1,5,0
230,4,238.99,368.51,7.99,7.72,1,0,0
230,23,512.17,361.08,3.77,8.19,1,3,0
231,7,522.62,359.86,13.80,9.33,1,5,0
231,4,239.75,370.44,8.92,8.08,1,0,0
231,23,515.69,362.19,3.65,7.88,1,3,0
232,7,520.74,354.26,13.19,9.44,1,5,0
232,4,237.00,364.08,8.54,7.84,1,0,0
232,23,513.73,355.70,4.24,9.13,1,3,0
233,7,519.23,351.96,13.30,9.35,1,5,0
233,4,234.99,359.75,8.72,8.03,1,0,0
233,23,512.64,353.73,4.21,8.47,1,3,0
234,7,521.20,361.20,13.91,9.76,1,5,0
234,4,236.09,368.35,8.29,7.82,1,0,0
235,7,523.56,341.68,13.51,9.45,1,5,0
235,4,237.08,348.67,8.12,7.69,1,0,0
235,23,517.74,343.02,4.10,9.49,1,3,0
236,7,520.89,354.88,13.72,9.81,1,5,0
236,4,233.59,359.19,8.32,7.46,1,0,0
236,23,516.49,357.34,3.94,8.02,1,3,0
237,7,519.64,368.19,14.23,9.60,1,5,0
237,4,232.55,373.34,8.74,7.82,1,0,0
237,23,517.10,370.38,3.74,8.28,1,3,0
238,7,521.21,342.45,14.98,10.49,1,5,0
238,4,234.05,350.28,8.64,7.18,1,0,0
239,7,524.19,358.44,14.20,10.39,1,5,0
239,4,234.82,367.05,8.14,7.79,1,0,0
239,23,522.06,362.12,3.65,7.72,1,3,0
240,7,525.39,377.01,15.03,10.25,1,5,0
240,4,235.63,384.26,8.67,7.80,1,0,0
241,4,234.92,330.57,8.84,7.74,1,0,0
241,1,52.22,452.77,38.46,9.48,1,0,0
241,23,525.09,321.96,13.89,9.94,1,5,0
242,4,233.60,365.98,8.51,7.49,1,0,0
242,7,525.36,359.11,14.30,9.95,1,5,0
243,4,236.85,385.28,8.05,7.18,1,0,0
243,7,529.43,377.25,14.27,10.06,1,5,0
244,4,234.60,339.45,8.59,7.81,1,0,0
244,23,527.26,330.11,14.48,10.52,1,5,0
245,4,228.07,364.28,8.41,7.93,1,0,0
245,7,523.25,360.60,14.41,10.62,1,5,0
246,4,231.12,371.85,8.84,8.01,1,0,0
246,7,526.01,370.77,15.10,10.34,1,5,0
246,1,85.99,468.13,17.87,6.07,1,0,0
247,4,231.12,347.81,8.75,7.73,1,0,0
247,23,527.63,345.62,14.15,10.31,1,5,0
248,4,230.81,374.78,8.35,7.64,1,0,0
248,7,528.24,365.10,14.59,10.06,1,5,0
249,4,230.74,387.98,9.01,8.05,1,0,0
249,7,528.75,376.75,15.18,10.85,1,5,0
250,4,223.83,348.45,8.85,8.02,1,0,0
250,23,521.11,342.60,17.59,11.59,1,5,0
251,4,225.00,391.04,8.59,7.57,1,0,0
251,7,525.14,387.79,14.80,9.86,1,5,0
252,4,224.93,350.60,9.20,7.96,1,0,0
252,23,525.45,345.77,16.10,10.95,1,5,0
253,4,222.88,365.81,9.16,8.41,1,0,0
253,23,524.12,361.15,15.88,10.05,1,5,0
254,4,224.54,377.49,8.79,8.01,1,0,0
254,23,527.82,369.07,14.87,10.32,1,5,0
255,4,223.27,368.33,8.88,7.95,1,0,0
255,23,526.38,360.40,16.87,10.79,1,5,0
256,4,225.56,367.87,9.12,8.02,1,0,0
256,23,528.88,362.21,13.29,9.17,1,5,0
257,4,225.29,355.01,8.89,7.84,1,0,0
257,23,543.72,350.77,4.44,9.88,1,3,0
257,7,531.06,349.48,15.87,10.14,1,5,0
258,4,226.11,373.70,8.71,8.02,1,0,0
258,7,532.09,367.78,13.24,9.54,1,5,0
259,4,227.04,369.03,8.48,7.87,1,0,0
259,7,534.50,362.12,18.87,11.32,1,3,0
259,23,548.10,362.23,5.31,11.37,1,3,0
260,4,223.27,354.19,8.88,8.05,1,0,0
260,7,531.83,349.78,13.78,9.72,1,5,0
260,23,547.96,350.74,4.70,10.08,1,3,0
261,4,221.42,359.80,8.99,8.56,1,0,0
261,7,529.88,356.82,14.50,10.18,1,5,0
261,23,548.32,357.65,4.95,10.02,1,3,0
262,4,223.71,376.18,8.78,7.97,1,0,0
262,7,534.27,370.72,15.24,10.29,1,5,0
262,23,552.47,371.14,4.78,10.52,1,3,0
263,4,223.25,348.20,8.82,7.68,1,0,0
263,7,534.81,339.77,15.02,10.25,1,5,0
263,23,553.25,340.22,4.82,10.71,1,3,0
264,4,221.80,357.67,8.87,8.15,1,0,0
264,7,533.37,350.24,17.36,10.58,1,5,0
264,23,554.05,351.26,4.86,10.39,1,3,0
265,4,228.13,368.51,8.76,7.98,1,0,0
265,7,541.07,359.31,17.01,10.14,1,5,0
265,23,562.87,359.91,4.99,10.73,1,3,0
266,4,226.43,361.81,9.05,8.37,1,0,0
266,7,541.06,351.92,16.84,10.05,1,5,0
266,23,564.13,352.30,4.75,10.70,1,3,0
267,4,225.42,363.33,8.51,7.73,1,0,0
267,7,539.91,353.97,17.20,10.20,1,5,0
267,23,564.13,354.38,5.18,10.72,1,3,0
268,4,221.64,362.20,9.14,8.35,1,0,0
268,7,537.62,357.82,17.95,10.67,1,5,0
268,23,564.08,358.16,5.24,11.41,1,3,0
269,4,221.00,342.94,9.30,8.17,1,0,0
269,7,540.36,340.81,15.84,10.42,1,5,0
269,23,565.82,341.81,5.16,10.49,1,3,0
270,4,223.39,369.34,9.05,8.37,1,0,0
270,7,542.96,362.54,17.65,10.58,1,5,0
270,23,571.32,362.71,5.27,11.01,1,3,0
271,4,224.58,367.70,9.46,8.59,1,0,0
271,7,545.50,359.27,16.71,10.33,1,5,0
271,23,574.03,359.46,5.30,11.46,1,3,0
272,4,222.91,352.83,8.91,8.50,1,0,0
272,7,544.93,343.45,16.85,10.20,1,5,0
272,23,575.79,343.30,5.45,11.07,1,3,0
273,4,222.37,352.88,9.27,8.43,1,0,0
273,7,545.36,345.07,16.36,10.42,1,5,0
273,23,576.78,344.84,5.24,11.75,1,3,0
274,4,219.57,371.00,9.04,7.88,1,0,0
274,7,541.84,365.90,19.90,11.10,1,5,0
274,23,577.65,366.40,5.11,11.35,1,3,0
275,4,218.23,363.66,8.79,8.01,1,0,0
275,7,543.11,361.07,17.90,10.56,1,5,0
275,23,578.64,361.18,5.44,12.00,1,3,0
276,4,214.56,344.69,9.50,8.56,1,0,0
276,7,540.39,344.48,19.05,10.93,1,5,0
276,23,578.29,345.81,5.30,11.54,1,3,0
276,1,63.59,433.42,27.44,8.72,1,0,0
277,4,217.32,369.66,9.19,8.28,1,0,0
277,7,545.15,368.39,18.30,10.82,1,5,0
277,23,583.61,368.62,5.55,11.66,1,3,0
278,4,221.19,358.14,9.02,8.33,1,0,0
278,7,549.44,353.76,18.46,11.66,1,5,0
278,23,589.94,354.25,5.44,12.43,1,3,0
279,4,223.71,354.31,8.79,7.82,1,0,0
279,7,554.23,344.67,17.31,10.98,1,5,0
279,23,595.44,344.40,5.14,12.02,1,3,0
280,4,228.44,365.74,9.12,8.74,1,0,0
280,7,559.12,353.40,17.35,10.40,1,5,0
280,23,602.37,352.68,5.26,11.67,1,3,0
281,4,227.70,360.81,8.52,7.98,1,0,0
281,7,557.20,348.19,20.29,10.98,1,5,0
281,23,604.40,347.10,5.49,12.06,1,3,0
282,4,223.39,345.80,9.01,8.34,1,0,0
282,7,557.15,340.20,18.96,11.06,1,5,0
282,23,605.58,339.99,5.51,12.06,1,3,0
283,4,221.24,346.36,9.01,8.63,1,0,0
283,7,553.10,344.24,21.25,10.94,1,5,0
283,23,604.53,343.93,5.31,12.62,1,3,0
284,4,221.38,371.92,9.20,8.59,1,0,0
284,7,556.79,368.57,19.36,11.03,1,5,0
284,23,609.43,368.18,5.50,12.95,1,3,0
285,4,220.63,342.61,8.88,8.34,1,0,0
285,7,558.55,339.21,17.88,10.98,1,5,0
285,23,611.87,338.93,5.40,12.84,1,3,0
286,4,219.93,355.40,8.81,7.76,1,0,0
286,7,556.57,352.60,21.40,11.61,1,5,0
286,23,614.86,353.27,5.41,12.50,1,3,0
286,1,81.59,465.57,25.78,7.30,1,0,0
287,4,222.91,378.73,8.81,8.38,1,0,0
287,7,559.83,373.84,21.62,11.42,1,5,0
287,23,620.82,373.26,5.86,12.68,1,3,0
288,4,223.57,345.80,9.28,8.22,1,0,0
288,7,562.32,336.41,21.30,12.77,1,5,0
288,23,625.12,336.64,5.59,13.02,1,3,0
289,4,222.13,356.94,8.74,8.79,1,0,0
289,7,561.01,347.74,22.74,13.10,1,5,0
289,23,627.28,348.52,5.60,12.78,1,3,0
290,4,225.97,383.79,9.48,8.76,1,0,0
290,7,567.28,376.04,22.19,13.27,1,5,0
290,23,635.30,376.68,5.63,12.77,1,3,0
291,4,226.29,337.33,8.88,8.07,1,0,0
291,7,567.32,328.34,23.56,15.04,1,5,0
291,23,638.87,331.34,5.23,12.74,1,3,0
292,4,230.18,359.87,9.14,8.57,1,0,0
292,7,573.94,353.00,22.83,14.28,1,5,0
292,23,648.44,354.02,5.85,13.79,1,3,0
293,4,232.94,367.73,9.41,8.39,1,0,0
293,7,577.95,361.09,23.61,12.43,1,5,0
293,23,655.55,360.27,5.82,13.62,1,3,0
294,4,235.29,362.41,8.85,8.26,1,0,0
294,7,584.31,353.95,20.60,12.03,1,5,0
294,23,661.69,352.51,5.80,13.87,1,3,0
295,4,235.12,340.84,8.80,8.36,1,0,0
295,7,582.76,329.35,22.90,13.54,1,5,0
295,23,665.27,328.82,6.23,13.57,1,3,0
296,4,238.93,369.95,8.95,8.39,1,0,0
296,7,587.48,356.82,22.78,12.25,1,5,0
296,23,673.02,352.46,6.27,15.20,1,3,0
297,4,243.24,370.08,9.04,8.56,1,0,0
297,7,592.82,354.20,23.78,13.09,1,5,0
298,4,241.05,357.72,9.00,8.29,1,0,0
298,7,593.53,347.59,23.86,13.90,1,5,0
299,4,241.39,367.34,9.26,8.42,1,0,0
299,7,594.82,358.70,24.69,13.14,1,5,0
300,4,243.02,362.76,8.90,8.33,1,0,0
300,7,598.24,352.87,24.36,14.72,1,5,0
301,4,241.14,343.52,9.29,8.54,1,0,0
301,7,597.71,334.46,24.86,15.21,1,5,0
302,4,243.74,363.16,8.89,8.22,1,0,0
302,7,602.19,358.06,23.81,11.49,1,5,0
303,4,244.19,367.07,9.38,8.71,1,0,0
303,7,602.65,357.49,25.67,16.38,1,5,0
304,4,244.38,354.31,9.70,8.97,1,0,0
304,7,605.11,342.53,26.28,17.61,1,5,0
305,4,244.79,348.87,9.51,8.57,1,0,0
305,7,607.39,340.56,25.57,13.06,1,5,0
306,4,247.07,371.56,9.26,8.66,1,0,0
306,7,611.03,361.78,26.30,13.94,1,5,0
307,4,249.44,355.76,9.56,8.65,1,0,0
307,7,614.82,339.88,26.10,17.50,1,5,0
308,4,250.42,370.13,9.36,8.72,1,0,0
308,7,618.30,356.61,26.40,15.14,1,5,0
309,4,256.19,378.03,9.48,8.83,1,0,0
309,7,625.57,364.04,26.77,16.96,1,5,0
309,23,529.06,376.74,7.23,5.50,1,5,0
310,4,254.71,341.76,9.84,8.68,1,0,0
310,7,625.25,325.31,27.30,18.25,1,5,0
311,4,255.13,357.86,9.25,8.75,1,0,0
311,7,627.78,341.44,26.88,18.23,1,5,0
311,1,43.56,469.92,15.96,7.45,1,0,0
312,4,259.29,373.97,9.77,8.68,1,0,0
312,7,632.57,357.44,28.56,18.55,1,5,0
313,4,261.32,370.44,9.63,8.80,1,0,0
313,7,637.35,356.48,27.89,18.80,1,5,0
314,4,259.99,351.99,9.37,8.72,1,0,0
314,7,638.67,341.29,27.34,17.96,1,5,0
314,1,51.15,415.88,20.76,8.55,1,0,0
315,4,267.42,377.51,9.60,8.62,1,0,0
315,7,648.18,362.22,27.22,17.92,1,5,0
315,23,521.48,372.97,6.03,9.72,1,3,0
316,4,268.69,367.98,9.53,8.74,1,0,0
316,7,650.25,350.30,28.55,18.60,1,5,0
317,4,268.31,362.95,9.51,9.03,1,0,0
317,7,652.18,341.27,26.76,18.44,1,5,0
318,4,271.46,383.47,9.10,8.79,1,0,0
318,7,655.95,361.35,23.60,18.39,1,5,0
319,4,268.95,340.06,9.41,8.89,1,0,0
319,7,656.44,324.16,22.88,17.64,1,5,0
320,4,270.41,364.06,9.59,9.47,1,0,0
320,7,660.28,353.10,19.44,18.54,1,5,0
321,4,276.87,366.19,9.49,9.18,1,0,0
321,7,668.02,353.99,11.54,18.14,1,5,0
321,1,64.22,486.93,21.55,7.96,1,0,0
322,4,277.07,361.33,9.51,8.52,1,0,0
322,7,669.93,349.39,9.82,13.95,1,5,0
323,4,278.55,357.80,9.46,8.91,1,0,0
324,4,278.33,365.54,9.62,9.15,1,0,0
324,23,543.75,357.97,5.47,9.86,1,3,0
325,4,279.00,365.28,9.68,8.99,1,0,0
326,4,279.27,355.56,9.74,8.75,1,0,0
326,1,88.09,471.49,22.47,6.03,1,0,0
327,4,281.51,363.90,9.46,8.73,1,0,0
328,4,282.62,358.66,9.59,8.81,1,0,0
329,4,283.06,353.68,9.52,8.76,1,0,0
330,4,286.32,360.03,9.78,8.59,1,0,0
331,4,285.92,368.12,9.57,8.99,1,0,0
332,4,286.34,371.77,9.88,8.80,1,0,0
333,4,288.49,363.73,9.35,9.21,1,0,0
334,4,290.60,351.75,9.92,9.14,1,0,0
334,1,70.78,466.60,21.20,7.08,1,0,0
335,4,290.39,359.04,10.26,8.96,1,0,0
336,4,291.47,377.93,9.63,8.70,1,0,0
336,23,567.56,369.67,5.11,8.97,1,3,0
337,4,289.72,351.60,9.60,8.96,1,0,0
338,4,288.93,355.89,9.44,8.84,1,0,0
339,4,290.71,377.60,10.65,8.82,1,0,0
340,4,293.52,359.28,9.71,9.09,1,0,0
341,4,291.83,358.99,9.93,9.02,1,0,0
342,4,291.57,366.72,9.95,9.08,1,0,0
343,4,290.78,360.65,9.96,9.12,1,0,0
344,4,288.61,345.01,9.78,9.20,1,0,0
345,4,296.40,387.70,10.27,9.02,1,0,0
346,4,294.10,357.46,9.75,9.12,1,0,0
347,4,290.25,342.90,10.30,8.93,1,0,0
347,1,118.08,458.83,21.25,6.49,1,0,0
348,4,294.84,367.00,10.42,8.96,1,0,0
349,4,299.98,370.02,9.71,9.37,1,0,0
350,4,298.46,355.13,10.40,9.06,1,0,0
351,4,297.79,353.88,9.69,9.20,1,0,0
351,1,53.18,479.31,25.07,8.25,1,0,0
352,4,301.30,363.69,9.53,8.91,1,0,0
353,4,299.72,356.16,9.66,8.91,1,0,0
354,4,295.36,357.35,10.25,9.20,1,0,0
355,4,296.71,361.78,9.92,9.22,1,0,0
356,4,293.46,362.99,10.24,9.41,1,0,0
357,4,292.49,365.89,9.65,9.31,1,0,0
358,4,293.84,353.39,10.21,9.28,1,0,0
359,4,297.09,354.23,10.16,9.43,1,0,0
360,4,306.39,378.70,9.99,9.22,1,0,0
361,4,309.22,358.16,10.06,9.56,1,0,0
362,4,309.28,347.72,10.44,9.29,1,0,0
363,4,313.99,375.67,10.08,9.43,1,0,0
364,4,316.56,363.83,9.99,9.42,1,0,0
365,4,314.13,351.82,10.12,9.43,1,0,0
366,4,316.41,373.84,10.52,9.50,1,0,0
367,4,317.23,352.21,10.91,10.22,1,0,0
368,4,317.61,373.68,10.55,9.56,1,0,0
369,4,320.84,358.03,10.58,10.24,1,0,0
370,4,321.05,349.89,10.61,9.52,1,0,0
370,1,103.82,481.86,16.67,6.19,1,0,0
371,4,325.19,377.90,10.63,9.70,1,0,0
372,4,328.07,349.61,10.56,9.97,1,0,0
373,4,329.02,351.52,10.22,9.68,1,0,0
373,23,577.30,462.02,26.98,6.53,1,0,0
374,4,333.32,365.47,10.23,9.31,1,0,0
374,7,673.49,364.00,6.08,7.22,1,5,0
375,4,338.10,358.78,10.82,9.76,1,0,0
376,4,342.37,353.12,10.05,9.42,1,0,0
376,1,108.95,464.59,18.25,6.16,1,0,0
377,4,344.26,360.47,10.81,9.52,1,0,0
378,4,351.58,362.90,10.74,9.57,1,0,0
379,4,355.36,364.25,10.18,9.46,1,0,0
380,4,358.37,366.00,10.66,9.87,1,0,0
381,4,370.51,358.22,11.26,10.10,1,0,0
382,4,376.11,367.99,10.43,9.27,1,0,0
383,4,382.94,345.54,9.88,9.23,1,0,0
384,4,389.74,357.03,11.17,9.74,1,0,0
385,4,394.36,360.06,10.83,9.26,1,0,0
386,4,400.66,358.85,11.16,9.70,1,0,0
387,4,407.45,357.46,10.87,9.64,1,0,0
388,4,413.73,369.97,10.60,9.95,1,0,0
389,4,419.76,354.85,10.89,9.74,1,0,0
390,4,427.12,361.06,10.50,9.65,1,0,0
391,4,430.21,370.44,10.85,9.92,1,0,0
392,4,440.03,348.93,11.32,9.78,1,0,0
393,4,446.06,366.00,10.87,10.41,1,0,0
394,4,452.12,383.63,10.56,9.72,1,0,0
395,4,457.37,339.29,11.11,9.90,1,0,0
396,4,462.51,373.66,11.11,10.22,1,0,0
397,4,469.76,371.29,11.35,10.43,1,0,0
398,4,473.72,336.10,11.56,10.16,1,0,0
399,4,479.01,378.16,11.56,10.23,1,0,0
400,4,486.58,351.97,11.11,10.42,1,0,0
401,4,489.08,358.82,10.86,9.94,1,0,0
402,4,496.01,374.96,10.56,10.04,1,0,0
403,4,496.09,350.73,10.79,9.86,1,0,0
404,4,495.65,360.00,11.56,9.92,1,0,0
405,4,496.78,369.41,10.90,9.40,1,0,0
406,4,492.39,343.90,11.52,9.61,1,0,0
407,4,494.95,356.27,10.87,10.34,1,0,0
408,4,497.66,362.30,11.09,10.04,1,0,0
409,4,499.81,360.84,10.38,9.77,1,0,0
410,4,497.14,353.65,11.24,9.83,1,0,0
411,4,495.93,351.24,11.29,9.94,1,0,0
412,4,496.79,363.22,11.16,9.49,1,0,0
413,4,495.82,358.31,11.05,10.22,1,0,0
