1,1,470.73,578.87,44.72,26.29,1,0,0
1,2,318.89,575.34,37.03,25.54,1,0,0
1,3,1001.02,614.87,5.47,6.79,1,3,0
2,1,471.14,591.93,44.02,25.98,1,0,0
2,2,319.10,589.20,37.02,24.04,1,0,0
2,3,1000.51,627.88,5.48,6.52,1,3,0
3,1,465.92,584.08,43.82,26.99,1,0,0
3,2,319.25,586.27,31.30,20.39,1,0,0
4,1,462.80,572.74,43.59,27.15,1,0,0
4,2,319.18,575.32,28.62,20.65,1,0,0
4,4,1464.81,617.01,5.98,9.79,1,3,0
4,3,993.59,607.44,4.96,7.61,1,3,0
5,1,458.32,559.13,44.08,27.23,1,0,0
5,2,318.82,563.34,24.42,20.18,1,0,0
5,3,989.00,592.03,5.02,7.31,1,3,0
6,1,440.90,600.69,43.53,26.54,1,0,0
6,2,318.48,604.16,7.94,16.79,1,0,0
6,3,971.26,633.49,5.01,6.77,1,3,0
7,1,440.90,600.69,43.53,26.54,1,0,0
7,2,318.48,604.16,7.94,16.79,1,0,0
7,3,971.26,633.49,5.01,6.77,1,3,0
8,1,435.78,575.05,44.32,26.94,1,0,0
8,3,968.10,609.44,4.72,7.07,1,3,0
8,4,1444.78,617.26,5.83,9.59,1,3,0
9,1,431.23,571.61,43.92,26.87,1,0,0
9,3,962.66,605.40,5.56,7.24,1,3,0
9,4,1441.74,615.19,5.97,9.31,1,3,0
10,1,428.76,583.65,44.63,26.94,1,0,0
10,4,1440.68,627.74,6.51,9.98,1,3,0
11,1,444.21,572.39,44.68,27.21,1,0,0
11,4,1457.33,627.34,6.10,9.73,1,3,0
11,2,318.41,574.65,9.64,19.22,1,0,0
12,1,458.82,590.06,44.90,26.83,1,0,0
12,4,1475.05,631.54,6.15,10.46,1,3,0
12,2,318.79,592.17,21.11,20.93,1,0,0
13,1,463.59,596.69,44.92,26.90,1,0,0
13,4,1481.50,620.20,6.41,10.58,1,3,0
13,2,318.94,601.66,25.76,21.02,1,0,0
14,1,464.42,577.58,45.05,27.36,1,0,0
14,2,318.95,583.28,26.37,21.04,1,0,0
15,1,454.32,568.92,44.46,26.98,1,0,0
15,2,318.80,571.79,15.50,20.50,1,0,0
16,1,453.42,579.35,44.24,27.50,1,0,0
16,2,318.76,578.44,14.57,21.12,1,0,0
17,1,468.97,584.46,45.15,28.00,1,0,0
17,2,319.17,582.75,29.03,21.00,1,0,0
17,4,1491.06,652.85,6.48,10.79,1,3,0
18,1,488.59,576.11,44.76,27.88,1,0,0
18,2,319.10,571.90,46.83,28.20,1,0,0
19,1,490.53,576.21,46.45,27.46,1,0,0
19,2,319.34,578.31,49.74,27.67,1,0,0
19,3,1036.32,592.42,4.86,6.58,1,3,0
19,4,1518.89,584.99,6.13,10.33,1,3,0
20,1,500.81,571.60,45.47,27.40,1,0,0
20,2,319.84,564.56,56.98,29.00,1,0,0
21,1,508.26,574.99,45.45,27.68,1,0,0
21,2,321.08,561.30,62.38,29.15,1,0,0
21,4,1536.07,657.86,6.44,11.38,1,3,0
22,1,515.43,584.80,45.99,27.42,1,0,0
22,2,325.63,573.57,64.89,29.16,1,0,0
22,4,1546.07,651.95,5.98,10.89,1,3,0
23,1,526.33,594.86,45.79,27.35,1,0,0
23,2,335.51,596.38,64.14,27.62,1,0,0
24,1,526.27,585.42,46.30,27.49,1,0,0
24,2,335.32,586.10,64.58,28.21,1,0,0
25,1,526.23,577.49,46.34,27.66,1,0,0
25,2,334.56,573.09,64.82,28.71,1,0,0
25,4,1563.19,614.23,5.92,10.38,1,3,0
26,1,515.81,578.03,46.60,27.57,1,0,0
26,2,323.00,569.17,66.37,28.70,1,0,0
26,4,1553.49,636.75,6.01,10.61,1,3,0
27,1,499.19,593.20,45.89,27.20,1,0,0
27,2,319.84,585.18,53.04,28.75,1,0,0
27,4,1539.78,643.86,6.06,10.65,1,3,0
28,1,488.07,587.48,45.79,27.41,1,0,0
28,2,318.98,584.51,42.03,27.09,1,0,0
29,1,485.74,559.64,46.42,27.56,1,0,0
29,2,319.03,558.78,39.81,25.00,1,0,0
30,1,478.48,583.41,45.94,27.26,1,0,0
30,2,319.11,585.17,32.30,20.77,1,0,0
30,4,1525.73,628.11,6.18,10.34,1,3,0
31,1,471.81,593.15,46.75,27.35,1,0,0
31,2,318.92,596.00,26.58,20.96,1,0,0
31,4,1522.56,631.05,5.61,9.81,1,3,0
31,3,1024.56,626.30,4.53,6.43,1,3,0
32,1,467.79,573.22,46.34,27.91,1,0,0
32,2,318.63,577.39,21.41,21.71,1,0,0
32,4,1520.11,607.19,5.79,9.45,1,3,0
33,1,455.81,568.97,46.24,28.15,1,0,0
33,2,319.05,574.39,11.61,18.81,1,0,0
34,1,444.00,597.67,46.52,27.95,1,0,0
34,4,1499.83,643.77,7.00,11.77,1,3,0
35,1,436.23,581.47,46.81,28.61,1,0,0
35,4,1494.66,631.43,6.25,9.98,1,3,0
36,1,433.49,539.22,47.43,27.49,1,0,0
36,4,1494.62,580.54,6.55,10.71,1,3,0
37,1,434.30,572.09,47.41,28.31,1,0,0
38,1,433.70,594.16,47.17,28.16,1,0,0
39,1,433.18,553.38,47.37,28.26,1,0,0
39,3,988.82,588.06,4.87,6.80,1,3,0
39,4,1500.05,596.66,6.61,10.64,1,3,0
40,1,421.08,586.21,47.29,27.99,1,0,0
40,4,1491.41,621.84,6.24,10.86,1,3,0
41,1,422.08,581.51,47.79,28.60,1,0,0
42,1,433.43,579.74,47.57,28.67,1,0,0
42,3,992.42,630.50,4.71,8.02,1,3,0
42,4,1505.53,651.32,6.63,10.87,1,3,0
43,1,445.02,564.53,48.20,28.46,1,0,0
44,1,449.76,573.49,47.70,28.06,1,0,0
44,2,319.64,590.89,14.52,5.64,1,0,0
44,3,1012.14,600.60,4.94,7.33,1,3,0
44,4,1527.95,602.13,6.18,10.60,1,3,0
45,1,449.32,609.12,48.02,28.00,1,0,0
45,2,319.47,627.30,13.37,6.22,1,0,0
45,3,1012.21,629.18,5.34,6.90,1,3,0
45,4,1529.04,619.84,6.25,11.38,1,3,0
46,1,450.09,598.20,47.98,28.44,1,0,0
46,2,319.11,612.35,13.95,6.22,1,0,0
46,3,1013.24,637.20,4.85,6.67,1,3,0
47,1,458.86,539.06,48.83,29.41,1,0,0
47,3,1023.26,591.72,5.21,7.01,1,3,0
47,4,1540.89,616.64,6.20,11.82,1,3,0
48,1,467.41,546.74,49.02,28.40,1,0,0
48,3,1034.03,592.76,5.24,7.50,1,3,0
48,4,1551.51,613.06,6.16,10.17,1,3,0
48,2,319.01,545.83,13.89,21.69,1,0,0
49,1,470.99,593.38,49.75,27.74,1,0,0
49,2,318.91,596.77,17.24,21.67,1,0,0
50,1,465.68,577.83,49.80,28.71,1,0,0
50,2,318.53,582.54,12.78,19.04,1,0,0
50,5,327.73,593.30,21.19,6.81,1,0,0
50,3,1035.16,610.92,5.16,7.62,1,3,0
51,1,445.76,580.92,48.66,28.58,1,0,0
51,5,319.09,593.19,12.45,6.25,1,0,0
51,3,1013.29,626.66,4.69,6.88,1,3,0
51,4,1537.65,641.12,6.17,11.37,1,3,0
52,1,450.96,548.54,49.90,29.01,1,0,0
52,3,1021.47,591.67,5.10,6.92,1,3,0
52,4,1546.25,608.24,6.14,10.40,1,3,0
52,2,318.99,562.49,16.48,6.17,1,0,0
53,1,466.79,562.78,50.11,28.71,1,0,0
53,4,1563.32,620.02,6.12,11.11,1,3,0
53,2,327.14,575.39,24.29,7.26,1,0,0
54,1,473.20,602.29,49.55,28.02,1,0,0
54,2,332.23,615.08,24.88,6.36,1,0,0
54,5,318.87,602.20,15.23,22.40,1,0,0
54,3,1046.25,641.34,5.15,7.13,1,3,0
55,1,480.21,598.47,49.65,29.01,1,0,0
55,2,342.19,614.04,23.44,6.28,1,0,0
55,5,319.01,601.34,21.38,22.46,1,0,0
56,1,489.84,587.76,50.66,32.62,1,0,0
56,5,319.01,592.68,31.32,26.02,1,0,0
57,1,492.74,575.88,50.42,29.32,1,0,0
57,5,319.21,581.46,32.63,22.58,1,0,0
57,4,1595.02,604.14,5.13,10.72,1,3,0
57,3,1070.19,604.08,4.95,6.38,1,3,0
57,2,352.86,593.32,25.15,7.09,1,0,0
58,1,488.88,590.51,51.20,28.36,1,0,0
58,5,319.23,593.12,28.42,22.30,1,0,0
58,4,1594.69,627.24,5.26,10.72,1,3,0
59,1,478.64,595.73,50.25,28.75,1,0,0
59,5,318.96,596.44,17.94,22.10,1,0,0
59,4,1586.59,645.42,6.25,10.85,1,3,0
60,1,467.87,556.92,50.80,29.04,1,0,0
60,3,1046.14,599.70,4.81,7.79,1,3,0
60,2,321.96,569.33,32.66,7.32,1,0,0
61,1,437.76,594.86,50.24,28.64,1,0,0
61,5,318.70,611.41,10.51,5.88,1,0,0
62,1,437.03,596.51,50.23,29.30,1,0,0
63,1,445.82,570.57,50.71,29.79,1,0,0
63,4,1565.23,624.94,6.10,11.09,1,3,0
63,3,1025.45,612.94,4.64,6.68,1,3,0
63,5,318.95,585.10,15.62,6.64,1,0,0
64,1,445.93,541.90,51.08,29.23,1,0,0
64,4,1566.91,603.65,6.04,10.73,1,3,0
64,5,319.47,556.27,15.68,5.95,1,0,0
65,1,436.79,572.45,51.26,28.95,1,0,0
65,4,1561.05,616.02,6.24,10.23,1,3,0
65,3,1017.85,608.69,5.03,6.92,1,3,0
66,1,435.68,600.39,50.70,29.03,1,0,0
66,4,1561.41,637.57,6.28,11.24,1,3,0
66,3,1017.04,635.09,5.22,7.08,1,3,0
67,1,438.22,596.16,51.11,29.36,1,0,0
67,4,1565.53,647.12,6.13,11.17,1,3,0
67,5,318.51,610.42,10.46,6.28,1,0,0
68,1,435.04,567.47,51.37,29.48,1,0,0
68,4,1565.61,613.16,6.52,10.09,1,3,0
68,5,318.17,583.94,8.27,6.77,1,0,0
69,1,433.27,552.98,51.96,29.17,1,0,0
69,3,1018.29,586.57,4.87,7.01,1,3,0
70,1,426.68,578.77,52.02,29.25,1,0,0
70,3,1010.98,613.74,4.99,7.05,1,3,0
70,4,1562.56,619.86,6.12,10.58,1,3,0
71,1,416.53,599.34,51.58,29.82,1,0,0
71,4,1553.61,637.54,6.42,11.07,1,3,0
72,1,413.53,574.12,51.59,29.77,1,0,0
72,4,1553.52,620.22,6.22,11.45,1,3,0
72,3,998.65,612.49,4.78,6.85,1,3,0
73,1,426.73,541.17,52.46,29.73,1,0,0
73,4,1567.94,608.05,6.21,11.04,1,3,0
73,3,1013.42,588.16,5.15,6.84,1,3,0
74,1,437.40,555.84,52.45,29.60,1,0,0
75,1,429.53,617.12,53.01,29.61,1,0,0
76,1,430.44,606.55,52.82,30.83,1,0,0
76,3,1021.76,652.23,4.95,6.64,1,3,0
77,1,440.03,527.84,54.04,30.48,1,0,0
77,5,319.00,540.66,14.85,7.79,1,0,0
77,4,1592.10,607.81,6.78,13.20,1,3,0
78,1,448.35,535.35,54.36,30.32,1,0,0
78,3,1043.38,585.08,5.05,6.60,1,3,0
79,1,455.51,613.43,53.39,29.16,1,0,0
79,5,320.11,627.96,27.22,7.34,1,0,0
80,1,460.45,610.39,53.17,29.89,1,0,0
81,1,451.07,580.26,53.94,30.17,1,0,0
82,1,447.21,572.68,54.27,30.22,1,0,0
82,5,319.02,586.05,22.80,7.20,1,0,0
83,1,443.92,575.32,53.91,30.30,1,0,0
83,5,318.92,590.31,19.25,6.80,1,0,0
84,1,437.74,592.07,54.05,29.71,1,0,0
84,5,319.05,609.54,14.23,6.11,1,0,0
85,1,433.77,591.58,54.37,30.03,1,0,0
85,5,318.92,610.16,10.98,5.72,1,0,0
86,1,420.78,586.21,53.67,30.11,1,0,0
87,1,416.87,575.84,54.66,30.14,1,0,0
87,4,1594.26,625.90,5.79,12.16,1,3,0
88,1,410.20,559.79,54.22,30.63,1,0,0
88,4,1591.38,609.59,6.47,12.40,1,3,0
88,3,1011.46,599.33,4.98,7.16,1,3,0
89,1,383.47,603.58,53.35,29.83,1,0,0
90,1,378.27,586.98,54.01,30.44,1,0,0
90,4,1565.20,632.06,5.72,11.17,1,3,0
91,1,384.19,554.69,53.95,30.37,1,0,0
91,4,1573.18,617.25,6.13,11.77,1,3,0
91,3,985.53,600.17,5.07,7.64,1,3,0
92,1,389.46,554.28,55.03,30.94,1,0,0
92,3,992.18,608.81,4.75,7.81,1,3,0
93,1,387.35,570.92,55.28,29.94,1,0,0
94,1,387.35,570.92,55.28,29.94,1,0,0
95,1,390.56,586.84,55.12,30.94,1,0,0
95,4,1589.29,607.99,6.63,12.25,1,3,0
95,3,997.70,614.09,4.90,6.63,1,3,0
96,1,409.67,556.17,55.12,31.66,1,0,0
96,3,1018.23,611.21,5.07,7.81,1,3,0
97,1,418.48,571.91,55.36,31.37,1,0,0
98,1,415.56,591.00,55.92,30.43,1,0,0
99,1,414.80,591.18,55.65,30.77,1,0,0
100,1,421.57,583.69,57.17,31.01,1,0,0
101,1,425.13,575.74,55.82,31.38,1,0,0
101,3,1040.46,632.33,4.77,8.01,1,3,0
102,1,432.93,600.37,56.48,30.56,1,0,0
102,5,319.42,616.84,15.25,6.60,1,0,0
103,1,444.12,574.35,56.94,31.06,1,0,0
103,5,319.57,593.21,26.60,8.30,1,0,0
104,1,449.11,567.36,56.91,30.81,1,0,0
104,5,319.52,585.59,30.35,7.62,1,0,0
105,1,446.06,587.70,57.06,31.02,1,0,0
105,5,319.84,603.48,27.55,7.13,1,0,0
106,1,441.99,576.68,56.54,31.10,1,0,0
106,5,319.29,592.01,24.02,7.95,1,0,0
107,1,440.41,550.09,57.29,31.65,1,0,0
107,5,319.33,567.58,23.91,7.10,1,0,0
108,1,428.27,587.73,56.64,31.30,1,0,0
108,5,318.90,606.39,12.26,6.38,1,0,0
109,1,421.24,572.49,57.28,31.59,1,0,0
110,1,419.37,558.56,57.91,31.71,1,0,0
110,3,1043.47,610.07,5.30,7.90,1,3,0
111,1,420.39,561.38,57.89,31.92,1,0,0
112,1,426.43,578.94,57.29,31.30,1,0,0
113,1,425.06,599.17,57.52,31.16,1,0,0
114,1,418.85,599.45,58.36,30.93,1,0,0
114,3,1047.04,636.25,4.99,7.15,1,3,0
115,1,407.53,561.91,57.47,32.39,1,0,0
115,3,1035.07,603.30,5.12,7.32,1,3,0
116,1,406.04,554.38,57.71,31.89,1,0,0
117,1,417.26,565.98,58.04,31.83,1,0,0
117,3,1047.91,617.18,5.21,7.11,1,3,0
118,1,423.88,565.47,58.38,32.00,1,0,0
118,5,318.93,581.24,11.99,6.58,1,0,0
119,1,421.64,569.75,58.50,31.16,1,0,0
119,5,318.61,587.39,11.71,6.19,1,0,0
120,1,408.50,592.62,58.93,31.09,1,0,0
121,1,414.29,571.60,58.43,31.95,1,0,0
121,3,1049.04,611.80,4.98,7.00,1,3,0
122,1,420.58,572.22,59.12,32.03,1,0,0
122,5,318.61,587.35,10.51,6.49,1,0,0
123,1,417.88,571.47,59.36,32.06,1,0,0
123,5,318.40,586.85,8.85,5.76,1,0,0
124,1,415.57,554.93,58.87,32.27,1,0,0
125,1,415.89,570.00,58.90,31.76,1,0,0
126,1,413.93,598.19,59.29,31.86,1,0,0
127,1,410.27,583.49,59.87,32.55,1,0,0
128,1,408.50,564.35,59.64,32.33,1,0,0
129,1,408.07,570.41,59.84,32.05,1,0,0
129,3,1088.59,608.17,5.85,11.39,1,3,0
130,1,393.52,603.74,59.28,32.09,1,0,0
130,3,1036.68,641.13,5.16,7.38,1,3,0
131,1,389.86,581.71,59.17,32.51,1,0,0
132,1,397.57,551.48,60.36,32.36,1,0,0
133,1,397.04,574.58,60.38,32.42,1,0,0
134,1,390.61,575.26,59.77,32.54,1,0,0
135,1,398.32,575.30,60.42,32.69,1,0,0
136,1,402.08,570.74,60.40,32.43,1,0,0
137,1,406.12,574.42,60.68,32.51,1,0,0
137,3,1057.63,613.29,5.12,7.80,1,3,0
138,1,402.85,574.13,61.72,32.54,1,0,0
139,1,398.93,569.01,61.23,32.26,1,0,0
140,1,390.76,566.47,61.12,32.90,1,0,0
141,1,395.24,575.85,61.29,33.00,1,0,0
141,3,1049.18,625.10,5.09,7.47,1,3,0
142,1,403.40,579.40,61.37,33.77,1,0,0
142,3,1060.78,625.20,4.76,7.26,1,3,0
143,1,402.74,576.81,62.34,32.83,1,0,0
144,1,399.25,561.46,62.12,33.25,1,0,0
144,3,1058.30,602.32,4.87,7.61,1,3,0
145,1,394.68,569.67,61.91,32.43,1,0,0
146,1,388.07,587.95,61.35,32.97,1,0,0
146,3,1047.92,627.97,5.20,7.33,1,3,0
147,1,384.59,592.16,62.17,32.51,1,0,0
148,1,371.91,574.80,61.80,33.16,1,0,0
148,3,1033.36,616.93,5.35,7.79,1,3,0
149,1,367.37,558.62,61.75,33.00,1,0,0
150,1,364.22,574.74,62.08,33.56,1,0,0
151,1,359.12,590.76,61.84,32.71,1,0,0
152,1,352.42,577.54,62.62,33.07,1,0,0
153,1,350.06,542.50,61.89,32.79,1,0,0
154,1,353.89,559.52,61.88,33.22,1,0,0
154,3,1018.89,607.24,4.78,7.83,1,3,0
155,1,354.59,590.79,62.61,33.12,1,0,0
156,1,354.42,591.42,63.07,33.25,1,0,0
157,1,357.64,576.78,62.12,33.05,1,0,0
157,3,1025.51,611.31,5.31,7.71,1,3,0
158,1,361.03,571.21,63.18,33.74,1,0,0
159,1,357.04,564.85,62.81,34.03,1,0,0
160,1,352.94,561.56,63.36,34.12,1,0,0
161,1,352.79,590.19,64.35,33.10,1,0,0
162,1,358.88,581.55,64.03,33.14,1,0,0
163,1,359.56,589.56,63.89,33.72,1,0,0
164,1,355.21,586.32,64.29,34.44,1,0,0
165,1,357.51,552.10,64.48,34.45,1,0,0
165,3,1036.40,601.73,4.82,7.70,1,3,0
166,1,364.34,573.21,64.09,33.78,1,0,0
166,3,1045.75,612.49,5.01,7.78,1,3,0
167,1,369.34,589.66,64.97,33.44,1,0,0
168,1,370.45,579.52,65.27,33.89,1,0,0
169,1,363.64,555.98,65.51,34.39,1,0,0
169,3,1048.44,614.43,4.82,7.23,1,3,0
170,1,363.64,555.98,65.51,34.39,1,0,0
170,3,1048.44,614.43,4.82,7.23,1,3,0
171,1,341.90,593.22,65.20,32.84,1,0,0
172,1,341.39,607.13,65.33,33.95,1,0,0
173,1,358.70,564.91,66.26,35.10,1,0,0
174,1,377.44,547.27,66.20,35.06,1,0,0
175,1,381.77,598.99,66.58,34.45,1,0,0
176,1,380.46,597.54,67.02,34.62,1,0,0
177,1,367.23,571.26,67.55,34.72,1,0,0
177,3,1063.98,606.60,5.05,9.16,1,3,0
178,1,354.97,552.18,67.44,35.94,1,0,0
178,3,1049.28,623.51,5.28,8.69,1,3,0
179,1,366.21,549.99,66.74,36.20,1,0,0
180,1,370.22,558.14,68.18,34.37,1,0,0
180,3,1071.13,603.84,5.00,7.43,1,3,0
181,1,374.94,582.27,67.95,34.09,1,0,0
182,1,372.57,583.40,68.60,34.31,1,0,0
183,1,368.61,568.60,68.33,34.34,1,0,0
183,3,1072.69,617.02,5.04,7.18,1,3,0
184,1,368.43,558.25,68.45,34.65,1,0,0
185,1,357.39,593.02,68.41,34.71,1,0,0
186,1,353.12,585.52,67.96,35.30,1,0,0
187,1,350.51,570.74,68.71,35.48,1,0,0
188,1,351.48,572.42,68.39,35.66,1,0,0
189,1,351.75,563.48,68.91,35.49,1,0,0
189,3,1061.23,603.71,5.01,8.02,1,3,0
190,1,348.29,566.01,70.04,35.45,1,0,0
190,3,1059.36,604.78,5.49,8.03,1,3,0
191,1,343.13,572.50,69.72,35.39,1,0,0
192,1,344.33,565.31,70.23,35.55,1,0,0
192,3,1057.98,614.47,5.46,8.60,1,3,0
193,1,339.63,567.44,69.14,35.39,1,0,0
194,1,332.48,576.20,69.49,35.50,1,0,0
194,3,1046.97,623.28,5.12,7.61,1,3,0
195,1,328.26,564.40,68.94,35.90,1,0,0
196,1,329.17,580.86,70.09,35.72,1,0,0
196,3,1046.39,627.94,5.16,7.91,1,3,0
197,1,320.98,582.90,71.69,36.47,1,0,0
198,1,319.65,580.11,66.11,36.69,1,0,0
199,1,319.54,554.45,57.86,36.52,1,0,0
199,3,1025.33,599.45,5.09,7.53,1,3,0
200,1,319.54,554.92,61.72,38.07,1,0,0
201,1,319.61,573.68,64.16,37.04,1,0,0
202,1,319.48,591.55,64.69,36.53,1,0,0
203,1,319.26,586.03,54.17,37.05,1,0,0
204,1,319.38,564.90,53.86,36.45,1,0,0
205,1,319.53,565.39,66.46,37.23,1,0,0
206,1,330.76,561.00,72.16,37.24,1,0,0
207,1,341.02,569.09,72.64,36.04,1,0,0
208,1,343.92,588.00,73.73,36.23,1,0,0
209,1,338.09,554.24,73.12,36.53,1,0,0
210,1,332.97,565.00,73.31,36.60,1,0,0
211,1,328.51,578.55,72.96,37.39,1,0,0
212,1,319.44,575.47,53.87,36.60,1,0,0
213,1,319.29,567.76,48.01,33.17,1,0,0
214,1,319.39,562.15,48.61,35.93,1,0,0
215,1,319.46,574.31,48.09,35.93,1,0,0
215,3,1033.74,637.42,5.10,8.35,1,3,0
216,1,318.99,566.24,53.23,36.90,1,0,0
216,3,1040.13,608.35,5.00,8.78,1,3,0
217,1,319.16,562.50,55.12,37.99,1,0,0
218,1,319.29,614.86,44.28,27.89,1,0,0
218,3,1033.01,646.56,5.53,8.73,1,3,0
219,1,319.06,623.12,27.94,22.67,1,0,0
220,1,318.81,573.59,23.62,24.80,1,0,0
221,1,319.08,551.83,27.83,23.45,1,0,0
222,1,319.15,576.18,27.69,24.87,1,0,0
222,3,1018.89,611.27,5.18,9.01,1,3,0
223,1,319.19,596.21,29.81,23.35,1,0,0
223,3,1021.69,629.31,5.18,8.29,1,3,0
224,1,319.19,596.94,38.43,23.83,1,0,0
225,1,319.31,569.04,44.39,33.01,1,0,0
226,1,319.49,575.57,54.94,37.28,1,0,0
227,1,319.43,577.93,60.79,38.16,1,0,0
228,1,319.48,585.77,61.20,40.11,1,0,0
229,1,319.42,572.62,62.51,37.73,1,0,0
230,1,319.29,576.39,57.47,37.82,1,0,0
231,1,319.36,586.28,53.41,36.92,1,0,0
231,3,1058.94,629.02,5.85,9.13,1,3,0
232,1,319.25,564.31,51.02,34.84,1,0,0
232,3,1057.22,614.57,5.43,8.71,1,3,0
233,1,319.42,537.27,53.37,37.40,1,0,0
233,3,1060.87,593.21,5.17,8.98,1,3,0
234,1,319.54,562.87,54.36,38.32,1,0,0
235,1,319.63,583.06,50.94,33.99,1,0,0
235,3,1061.16,625.45,4.64,8.08,1,3,0
236,1,319.28,588.18,44.58,25.75,1,0,0
237,1,319.00,585.46,24.86,24.31,1,0,0
237,3,1034.50,626.67,5.20,8.50,1,3,0
238,1,319.10,556.87,37.06,24.02,1,0,0
238,3,1048.33,611.33,4.96,8.35,1,3,0
239,1,319.35,550.64,49.10,35.96,1,0,0
240,1,319.57,581.42,50.95,36.10,1,0,0
241,1,319.51,611.08,56.46,37.94,1,0,0
242,1,319.09,597.22,57.65,37.19,1,0,0
243,1,319.50,554.59,50.63,35.97,1,0,0
243,3,1069.56,610.23,5.09,8.72,1,3,0
244,1,319.20,590.27,41.62,24.24,1,0,0
245,1,319.17,594.81,32.74,23.92,1,0,0
246,1,319.12,569.54,31.77,24.07,1,0,0
247,1,318.86,591.76,22.45,24.54,1,0,0
248,1,318.97,605.03,13.89,25.28,1,0,0
248,3,1035.29,641.12,5.57,8.83,1,3,0
249,1,319.09,567.84,31.26,24.22,1,0,0
249,3,1057.15,612.23,5.44,9.26,1,3,0
250,1,319.28,573.15,39.68,24.47,1,0,0
251,1,318.99,607.29,40.45,24.41,1,0,0
252,1,319.28,622.79,38.41,23.88,1,0,0
253,1,319.60,543.85,56.42,36.19,1,0,0
254,1,319.30,541.49,61.42,39.77,1,0,0
254,3,1097.29,600.39,5.09,9.10,1,3,0
255,1,319.51,602.84,52.76,37.11,1,0,0
256,1,319.32,602.29,50.27,27.18,1,0,0
256,3,1088.99,631.90,5.03,8.67,1,3,0
257,1,319.49,559.93,55.08,35.13,1,0,0
257,3,1095.52,601.41,5.33,8.81,1,3,0
258,1,319.50,561.84,53.44,36.06,1,0,0
258,3,1094.20,612.07,5.75,8.67,1,3,0
259,1,319.13,591.91,43.66,25.05,1,0,0
260,1,319.16,570.97,41.15,24.57,1,0,0
260,3,1084.70,616.27,5.02,8.44,1,3,0
261,1,319.16,581.38,36.57,24.81,1,0,0
262,1,319.11,593.64,24.21,24.75,1,0,0
263,1,318.85,568.61,16.59,28.59,1,0,0
263,3,1062.46,606.23,5.87,9.88,1,3,0
267,3,1037.30,640.66,5.37,8.66,1,3,0
268,3,1033.14,604.04,5.65,9.78,1,3,0
270,3,1018.19,631.34,5.49,9.65,1,3,0
271,3,1022.79,612.80,5.06,8.39,1,3,0
272,3,1023.62,622.21,5.37,8.82,1,3,0
273,3,1011.83,611.05,5.34,9.79,1,3,0
279,3,989.02,644.76,5.45,9.95,1,3,0
281,3,994.97,610.45,5.63,9.80,1,3,0
282,3,1000.88,627.65,5.25,8.89,1,3,0
283,3,997.58,640.79,5.43,9.81,1,3,0
285,3,1012.11,621.95,5.73,10.44,1,3,0
288,3,1008.38,637.60,6.12,10.39,1,3,0
291,3,1049.43,633.32,5.53,10.15,1,3,0
293,3,1060.95,635.46,5.18,10.25,1,3,0
294,3,1072.58,639.83,5.40,9.06,1,3,0
295,3,1081.44,627.76,5.74,11.02,1,3,0
296,3,1085.12,627.19,5.28,9.95,1,3,0
298,3,1088.24,629.34,5.45,10.81,1,3,0
300,3,1085.03,629.16,5.45,10.27,1,3,0
302,3,1083.84,613.74,5.58,9.72,1,3,0
305,3,1082.14,645.87,5.36,10.43,1,3,0
308,3,1069.69,633.41,5.28,10.07,1,3,0
311,3,1048.89,635.75,5.48,10.31,1,3,0
314,3,1034.79,614.07,5.60,9.68,1,3,0
316,3,1046.91,632.13,5.57,10.49,1,3,0
318,3,1045.50,579.36,5.76,11.15,1,3,0
319,3,1060.69,634.71,5.34,10.47,1,3,0
320,3,1056.57,656.06,6.07,11.96,1,3,0
322,3,1049.56,608.29,6.29,11.06,1,3,0
325,3,1047.28,652.11,6.85,11.55,1,3,0
329,3,1034.48,652.66,5.59,10.80,1,3,0
331,3,1044.93,583.48,5.94,11.56,1,3,0
332,3,1045.27,631.33,5.71,11.15,1,3,0
333,3,1041.24,625.75,5.73,10.96,1,3,0
334,3,1046.21,616.50,5.75,11.07,1,3,0
336,3,1059.81,633.02,5.52,10.70,1,3,0
339,3,1047.01,648.76,6.00,11.27,1,3,0
340,3,1059.28,620.05,5.79,11.06,1,3,0
344,3,1060.83,602.08,5.58,11.08,1,3,0
345,3,1060.05,625.43,6.01,11.87,1,3,0
346,3,1066.91,610.47,6.04,11.69,1,3,0
347,3,1064.33,583.64,6.06,11.63,1,3,0
348,3,1057.95,612.58,5.82,11.19,1,3,0
350,3,1056.83,638.08,5.85,11.16,1,3,0
353,3,1085.07,638.93,6.16,11.65,1,3,0
355,3,1066.62,626.78,5.63,11.21,1,3,0
357,3,1071.54,604.82,5.76,11.92,1,3,0
359,3,1081.62,665.00,5.87,12.04,1,3,0
360,3,1081.75,567.73,5.70,11.79,1,3,0
361,3,1089.97,610.94,6.71,11.99,1,3,0
362,3,1085.19,631.50,5.31,11.34,1,3,0
364,3,1104.44,621.38,6.19,12.07,1,3,0
365,3,1109.02,619.97,5.28,11.30,1,3,0
366,3,1129.18,635.77,6.00,11.83,1,3,0
369,3,1120.52,625.63,5.62,11.23,1,3,0
370,3,1094.04,620.46,5.53,11.12,1,3,0
371,3,1097.38,611.31,5.93,12.04,1,3,0
372,3,1095.36,612.83,6.17,11.85,1,3,0
373,3,1095.66,616.02,6.19,12.07,1,3,0
374,3,1088.17,631.20,6.12,12.21,1,3,0
375,3,1060.92,628.06,6.31,12.45,1,3,0
378,3,1022.95,622.17,6.15,11.92,1,3,0
379,3,1015.80,625.41,5.78,11.69,1,3,0
380,3,1009.88,627.82,6.28,11.87,1,3,0
381,3,996.46,611.89,6.18,12.07,1,3,0
382,3,985.30,616.98,5.94,12.41,1,3,0
383,3,963.90,640.80,6.24,12.14,1,3,0
384,3,964.31,638.70,6.07,11.87,1,3,0
385,3,1007.90,602.86,6.71,12.86,1,3,0
386,3,1016.04,628.11,6.26,12.39,1,3,0
390,3,1095.45,626.24,6.19,11.71,1,3,0
392,3,1095.13,630.88,6.14,11.82,1,3,0
394,3,1118.20,620.52,6.13,12.15,1,3,0
395,3,1113.35,629.23,7.55,13.13,1,3,0
396,3,1105.25,620.25,6.38,12.56,1,3,0
398,3,1106.32,595.73,6.07,12.02,1,3,0
400,3,1087.11,587.21,6.74,14.07,1,3,0
401,3,1087.27,603.84,6.47,13.01,1,3,0
403,3,1067.98,640.16,6.85,12.83,1,3,0
404,3,1063.37,603.53,7.75,13.89,1,3,0
405,3,1036.86,633.74,5.84,12.40,1,3,0
406,3,1042.61,604.14,6.31,12.55,1,3,0
408,3,1063.24,626.58,6.14,12.45,1,3,0
409,3,1086.38,606.18,6.43,12.53,1,3,0
410,3,1095.63,625.28,6.40,12.52,1,3,0
413,3,1108.17,642.73,6.17,12.47,1,3,0
414,3,1112.68,634.47,6.62,12.82,1,3,0
416,3,1113.34,604.71,6.28,12.01,1,3,0
417,3,1121.40,631.54,5.89,12.64,1,3,0
419,3,1121.18,572.57,6.00,12.51,1,3,0
422,3,1094.85,644.13,6.72,13.10,1,3,0
423,3,1096.97,583.51,6.22,13.06,1,3,0
424,3,1090.02,629.32,6.62,13.02,1,3,0
425,3,1083.02,615.26,6.86,12.49,1,3,0
426,3,1068.45,621.84,7.38,13.49,1,3,0
429,3,1060.17,609.07,6.63,13.21,1,3,0
430,3,1046.95,654.67,6.69,12.43,1,3,0
432,3,1046.27,627.35,7.29,13.90,1,3,0
434,3,1049.43,633.60,6.85,13.50,1,3,0
435,3,1058.47,639.89,7.26,13.28,1,3,0
436,3,1073.29,608.94,6.10,12.79,1,3,0
437,3,1080.59,659.25,6.63,13.32,1,3,0
438,3,1083.38,644.48,6.62,13.53,1,3,0
439,3,1084.05,583.04,7.00,14.14,1,3,0
440,3,1079.43,609.69,8.67,14.49,1,3,0
442,3,1059.83,646.38,7.38,16.07,1,3,0
443,3,1080.94,618.29,7.04,13.40,1,3,0
444,3,1081.16,663.63,7.36,14.68,1,3,0
445,3,1092.89,613.78,8.86,16.80,1,3,0
448,3,1104.56,631.39,7.10,14.70,1,3,0
449,3,1111.27,633.07,7.46,15.17,1,3,0
450,3,1128.54,605.43,7.16,14.51,1,3,0
451,3,1131.14,635.64,7.18,14.73,1,3,0
452,3,1134.29,647.54,7.46,14.43,1,3,0
453,3,1141.52,614.06,7.41,14.57,1,3,0
455,3,1154.35,621.08,6.93,14.59,1,3,0
456,3,1156.98,606.42,6.56,14.31,1,3,0
457,3,1141.61,638.44,8.20,15.58,1,3,0
459,3,1129.76,602.73,7.70,15.62,1,3,0
460,3,1119.15,627.04,7.58,15.03,1,3,0
461,3,1118.55,644.76,7.15,14.09,1,3,0
462,3,1121.49,622.18,7.63,15.21,1,3,0
463,3,1116.52,630.56,7.90,15.88,1,3,0
464,3,1121.39,643.78,6.97,15.24,1,3,0
466,3,1113.71,585.05,7.05,14.43,1,3,0
467,3,1117.89,609.87,7.43,15.10,1,3,0
468,3,1120.12,639.17,7.29,15.94,1,3,0
469,3,1142.38,633.29,7.44,15.55,1,3,0
471,3,1204.11,590.51,7.71,16.20,1,3,0
472,3,1248.89,637.38,7.80,15.39,1,3,0
474,3,1321.51,626.93,7.51,15.63,1,3,0
475,3,1361.36,643.64,7.32,15.46,1,3,0
476,3,1392.08,621.93,7.17,14.28,1,3,0
476,6,348.27,567.16,34.01,16.89,1,0,0
477,3,1426.63,593.66,8.25,15.41,1,3,0
477,6,380.11,561.76,34.93,16.77,1,0,0
478,6,412.98,606.37,36.47,16.16,1,0,0
479,6,484.00,586.34,34.61,15.35,1,0,0
480,6,508.24,567.30,34.02,14.42,1,0,0
481,6,531.87,604.49,35.45,15.02,1,0,0
482,6,551.94,619.13,36.45,15.59,1,0,0
482,7,318.84,594.79,40.92,40.75,1,0,0
483,6,571.68,608.59,35.05,15.10,1,0,0
483,7,318.83,582.28,57.33,40.61,1,0,0
484,6,591.52,602.12,35.31,14.99,1,0,0
484,7,318.82,575.45,73.65,40.93,1,0,0
485,6,636.44,603.90,36.52,15.84,1,0,0
485,7,319.20,579.26,111.97,41.17,1,0,0
486,6,652.69,625.98,35.79,15.52,1,0,0
486,7,319.23,600.89,125.72,41.61,1,0,0
487,6,671.51,612.10,35.41,14.90,1,0,0
487,7,319.12,586.97,142.40,42.74,1,0,0
488,6,685.98,603.34,35.68,14.72,1,0,0
488,7,319.00,555.23,154.17,65.58,1,0,0
489,6,694.46,606.32,36.18,14.82,1,0,0
489,7,319.20,555.77,161.56,66.43,1,0,0
490,6,696.53,601.97,34.78,14.89,1,0,0
490,7,319.19,550.93,161.07,67.05,1,0,0
491,6,695.97,613.37,35.91,14.86,1,0,0
491,7,319.06,564.60,160.40,66.46,1,0,0
492,6,700.66,607.85,34.71,14.21,1,0,0
492,7,319.07,561.94,163.23,64.97,1,0,0
493,6,695.91,614.47,37.27,14.94,1,0,0
493,7,319.01,588.96,155.71,42.87,1,0,0
494,6,686.94,600.30,35.63,14.94,1,0,0
494,7,319.27,574.90,145.08,43.68,1,0,0
495,6,671.86,592.99,36.17,14.60,1,0,0
495,7,319.35,567.85,129.56,44.01,1,0,0
496,6,660.46,602.52,36.16,14.90,1,0,0
496,7,319.00,576.39,117.36,42.74,1,0,0
497,6,661.55,607.30,36.69,15.23,1,0,0
497,7,319.11,579.18,117.19,43.00,1,0,0
498,6,659.49,612.26,37.24,15.00,1,0,0
498,7,319.46,583.45,112.93,43.29,1,0,0
499,6,649.39,605.57,36.49,15.06,1,0,0
499,7,319.38,578.22,102.13,43.19,1,0,0
