1,1,768.49,537.83,116.06,25.74,1,0,0
1,2,696.52,539.72,71.90,24.27,1,0,0
1,3,553.68,535.90,58.35,32.19,1,0,0
1,4,399.97,536.66,56.35,38.15,1,5,0
1,5,1419.19,537.05,75.34,20.56,1,0,0
1,6,454.45,554.83,27.57,19.63,1,0,0
1,7,354.76,540.90,45.51,35.06,1,5,0
1,8,382.27,560.80,21.81,14.95,1,5,0
2,1,768.49,537.83,116.06,25.74,1,0,0
2,2,696.52,539.72,71.90,24.27,1,0,0
2,3,553.68,535.90,58.35,32.19,1,0,0
2,4,399.97,536.66,56.35,38.15,1,5,0
2,5,1419.19,537.05,75.34,20.56,1,0,0
2,6,454.45,554.83,27.57,19.63,1,0,0
2,7,354.76,540.90,45.51,35.06,1,5,0
2,8,382.27,560.80,21.81,14.95,1,5,0
3,1,773.78,551.61,115.85,26.08,1,0,0
3,2,702.12,553.81,71.64,24.44,1,0,0
3,3,557.71,550.68,55.33,32.48,1,0,0
3,4,401.97,551.20,56.06,39.30,1,5,0
3,5,1425.97,548.17,75.89,20.70,1,0,0
3,6,455.97,569.37,29.15,20.33,1,0,0
3,7,353.87,556.23,47.35,35.36,1,5,0
3,8,387.47,576.55,18.81,14.73,1,5,0
4,1,773.78,551.61,115.85,26.08,1,0,0
4,2,702.12,553.81,71.64,24.44,1,0,0
4,3,557.71,550.68,55.33,32.48,1,0,0
4,4,401.97,551.20,56.06,39.30,1,5,0
4,5,1425.97,548.17,75.89,20.70,1,0,0
4,6,455.97,569.37,29.15,20.33,1,0,0
4,7,353.87,556.23,47.35,35.36,1,5,0
4,8,387.47,576.55,18.81,14.73,1,5,0
5,1,793.65,533.24,116.56,27.06,1,0,0
5,2,721.51,531.32,71.72,25.36,1,0,0
5,3,573.04,522.77,54.98,31.69,1,0,0
5,4,416.47,515.66,56.05,39.03,1,5,0
5,5,1445.85,558.64,77.23,20.71,1,0,0
5,6,470.36,534.95,29.65,20.46,1,0,0
5,7,371.06,517.66,43.39,36.32,1,5,0
5,8,400.75,539.04,18.90,15.35,1,5,0
6,1,850.94,558.59,116.55,26.39,1,0,0
6,2,778.91,559.42,71.92,24.82,1,0,0
6,3,626.34,553.32,57.04,33.18,1,0,0
6,4,467.85,551.77,57.30,39.28,1,5,0
6,5,1500.49,565.26,74.72,20.59,1,0,0
6,6,524.01,570.01,29.06,20.94,1,0,0
6,7,420.15,554.28,46.31,36.64,1,5,0
6,8,450.77,575.11,19.28,16.10,1,5,0
7,1,905.07,551.08,116.77,26.60,1,0,0
7,2,832.78,554.77,71.61,25.10,1,0,0
7,3,680.13,554.88,54.09,33.31,1,0,0
7,4,517.47,559.40,58.75,40.15,1,5,0
7,5,1551.34,535.55,50.19,19.22,1,0,0
7,6,574.97,577.36,28.59,20.54,1,0,0
7,7,469.43,562.76,46.29,38.57,1,5,0
7,8,499.28,584.32,21.64,16.28,1,5,0
8,1,921.04,533.64,117.45,26.49,1,0,0
8,2,847.88,534.25,73.28,25.10,1,0,0
8,3,692.80,529.77,55.37,32.09,1,0,0
8,4,530.12,527.14,59.42,40.37,1,5,0
8,5,1565.03,541.85,36.16,20.01,1,0,0
8,6,587.97,547.23,30.41,20.35,1,0,0
8,7,481.58,528.86,45.99,38.97,1,5,0
8,8,513.83,552.19,19.12,15.66,1,5,0
9,1,937.98,542.65,116.39,26.66,1,0,0
9,2,863.98,542.48,73.81,25.16,1,0,0
9,3,706.43,536.14,55.72,32.65,1,0,0
9,4,544.09,531.87,59.67,40.59,1,5,0
9,5,1581.51,560.34,19.85,15.86,1,0,0
9,6,601.53,551.06,31.41,21.31,1,0,0
9,7,493.21,534.12,47.91,38.31,1,5,0
9,8,527.46,556.66,19.44,15.60,1,5,0
10,1,960.59,537.64,117.84,26.00,1,0,0
10,2,887.36,540.25,73.41,24.94,1,0,0
10,3,727.83,538.24,55.21,33.48,1,0,0
10,4,564.06,540.49,60.10,41.10,1,5,0
10,6,622.77,559.73,31.53,20.60,1,0,0
10,7,512.84,543.29,47.51,40.00,1,5,0
10,8,546.50,565.81,20.31,16.54,1,5,0
11,1,946.41,524.55,117.72,27.19,1,0,0
11,2,873.76,525.12,72.96,24.88,1,0,0
11,3,710.95,518.29,55.98,32.84,1,0,0
11,4,548.52,514.35,60.01,41.03,1,5,0
11,6,606.85,535.20,31.08,20.16,1,0,0
11,7,497.87,517.26,46.78,38.38,1,5,0
11,8,531.29,540.37,19.89,14.96,1,5,0
12,1,958.25,549.14,116.89,26.97,1,0,0
12,2,886.58,549.45,71.45,24.90,1,0,0
12,3,722.68,542.86,54.77,32.63,1,0,0
12,4,558.28,538.80,60.53,40.34,1,5,0
12,6,617.04,558.46,31.41,20.74,1,0,0
12,7,507.80,540.71,48.08,38.54,1,5,0
12,8,540.57,563.89,20.27,15.47,1,5,0
13,1,1004.97,562.53,117.63,26.47,1,0,0
13,2,931.36,566.25,73.50,25.12,1,0,0
13,3,765.79,567.49,55.54,33.07,1,0,0
13,4,601.79,571.37,61.77,42.10,1,5,0
13,6,661.96,588.54,31.38,22.19,1,0,0
13,7,547.28,575.47,49.26,39.63,1,5,0
13,8,583.05,597.64,22.81,16.95,1,5,0
14,1,975.89,531.32,117.77,26.20,1,0,0
14,2,901.07,533.16,74.78,25.32,1,0,0
14,3,733.73,531.27,55.34,32.88,1,0,0
14,4,570.42,531.12,62.54,42.57,1,5,0
14,6,632.20,550.87,30.68,21.15,1,0,0
14,7,520.95,534.00,47.25,40.66,1,5,0
14,8,555.34,557.71,19.85,16.39,1,5,0
15,1,939.43,515.76,117.42,27.82,1,0,0
15,2,865.61,514.19,73.76,25.49,1,0,0
15,3,697.50,503.03,55.13,33.49,1,0,0
15,4,536.30,497.30,59.51,40.37,1,5,0
15,6,595.07,518.28,31.87,20.00,1,0,0
15,7,487.77,497.20,46.27,39.77,1,5,0
15,8,519.99,520.23,19.22,16.51,1,5,0
15,5,1588.25,549.66,13.64,15.85,1,0,0
16,1,952.38,553.74,116.82,26.44,1,0,0
16,2,878.85,555.55,73.51,25.45,1,0,0
16,3,707.57,553.80,54.93,32.28,1,0,0
16,4,545.45,552.74,62.11,41.46,1,5,0
16,6,605.66,572.02,32.33,21.11,1,0,0
16,7,493.77,556.42,48.58,38.93,1,5,0
16,8,527.39,578.88,20.51,16.12,1,5,0
17,1,944.71,545.14,118.58,26.71,1,0,0
17,2,870.15,548.87,74.36,25.40,1,0,0
17,3,699.18,550.02,54.69,33.97,1,0,0
17,4,536.81,554.88,63.00,42.02,1,5,0
17,6,598.30,573.26,31.62,21.14,1,0,0
17,7,488.17,560.24,44.84,38.89,1,5,0
17,8,521.00,580.74,19.49,17.20,1,5,0
18,1,908.80,533.74,118.67,27.12,1,0,0
18,2,834.65,533.42,74.18,25.48,1,0,0
18,3,662.09,525.22,54.08,33.19,1,0,0
18,4,500.32,520.00,62.99,41.67,1,5,0
18,6,561.35,541.02,31.82,20.82,1,0,0
18,7,451.17,522.34,47.32,39.35,1,5,0
18,8,483.80,544.79,20.07,16.58,1,5,0
18,5,1564.61,552.10,36.61,20.03,1,0,0
19,1,893.39,531.27,118.43,26.69,1,0,0
19,2,819.67,531.67,73.85,25.38,1,0,0
19,3,645.11,526.45,53.54,32.55,1,0,0
19,4,484.03,522.29,62.48,42.24,1,5,0
19,6,544.60,542.82,32.52,21.40,1,0,0
19,7,431.82,526.23,49.97,38.89,1,5,0
19,8,465.41,548.60,21.82,16.02,1,5,0
19,5,1552.21,542.48,49.17,19.53,1,0,0
20,1,872.89,539.63,117.20,26.79,1,0,0
20,2,799.29,541.69,73.75,25.21,1,0,0
20,3,624.08,539.24,52.74,32.60,1,0,0
20,4,462.76,537.56,62.71,42.52,1,5,0
20,6,523.72,558.23,31.78,21.12,1,0,0
20,7,412.07,543.27,48.35,38.25,1,5,0
20,8,445.12,564.73,20.48,15.99,1,5,0
20,5,1535.34,539.00,66.15,19.59,1,0,0
21,1,858.05,548.90,119.70,26.28,1,0,0
21,2,784.23,551.83,73.84,24.99,1,0,0
21,3,605.81,550.50,53.21,33.67,1,0,0
21,4,445.55,552.07,63.15,42.54,1,5,0
21,6,506.70,571.16,32.05,21.31,1,0,0
21,7,393.25,558.54,49.55,38.02,1,5,0
21,8,427.41,579.14,21.70,16.48,1,5,0
21,5,1523.79,538.06,76.11,20.63,1,0,0
22,1,814.19,547.57,119.92,27.06,1,0,0
22,2,741.46,548.27,73.32,25.48,1,0,0
22,3,562.45,543.26,51.99,32.10,1,0,0
22,4,403.33,538.40,63.46,42.02,1,5,0
22,6,464.50,560.13,31.77,20.27,1,0,0
22,7,353.80,543.62,47.28,37.42,1,5,0
22,8,386.20,564.42,20.45,16.11,1,5,0
22,5,1487.09,557.40,75.79,20.20,1,0,0
23,1,816.86,562.57,119.13,26.96,1,0,0
23,2,743.62,562.94,73.07,25.29,1,0,0
23,3,563.87,556.42,52.26,32.62,1,0,0
23,4,403.49,550.70,64.09,42.75,1,5,0
23,6,465.31,572.35,32.45,21.13,1,0,0
23,7,353.81,556.70,46.87,36.71,1,5,0
23,8,385.89,577.36,22.41,15.77,1,5,0
23,5,1490.95,572.62,75.88,20.40,1,0,0
24,1,816.07,550.09,119.51,26.28,1,0,0
24,2,742.50,552.92,73.87,25.31,1,0,0
24,3,561.49,553.20,51.44,32.98,1,0,0
24,4,400.36,554.81,64.06,42.63,1,5,0
24,6,462.58,573.76,32.86,21.59,1,0,0
24,7,348.71,561.56,50.23,37.52,1,5,0
24,8,385.41,581.17,21.80,16.54,1,5,0
24,5,1489.16,536.87,78.96,20.89,1,0,0
25,1,796.80,542.02,119.94,27.03,1,0,0
25,2,723.57,542.63,73.49,25.90,1,0,0
25,3,541.31,537.48,51.21,32.76,1,0,0
25,4,380.82,533.56,64.74,42.52,1,5,0
25,6,443.43,554.31,32.72,21.47,1,0,0
25,7,324.19,537.77,54.70,39.07,1,5,0
25,8,364.22,560.07,22.27,16.17,1,5,0
25,5,1473.93,549.90,77.41,20.65,1,0,0
26,1,801.26,549.12,118.99,26.52,1,0,0
26,2,728.27,550.46,73.50,25.10,1,0,0
26,3,543.37,546.43,50.51,32.13,1,0,0
26,4,381.73,542.76,65.33,42.74,1,5,0
26,6,445.00,562.94,32.83,21.69,1,0,0
26,7,328.40,547.74,51.48,38.57,1,5,0
26,8,365.65,568.19,20.92,17.45,1,5,0
26,5,1479.52,553.34,77.33,20.44,1,0,0
27,1,781.60,551.86,118.55,26.66,1,0,0
27,2,706.93,553.17,74.60,25.18,1,0,0
27,3,522.16,549.28,48.89,32.61,1,0,0
27,4,360.55,545.70,65.77,42.94,1,5,0
27,6,423.88,566.62,32.67,21.37,1,0,0
27,7,319.38,550.76,39.74,38.86,1,5,0
27,8,342.65,572.00,22.17,17.09,1,5,0
27,5,1461.23,555.60,79.09,19.82,1,0,0
28,1,761.12,535.32,119.27,26.25,1,0,0
28,2,687.79,536.61,73.59,24.82,1,0,0
28,3,501.50,531.90,49.64,32.88,1,0,0
28,4,342.36,529.11,64.02,42.66,1,5,0
28,6,404.13,549.88,32.91,21.19,1,0,0
28,7,318.71,536.59,23.88,35.79,1,5,0
28,5,1443.39,541.32,79.36,20.37,1,0,0
29,1,785.77,571.89,120.49,26.57,1,0,0
29,2,712.65,573.08,73.11,25.07,1,0,0
29,3,521.84,568.30,49.81,32.20,1,0,0
29,4,359.05,564.10,66.11,42.46,1,5,0
29,6,422.91,584.20,33.89,21.81,1,0,0
29,7,319.08,570.13,38.07,37.61,1,5,0
29,5,1468.18,574.71,80.76,21.18,1,0,0
29,8,341.52,589.37,20.63,17.59,1,5,0
30,1,799.43,566.33,119.85,26.82,1,0,0
30,2,724.63,568.98,74.54,25.83,1,0,0
30,3,532.79,570.42,50.53,32.32,1,0,0
30,4,368.76,570.64,66.88,43.60,1,5,0
30,6,433.43,589.59,33.31,22.59,1,0,0
30,7,319.99,578.12,46.64,38.00,1,5,0
30,5,1482.50,551.02,78.81,20.93,1,0,0
30,8,350.99,598.71,21.96,16.41,1,5,0
31,1,782.98,537.34,119.32,26.93,1,0,0
31,2,708.63,537.90,74.34,24.96,1,0,0
31,3,514.63,531.57,51.08,32.58,1,0,0
31,4,350.17,526.36,67.67,43.27,1,5,0
31,6,415.71,548.18,33.09,21.33,1,0,0
31,7,318.71,533.21,31.73,37.30,1,5,0
31,5,1468.36,547.91,79.59,21.56,1,0,0
31,8,332.86,554.56,21.46,15.65,1,5,0
32,1,779.72,553.69,120.51,27.08,1,0,0
32,2,706.28,554.21,73.47,25.84,1,0,0
32,3,510.11,548.48,51.33,32.82,1,0,0
32,4,346.11,542.75,66.78,43.91,1,5,0
32,6,410.16,564.01,33.79,22.39,1,0,0
32,7,318.84,549.70,27.80,37.74,1,5,0
32,5,1465.99,562.48,80.05,20.81,1,0,0
33,1,815.90,552.02,121.86,26.76,1,0,0
33,2,740.85,553.64,75.26,25.58,1,0,0
33,3,542.62,551.67,51.80,32.84,1,0,0
33,4,375.25,548.72,68.81,45.00,1,5,0
33,6,442.07,570.34,34.45,21.76,1,0,0
33,7,320.49,555.64,53.00,39.53,1,5,0
33,5,1502.09,549.09,78.55,21.18,1,0,0
33,8,356.23,577.60,21.64,16.76,1,5,0
34,1,846.87,543.94,121.26,27.24,1,0,0
34,2,771.43,544.12,75.69,25.76,1,0,0
34,3,569.82,537.20,52.85,33.21,1,0,0
34,4,401.58,532.02,68.93,44.13,1,5,0
34,6,468.58,553.40,33.97,22.55,1,0,0
34,7,345.68,536.00,53.53,40.53,1,5,0
34,5,1529.74,555.91,71.34,20.85,1,0,0
34,8,382.91,560.00,23.30,16.11,1,5,0
35,1,877.05,550.51,121.90,27.08,1,0,0
35,2,802.23,551.75,74.75,25.51,1,0,0
35,3,597.47,548.04,51.01,31.92,1,0,0
35,4,426.76,542.75,69.70,44.46,1,5,0
35,6,494.22,563.53,35.46,23.05,1,0,0
35,7,371.53,548.64,50.82,39.48,1,5,0
35,5,1558.77,555.39,42.38,20.90,1,0,0
35,8,407.88,570.55,23.35,16.91,1,5,0
36,1,892.57,551.89,122.17,26.99,1,0,0
36,2,818.19,553.23,74.64,25.51,1,0,0
36,3,611.57,549.53,49.54,32.61,1,0,0
36,4,437.52,544.81,71.11,45.05,1,5,0
36,6,506.68,565.93,36.57,23.27,1,0,0
36,7,379.75,550.69,53.22,40.69,1,5,0
36,5,1572.42,555.50,28.84,20.47,1,0,0
36,8,417.83,573.36,22.68,16.86,1,5,0
37,1,915.99,564.96,122.39,26.86,1,0,0
37,2,841.09,566.06,75.09,25.68,1,0,0
37,3,631.26,562.15,51.05,32.42,1,0,0
37,4,455.74,556.39,72.22,45.68,1,5,0
37,6,526.00,577.72,36.27,23.75,1,0,0
37,7,399.63,562.44,51.66,40.69,1,5,0
37,8,436.81,585.70,22.50,16.57,1,5,0
38,1,927.25,556.23,121.77,26.71,1,0,0
38,2,851.46,556.61,75.68,26.09,1,0,0
38,3,640.08,552.59,50.41,32.67,1,0,0
38,4,465.46,547.58,70.18,45.12,1,5,0
38,6,534.27,569.51,36.78,22.75,1,0,0
38,7,407.20,551.71,54.62,42.03,1,5,0
38,8,445.28,576.16,23.75,16.77,1,5,0
39,1,939.76,571.04,122.38,27.11,1,0,0
39,2,864.85,572.59,74.94,25.51,1,0,0
39,3,650.97,568.37,51.89,32.77,1,0,0
39,4,474.65,562.80,71.72,46.06,1,5,0
39,6,544.50,584.45,38.23,23.87,1,0,0
39,7,415.86,567.96,54.32,41.91,1,5,0
39,8,455.34,589.86,22.95,18.95,1,5,0
39,11,749.15,592.78,4.35,7.86,1,3,0
40,1,964.91,566.69,121.90,26.78,1,0,0
40,2,888.79,568.40,76.24,26.01,1,0,0
40,3,673.28,567.42,51.48,32.59,1,0,0
40,4,494.45,563.20,73.30,46.35,1,5,0
40,6,566.00,584.51,38.99,23.70,1,0,0
40,7,437.99,569.30,53.18,42.12,1,5,0
40,8,473.82,590.33,23.96,20.37,1,5,0
41,1,967.16,554.13,122.40,27.27,1,0,0
41,2,891.42,554.85,75.56,26.25,1,0,0
41,3,673.74,550.62,50.39,32.60,1,0,0
41,4,493.30,544.29,75.26,46.29,1,5,0
41,6,566.53,566.66,37.69,23.40,1,0,0
41,7,437.30,548.75,51.98,42.97,1,5,0
41,8,472.88,573.67,22.82,17.16,1,5,0
42,1,963.99,545.23,123.04,27.18,1,0,0
42,2,888.30,546.46,76.11,25.93,1,0,0
42,3,668.50,542.63,51.05,33.51,1,0,0
42,4,488.83,536.44,75.03,48.10,1,5,0
42,6,561.98,559.56,37.34,24.16,1,0,0
42,7,425.97,541.91,57.81,43.83,1,5,0
42,8,468.56,565.99,24.48,18.79,1,5,0
42,11,771.61,567.61,4.35,7.66,1,3,0
43,1,965.88,546.18,123.15,27.04,1,0,0
43,2,891.29,547.64,74.71,25.79,1,0,0
43,3,670.58,544.88,49.44,32.20,1,0,0
43,4,489.26,537.82,73.92,47.63,1,5,0
43,6,560.86,560.48,38.22,24.18,1,0,0
43,7,426.27,543.99,57.21,42.73,1,5,0
43,8,469.54,566.44,24.69,19.24,1,5,0
43,12,711.35,570.69,7.12,8.66,1,3,0
43,11,772.90,568.43,4.38,7.79,1,3,0
44,1,953.26,553.50,122.71,27.28,1,0,0
44,2,877.38,554.43,75.70,26.00,1,0,0
44,3,654.76,549.81,50.30,32.75,1,0,0
44,4,472.28,543.50,77.18,46.51,1,5,0
44,6,547.80,566.00,37.32,23.56,1,0,0
44,7,414.05,548.36,56.08,42.46,1,5,0
44,8,451.06,571.96,24.48,18.42,1,5,0
45,1,960.20,550.64,123.68,27.68,1,0,0
45,2,884.68,551.36,75.54,26.18,1,0,0
45,3,660.18,546.55,50.46,32.49,1,0,0
45,4,476.67,537.65,75.96,48.35,1,5,0
45,6,550.94,561.26,39.92,24.43,1,0,0
45,7,415.62,543.14,56.06,43.66,1,5,0
45,8,457.38,566.52,24.58,19.68,1,5,0
45,12,703.48,572.93,5.53,8.93,1,3,0
46,1,943.64,559.34,123.56,27.37,1,0,0
46,2,868.83,561.59,75.45,26.07,1,0,0
46,3,642.72,561.03,48.85,32.51,1,0,0
46,4,459.00,555.09,77.35,49.49,1,5,0
46,6,534.27,578.18,38.69,24.26,1,0,0
46,7,398.39,562.83,57.14,43.39,1,5,0
46,8,438.03,585.51,23.16,19.50,1,5,0
46,11,749.54,584.38,4.57,8.02,1,3,0
47,1,925.74,569.15,122.49,27.53,1,0,0
47,2,849.23,569.95,76.53,25.90,1,0,0
47,3,622.21,564.94,50.18,32.16,1,0,0
47,4,439.84,555.21,76.59,48.69,1,5,0
47,6,514.32,579.45,40.31,24.08,1,0,0
47,7,377.95,561.19,58.73,43.89,1,5,0
47,8,417.26,586.28,24.35,17.87,1,5,0
47,12,665.44,592.13,6.20,7.60,1,3,0
48,1,914.75,568.57,124.53,27.08,1,0,0
48,2,838.92,569.71,75.76,26.03,1,0,0
48,3,611.18,566.42,49.25,32.40,1,0,0
48,4,427.13,559.02,78.05,48.01,1,5,0
48,6,503.06,582.38,39.82,23.83,1,0,0
48,7,369.54,566.71,54.02,41.83,1,5,0
48,8,406.90,587.22,24.63,20.15,1,5,0
49,1,905.36,563.79,124.19,27.57,1,0,0
49,2,829.85,565.82,75.59,26.14,1,0,0
49,3,600.07,565.00,49.50,32.53,1,0,0
49,4,414.60,559.57,79.16,48.21,1,5,0
49,6,491.85,582.27,39.82,23.92,1,0,0
49,7,355.50,567.21,54.99,42.41,1,5,0
49,8,395.93,589.35,24.60,18.93,1,5,0
50,1,880.95,567.72,124.14,27.20,1,0,0
50,2,805.32,568.52,75.54,25.98,1,0,0
50,3,575.72,563.58,48.10,32.46,1,0,0
50,4,390.22,555.46,79.32,48.11,1,5,0
50,6,466.52,579.13,38.73,23.85,1,0,0
50,7,327.83,561.02,58.85,44.05,1,5,0
50,8,369.31,585.04,23.88,18.76,1,5,0
50,5,1582.78,579.74,18.50,14.15,1,0,0
51,1,874.13,553.86,124.12,27.15,1,0,0
51,2,798.05,554.93,76.45,25.86,1,0,0
51,3,566.85,551.30,47.41,32.35,1,0,0
51,4,380.80,543.78,79.48,48.64,1,5,0
51,6,457.57,566.97,39.20,24.04,1,0,0
51,7,321.46,549.82,55.95,43.25,1,5,0
51,8,363.13,575.40,23.38,16.91,1,5,0
51,5,1577.61,564.70,24.20,15.09,1,0,0
51,11,680.55,575.47,4.51,7.56,1,3,0
51,12,613.61,577.95,5.73,8.96,1,3,0
52,1,849.59,540.83,125.26,27.04,1,0,0
52,2,774.26,542.50,76.13,25.61,1,0,0
52,3,542.08,540.70,48.09,32.25,1,0,0
52,4,355.61,534.66,79.85,48.26,1,5,0
52,6,432.90,557.45,39.88,24.06,1,0,0
52,7,319.10,543.00,34.52,41.67,1,5,0
52,8,338.86,564.63,24.22,19.00,1,5,0
52,5,1558.24,544.88,43.22,17.60,1,0,0
52,12,589.53,567.00,5.66,8.95,1,3,0
53,1,816.70,548.75,124.18,28.15,1,0,0
53,2,741.40,550.14,75.31,26.03,1,0,0
53,3,509.31,546.05,45.70,31.51,1,0,0
53,4,325.17,536.50,77.65,48.29,1,5,0
53,6,399.80,560.19,40.62,24.20,1,0,0
53,5,1529.57,559.21,71.57,19.92,1,0,0
53,12,556.25,572.11,4.86,8.52,1,3,0
54,1,796.86,557.10,123.34,27.51,1,0,0
54,2,720.89,557.97,76.08,26.12,1,0,0
54,3,488.65,553.37,45.90,32.24,1,0,0
54,4,319.11,544.00,63.44,48.80,1,5,0
54,6,379.78,568.52,38.88,24.01,1,0,0
54,5,1510.71,564.52,88.32,20.95,1,0,0
55,1,782.99,548.17,125.00,27.56,1,0,0
55,2,707.63,550.16,75.58,25.88,1,0,0
55,3,473.59,547.98,45.68,32.14,1,0,0
55,4,319.50,539.94,48.42,49.45,1,5,0
55,6,363.93,563.95,40.26,24.67,1,0,0
55,5,1502.28,549.36,82.86,20.64,1,0,0
55,12,590.66,571.91,4.30,7.44,1,3,0
56,1,764.63,572.42,124.80,28.03,1,0,0
56,2,689.41,573.06,75.57,26.41,1,0,0
56,3,453.79,567.43,45.50,32.20,1,0,0
56,6,344.25,582.84,36.97,23.15,1,0,0
56,5,1486.19,582.02,85.78,19.51,1,0,0
56,8,319.32,565.71,26.64,40.16,1,5,0
57,1,783.72,565.38,124.34,27.72,1,0,0
57,2,705.97,566.58,77.93,26.28,1,0,0
57,3,469.51,562.17,45.61,32.77,1,0,0
57,6,357.29,577.70,38.86,24.83,1,0,0
57,5,1505.82,569.99,82.05,20.24,1,0,0
57,4,319.11,552.34,40.77,50.72,1,5,0
57,12,520.28,589.91,5.79,9.02,1,3,0
58,1,808.17,569.54,123.34,27.58,1,0,0
58,2,730.68,571.29,77.36,26.29,1,0,0
58,3,490.67,569.34,45.23,32.36,1,0,0
58,6,376.29,584.91,38.98,25.05,1,0,0
58,5,1527.18,568.56,73.88,20.41,1,0,0
58,4,319.31,561.17,59.36,49.72,1,5,0
58,12,542.85,595.89,4.90,8.42,1,3,0
59,1,814.55,563.19,125.54,27.52,1,0,0
59,2,739.09,564.60,75.71,25.84,1,0,0
59,3,495.66,561.71,45.02,32.28,1,0,0
59,6,379.88,577.18,38.69,25.01,1,0,0
59,5,1537.12,565.74,64.41,19.68,1,0,0
59,4,319.06,552.73,63.65,50.26,1,5,0
60,1,810.07,555.41,124.65,27.62,1,0,0
60,2,733.41,556.23,76.42,26.44,1,0,0
60,3,489.80,552.57,44.36,31.97,1,0,0
60,6,372.98,567.71,39.86,24.59,1,0,0
60,5,1531.29,562.40,70.23,20.36,1,0,0
60,4,319.60,540.74,57.23,52.20,1,5,0
60,12,541.47,578.78,5.48,8.88,1,3,0
61,1,804.98,549.57,124.96,27.74,1,0,0
61,2,728.12,550.60,76.58,26.09,1,0,0
61,3,483.52,546.74,43.84,32.13,1,0,0
61,6,364.69,561.05,39.51,25.60,1,0,0
61,5,1528.90,558.15,72.43,19.40,1,0,0
61,4,319.41,535.44,48.18,51.69,1,5,0
61,12,535.83,573.33,5.34,9.22,1,3,0
62,1,795.36,553.21,124.35,28.04,1,0,0
62,2,718.84,554.65,76.49,26.54,1,0,0
62,3,472.45,552.44,44.50,32.21,1,0,0
62,6,353.50,568.58,39.44,24.99,1,0,0
62,5,1523.18,557.12,77.55,19.03,1,0,0
62,4,319.30,542.40,38.23,51.74,1,5,0
63,1,802.91,552.77,125.54,28.20,1,0,0
63,2,726.60,553.43,76.70,26.55,1,0,0
63,3,478.46,546.99,44.64,33.20,1,0,0
63,6,357.48,561.85,40.85,25.49,1,0,0
63,5,1530.08,563.36,71.06,21.79,1,0,0
63,4,319.19,535.85,41.43,51.34,1,5,0
63,11,604.96,572.87,4.34,7.91,1,3,0
63,12,532.44,573.36,4.91,9.85,1,3,0
64,1,849.60,558.69,125.81,28.64,1,0,0
64,2,774.27,559.58,75.86,26.51,1,0,0
64,3,520.09,554.53,44.55,31.82,1,0,0
64,6,397.01,568.33,41.80,25.78,1,0,0
64,5,1573.81,574.43,27.75,15.48,1,0,0
64,4,320.68,542.33,79.99,52.03,1,5,0
64,11,651.28,579.45,4.22,7.66,1,3,0
65,1,886.87,566.70,126.10,27.68,1,0,0
65,2,810.03,568.58,77.89,25.80,1,0,0
65,3,554.45,566.67,44.24,32.16,1,0,0
65,6,429.55,582.02,41.27,25.68,1,0,0
65,4,341.95,554.61,89.80,54.54,1,5,0
65,8,319.74,581.81,25.39,28.78,1,5,0
66,1,916.52,564.49,125.02,28.57,1,0,0
66,2,839.20,566.55,77.66,26.52,1,0,0
66,3,581.01,565.25,43.98,31.38,1,0,0
66,6,451.90,579.66,42.81,26.25,1,0,0
66,4,363.25,551.82,91.54,55.70,1,5,0
66,8,344.22,587.54,26.16,20.52,1,5,0
66,7,319.34,562.20,40.62,46.53,1,5,0
66,11,636.92,590.52,6.03,9.55,1,3,0
67,1,939.45,571.38,124.54,28.48,1,0,0
67,2,862.65,573.31,76.84,26.48,1,0,0
67,3,601.33,570.26,43.69,32.77,1,0,0
67,6,471.12,584.77,42.65,26.54,1,0,0
67,4,378.85,557.54,95.89,54.93,1,5,0
67,8,364.27,590.51,24.49,22.47,1,5,0
67,7,320.17,565.37,56.67,48.94,1,5,0
67,11,659.06,596.83,5.32,9.36,1,3,0
68,1,980.11,552.67,126.04,28.23,1,0,0
68,2,902.70,553.94,77.42,27.05,1,0,0
68,3,638.05,551.08,44.69,33.35,1,0,0
68,6,503.35,567.63,44.14,26.26,1,0,0
68,4,409.48,537.95,97.11,57.63,1,5,0
68,8,392.62,572.74,26.99,23.04,1,5,0
68,7,335.36,546.75,69.61,50.79,1,5,0
68,11,696.68,578.29,6.13,9.19,1,3,0
68,13,777.65,576.14,3.90,7.04,1,3,0
69,1,987.14,560.53,125.33,28.66,1,0,0
69,2,909.00,562.40,77.69,26.63,1,0,0
69,3,642.29,559.43,43.20,32.26,1,0,0
69,6,506.02,573.29,44.98,27.40,1,0,0
69,4,409.98,545.89,98.97,55.69,1,5,0
69,8,388.46,577.38,29.38,25.18,1,5,0
69,7,342.12,554.03,69.40,49.82,1,5,0
69,13,782.63,583.55,4.48,7.51,1,3,0
70,1,987.14,560.53,125.33,28.66,1,0,0
70,2,909.00,562.40,77.69,26.63,1,0,0
70,3,642.29,559.43,43.20,32.26,1,0,0
70,6,506.02,573.29,44.98,27.40,1,0,0
70,4,409.98,545.89,98.97,55.69,1,5,0
70,8,388.46,577.38,29.38,25.18,1,5,0
70,7,342.12,554.03,69.40,49.82,1,5,0
70,13,782.63,583.55,4.48,7.51,1,3,0
71,1,987.58,553.39,126.07,28.14,1,0,0
71,2,909.79,554.96,78.44,26.69,1,0,0
71,3,641.52,553.62,43.83,32.19,1,0,0
71,6,505.16,569.05,44.77,26.71,1,0,0
71,4,408.30,541.12,99.40,56.02,1,5,0
71,8,388.21,575.69,29.02,22.42,1,5,0
71,7,339.12,548.58,66.26,50.37,1,5,0
72,1,976.38,550.31,126.29,28.43,1,0,0
72,2,899.03,552.14,77.10,26.49,1,0,0
72,3,629.35,551.19,43.25,32.23,1,0,0
72,6,491.43,567.25,45.74,26.88,1,0,0
72,4,395.15,536.85,100.64,59.08,1,5,0
72,8,376.05,574.32,25.69,22.33,1,5,0
72,7,322.68,548.54,71.91,49.34,1,5,0
72,11,689.58,577.34,5.91,9.55,1,3,0
73,1,958.05,555.88,127.07,28.68,1,0,0
73,2,881.39,557.43,76.70,26.97,1,0,0
73,3,610.41,554.54,43.70,32.66,1,0,0
73,6,471.98,569.50,45.56,27.13,1,0,0
73,4,375.25,540.10,100.74,57.90,1,5,0
73,8,361.08,576.49,21.95,21.72,1,5,0
73,7,319.96,549.98,54.59,49.26,1,5,0
73,13,754.62,579.07,3.83,7.49,1,3,0
74,1,910.78,561.46,127.67,28.16,1,0,0
74,2,833.52,562.88,77.63,26.94,1,0,0
74,3,562.05,561.42,41.72,32.76,1,0,0
74,6,422.68,576.91,45.73,27.48,1,0,0
74,4,327.83,548.24,100.01,57.60,1,5,0
74,8,319.39,580.43,13.49,26.31,1,5,0
75,1,884.46,571.16,128.45,28.27,1,0,0
75,2,807.94,572.61,76.63,26.75,1,0,0
75,3,535.41,569.71,41.58,32.41,1,0,0
75,6,396.12,583.41,45.80,27.94,1,0,0
75,4,319.86,554.96,80.62,56.98,1,5,0
76,1,862.35,568.65,128.03,28.03,1,0,0
76,2,784.76,569.57,77.96,26.71,1,0,0
76,3,512.34,566.58,41.72,32.28,1,0,0
76,6,372.71,581.55,45.31,26.87,1,0,0
76,7,319.29,551.90,58.58,57.00,1,5,0
77,1,845.03,566.44,128.00,28.07,1,0,0
77,2,767.69,568.39,77.69,26.64,1,0,0
77,3,494.64,566.84,41.95,32.56,1,0,0
77,6,353.95,582.71,46.24,26.87,1,0,0
77,7,319.34,554.15,39.05,56.09,1,5,0
77,11,557.72,592.90,5.54,9.30,1,3,0
78,1,843.14,555.69,128.44,28.23,1,0,0
78,2,764.57,556.50,78.41,26.98,1,0,0
78,3,489.93,552.26,43.05,32.63,1,0,0
78,6,348.76,568.16,45.48,25.88,1,0,0
78,7,319.17,543.75,35.48,50.40,1,5,0
78,11,553.73,579.17,5.53,9.02,1,3,0
79,1,832.84,550.90,128.84,28.30,1,0,0
79,2,754.73,552.96,78.51,26.83,1,0,0
79,3,479.39,552.09,41.22,32.78,1,0,0
79,6,337.43,568.79,45.68,26.99,1,0,0
79,7,319.47,554.83,24.56,41.02,1,5,0
79,11,543.46,578.69,5.76,9.53,1,3,0
79,5,1582.76,552.96,18.49,19.03,1,0,0
80,1,820.62,553.13,128.39,28.60,1,0,0
80,2,742.26,555.17,78.22,27.19,1,0,0
80,3,466.62,555.48,41.07,31.83,1,0,0
80,6,323.48,571.27,45.92,27.28,1,0,0
80,11,531.29,581.23,5.53,9.75,1,3,0
80,5,1572.48,552.25,28.75,20.39,1,0,0
81,1,808.67,552.63,128.75,28.69,1,0,0
81,2,730.25,553.44,78.65,27.05,1,0,0
81,3,453.79,548.88,41.11,32.24,1,0,0
81,6,319.36,562.11,36.14,28.33,1,0,0
81,5,1562.92,562.18,38.14,20.95,1,0,0
82,1,783.37,557.53,127.69,28.42,1,0,0
82,2,705.79,558.36,77.51,26.82,1,0,0
82,3,428.51,554.62,40.62,31.74,1,0,0
82,5,1542.10,564.83,58.99,21.29,1,0,0
82,11,492.86,580.73,5.85,9.91,1,3,0
83,1,770.74,566.75,127.75,29.00,1,0,0
83,2,692.80,567.67,78.01,26.87,1,0,0
83,3,413.80,562.40,42.77,32.51,1,0,0
83,5,1532.92,575.61,68.34,21.07,1,0,0
84,1,771.74,556.14,128.61,28.73,1,0,0
84,2,693.30,556.93,78.51,27.13,1,0,0
84,3,414.84,553.01,40.70,31.70,1,0,0
84,5,1535.61,566.24,65.79,20.14,1,0,0
85,1,775.66,559.28,129.18,28.58,1,0,0
85,2,697.83,560.30,78.06,27.29,1,0,0
85,3,417.34,556.88,40.55,32.84,1,0,0
85,5,1540.85,564.95,60.37,20.62,1,0,0
85,11,482.19,583.47,5.35,9.66,1,3,0
86,1,775.36,564.96,129.12,28.23,1,0,0
86,2,696.73,566.24,78.77,27.09,1,0,0
86,3,414.97,564.23,40.35,32.10,1,0,0
86,5,1540.67,566.91,60.43,19.95,1,0,0
87,1,774.17,557.74,127.67,28.55,1,0,0
87,2,694.83,559.14,79.18,27.12,1,0,0
87,3,412.66,557.44,39.52,32.16,1,0,0
87,5,1541.46,561.74,59.76,19.73,1,0,0
87,11,568.68,581.43,3.74,7.72,1,3,0
88,1,774.66,557.12,128.94,28.42,1,0,0
88,2,697.27,558.35,77.47,27.05,1,0,0
88,3,411.16,556.42,40.91,32.16,1,0,0
88,5,1543.54,560.96,57.80,20.35,1,0,0
88,11,568.40,580.66,3.98,7.41,1,3,0
89,1,774.42,563.01,129.10,28.67,1,0,0
89,2,695.83,564.63,78.65,27.20,1,0,0
89,3,408.94,563.02,41.15,32.20,1,0,0
89,5,1545.32,564.70,56.14,20.07,1,0,0
90,1,768.10,563.60,129.30,28.47,1,0,0
90,2,689.47,565.11,79.49,26.87,1,0,0
90,3,401.37,564.06,40.08,31.38,1,0,0
90,5,1540.94,564.81,60.41,20.76,1,0,0
91,1,758.47,557.37,129.40,28.83,1,0,0
91,2,680.14,558.47,78.30,27.12,1,0,0
91,3,391.68,554.99,38.69,31.65,1,0,0
91,5,1534.95,566.01,66.15,20.87,1,0,0
91,11,456.82,581.34,5.86,9.61,1,3,0
92,1,764.60,573.60,129.10,29.34,1,0,0
92,2,686.29,574.09,78.75,27.30,1,0,0
92,3,395.22,567.98,40.32,31.30,1,0,0
92,5,1542.27,587.10,58.90,20.65,1,0,0
92,11,461.52,593.82,5.74,10.16,1,3,0
92,13,556.55,593.75,3.74,7.52,1,3,0
93,1,773.83,567.51,131.05,28.54,1,0,0
93,2,694.97,568.15,78.65,27.24,1,0,0
93,3,402.16,564.76,40.69,31.63,1,0,0
93,5,1552.66,576.20,48.59,18.80,1,0,0
93,11,469.10,591.11,5.83,9.78,1,3,0
94,1,764.60,566.65,130.08,28.70,1,0,0
94,2,685.82,567.26,79.24,27.11,1,0,0
94,3,390.76,563.64,39.41,31.02,1,0,0
94,5,1545.49,577.10,55.60,18.96,1,0,0
94,11,457.71,589.73,5.68,9.60,1,3,0
95,1,784.94,559.29,129.76,29.43,1,0,0
95,2,705.96,559.37,78.78,27.38,1,0,0
95,3,408.77,552.86,39.73,31.64,1,0,0
95,5,1564.72,575.93,36.30,18.85,1,0,0
96,1,825.65,558.84,131.17,29.51,1,0,0
96,2,745.71,559.61,80.05,27.55,1,0,0
96,3,444.52,555.17,40.11,32.24,1,0,0
96,13,614.63,580.95,4.22,7.75,1,3,0
97,1,861.52,554.33,131.20,29.13,1,0,0
97,2,782.67,555.71,78.89,27.77,1,0,0
97,3,476.30,554.88,39.80,32.39,1,0,0
97,13,545.46,580.97,6.09,10.92,1,3,0
97,7,319.84,567.56,22.77,32.43,1,0,0
98,1,891.50,561.46,131.34,28.98,1,0,0
98,2,811.51,563.10,79.88,27.16,1,0,0
98,3,501.39,561.05,41.11,32.63,1,0,0
98,13,676.47,585.33,3.91,7.86,1,3,0
98,7,320.14,575.57,44.66,30.61,1,0,0
99,1,920.90,552.46,131.47,29.32,1,0,0
99,2,841.22,553.72,79.16,27.86,1,0,0
99,3,528.98,550.99,39.97,32.83,1,0,0
99,13,706.17,576.36,4.13,7.51,1,3,0
99,7,333.37,564.39,54.37,31.51,1,0,0
99,11,319.63,547.32,23.03,46.93,1,5,0
100,1,951.23,565.10,131.33,29.23,1,0,0
100,2,870.88,566.72,80.15,27.57,1,0,0
100,3,555.07,566.66,40.18,32.68,1,0,0
100,13,626.01,593.25,6.05,10.29,1,3,0
100,7,354.36,580.75,55.19,31.64,1,0,0
100,11,319.55,557.77,37.94,55.16,1,5,0
101,1,969.15,568.14,131.92,29.08,1,0,0
101,2,889.51,570.05,79.19,27.68,1,0,0
101,3,570.94,569.69,40.90,33.70,1,0,0
101,7,364.10,584.73,58.87,32.14,1,0,0
101,11,319.27,546.61,51.39,71.54,1,5,0
102,1,975.91,566.08,131.41,29.27,1,0,0
102,2,895.11,567.45,80.84,27.76,1,0,0
102,3,576.23,565.46,39.77,32.50,1,0,0
102,7,367.66,578.25,58.23,31.82,1,0,0
102,11,319.45,539.21,54.59,71.71,1,5,0
103,1,966.00,570.38,132.14,29.15,1,0,0
103,2,885.72,572.15,80.35,27.35,1,0,0
103,3,565.63,570.05,39.50,32.94,1,0,0
103,7,352.97,582.21,59.87,33.38,1,0,0
103,11,319.60,550.72,39.91,65.12,1,5,0
103,13,637.00,596.54,6.35,11.01,1,3,0
104,1,945.13,570.00,132.27,29.20,1,0,0
104,2,864.43,571.66,80.81,27.69,1,0,0
104,3,545.10,570.98,38.58,32.96,1,0,0
104,7,334.66,583.23,56.08,33.45,1,0,0
104,11,319.39,567.62,22.89,47.24,1,5,0
104,14,725.62,595.23,4.58,8.05,1,3,0
104,13,615.45,597.17,6.41,11.04,1,3,0
105,1,913.42,563.05,133.18,29.37,1,0,0
105,2,831.99,564.72,82.27,27.40,1,0,0
105,3,512.77,562.74,38.07,32.34,1,0,0
105,7,319.64,575.41,39.00,32.49,1,0,0
106,1,888.16,555.39,133.94,29.39,1,0,0
106,2,807.52,556.59,80.52,27.69,1,0,0
106,3,487.12,553.29,38.95,32.41,1,0,0
106,7,319.35,573.44,14.42,24.33,1,0,0
106,13,557.84,580.19,6.13,10.35,1,3,0
107,1,877.11,564.65,131.04,29.82,1,0,0
107,2,795.41,565.49,81.89,27.94,1,0,0
107,3,475.06,562.11,37.80,31.70,1,0,0
107,13,545.57,589.24,6.21,10.09,1,3,0
108,1,863.96,562.25,133.33,29.63,1,0,0
108,2,782.28,563.80,81.90,27.94,1,0,0
108,3,459.58,563.18,38.39,32.19,1,0,0
108,13,530.82,589.86,6.32,10.50,1,3,0
109,1,839.63,560.41,133.40,29.54,1,0,0
109,2,758.40,562.29,81.23,27.52,1,0,0
109,3,436.70,560.30,36.76,32.22,1,0,0
110,1,831.12,558.36,134.02,29.53,1,0,0
110,2,750.16,559.47,81.16,27.90,1,0,0
110,3,427.52,557.40,36.98,31.92,1,0,0
110,13,497.34,583.55,5.93,10.84,1,3,0
111,1,826.65,569.72,132.78,29.55,1,0,0
111,2,745.74,571.22,80.88,27.98,1,0,0
111,3,421.87,569.38,36.82,32.27,1,0,0
111,13,491.46,596.25,6.48,10.68,1,3,0
112,1,814.07,571.21,134.48,29.38,1,0,0
112,2,732.93,572.92,81.64,27.96,1,0,0
112,3,409.08,573.22,37.07,31.91,1,0,0
113,1,812.31,562.91,133.76,29.42,1,0,0
113,2,730.43,563.95,82.12,28.06,1,0,0
113,3,406.14,561.84,37.15,31.85,1,0,0
114,1,814.24,557.26,134.55,29.61,1,0,0
114,2,732.91,558.13,81.18,28.28,1,0,0
114,3,406.31,556.53,37.86,31.77,1,0,0
115,1,818.04,561.66,133.63,29.73,1,0,0
115,2,735.21,562.98,83.10,27.85,1,0,0
115,3,408.22,561.84,36.49,31.43,1,0,0
116,1,819.40,555.74,134.02,29.59,1,0,0
116,2,737.05,557.28,82.34,28.14,1,0,0
116,3,407.61,557.64,36.52,31.63,1,0,0
117,1,820.18,552.67,134.50,29.91,1,0,0
117,2,737.38,553.83,82.71,28.61,1,0,0
117,3,407.04,552.90,36.42,31.49,1,0,0
118,1,820.50,567.97,134.33,29.57,1,0,0
118,2,737.72,568.76,82.63,28.15,1,0,0
118,3,405.18,566.19,35.71,31.73,1,0,0
118,13,473.60,592.63,6.31,11.26,1,3,0
119,1,822.83,554.45,135.83,29.94,1,0,0
119,2,740.64,555.23,82.15,28.75,1,0,0
119,3,407.68,553.51,35.48,32.16,1,0,0
120,1,817.93,564.76,135.35,30.08,1,0,0
120,2,735.89,566.23,82.36,28.34,1,0,0
120,3,400.87,566.66,35.47,31.03,1,0,0
120,13,468.97,592.42,6.29,10.72,1,3,0
121,1,810.79,568.01,134.55,30.05,1,0,0
121,2,728.44,569.11,82.35,28.43,1,0,0
121,3,392.46,567.28,35.85,31.54,1,0,0
121,13,460.09,593.46,6.32,11.07,1,3,0
122,1,812.74,569.90,135.36,29.92,1,0,0
122,2,729.87,570.43,82.89,28.75,1,0,0
122,3,391.40,567.57,37.03,31.71,1,0,0
122,13,459.01,594.26,6.31,10.64,1,3,0
123,1,812.74,569.90,135.36,29.92,1,0,0
123,2,729.87,570.43,82.89,28.75,1,0,0
123,3,391.40,567.57,37.03,31.71,1,0,0
123,13,459.01,594.26,6.31,10.64,1,3,0
124,1,821.46,567.23,135.53,30.06,1,0,0
124,2,738.35,568.95,83.03,28.55,1,0,0
124,3,398.73,568.13,36.89,32.35,1,0,0
124,13,465.67,594.89,6.50,11.07,1,3,0
125,1,819.90,557.86,135.19,29.82,1,0,0
125,2,736.09,558.79,83.90,28.73,1,0,0
125,3,393.33,558.71,35.21,31.08,1,0,0
125,13,459.48,584.20,6.55,11.28,1,3,0
125,14,593.10,582.65,3.93,7.57,1,3,0
126,1,806.83,558.97,135.86,30.16,1,0,0
126,2,724.08,560.38,82.66,28.37,1,0,0
126,3,380.42,559.84,35.42,30.94,1,0,0
126,13,446.13,585.13,6.32,11.50,1,3,0
126,14,580.88,583.87,3.78,7.79,1,3,0
127,1,800.52,556.74,136.50,30.28,1,0,0
127,2,717.53,557.15,83.08,28.95,1,0,0
127,3,374.37,554.67,34.26,31.35,1,0,0
128,1,799.24,560.62,135.96,30.51,1,0,0
128,2,716.13,561.62,82.81,28.88,1,0,0
128,3,369.44,559.40,35.90,31.78,1,0,0
129,1,799.24,560.62,135.96,30.51,1,0,0
129,2,716.13,561.62,82.81,28.88,1,0,0
129,3,369.44,559.40,35.90,31.78,1,0,0
130,1,808.81,557.40,137.18,30.78,1,0,0
130,2,725.85,557.88,83.23,29.01,1,0,0
130,3,377.85,555.17,35.14,31.22,1,0,0
130,14,580.41,580.61,4.33,7.51,1,3,0
131,1,834.17,571.83,136.86,30.55,1,0,0
131,2,750.88,572.90,83.28,28.73,1,0,0
131,3,399.05,569.30,34.14,31.36,1,0,0
131,14,604.77,595.20,3.85,8.02,1,3,0
131,13,461.59,595.79,6.56,11.77,1,3,0
132,1,845.86,559.76,137.15,30.71,1,0,0
132,2,761.08,561.73,85.06,29.17,1,0,0
132,3,407.74,563.67,35.33,31.41,1,0,0
132,13,470.75,589.88,6.83,11.09,1,3,0
133,1,855.77,563.44,136.78,30.49,1,0,0
133,2,771.52,564.60,84.60,28.97,1,0,0
133,3,415.58,563.97,34.93,31.09,1,0,0
134,1,865.90,562.57,137.41,30.24,1,0,0
134,2,781.40,563.95,84.94,28.59,1,0,0
134,3,423.45,563.05,34.31,30.97,1,0,0
134,13,485.47,588.90,7.04,11.80,1,3,0
135,1,875.82,559.20,137.67,30.75,1,0,0
135,2,790.61,560.90,85.15,28.95,1,0,0
135,3,431.59,562.10,34.39,31.17,1,0,0
135,13,493.08,587.98,6.89,11.80,1,3,0
136,1,883.39,555.11,138.03,30.43,1,0,0
136,2,798.30,556.49,84.50,29.08,1,0,0
136,3,436.54,557.32,34.91,31.03,1,0,0
136,13,497.74,582.63,7.21,12.58,1,3,0
136,7,320.50,578.24,6.33,11.12,1,3,0
137,1,891.05,559.94,136.96,30.71,1,0,0
137,2,806.81,561.12,84.39,29.00,1,0,0
137,3,442.52,559.98,34.51,31.13,1,0,0
137,7,326.77,580.44,5.93,10.44,1,3,0
138,1,895.07,565.07,138.48,30.81,1,0,0
138,2,809.76,566.40,84.93,29.27,1,0,0
138,3,444.04,565.82,35.64,31.83,1,0,0
138,13,505.17,591.90,7.06,11.78,1,3,0
139,1,897.23,562.87,139.88,30.36,1,0,0
139,2,811.77,564.04,85.46,29.15,1,0,0
139,3,445.39,565.55,35.12,31.35,1,0,0
139,13,505.33,591.05,7.42,12.08,1,3,0
140,1,885.35,562.79,139.99,30.71,1,0,0
140,2,800.02,564.05,85.89,28.89,1,0,0
140,3,431.88,562.50,34.74,31.37,1,0,0
141,1,875.29,562.79,139.64,30.93,1,0,0
141,2,790.13,564.31,85.68,29.10,1,0,0
141,3,421.57,563.88,34.37,31.25,1,0,0
141,13,479.71,589.92,7.25,12.10,1,3,0
142,1,866.67,563.52,138.93,30.74,1,0,0
142,2,781.11,564.92,86.37,29.03,1,0,0
142,3,411.56,564.69,34.57,31.26,1,0,0
142,13,469.21,590.04,7.49,12.59,1,3,0
143,1,868.34,561.73,140.97,31.00,1,0,0
143,2,783.16,563.02,85.44,29.34,1,0,0
143,3,412.04,563.12,34.90,31.04,1,0,0
143,13,469.84,588.95,7.37,12.21,1,3,0
144,1,856.79,558.14,140.66,30.91,1,0,0
144,2,772.05,559.89,85.19,29.41,1,0,0
144,3,400.34,562.22,34.50,30.95,1,0,0
144,13,456.99,588.74,7.18,11.54,1,3,0
144,14,617.25,584.57,5.24,8.04,1,3,0
145,1,848.23,562.22,140.55,30.83,1,0,0
145,2,761.53,563.13,86.43,29.23,1,0,0
145,3,389.64,561.43,33.79,30.54,1,0,0
145,13,444.60,587.53,7.50,12.09,1,3,0
146,1,848.23,562.22,140.55,30.83,1,0,0
146,2,761.53,563.13,86.43,29.23,1,0,0
146,3,389.64,561.43,33.79,30.54,1,0,0
146,13,444.60,587.53,7.50,12.09,1,3,0
147,1,841.25,550.13,139.98,31.16,1,0,0
147,2,754.41,552.24,87.20,29.39,1,0,0
147,3,381.56,556.40,35.36,31.10,1,0,0
147,13,435.45,581.46,7.23,12.25,1,3,0
148,1,834.24,564.72,141.80,31.22,1,0,0
148,2,747.02,566.30,87.41,29.71,1,0,0
148,3,374.18,566.89,33.28,30.81,1,0,0
149,1,831.22,555.23,141.43,31.26,1,0,0
149,2,744.07,556.05,87.27,29.86,1,0,0
149,3,369.55,555.25,34.66,30.99,1,0,0
149,14,591.32,580.09,4.34,7.99,1,3,0
149,13,422.11,580.78,7.55,12.38,1,3,0
150,1,812.42,573.22,141.74,31.06,1,0,0
150,2,726.56,574.62,86.17,30.13,1,0,0
150,3,352.06,577.99,33.02,30.31,1,0,0
151,1,800.08,563.68,141.35,31.71,1,0,0
151,2,712.98,563.94,86.88,30.31,1,0,0
151,3,337.02,560.59,32.95,30.78,1,0,0
151,13,385.85,587.28,8.02,11.60,1,3,0
152,1,792.00,566.72,140.68,31.37,1,0,0
152,2,705.04,568.53,87.15,29.82,1,0,0
152,3,328.97,571.69,32.66,30.98,1,0,0
152,13,377.19,597.01,7.67,13.06,1,3,0
153,1,791.38,561.63,140.83,31.28,1,0,0
153,2,703.38,562.53,88.10,29.58,1,0,0
153,3,323.68,561.42,36.10,30.92,1,0,0
153,13,374.41,587.72,7.94,12.36,1,3,0
154,1,833.47,551.42,142.52,32.34,1,0,0
154,2,745.61,551.22,88.14,30.49,1,0,0
154,3,362.88,544.55,33.94,31.03,1,0,0
154,13,410.85,571.25,7.85,12.32,1,3,0
155,1,877.41,560.72,140.95,31.45,1,0,0
155,2,788.63,562.30,89.23,29.60,1,0,0
155,3,401.68,564.14,32.93,30.79,1,0,0
155,13,448.21,590.18,8.10,12.42,1,3,0
156,1,910.19,552.82,143.12,31.96,1,0,0
156,2,822.01,555.07,88.36,30.18,1,0,0
156,3,431.13,559.73,33.53,31.30,1,0,0
156,14,663.59,581.84,4.46,7.86,1,3,0
157,1,935.75,561.94,142.62,31.41,1,0,0
157,2,846.61,562.93,89.12,29.75,1,0,0
157,3,452.57,562.68,34.00,30.71,1,0,0
157,7,341.08,583.35,5.18,10.49,1,3,0
158,1,961.41,561.57,142.89,31.69,1,0,0
158,2,874.09,563.03,87.74,29.66,1,0,0
158,3,474.75,563.70,34.11,31.01,1,0,0
158,7,362.64,583.82,6.01,11.18,1,3,0
158,13,520.72,589.64,8.19,12.95,1,3,0
159,1,980.89,567.80,143.20,32.04,1,0,0
159,2,893.05,569.96,87.45,30.64,1,0,0
159,3,492.37,573.54,33.59,31.33,1,0,0
159,13,536.96,599.01,8.49,12.80,1,3,0
159,14,731.51,596.83,4.28,8.17,1,3,0
160,1,981.52,564.09,143.49,31.93,1,0,0
160,2,893.05,565.74,88.93,30.09,1,0,0
160,3,491.80,567.56,33.50,31.36,1,0,0
160,13,535.74,592.85,7.95,13.71,1,3,0
161,1,974.20,562.93,143.50,31.78,1,0,0
161,2,884.76,564.57,90.16,29.91,1,0,0
161,3,482.77,565.80,33.77,30.76,1,0,0
161,13,526.29,591.09,8.55,13.66,1,3,0
162,1,950.86,558.47,143.16,31.88,1,0,0
162,2,860.43,560.23,90.71,30.26,1,0,0
162,3,458.21,563.46,32.63,31.13,1,0,0
163,1,927.25,562.02,145.59,32.06,1,0,0
163,2,838.21,563.70,89.98,30.32,1,0,0
163,3,436.36,566.51,31.77,30.41,1,0,0
164,1,908.22,556.61,144.84,32.11,1,0,0
164,2,818.39,558.21,89.91,30.10,1,0,0
164,3,417.09,558.87,31.89,30.85,1,0,0
164,13,456.63,583.87,7.83,13.93,1,3,0
165,1,891.37,554.48,145.34,32.10,1,0,0
165,2,801.51,555.95,90.00,30.19,1,0,0
165,3,399.87,557.78,31.67,30.17,1,0,0
165,14,639.46,580.94,4.64,7.89,1,3,0
166,1,880.09,563.20,145.81,32.13,1,0,0
166,2,790.55,564.57,90.00,30.42,1,0,0
166,3,389.08,566.36,30.92,30.20,1,0,0
166,14,628.70,590.61,4.63,7.90,1,3,0
167,1,867.92,562.16,145.91,31.63,1,0,0
167,2,777.07,563.43,91.48,30.14,1,0,0
167,3,376.90,565.77,30.60,29.77,1,0,0
167,7,412.90,591.02,8.41,13.13,1,3,0
168,1,867.86,556.09,145.77,32.66,1,0,0
168,2,776.17,556.80,92.22,31.12,1,0,0
168,3,374.94,556.60,30.52,30.52,1,0,0
168,7,409.90,582.13,7.94,13.21,1,3,0
168,14,614.82,581.60,4.31,7.61,1,3,0
169,1,861.81,575.16,146.34,32.47,1,0,0
169,2,771.22,576.80,91.05,30.89,1,0,0
169,3,368.55,581.28,30.41,29.69,1,0,0
169,14,609.72,603.16,4.07,7.79,1,3,0
170,1,863.24,549.69,147.26,32.17,1,0,0
170,2,771.75,550.64,91.61,30.85,1,0,0
170,3,368.88,553.51,30.51,30.39,1,0,0
170,14,610.83,577.19,3.95,7.67,1,3,0
170,7,401.57,579.60,8.31,12.52,1,3,0
171,1,851.05,565.12,145.85,32.52,1,0,0
171,2,760.54,566.04,90.26,30.90,1,0,0
171,3,355.72,567.42,30.23,29.29,1,0,0
171,7,387.02,592.02,8.24,12.99,1,3,0
172,1,803.80,566.67,145.17,32.22,1,0,0
172,2,712.43,567.95,91.36,30.58,1,0,0
172,3,319.30,569.26,21.11,30.05,1,0,0
172,7,339.35,595.70,7.77,12.60,1,3,0
173,1,783.63,562.49,147.31,32.27,1,0,0
173,2,693.14,563.41,90.82,30.43,1,0,0
174,1,770.96,567.35,147.39,32.33,1,0,0
174,2,680.43,568.46,90.68,30.45,1,0,0
174,14,518.29,592.93,4.59,8.43,1,3,0
175,1,761.30,558.01,147.73,32.35,1,0,0
175,2,671.01,559.36,90.63,30.28,1,0,0
175,14,508.76,584.17,4.18,8.07,1,3,0
176,1,748.66,574.55,147.90,32.50,1,0,0
176,2,659.88,576.04,89.14,30.72,1,0,0
176,14,496.48,602.53,4.44,8.16,1,3,0
177,1,738.29,559.75,147.71,32.50,1,0,0
177,2,647.63,561.49,90.82,30.67,1,0,0
178,1,739.26,554.23,146.57,33.65,1,0,0
178,2,648.98,554.23,90.12,31.34,1,0,0
179,1,754.30,567.01,147.48,32.32,1,0,0
179,2,662.71,567.95,90.95,30.65,1,0,0
180,1,775.28,548.62,147.62,32.66,1,0,0
180,2,683.50,550.59,91.53,30.97,1,0,0
180,14,518.59,578.98,4.44,7.76,1,3,0
181,1,784.60,574.68,148.90,33.23,1,0,0
181,2,694.47,576.06,90.76,31.16,1,0,0
182,1,782.54,570.75,148.22,32.80,1,0,0
182,2,690.02,572.35,92.44,30.83,1,0,0
183,1,789.01,567.78,149.43,33.11,1,0,0
183,2,698.62,569.70,89.88,31.04,1,0,0
184,1,788.37,548.73,150.14,32.80,1,0,0
184,2,697.16,550.30,91.23,30.87,1,0,0
185,1,789.03,555.97,149.17,33.26,1,0,0
185,2,697.08,557.52,91.50,31.36,1,0,0
186,1,779.19,568.26,150.26,33.08,1,0,0
186,2,688.31,569.83,90.54,31.23,1,0,0
186,14,518.00,595.70,4.83,8.43,1,3,0
187,1,777.54,560.65,150.17,33.19,1,0,0
187,2,685.23,561.27,92.14,31.31,1,0,0
188,1,815.01,563.67,149.72,33.88,1,0,0
188,2,723.38,564.40,91.69,31.30,1,0,0
188,7,318.42,562.55,11.23,28.78,1,0,0
189,1,859.21,548.69,152.25,33.04,1,0,0
189,2,766.55,550.32,93.18,31.26,1,0,0
189,7,337.95,555.58,29.38,29.39,1,0,0
190,1,879.82,567.01,150.58,33.30,1,0,0
190,2,786.20,569.67,93.70,31.77,1,0,0
190,7,354.22,578.75,29.79,29.78,1,0,0
190,13,346.46,603.82,8.93,13.65,1,3,0
190,14,610.83,598.93,4.35,8.27,1,3,0
191,1,896.00,551.02,150.50,33.53,1,0,0
191,2,803.03,552.01,92.60,31.77,1,0,0
191,7,367.31,553.26,29.61,29.52,1,0,0
191,13,357.40,578.68,9.52,13.78,1,3,0
192,1,909.85,552.98,151.60,34.10,1,0,0
192,2,816.46,553.83,93.41,31.99,1,0,0
192,7,378.34,552.64,30.76,29.61,1,0,0
193,1,913.92,573.64,151.63,33.70,1,0,0
193,2,820.55,575.71,93.53,31.79,1,0,0
193,7,381.76,582.63,29.39,29.13,1,0,0
193,14,641.59,604.30,4.38,8.07,1,3,0
194,1,916.39,561.86,153.46,33.32,1,0,0
194,2,822.25,563.31,95.00,31.56,1,0,0
194,7,383.38,567.13,29.85,29.72,1,0,0
194,13,367.94,591.31,9.03,15.80,1,3,0
195,1,915.35,564.50,152.33,33.60,1,0,0
195,2,820.83,566.10,94.96,31.84,1,0,0
195,7,379.68,570.30,30.11,29.35,1,0,0
195,13,362.76,594.59,9.39,15.68,1,3,0
196,1,912.52,558.69,151.70,33.40,1,0,0
196,2,816.85,560.83,96.47,31.40,1,0,0
196,7,376.18,566.47,30.28,29.18,1,0,0
196,13,357.45,590.45,9.27,15.45,1,3,0
197,1,898.32,573.04,153.79,33.64,1,0,0
197,2,806.10,575.24,91.88,32.19,1,0,0
197,7,362.89,584.92,29.26,29.29,1,0,0
197,13,341.21,609.33,9.77,15.65,1,3,0
197,14,626.33,605.19,4.59,8.10,1,3,0
198,1,874.11,560.93,153.16,33.31,1,0,0
198,2,779.99,562.08,93.80,31.47,1,0,0
198,7,339.36,564.74,29.26,28.77,1,0,0
199,1,846.04,551.61,153.66,34.40,1,0,0
199,2,752.89,552.51,93.07,32.07,1,0,0
199,7,319.52,552.45,22.26,29.07,1,0,0
200,1,840.14,562.77,153.91,33.75,1,0,0
200,2,745.45,564.91,95.36,31.89,1,0,0
200,7,319.23,573.07,16.81,29.61,1,0,0
200,14,567.86,594.36,4.47,7.98,1,3,0
201,1,843.52,554.84,153.70,34.40,1,0,0
201,2,748.98,556.78,95.39,31.94,1,0,0
201,7,319.37,560.72,17.97,29.51,1,0,0
201,14,569.19,583.96,4.39,7.76,1,3,0
202,1,821.64,559.57,154.48,34.10,1,0,0
202,2,727.13,561.51,94.70,32.13,1,0,0
203,1,821.64,559.57,154.48,34.10,1,0,0
203,2,727.13,561.51,94.70,32.13,1,0,0
204,1,807.22,564.36,153.70,34.25,1,0,0
204,2,711.95,565.61,95.61,32.17,1,0,0
204,14,531.99,591.72,4.68,7.97,1,3,0
205,1,774.34,569.48,155.32,34.35,1,0,0
205,2,681.57,570.80,92.76,32.21,1,0,0
206,1,771.08,566.99,155.44,36.10,1,0,0
206,2,677.17,566.48,94.39,32.91,1,0,0
207,1,789.76,561.76,155.61,33.92,1,0,0
207,2,694.61,563.12,94.85,31.93,1,0,0
208,1,806.65,544.72,154.96,34.24,1,0,0
208,2,710.73,548.26,95.88,31.84,1,0,0
208,14,530.04,579.64,4.83,8.03,1,3,0
209,1,801.09,552.23,154.42,34.88,1,0,0
209,2,706.32,553.45,94.12,32.67,1,0,0
209,14,521.60,580.10,4.52,7.86,1,3,0
210,1,793.68,550.99,157.73,35.64,1,0,0
210,2,699.99,550.96,94.15,32.56,1,0,0
210,14,515.38,573.80,4.44,8.12,1,3,0
211,1,814.28,556.57,158.00,34.66,1,0,0
211,2,719.44,559.74,94.89,32.44,1,0,0
212,1,831.69,557.26,158.25,34.69,1,0,0
212,2,736.02,559.85,96.33,32.04,1,0,0
213,1,838.88,574.41,157.07,36.64,1,0,0
213,2,743.37,574.02,95.68,33.18,1,0,0
213,14,555.39,594.92,4.48,7.85,1,3,0
214,1,871.63,565.10,157.30,35.28,1,0,0
214,2,775.14,565.56,95.67,32.99,1,0,0
214,7,319.57,564.66,23.46,29.13,1,0,0
215,1,905.77,562.12,157.55,34.34,1,0,0
215,2,809.96,564.37,96.36,32.81,1,0,0
215,7,344.37,575.55,27.95,29.06,1,0,0
216,1,920.68,560.06,156.78,34.48,1,0,0
216,2,821.69,561.54,98.07,32.49,1,0,0
216,7,355.39,568.35,27.76,29.06,1,0,0
217,1,915.32,566.76,157.52,35.69,1,0,0
217,2,818.48,567.49,97.26,33.12,1,0,0
217,7,350.29,566.32,27.20,28.72,1,0,0
218,1,919.94,563.76,156.87,34.92,1,0,0
218,2,822.40,564.60,96.91,33.02,1,0,0
218,7,353.28,565.66,27.24,28.87,1,0,0
218,14,629.61,591.38,4.57,7.85,1,3,0
219,1,954.25,553.61,158.14,34.95,1,0,0
219,2,856.45,555.91,97.64,33.11,1,0,0
219,7,382.60,565.69,26.45,29.26,1,0,0
220,1,959.93,545.66,158.53,34.97,1,0,0
220,2,861.15,546.94,98.53,33.23,1,0,0
220,7,385.05,551.54,27.16,29.31,1,0,0
221,1,962.67,554.77,158.20,35.63,1,0,0
221,2,864.63,555.88,98.21,33.38,1,0,0
221,7,385.98,556.64,26.68,29.34,1,0,0
222,1,970.30,564.40,158.69,34.82,1,0,0
222,2,871.74,566.58,98.27,33.02,1,0,0
222,7,392.47,574.56,26.78,29.21,1,0,0
222,14,676.24,596.58,4.34,7.51,1,3,0
223,1,989.16,553.41,157.91,35.18,1,0,0
223,2,890.77,555.66,98.30,33.17,1,0,0
223,7,407.76,564.19,27.55,29.63,1,0,0
224,1,1005.19,556.09,157.90,35.21,1,0,0
224,2,905.46,557.32,98.96,33.42,1,0,0
224,7,421.64,562.45,26.94,29.62,1,0,0
225,1,991.07,572.95,159.90,34.89,1,0,0
225,2,893.17,573.83,97.80,33.69,1,0,0
225,7,407.89,577.96,26.17,29.36,1,0,0
226,1,988.04,562.35,158.90,35.31,1,0,0
226,2,888.39,562.44,100.22,33.31,1,0,0
226,7,402.49,560.41,27.46,29.30,1,0,0
227,1,1008.45,561.71,160.03,35.03,1,0,0
227,2,909.36,563.53,99.09,33.20,1,0,0
227,7,419.93,570.31,27.82,29.62,1,0,0
227,14,710.03,593.23,4.86,7.84,1,3,0
228,1,1017.00,554.59,160.18,35.56,1,0,0
228,2,916.91,556.56,99.59,33.53,1,0,0
228,7,427.30,564.37,26.99,29.48,1,0,0
229,1,1016.73,552.21,160.38,35.55,1,0,0
229,2,918.07,553.50,98.14,33.69,1,0,0
229,7,426.67,559.00,26.18,29.58,1,0,0
230,1,1014.42,561.96,161.28,35.14,1,0,0
230,2,915.34,563.89,98.84,33.64,1,0,0
230,7,423.22,573.76,25.76,28.98,1,0,0
230,14,713.51,595.18,4.49,7.82,1,3,0
231,1,1000.53,550.33,163.10,35.38,1,0,0
231,2,901.63,551.89,99.32,33.84,1,0,0
231,7,410.17,559.14,26.11,29.41,1,0,0
231,14,700.55,582.23,4.62,7.91,1,3,0
232,1,994.07,557.25,162.38,36.33,1,0,0
232,2,895.07,558.28,99.03,33.76,1,0,0
232,7,401.94,557.57,25.99,29.00,1,0,0
233,1,1010.45,557.40,162.71,35.72,1,0,0
233,2,910.85,558.55,100.31,33.08,1,0,0
233,7,414.86,559.55,27.02,29.44,1,0,0
234,1,1025.96,551.72,161.65,35.77,1,0,0
234,2,925.60,553.96,100.53,33.88,1,0,0
234,7,427.93,566.19,27.13,28.90,1,0,0
235,1,1034.87,552.28,161.67,36.02,1,0,0
235,2,933.58,554.53,101.91,33.58,1,0,0
235,7,434.91,562.92,26.62,29.03,1,0,0
236,1,1045.01,568.72,161.56,36.18,1,0,0
236,2,944.97,570.79,99.89,33.75,1,0,0
236,7,441.79,576.70,25.98,29.32,1,0,0
237,1,1075.61,564.47,162.22,35.98,1,0,0
237,2,974.77,565.42,100.48,34.12,1,0,0
237,7,469.18,568.71,26.32,29.42,1,0,0
237,13,318.84,595.66,6.76,16.10,1,3,0
238,1,1097.97,562.15,162.93,35.51,1,0,0
238,2,998.42,563.53,99.76,33.90,1,0,0
238,7,489.39,570.23,26.20,29.19,1,0,0
238,13,327.90,593.62,11.84,20.42,1,3,0
239,1,1112.62,556.17,162.12,35.59,1,0,0
239,2,1010.72,557.95,101.66,33.85,1,0,0
239,7,500.15,565.04,28.06,30.41,1,0,0
239,13,335.98,589.86,12.08,21.03,1,3,0
240,1,1124.23,557.88,162.22,36.23,1,0,0
240,2,1024.01,559.78,99.97,33.90,1,0,0
240,7,510.96,565.62,26.99,30.19,1,0,0
240,13,341.50,589.94,11.96,21.27,1,3,0
241,1,1130.59,552.87,160.99,36.11,1,0,0
241,2,1029.51,554.25,101.50,33.92,1,0,0
241,7,515.06,558.62,27.04,29.76,1,0,0
241,13,341.48,581.77,12.49,21.96,1,3,0
241,14,819.88,583.33,4.71,8.20,1,3,0
242,1,1138.71,555.36,162.31,36.54,1,0,0
242,2,1037.78,557.57,100.45,33.90,1,0,0
242,7,522.45,564.21,26.63,28.91,1,0,0
242,13,345.13,586.67,12.33,21.99,1,3,0
243,1,1133.60,553.11,162.46,36.31,1,0,0
243,2,1031.74,555.41,101.72,34.27,1,0,0
243,7,516.45,565.25,26.32,29.87,1,0,0
243,13,335.71,589.75,12.52,21.87,1,3,0
244,1,1138.48,557.66,162.99,36.32,1,0,0
244,2,1035.78,559.15,102.40,34.10,1,0,0
244,7,519.44,564.47,26.80,29.19,1,0,0
244,13,334.96,586.12,12.75,22.63,1,3,0
245,1,1135.87,561.19,163.51,36.27,1,0,0
245,2,1033.65,563.73,101.66,34.43,1,0,0
245,7,516.62,576.22,25.38,29.19,1,0,0
245,13,327.55,599.49,12.90,23.59,1,3,0
246,1,1112.26,556.86,163.97,36.31,1,0,0
246,2,1007.89,558.50,103.84,34.12,1,0,0
246,7,490.62,565.11,25.24,28.76,1,0,0
246,13,352.66,585.25,5.32,9.88,1,3,0
247,1,1101.74,556.11,163.80,36.80,1,0,0
247,2,997.40,557.98,104.26,34.45,1,0,0
247,7,479.64,564.19,25.71,29.19,1,0,0
247,13,341.30,584.71,5.31,9.54,1,3,0
248,1,1096.00,556.70,164.98,36.82,1,0,0
248,2,992.61,558.95,103.58,33.96,1,0,0
248,7,473.58,565.95,25.76,29.14,1,0,0
249,1,1068.73,545.64,166.91,36.82,1,0,0
249,2,965.64,548.32,103.35,34.00,1,0,0
249,7,448.24,561.55,24.25,28.55,1,0,0
250,1,1037.97,553.30,167.46,37.23,1,0,0
250,2,934.56,554.70,102.94,34.81,1,0,0
250,7,416.74,558.35,25.79,28.72,1,0,0
250,14,722.04,583.16,4.88,8.25,1,3,0
251,1,1032.65,561.26,168.68,36.77,1,0,0
251,2,929.51,561.97,102.89,34.52,1,0,0
251,7,411.92,563.89,24.86,28.36,1,0,0
252,1,1016.74,548.53,167.88,37.08,1,0,0
252,2,913.33,551.62,103.06,34.96,1,0,0
252,7,395.39,567.42,25.15,28.61,1,0,0
253,1,998.34,560.56,169.57,36.55,1,0,0
253,2,894.10,561.65,104.92,34.69,1,0,0
253,7,377.88,566.50,24.42,28.51,1,0,0
254,1,981.51,564.38,169.35,36.84,1,0,0
254,2,878.08,566.00,103.06,34.45,1,0,0
254,7,360.38,571.64,25.31,28.47,1,0,0
254,14,663.14,595.55,4.63,8.27,1,3,0
255,1,968.34,559.03,171.43,37.57,1,0,0
255,2,863.81,560.36,104.60,34.57,1,0,0
255,7,346.92,562.49,24.47,28.34,1,0,0
256,1,968.34,559.03,171.43,37.57,1,0,0
256,2,863.81,560.36,104.60,34.57,1,0,0
256,7,346.92,562.49,24.47,28.34,1,0,0
257,1,956.49,560.97,169.89,36.81,1,0,0
257,2,851.10,562.63,105.06,34.45,1,0,0
257,7,334.59,568.53,24.10,28.19,1,0,0
258,1,980.64,562.88,171.28,37.25,1,0,0
258,2,875.73,564.48,104.61,34.89,1,0,0
258,7,353.35,570.76,25.08,28.07,1,0,0
259,1,993.65,553.39,169.65,37.39,1,0,0
259,2,886.85,556.18,106.79,34.85,1,0,0
259,7,362.73,567.76,25.25,28.05,1,0,0
260,1,1010.98,560.83,172.57,36.96,1,0,0
260,2,905.45,562.06,106.40,34.75,1,0,0
260,7,378.72,567.45,24.60,28.26,1,0,0
260,14,686.98,592.11,4.61,7.85,1,3,0
261,1,1040.13,560.70,171.60,37.29,1,0,0
261,2,935.12,561.37,105.11,34.81,1,0,0
261,7,404.06,562.02,24.84,28.39,1,0,0
262,1,1079.03,553.12,170.33,37.68,1,0,0
262,2,972.95,555.24,105.82,35.04,1,0,0
262,7,438.24,563.13,24.70,28.59,1,0,0
263,1,1106.31,549.47,169.90,37.22,1,0,0
263,2,1000.60,552.10,106.11,35.19,1,0,0
263,7,464.10,566.20,24.15,29.22,1,0,0
264,1,1118.76,564.36,169.68,37.94,1,0,0
264,2,1012.98,566.19,105.82,35.16,1,0,0
264,7,472.40,571.13,24.54,28.75,1,0,0
265,1,1135.08,553.48,170.02,38.29,1,0,0
265,2,1028.34,557.16,106.33,34.93,1,0,0
265,7,487.19,568.66,23.77,29.62,1,0,0
266,1,1149.37,556.57,171.14,37.77,1,0,0
266,2,1043.93,558.70,105.90,34.93,1,0,0
266,7,498.32,567.50,24.75,28.97,1,0,0
266,14,819.06,590.36,5.26,8.55,1,3,0
267,1,1149.82,557.54,171.33,38.25,1,0,0
267,2,1042.97,560.16,107.05,35.71,1,0,0
267,7,497.80,570.39,24.61,29.27,1,0,0
267,14,819.01,593.03,4.48,7.93,1,3,0
268,1,1140.32,556.37,171.95,38.10,1,0,0
268,2,1033.34,558.54,108.10,35.39,1,0,0
268,7,486.42,569.31,25.12,28.94,1,0,0
268,14,808.16,591.43,4.97,8.09,1,3,0
269,1,1121.24,559.19,174.16,38.01,1,0,0
269,2,1014.70,561.68,106.52,35.17,1,0,0
269,7,468.14,570.40,24.50,28.84,1,0,0
270,1,1105.56,550.91,175.23,37.96,1,0,0
270,2,999.26,552.43,107.19,35.77,1,0,0
270,7,451.88,561.16,24.43,28.53,1,0,0
270,14,773.08,583.91,4.76,8.60,1,3,0
271,1,1085.74,560.80,175.67,37.91,1,0,0
271,2,977.80,562.55,108.11,35.91,1,0,0
271,7,432.67,571.80,23.62,28.52,1,0,0
272,1,1064.16,545.04,177.12,38.56,1,0,0
272,2,956.14,547.07,108.55,35.30,1,0,0
272,7,410.88,555.00,22.90,28.47,1,0,0
272,14,728.96,577.99,5.17,8.63,1,3,0
273,1,1042.52,556.51,176.91,38.90,1,0,0
273,2,934.49,559.64,108.38,35.85,1,0,0
273,7,390.71,570.38,23.37,28.51,1,0,0
274,1,1025.04,559.56,178.44,38.04,1,0,0
274,2,915.77,561.44,109.65,35.58,1,0,0
274,7,373.63,568.90,22.44,27.92,1,0,0
274,14,689.34,592.17,4.67,8.19,1,3,0
275,1,1018.20,562.04,177.86,38.69,1,0,0
275,2,909.93,563.84,107.70,35.76,1,0,0
275,7,364.86,568.56,23.59,28.27,1,0,0
276,1,997.91,551.17,179.89,38.53,1,0,0
276,2,888.88,553.66,110.42,36.15,1,0,0
276,7,346.12,566.47,23.47,27.58,1,0,0
277,1,983.10,560.01,179.92,38.77,1,0,0
277,2,874.11,561.93,109.25,36.18,1,0,0
277,7,331.33,567.37,22.85,28.52,1,0,0
278,1,982.13,555.78,178.64,39.09,1,0,0
278,2,870.53,557.80,110.83,35.99,1,0,0
278,7,327.42,564.35,23.14,27.80,1,0,0
279,1,979.06,544.41,181.52,39.23,1,0,0
279,2,869.67,546.71,110.00,36.22,1,0,0
279,7,325.30,556.93,22.06,28.27,1,0,0
279,14,640.30,579.25,5.14,8.77,1,3,0
280,1,979.06,544.41,181.52,39.23,1,0,0
280,2,869.67,546.71,110.00,36.22,1,0,0
280,7,325.30,556.93,22.06,28.27,1,0,0
280,14,640.30,579.25,5.14,8.77,1,3,0
281,1,988.13,557.42,179.89,38.80,1,0,0
281,2,876.87,559.18,111.81,36.18,1,0,0
281,7,330.33,566.75,23.24,27.91,1,0,0
282,1,1005.58,570.29,180.44,39.44,1,0,0
282,2,894.66,571.65,111.06,36.79,1,0,0
282,7,346.09,574.86,22.72,27.94,1,0,0
283,1,1037.30,558.88,181.62,39.20,1,0,0
283,2,926.34,560.46,111.44,36.52,1,0,0
283,7,372.31,566.20,22.64,27.82,1,0,0
284,1,1074.61,570.37,180.35,39.24,1,0,0
284,2,963.05,571.82,112.04,36.56,1,0,0
284,7,405.10,575.87,22.82,27.84,1,0,0
284,14,728.25,601.61,5.20,8.90,1,3,0
285,1,1097.24,553.23,179.67,39.60,1,0,0
285,2,984.72,556.33,112.88,36.41,1,0,0
285,7,424.87,568.48,22.76,28.82,1,0,0
285,14,749.62,590.25,5.07,8.57,1,3,0
286,1,1111.18,546.85,180.24,39.12,1,0,0
286,2,999.52,549.04,111.70,36.47,1,0,0
286,7,436.26,558.61,23.22,28.54,1,0,0
287,1,1122.12,553.05,179.94,39.89,1,0,0
287,2,1009.07,555.37,112.86,36.92,1,0,0
287,7,445.50,564.02,22.47,28.24,1,0,0
288,1,1130.84,545.70,179.60,39.48,1,0,0
288,2,1018.60,548.32,112.75,36.78,1,0,0
288,7,452.43,561.22,22.79,27.86,1,0,0
289,1,1134.27,550.94,179.13,39.69,1,0,0
289,2,1022.13,552.79,111.85,36.95,1,0,0
289,7,453.53,561.15,23.66,28.08,1,0,0
289,14,783.24,584.81,5.50,8.79,1,3,0
290,1,1132.61,549.27,181.43,39.70,1,0,0
290,2,1019.84,550.89,112.96,37.03,1,0,0
290,7,451.63,558.06,23.24,28.84,1,0,0
291,1,1126.37,560.69,181.92,39.34,1,0,0
291,2,1013.46,563.66,112.59,36.80,1,0,0
291,7,445.10,578.05,22.80,28.23,1,0,0
292,1,1137.76,562.01,181.87,40.24,1,0,0
292,2,1024.57,564.06,113.60,36.99,1,0,0
292,7,453.58,570.09,23.60,28.43,1,0,0
292,14,784.94,595.26,5.01,8.39,1,3,0
293,1,1141.52,559.79,181.70,39.67,1,0,0
293,2,1029.04,562.18,113.44,36.73,1,0,0
293,7,455.94,570.59,22.96,28.11,1,0,0
294,1,1140.09,553.16,183.49,40.70,1,0,0
294,2,1026.47,557.26,114.89,36.96,1,0,0
294,7,454.59,573.38,22.71,27.85,1,0,0
294,14,785.87,592.77,5.50,8.90,1,3,0
295,1,1137.05,556.10,182.19,40.51,1,0,0
295,2,1022.22,558.92,114.77,37.10,1,0,0
295,7,448.64,566.94,23.20,28.53,1,0,0
295,14,781.77,591.33,5.13,8.59,1,3,0
296,1,1129.45,557.28,184.73,39.99,1,0,0
296,2,1014.84,558.75,115.08,37.19,1,0,0
296,7,439.83,563.94,23.43,27.73,1,0,0
297,1,1123.94,545.86,183.67,39.72,1,0,0
297,2,1009.39,548.31,114.06,37.19,1,0,0
297,7,433.70,559.80,23.51,28.06,1,0,0
298,1,1115.18,554.42,186.01,40.68,1,0,0
298,2,1001.32,558.17,115.16,36.81,1,0,0
298,7,426.95,570.45,22.24,27.78,1,0,0
298,14,758.22,592.30,5.06,8.72,1,3,0
299,1,1109.34,559.47,186.14,40.04,1,0,0
299,2,994.69,561.49,115.61,37.38,1,0,0
299,7,418.90,569.06,23.65,28.38,1,0,0
300,1,1100.55,552.33,187.61,40.42,1,0,0
300,2,986.87,554.51,114.27,37.61,1,0,0
300,7,410.03,566.56,22.32,27.45,1,0,0
301,1,1110.86,554.15,187.19,41.56,1,0,0
301,2,995.71,556.95,115.21,37.49,1,0,0
301,7,417.16,562.46,22.55,27.74,1,0,0
302,1,1164.17,558.08,187.11,41.91,1,0,0
302,2,1049.81,559.59,115.49,37.40,1,0,0
302,7,465.09,560.34,23.79,27.86,1,0,0
303,1,1222.28,551.38,183.97,40.88,1,0,0
303,2,1109.25,553.64,113.30,37.53,1,0,0
303,7,520.40,562.83,22.38,28.16,1,0,0
303,13,324.44,582.34,6.63,10.27,1,3,0
304,1,1287.83,549.82,183.78,40.56,1,0,0
304,2,1176.05,552.01,112.39,37.25,1,0,0
304,7,584.81,563.79,23.40,28.43,1,0,0
304,13,385.09,584.90,5.73,9.78,1,3,0
305,1,1374.41,563.59,178.21,41.57,1,0,0
305,2,1263.17,565.02,111.09,37.23,1,0,0
305,7,667.89,567.39,24.86,29.13,1,0,0
306,1,1466.73,558.42,134.31,40.56,1,0,0
306,2,1360.89,560.36,107.54,37.55,1,0,0
306,14,767.62,567.94,25.27,29.35,1,0,0
306,13,557.60,589.19,6.18,9.63,1,3,0
307,1,1560.17,546.44,41.12,41.09,1,0,0
307,2,1456.17,550.95,105.76,37.06,1,0,0
307,14,868.36,566.79,25.55,28.36,1,0,0
308,1,1551.84,567.20,48.26,37.22,1,0,0
308,14,972.80,577.18,24.79,29.06,1,0,0
308,16,357.95,579.80,88.93,23.18,1,0,0
308,7,755.64,598.90,5.94,9.02,1,3,0
309,1,1467.60,569.81,32.52,18.18,1,0,0
309,14,1066.92,562.25,25.00,28.86,1,0,0
309,16,360.76,564.88,49.43,26.26,1,0,0
309,17,1409.25,582.78,6.15,10.68,1,3,0
310,1,1546.24,563.17,31.45,19.71,1,0,0
310,14,1151.34,556.73,24.97,29.34,1,0,0
310,16,435.26,561.34,51.40,25.91,1,0,0
310,13,518.14,563.72,94.02,24.40,1,0,0
311,1,1577.81,591.55,5.26,9.31,1,3,0
311,14,1245.63,568.27,24.57,28.88,1,0,0
311,16,524.21,566.44,53.14,25.72,1,0,0
311,13,611.19,570.21,94.40,23.99,1,0,0
312,13,654.42,574.69,53.97,25.77,1,0,0
312,7,742.52,575.24,96.59,24.37,1,0,0
312,17,1378.24,560.33,25.54,28.25,1,0,0
313,13,688.61,572.59,54.65,25.98,1,0,0
313,19,356.33,584.83,28.60,56.41,1,3,0
313,7,778.21,574.73,97.20,24.31,1,0,0
313,17,1413.44,565.70,23.25,28.16,1,0,0
313,14,1201.29,590.30,6.00,8.85,1,3,0
314,13,713.17,578.74,55.49,26.70,1,0,0
314,19,369.35,593.33,28.87,56.40,1,3,0
314,7,803.42,580.57,97.08,24.69,1,0,0
314,17,1436.14,568.92,25.15,28.94,1,0,0
314,14,1227.61,594.61,5.80,8.89,1,3,0
315,13,717.89,566.09,55.65,27.12,1,0,0
315,19,362.73,583.33,30.30,59.10,1,3,0
315,7,809.15,567.56,96.78,24.51,1,0,0
315,17,1443.65,552.21,23.63,28.39,1,0,0
315,14,1233.96,578.77,6.14,9.27,1,3,0
316,13,719.56,572.62,55.66,26.20,1,0,0
316,19,351.99,586.39,30.74,59.24,1,3,0
316,7,810.31,574.52,97.69,24.40,1,0,0
316,17,1445.84,564.75,24.13,28.23,1,0,0
316,14,1237.11,589.71,6.21,8.96,1,3,0
317,19,334.74,591.98,30.33,56.09,1,3,0
317,7,801.94,576.02,97.76,24.21,1,0,0
317,17,1439.59,564.52,24.46,28.16,1,0,0
317,14,1229.98,589.69,6.12,9.18,1,3,0
317,16,711.04,573.95,56.04,26.50,1,0,0
318,19,319.59,599.00,21.13,54.00,1,3,0
318,7,785.53,578.31,97.99,25.11,1,0,0
318,17,1425.34,566.50,24.65,28.13,1,0,0
318,14,1214.95,591.91,6.01,9.12,1,3,0
318,16,693.78,576.01,56.82,27.53,1,0,0
319,17,1373.19,567.80,25.33,28.46,1,0,0
319,16,637.83,578.99,56.65,26.81,1,0,0
319,13,729.79,580.74,96.76,24.66,1,0,0
320,17,1354.84,572.31,25.55,28.60,1,0,0
320,16,616.92,573.20,56.69,26.81,1,0,0
320,13,708.55,577.03,97.32,24.62,1,0,0
320,14,1142.97,594.97,5.91,9.29,1,3,0
321,17,1354.84,572.31,25.55,28.60,1,0,0
321,16,616.92,573.20,56.69,26.81,1,0,0
321,13,708.55,577.03,97.32,24.62,1,0,0
321,14,1142.97,594.97,5.91,9.29,1,3,0
322,17,1311.10,568.33,25.00,28.08,1,0,0
322,16,569.01,581.97,57.31,26.98,1,0,0
322,13,661.26,583.26,97.23,25.00,1,0,0
322,14,1097.61,594.66,6.03,9.60,1,3,0
323,17,1283.78,564.31,25.61,28.89,1,0,0
323,16,541.57,569.62,56.25,26.97,1,0,0
323,13,631.85,572.18,97.74,25.16,1,0,0
324,17,1265.71,562.27,26.54,28.81,1,0,0
324,16,522.86,568.73,56.57,27.18,1,0,0
324,13,613.69,571.79,96.89,24.70,1,0,0
325,17,1254.00,568.68,26.15,28.25,1,0,0
325,16,509.85,577.34,57.45,26.92,1,0,0
325,13,601.22,579.62,96.79,24.80,1,0,0
326,17,1232.66,562.59,23.47,28.25,1,0,0
326,16,485.09,568.71,56.53,26.62,1,0,0
326,13,575.90,570.92,96.73,25.01,1,0,0
327,17,1220.62,567.52,27.37,28.68,1,0,0
327,16,476.36,571.54,57.05,26.73,1,0,0
327,13,567.10,574.58,96.84,24.89,1,0,0
328,17,1224.33,575.10,26.70,28.74,1,0,0
328,16,476.82,579.12,57.44,27.21,1,0,0
328,13,568.78,582.51,96.00,25.02,1,0,0
329,17,1212.91,558.87,27.03,28.75,1,0,0
329,16,464.33,567.43,58.10,27.31,1,0,0
329,13,555.73,569.41,96.70,25.42,1,0,0
329,14,998.47,584.08,6.13,9.84,1,3,0
330,17,1212.73,574.43,26.78,28.44,1,0,0
330,16,463.91,575.27,57.14,27.12,1,0,0
330,13,555.77,578.47,96.31,25.34,1,0,0
330,14,999.08,596.83,6.64,10.04,1,3,0
331,17,1225.30,570.51,26.84,28.96,1,0,0
331,16,474.19,572.39,57.31,27.24,1,0,0
331,13,565.68,576.07,97.21,24.98,1,0,0
331,14,1011.37,593.80,6.20,9.72,1,3,0
332,17,1243.54,558.38,28.75,29.08,1,0,0
332,16,490.70,568.26,58.48,27.55,1,0,0
332,13,583.28,570.18,98.12,25.49,1,0,0
333,17,1255.67,574.88,26.83,28.84,1,0,0
333,16,499.92,581.20,58.95,28.15,1,0,0
333,13,593.91,584.27,98.12,25.74,1,0,0
333,14,1043.14,600.15,6.19,9.87,1,3,0
334,17,1264.24,565.91,28.07,28.94,1,0,0
334,16,507.63,566.52,59.47,27.83,1,0,0
334,13,601.84,570.23,98.38,25.48,1,0,0
335,17,1272.67,570.74,27.65,29.26,1,0,0
335,16,514.52,581.86,59.46,27.66,1,0,0
335,13,608.58,583.85,98.85,25.56,1,0,0
335,14,1061.58,596.97,6.01,9.85,1,3,0
336,17,1276.23,562.59,28.48,28.67,1,0,0
336,16,516.82,569.42,59.26,28.10,1,0,0
336,13,610.13,572.35,99.81,25.50,1,0,0
337,17,1280.56,563.92,26.48,28.51,1,0,0
337,16,517.83,566.60,59.64,28.02,1,0,0
337,13,612.16,570.78,99.41,25.19,1,0,0
338,17,1289.42,566.52,27.65,28.38,1,0,0
338,16,526.82,567.09,59.46,27.46,1,0,0
338,13,622.10,570.58,99.12,25.64,1,0,0
339,17,1317.37,568.88,27.56,29.20,1,0,0
339,16,552.31,572.58,61.01,28.01,1,0,0
339,13,647.29,575.83,101.33,25.71,1,0,0
339,14,1108.64,593.40,6.16,9.63,1,3,0
340,17,1344.53,568.74,26.70,28.22,1,0,0
340,16,577.23,574.98,61.29,28.46,1,0,0
340,13,674.21,577.62,100.36,26.24,1,0,0
341,17,1358.90,577.80,27.13,28.48,1,0,0
341,16,588.79,580.29,62.47,28.74,1,0,0
341,13,686.59,583.81,102.12,26.37,1,0,0
342,17,1370.60,565.35,27.63,28.88,1,0,0
342,16,599.40,572.49,62.67,28.87,1,0,0
342,13,697.88,575.16,101.76,26.47,1,0,0
342,14,1164.68,590.94,6.63,10.06,1,3,0
343,17,1380.05,561.54,27.64,28.27,1,0,0
343,16,608.03,569.31,63.39,28.69,1,0,0
343,13,706.75,571.69,102.41,26.45,1,0,0
344,17,1384.51,562.05,27.52,28.43,1,0,0
344,16,611.85,571.55,63.22,28.83,1,0,0
344,13,710.25,573.49,102.11,26.70,1,0,0
344,14,1180.03,588.44,6.74,10.04,1,3,0
345,17,1376.00,569.51,26.93,28.33,1,0,0
345,16,599.62,576.09,64.79,29.38,1,0,0
345,13,699.56,579.08,102.38,26.85,1,0,0
346,17,1365.84,560.13,26.40,27.99,1,0,0
346,16,588.98,567.68,63.52,29.25,1,0,0
346,13,687.87,569.90,102.59,27.06,1,0,0
347,17,1352.01,569.32,27.87,28.39,1,0,0
347,16,574.27,575.37,64.30,29.51,1,0,0
347,13,673.82,579.02,102.34,26.10,1,0,0
348,17,1340.99,562.28,28.00,28.44,1,0,0
348,16,561.61,569.03,64.13,29.03,1,0,0
348,13,661.45,571.42,102.00,26.86,1,0,0
349,17,1345.08,576.51,26.51,28.02,1,0,0
349,16,563.68,579.78,63.90,29.53,1,0,0
349,13,663.71,583.33,102.42,26.80,1,0,0
349,14,1140.91,600.77,6.90,10.45,1,3,0
350,17,1345.31,560.19,27.37,28.13,1,0,0
350,16,562.48,563.91,64.95,29.60,1,0,0
350,13,662.96,567.54,101.94,26.57,1,0,0
350,14,1142.22,583.83,6.63,10.72,1,3,0
351,17,1339.88,563.03,26.76,27.62,1,0,0
351,16,555.37,573.21,64.97,29.69,1,0,0
351,13,656.18,575.50,101.94,26.81,1,0,0
352,17,1332.84,566.41,26.92,28.59,1,0,0
352,16,547.11,569.87,64.65,29.68,1,0,0
352,13,646.82,573.30,103.24,26.77,1,0,0
352,14,1130.86,590.78,6.89,10.35,1,3,0
353,17,1332.46,561.01,26.88,28.17,1,0,0
353,16,544.77,564.59,64.96,29.70,1,0,0
353,13,645.55,567.34,102.70,27.51,1,0,0
353,14,1130.14,584.78,6.67,10.83,1,3,0
354,17,1323.70,558.07,27.08,28.20,1,0,0
354,16,533.60,563.58,65.53,30.20,1,0,0
354,13,634.36,566.65,103.15,27.25,1,0,0
354,14,1121.80,583.06,6.84,10.63,1,3,0
355,17,1313.34,564.88,27.86,28.47,1,0,0
355,16,522.90,573.15,65.69,30.00,1,0,0
355,13,624.31,576.10,102.78,27.06,1,0,0
356,17,1308.87,570.63,27.41,28.36,1,0,0
356,16,516.91,574.53,66.17,29.64,1,0,0
356,13,618.79,577.72,102.24,27.33,1,0,0
356,14,1108.99,595.02,6.57,10.52,1,3,0
357,17,1296.01,554.49,27.76,27.89,1,0,0
357,16,502.89,559.12,65.69,29.80,1,0,0
357,13,603.89,561.91,102.60,27.29,1,0,0
357,14,1096.11,578.88,6.78,10.26,1,3,0
358,17,1283.73,570.39,26.70,28.56,1,0,0
358,16,488.83,574.47,65.90,30.14,1,0,0
358,13,589.68,578.02,102.93,27.35,1,0,0
358,14,1083.25,595.31,6.97,10.67,1,3,0
359,17,1270.72,559.11,28.55,28.45,1,0,0
359,16,476.06,566.02,64.96,29.69,1,0,0
359,13,575.88,568.34,103.57,27.79,1,0,0
359,14,1071.48,584.24,7.03,11.05,1,3,0
360,17,1256.57,551.22,27.61,28.16,1,0,0
360,16,460.64,558.34,65.49,29.81,1,0,0
360,13,561.49,560.83,102.82,27.30,1,0,0
360,14,1056.93,576.56,7.02,10.60,1,3,0
361,17,1239.10,576.99,28.07,28.51,1,0,0
361,16,442.58,578.82,64.72,29.90,1,0,0
361,13,542.74,582.21,102.37,27.97,1,0,0
361,14,1038.99,601.41,7.02,10.81,1,3,0
362,17,1242.82,567.08,28.07,28.02,1,0,0
362,16,445.30,566.27,65.38,29.56,1,0,0
362,13,544.91,569.81,103.61,27.76,1,0,0
362,14,1044.40,590.27,6.97,10.61,1,3,0
363,17,1260.89,555.62,28.77,28.70,1,0,0
363,16,461.33,557.42,66.33,30.37,1,0,0
363,13,562.61,560.88,103.86,27.56,1,0,0
363,14,1063.95,579.27,6.97,10.75,1,3,0
364,17,1278.89,574.81,26.92,28.19,1,0,0
364,16,476.04,577.43,66.67,30.69,1,0,0
364,13,577.82,581.26,104.82,28.07,1,0,0
364,14,1081.53,599.81,7.60,11.05,1,3,0
365,17,1308.16,554.83,29.65,28.17,1,0,0
365,16,504.98,552.58,67.14,29.88,1,0,0
365,13,608.32,556.06,104.72,28.16,1,0,0
365,14,1114.37,577.50,7.24,11.09,1,3,0
366,17,1347.58,577.74,27.02,27.74,1,0,0
366,16,539.16,584.60,68.06,31.03,1,0,0
366,13,643.28,587.56,105.28,28.19,1,0,0
366,14,1153.54,603.06,7.12,10.93,1,3,0
367,17,1355.09,551.77,27.53,28.05,1,0,0
367,16,545.35,547.46,68.73,31.47,1,0,0
367,13,651.01,552.71,104.29,27.79,1,0,0
367,14,1162.73,574.03,6.87,10.69,1,3,0
368,17,1360.95,549.08,28.70,28.16,1,0,0
368,16,552.81,560.29,67.89,31.21,1,0,0
368,13,656.90,562.20,106.34,28.19,1,0,0
369,17,1370.10,575.35,27.41,28.15,1,0,0
369,16,559.00,582.92,69.12,31.24,1,0,0
369,13,664.83,585.82,106.04,28.06,1,0,0
369,14,1181.01,600.89,7.08,11.14,1,3,0
370,17,1369.67,550.49,27.87,27.45,1,0,0
370,16,556.37,551.34,69.01,30.72,1,0,0
370,13,662.22,554.65,105.88,28.40,1,0,0
370,14,1180.55,573.00,7.27,11.37,1,3,0
371,17,1364.27,558.06,29.31,28.05,1,0,0
371,16,550.15,567.47,69.18,31.11,1,0,0
371,13,656.00,569.11,107.08,28.95,1,0,0
371,14,1176.33,584.03,7.11,11.29,1,3,0
372,17,1361.29,565.49,28.41,28.09,1,0,0
372,16,545.84,568.27,69.32,31.50,1,0,0
372,13,651.52,571.93,106.62,28.51,1,0,0
373,17,1356.41,547.43,27.86,27.60,1,0,0
373,16,539.28,549.52,68.92,31.80,1,0,0
373,13,644.89,553.01,106.72,28.69,1,0,0
373,14,1169.29,571.17,7.42,11.77,1,3,0
374,17,1346.73,564.23,27.61,28.50,1,0,0
374,16,527.19,573.72,69.12,31.86,1,0,0
374,13,632.91,575.84,106.85,29.28,1,0,0
375,17,1332.29,555.55,28.64,27.81,1,0,0
375,16,511.73,557.78,69.35,31.53,1,0,0
375,13,619.25,561.16,104.99,28.66,1,0,0
375,14,1145.71,579.19,7.36,11.67,1,3,0
376,17,1314.10,557.95,28.04,27.91,1,0,0
376,16,493.70,563.26,68.66,31.10,1,0,0
376,13,598.88,565.90,105.66,28.74,1,0,0
376,14,1128.27,582.64,7.30,11.38,1,3,0
377,17,1296.95,562.49,27.32,28.04,1,0,0
377,16,474.09,566.12,68.75,31.18,1,0,0
377,13,579.19,568.84,106.07,29.23,1,0,0
378,17,1306.27,567.34,27.91,27.59,1,0,0
378,16,484.01,561.16,67.89,31.90,1,0,0
378,13,589.50,566.63,105.49,28.49,1,0,0
378,14,1122.08,589.48,7.69,11.29,1,3,0
379,17,1316.15,563.29,28.03,28.68,1,0,0
379,16,491.65,571.74,68.85,32.12,1,0,0
379,13,597.02,574.80,106.69,28.77,1,0,0
379,14,1133.48,589.69,7.33,11.41,1,3,0
380,17,1310.84,552.98,27.70,27.94,1,0,0
380,16,483.81,563.10,68.69,31.88,1,0,0
380,13,589.74,564.83,106.27,29.42,1,0,0
380,14,1127.89,578.70,7.46,12.03,1,3,0
381,17,1303.39,572.00,29.09,28.28,1,0,0
381,16,476.04,567.63,69.45,31.77,1,0,0
381,13,582.38,572.63,107.06,28.78,1,0,0
381,14,1122.01,595.55,7.68,11.53,1,3,0
382,17,1313.54,570.96,27.79,27.54,1,0,0
382,16,483.95,570.09,68.77,32.17,1,0,0
382,13,589.85,574.37,107.05,29.38,1,0,0
382,14,1132.09,594.54,7.63,11.83,1,3,0
383,17,1302.72,563.78,27.44,27.89,1,0,0
383,16,468.79,563.07,69.36,32.02,1,0,0
383,13,575.47,567.10,107.01,29.71,1,0,0
383,14,1120.92,587.46,8.01,12.10,1,3,0
384,17,1302.72,563.78,27.44,27.89,1,0,0
384,16,468.79,563.07,69.36,32.02,1,0,0
384,13,575.47,567.10,107.01,29.71,1,0,0
384,14,1120.92,587.46,8.01,12.10,1,3,0
385,17,1312.83,564.32,27.54,28.42,1,0,0
385,16,477.85,574.29,69.47,31.95,1,0,0
385,13,583.45,575.90,108.55,30.23,1,0,0
386,17,1330.61,559.16,27.73,28.15,1,0,0
386,16,492.90,559.96,69.76,32.39,1,0,0
386,13,599.47,564.02,108.24,29.38,1,0,0
386,14,1152.91,583.27,7.89,12.22,1,3,0
387,17,1338.57,563.14,28.20,28.15,1,0,0
387,16,499.21,563.05,70.54,32.60,1,0,0
387,13,606.67,567.03,108.68,30.06,1,0,0
388,17,1338.12,558.83,27.69,27.74,1,0,0
388,16,497.13,567.05,70.19,32.28,1,0,0
388,13,604.37,569.00,109.02,29.94,1,0,0
388,14,1163.00,583.97,8.11,12.47,1,3,0
389,17,1334.27,553.43,27.75,27.72,1,0,0
389,16,492.35,556.77,70.49,32.78,1,0,0
389,13,599.73,560.08,109.41,29.73,1,0,0
389,14,1160.11,577.82,8.01,12.21,1,3,0
390,17,1349.64,560.62,28.51,27.89,1,0,0
390,16,506.96,554.67,70.93,32.48,1,0,0
390,13,614.94,559.50,110.50,29.50,1,0,0
390,14,1178.38,583.00,7.79,12.46,1,3,0
391,17,1356.06,556.55,28.20,27.91,1,0,0
391,16,510.87,566.14,71.74,33.21,1,0,0
391,13,618.38,567.93,111.07,30.58,1,0,0
392,17,1347.42,562.68,27.09,28.16,1,0,0
392,16,499.79,567.49,71.87,33.29,1,0,0
392,13,608.19,570.34,110.25,30.69,1,0,0
392,14,1176.11,587.92,7.94,12.44,1,3,0
393,17,1339.76,557.45,25.81,27.95,1,0,0
393,16,488.97,557.26,71.29,32.80,1,0,0
393,13,597.17,560.71,110.09,30.39,1,0,0
393,14,1167.59,581.09,8.15,12.74,1,3,0
394,17,1352.67,582.11,27.67,27.48,1,0,0
394,16,503.84,578.36,71.04,32.84,1,0,0
394,13,609.93,582.83,111.67,30.32,1,0,0
395,17,1356.29,554.34,27.58,27.38,1,0,0
395,16,504.47,557.41,71.80,33.62,1,0,0
395,13,611.32,560.94,111.72,30.06,1,0,0
395,14,1188.49,577.89,8.37,13.13,1,3,0
396,17,1351.70,560.79,26.50,27.26,1,0,0
396,16,497.61,571.28,72.11,33.66,1,0,0
396,13,604.29,573.15,110.92,31.11,1,0,0
397,17,1336.98,570.73,28.09,27.80,1,0,0
397,16,482.72,569.38,72.18,33.61,1,0,0
397,13,588.69,573.71,112.34,30.93,1,0,0
398,17,1324.27,563.61,28.47,27.98,1,0,0
398,16,469.27,562.33,71.60,33.76,1,0,0
398,13,575.39,566.93,111.31,30.61,1,0,0
399,17,1313.53,558.58,26.26,27.60,1,0,0
399,16,455.25,568.31,71.61,33.38,1,0,0
399,13,560.37,570.06,111.78,31.04,1,0,0
400,17,1312.64,566.85,27.45,27.89,1,0,0
400,16,453.12,566.89,72.93,33.30,1,0,0
400,13,559.84,570.29,110.21,31.01,1,0,0
401,17,1300.73,545.51,28.35,27.67,1,0,0
401,16,441.20,545.86,72.14,33.69,1,0,0
401,13,545.98,549.15,110.73,31.13,1,0,0
401,14,1136.95,569.55,8.36,12.54,1,3,0
402,17,1298.58,562.20,28.31,27.99,1,0,0
402,16,438.51,562.50,72.21,34.24,1,0,0
402,13,542.38,566.40,111.78,31.02,1,0,0
403,17,1311.30,538.45,28.46,27.72,1,0,0
403,16,445.32,539.26,74.23,34.06,1,0,0
403,13,550.43,542.74,111.52,31.08,1,0,0
403,14,1150.35,561.76,8.93,13.59,1,3,0
404,17,1329.60,576.83,26.18,27.85,1,0,0
404,16,459.64,579.84,75.27,33.64,1,0,0
404,13,565.74,582.79,112.43,31.58,1,0,0
404,14,1168.77,601.72,8.31,13.30,1,3,0
405,17,1333.16,561.61,27.15,27.58,1,0,0
405,16,462.18,558.14,74.34,34.35,1,0,0
405,13,567.41,562.66,112.20,31.58,1,0,0
406,17,1339.56,548.38,25.79,27.79,1,0,0
406,16,464.42,552.67,76.44,34.72,1,0,0
406,13,570.25,555.29,112.73,32.04,1,0,0
406,14,1180.72,572.50,8.36,13.60,1,3,0
407,17,1339.72,568.53,28.12,28.08,1,0,0
407,16,466.68,575.43,75.98,34.43,1,0,0
407,13,570.55,578.07,113.84,31.92,1,0,0
407,14,1184.79,594.36,8.99,13.28,1,3,0
408,17,1342.12,564.90,27.38,27.70,1,0,0
408,16,465.37,559.34,76.51,34.80,1,0,0
408,13,569.93,564.19,112.86,31.88,1,0,0
408,14,1186.89,587.15,8.95,14.36,1,3,0
409,17,1341.63,558.73,27.69,27.39,1,0,0
409,16,462.43,562.42,77.36,35.19,1,0,0
409,13,567.52,565.48,112.87,32.26,1,0,0
409,14,1187.81,582.96,8.33,13.68,1,3,0
410,17,1344.94,563.70,27.11,27.44,1,0,0
410,16,463.68,566.67,77.33,35.34,1,0,0
410,13,568.58,569.58,112.52,32.57,1,0,0
410,14,1191.72,588.23,8.89,13.75,1,3,0
411,17,1346.19,559.80,27.48,27.19,1,0,0
411,16,462.94,560.54,78.30,35.29,1,0,0
411,13,567.20,563.87,113.07,32.77,1,0,0
411,14,1193.77,583.38,8.96,14.28,1,3,0
412,17,1352.52,566.60,27.71,27.57,1,0,0
412,16,469.08,565.84,78.20,34.84,1,0,0
412,13,573.59,569.45,112.79,32.37,1,0,0
412,14,1202.96,590.10,9.19,14.42,1,3,0
413,17,1352.87,560.59,28.17,27.60,1,0,0
413,16,467.82,561.96,78.67,35.83,1,0,0
413,13,572.60,565.36,112.15,32.79,1,0,0
413,14,1204.57,584.28,8.67,14.27,1,3,0
414,17,1347.51,559.42,29.39,27.30,1,0,0
414,16,459.91,559.20,79.02,35.25,1,0,0
414,13,565.08,563.06,111.76,32.47,1,0,0
414,14,1199.58,582.93,8.61,13.93,1,3,0
415,17,1343.60,561.11,26.28,27.16,1,0,0
415,16,452.83,560.24,79.15,35.82,1,0,0
415,13,556.22,563.67,112.20,33.23,1,0,0
416,17,1323.45,561.53,28.54,27.34,1,0,0
416,16,430.45,562.00,80.33,35.95,1,0,0
416,13,533.45,565.58,111.74,33.00,1,0,0
416,14,1178.04,585.12,9.34,14.83,1,3,0
417,17,1325.23,567.23,28.82,27.53,1,0,0
417,16,430.31,565.05,80.41,35.78,1,0,0
417,13,532.76,568.79,112.17,33.20,1,0,0
417,14,1180.82,590.69,9.09,14.82,1,3,0
418,17,1333.62,568.92,27.43,27.25,1,0,0
418,16,434.01,565.71,81.80,35.78,1,0,0
418,13,538.22,569.68,111.64,33.18,1,0,0
418,14,1190.07,592.13,9.08,14.29,1,3,0
419,17,1334.86,570.56,29.12,27.26,1,0,0
419,16,434.33,571.71,81.95,36.08,1,0,0
419,13,537.62,575.04,112.33,33.68,1,0,0
419,14,1193.24,594.66,9.00,14.76,1,3,0
420,17,1335.62,560.35,27.13,27.01,1,0,0
420,16,432.03,564.59,82.81,36.78,1,0,0
420,13,535.81,567.30,112.23,33.82,1,0,0
420,14,1193.80,584.99,9.70,14.60,1,3,0
421,17,1342.22,572.43,28.48,27.08,1,0,0
421,16,438.47,571.95,83.68,36.30,1,0,0
421,13,541.67,575.35,112.69,33.57,1,0,0
421,14,1203.90,595.80,9.40,15.13,1,3,0
422,17,1347.27,562.27,29.75,26.82,1,0,0
422,16,442.61,556.94,83.19,36.57,1,0,0
422,13,545.38,561.54,112.46,33.13,1,0,0
422,14,1211.35,584.59,9.77,15.25,1,3,0
423,17,1348.49,553.25,28.56,26.97,1,0,0
423,16,439.19,553.75,84.91,36.70,1,0,0
423,13,543.59,556.75,111.84,33.87,1,0,0
423,14,1212.08,576.29,9.52,15.50,1,3,0
424,17,1348.23,556.71,28.49,27.49,1,0,0
424,16,436.26,562.09,85.87,37.53,1,0,0
424,13,540.83,564.66,111.95,34.46,1,0,0
424,14,1212.41,581.34,9.31,14.76,1,3,0
425,17,1350.36,566.96,28.52,27.09,1,0,0
425,16,436.96,564.01,86.19,36.86,1,0,0
425,13,541.18,567.51,111.44,34.35,1,0,0
425,14,1216.72,590.37,9.50,15.22,1,3,0
426,17,1348.49,555.86,29.48,26.97,1,0,0
426,16,433.22,553.85,86.66,36.87,1,0,0
426,13,537.46,557.39,111.80,33.96,1,0,0
426,14,1216.98,578.61,9.67,15.70,1,3,0
427,17,1346.35,561.26,29.20,26.85,1,0,0
427,16,429.52,562.78,86.42,37.24,1,0,0
427,13,533.04,565.97,111.67,33.97,1,0,0
427,14,1216.14,585.10,9.46,14.92,1,3,0
428,17,1338.72,557.94,29.45,27.42,1,0,0
428,16,417.49,548.54,87.18,37.21,1,0,0
428,13,520.92,553.34,112.13,34.20,1,0,0
428,14,1211.51,580.35,9.43,15.48,1,3,0
429,17,1349.05,574.85,28.99,26.92,1,0,0
429,16,424.72,565.83,89.12,37.33,1,0,0
429,13,528.31,570.80,112.49,34.09,1,0,0
429,14,1222.39,597.19,10.09,15.71,1,3,0
430,17,1350.39,560.68,30.45,26.73,1,0,0
430,16,424.96,569.61,89.66,38.26,1,0,0
430,13,529.53,571.73,111.40,35.09,1,0,0
430,14,1226.76,585.50,9.86,15.75,1,3,0
431,17,1346.56,569.18,28.72,26.70,1,0,0
431,16,416.57,567.37,90.30,37.82,1,0,0
431,13,520.99,570.60,111.29,35.17,1,0,0
431,14,1222.97,592.32,9.36,15.50,1,3,0
432,17,1352.68,569.12,28.79,26.88,1,0,0
432,16,421.11,560.56,91.21,37.81,1,0,0
432,13,524.74,565.31,111.92,34.73,1,0,0
432,14,1231.83,591.61,9.49,14.89,1,3,0
433,17,1361.69,555.71,28.38,26.53,1,0,0
433,16,426.20,556.80,92.09,38.58,1,0,0
433,13,530.88,559.90,112.33,35.40,1,0,0
433,14,1241.65,579.44,9.65,15.67,1,3,0
434,17,1349.52,561.17,30.42,26.74,1,0,0
434,16,412.18,561.16,93.03,38.85,1,0,0
434,13,517.53,564.66,111.08,35.37,1,0,0
435,17,1347.32,563.44,29.36,26.20,1,0,0
435,16,408.38,552.56,93.56,38.06,1,0,0
435,13,513.14,557.77,111.67,34.64,1,0,0
436,17,1356.62,572.94,28.75,27.00,1,0,0
436,16,414.40,571.66,95.13,38.85,1,0,0
436,13,520.32,576.08,111.10,35.04,1,0,0
436,14,1241.82,597.27,9.85,15.51,1,3,0
437,17,1357.63,561.92,29.41,26.49,1,0,0
437,16,412.24,567.14,95.66,38.40,1,0,0
437,13,519.49,568.95,110.13,36.23,1,0,0
438,17,1348.53,564.56,30.23,26.83,1,0,0
438,16,401.94,560.14,96.07,38.78,1,0,0
438,13,508.13,563.56,110.72,36.49,1,0,0
438,14,1237.58,587.86,9.83,16.10,1,3,0
439,17,1347.98,569.58,29.06,26.71,1,0,0
439,16,397.60,563.76,96.98,38.33,1,0,0
439,13,505.34,567.09,108.97,36.34,1,0,0
439,14,1237.74,592.28,10.06,16.40,1,3,0
440,17,1342.05,549.77,29.06,26.65,1,0,0
440,16,390.02,552.43,97.68,39.45,1,0,0
440,13,497.42,554.82,109.18,36.50,1,0,0
440,14,1232.81,573.28,10.25,16.61,1,3,0
441,17,1338.78,559.35,29.23,26.57,1,0,0
441,16,385.70,553.11,97.19,39.55,1,0,0
441,13,493.67,556.82,107.85,36.47,1,0,0
441,14,1233.16,581.72,10.20,16.47,1,3,0
442,17,1355.94,577.90,29.94,26.53,1,0,0
442,16,400.39,566.45,98.01,39.37,1,0,0
442,13,508.00,571.41,108.95,36.50,1,0,0
442,14,1251.97,599.20,10.52,17.43,1,3,0
443,17,1358.61,552.10,29.42,26.61,1,0,0
443,16,400.03,557.36,98.97,40.97,1,0,0
443,13,508.30,560.92,108.46,36.43,1,0,0
443,14,1255.97,576.34,10.33,16.80,1,3,0
444,17,1361.71,590.69,28.25,26.37,1,0,0
444,16,397.97,574.09,100.23,39.89,1,0,0
444,13,507.61,579.44,106.13,37.05,1,0,0
444,14,1262.05,612.11,10.49,17.20,1,3,0
445,17,1365.79,554.53,28.94,26.28,1,0,0
445,16,399.80,554.70,101.17,40.28,1,0,0
445,13,510.30,557.91,106.28,36.65,1,0,0
445,14,1269.14,577.33,10.41,16.77,1,3,0
446,17,1360.09,545.00,29.43,26.40,1,0,0
446,16,390.64,547.74,102.02,42.13,1,0,0
446,13,500.24,551.39,106.83,37.35,1,0,0
446,14,1264.12,568.71,10.30,16.99,1,3,0
447,17,1359.76,590.57,27.81,26.46,1,0,0
447,16,387.31,577.52,102.78,40.73,1,0,0
447,13,497.90,583.53,106.18,36.77,1,0,0
447,14,1265.22,611.88,10.85,18.12,1,3,0
448,17,1356.46,552.40,29.59,26.88,1,0,0
448,16,382.75,549.82,102.58,41.21,1,0,0
448,13,492.49,553.57,106.03,37.34,1,0,0
448,14,1264.13,575.50,11.10,17.25,1,3,0
449,17,1364.43,549.20,28.95,27.06,1,0,0
449,16,387.71,553.55,104.12,41.03,1,0,0
449,13,499.26,555.71,106.14,37.70,1,0,0
449,14,1276.27,572.94,10.65,17.77,1,3,0
450,17,1363.96,580.45,29.61,26.50,1,0,0
450,16,384.26,573.20,104.78,41.34,1,0,0
450,13,496.33,577.46,104.56,38.22,1,0,0
450,14,1276.82,603.22,10.52,17.38,1,3,0
451,17,1351.06,558.03,30.15,26.78,1,0,0
451,16,370.86,555.04,103.64,41.35,1,0,0
451,13,481.82,558.31,104.52,38.17,1,0,0
451,14,1265.97,580.77,11.11,18.01,1,3,0
452,17,1337.59,548.56,29.85,26.32,1,0,0
452,16,354.59,546.31,105.99,42.72,1,0,0
452,13,467.61,550.52,103.52,37.90,1,0,0
452,14,1254.99,571.60,10.85,17.31,1,3,0
453,17,1320.43,569.30,29.25,26.27,1,0,0
453,16,336.01,566.03,105.09,41.58,1,0,0
453,13,447.66,568.98,102.46,38.91,1,0,0
453,14,1239.61,592.01,10.90,18.06,1,3,0
454,17,1322.95,568.44,29.90,26.54,1,0,0
454,16,335.63,557.61,106.08,41.93,1,0,0
454,13,447.88,562.60,102.57,38.06,1,0,0
454,14,1245.16,590.59,10.80,18.21,1,3,0
455,17,1322.35,559.07,29.84,25.92,1,0,0
455,16,331.48,555.98,106.68,42.36,1,0,0
455,13,444.39,559.58,101.01,38.65,1,0,0
455,14,1245.34,580.84,11.08,18.73,1,3,0
456,17,1310.54,568.25,29.53,26.29,1,0,0
456,16,320.04,567.69,104.70,42.80,1,0,0
456,13,430.57,571.37,101.29,38.81,1,0,0
456,14,1235.53,590.55,11.50,18.83,1,3,0
457,17,1318.51,576.26,29.60,25.79,1,0,0
457,16,321.04,562.70,109.40,42.26,1,0,0
457,13,436.38,567.57,100.34,38.87,1,0,0
457,14,1246.12,597.53,11.24,18.65,1,3,0
458,17,1322.84,554.33,29.71,25.95,1,0,0
458,16,321.45,547.95,111.21,43.23,1,0,0
458,13,438.01,552.30,100.69,39.03,1,0,0
458,14,1251.88,575.31,11.48,19.62,1,3,0
459,17,1340.65,560.76,30.89,26.50,1,0,0
459,16,337.13,552.58,110.54,42.99,1,0,0
459,13,453.75,557.04,99.58,39.20,1,0,0
459,14,1273.12,583.30,11.54,18.49,1,3,0
460,17,1345.11,575.88,30.19,25.92,1,0,0
460,16,337.32,569.92,111.90,43.62,1,0,0
460,13,455.60,574.14,98.39,39.64,1,0,0
460,14,1279.03,597.75,11.46,19.27,1,3,0
461,17,1344.15,563.88,29.28,25.99,1,0,0
461,16,333.44,557.27,112.52,43.75,1,0,0
461,13,451.10,560.85,98.76,40.27,1,0,0
461,14,1280.00,585.58,11.59,19.74,1,3,0
462,17,1344.90,552.42,31.46,26.31,1,0,0
462,16,333.15,545.29,112.81,43.68,1,0,0
462,13,450.90,548.81,98.33,40.23,1,0,0
462,14,1284.40,574.12,11.80,19.52,1,3,0
463,17,1347.06,554.55,32.50,27.02,1,0,0
463,16,333.06,555.63,113.60,44.10,1,0,0
463,13,451.48,557.96,97.29,40.56,1,0,0
463,14,1289.73,577.50,11.66,19.47,1,3,0
464,17,1351.34,581.84,30.82,26.40,1,0,0
464,16,333.58,573.70,114.28,43.41,1,0,0
464,13,453.06,577.93,96.78,40.23,1,0,0
464,14,1295.74,604.24,11.88,19.43,1,3,0
465,17,1346.91,546.07,31.74,26.65,1,0,0
465,16,325.36,539.68,116.66,43.10,1,0,0
465,13,446.65,542.26,95.13,40.24,1,0,0
465,14,1294.09,567.89,12.11,20.07,1,3,0
466,17,1348.80,568.28,31.56,26.26,1,0,0
466,16,324.88,562.32,117.18,44.35,1,0,0
466,13,446.43,565.51,94.68,41.02,1,0,0
466,14,1299.48,589.60,11.97,20.75,1,3,0
467,17,1359.52,581.21,31.59,26.30,1,0,0
467,16,329.83,570.73,119.30,43.52,1,0,0
467,13,453.82,575.21,94.38,40.32,1,0,0
467,14,1312.03,603.09,12.26,20.06,1,3,0
468,17,1381.02,539.38,32.67,25.73,1,0,0
468,16,348.59,536.43,121.68,44.80,1,0,0
468,13,473.43,539.49,95.09,40.81,1,0,0
468,14,1337.94,560.80,12.17,20.94,1,3,0
469,17,1390.01,571.35,31.81,26.55,1,0,0
469,16,353.41,571.30,122.70,45.51,1,0,0
469,13,479.64,574.95,93.21,41.28,1,0,0
469,14,1349.32,594.65,12.06,20.01,1,3,0
470,17,1384.57,570.42,31.18,26.24,1,0,0
470,16,345.52,561.48,122.44,43.66,1,0,0
470,13,471.49,564.55,92.07,41.16,1,0,0
470,14,1346.50,592.42,12.01,20.08,1,3,0
471,17,1375.12,560.31,31.00,26.07,1,0,0
471,16,333.16,553.96,122.26,45.65,1,0,0
471,13,458.87,557.56,90.80,41.40,1,0,0
471,14,1338.85,582.63,12.54,20.52,1,3,0
472,17,1368.99,565.50,33.85,26.04,1,0,0
472,16,324.60,553.97,122.96,45.49,1,0,0
472,13,450.31,558.17,90.59,41.54,1,0,0
472,14,1341.12,587.50,12.43,20.82,1,3,0
473,17,1363.55,567.00,33.50,26.31,1,0,0
473,16,319.94,565.46,120.25,46.45,1,0,0
473,13,442.19,568.63,88.77,42.71,1,0,0
473,14,1337.53,589.32,12.74,21.28,1,3,0
474,17,1363.55,567.00,33.50,26.31,1,0,0
474,16,319.94,565.46,120.25,46.45,1,0,0
474,13,442.19,568.63,88.77,42.71,1,0,0
474,14,1337.53,589.32,12.74,21.28,1,3,0
475,17,1352.92,560.74,34.24,26.11,1,0,0
475,16,322.00,553.20,103.62,45.58,1,0,0
475,13,427.04,556.55,87.10,42.56,1,0,0
475,14,1334.54,583.83,13.29,20.64,1,3,0
476,17,1336.76,557.25,35.01,26.67,1,0,0
476,16,319.83,557.48,88.72,45.63,1,0,0
476,13,409.47,559.98,86.51,42.47,1,0,0
476,14,1322.64,580.92,13.12,20.63,1,3,0
477,17,1331.56,579.36,34.79,26.67,1,0,0
477,16,320.05,564.16,80.80,44.25,1,0,0
477,13,402.21,566.54,84.80,43.27,1,0,0
477,14,1319.52,602.85,13.68,20.27,1,3,0
478,17,1328.71,561.51,34.34,27.73,1,0,0
478,16,319.70,556.65,74.71,45.49,1,0,0
478,13,395.00,559.72,82.91,42.60,1,0,0
478,14,1318.88,585.95,13.11,21.09,1,3,0
479,17,1304.73,555.54,34.57,26.73,1,0,0
479,16,319.54,562.51,51.00,42.06,1,0,0
479,13,370.76,562.61,81.55,41.96,1,0,0
479,14,1300.05,580.05,13.17,20.02,1,3,0
480,17,1281.24,564.17,33.60,27.58,1,0,0
480,16,319.22,558.94,27.06,43.26,1,0,0
480,13,345.78,560.40,79.23,42.44,1,0,0
480,14,1278.28,589.93,13.67,20.19,1,3,0
481,17,1281.24,564.17,33.60,27.58,1,0,0
481,16,319.22,558.94,27.06,43.26,1,0,0
481,13,345.78,560.40,79.23,42.44,1,0,0
481,14,1278.28,589.93,13.67,20.19,1,3,0
482,17,1260.24,590.74,34.21,27.60,1,0,0
482,13,320.96,579.05,77.50,43.34,1,0,0
482,14,1264.73,616.33,13.45,20.10,1,3,0
483,17,1285.60,544.57,34.30,26.86,1,0,0
483,13,344.12,536.11,75.31,42.41,1,0,0
483,14,1292.73,570.35,13.84,20.08,1,3,0
483,16,319.26,535.59,26.16,42.07,1,0,0
484,17,1310.93,560.71,34.26,27.00,1,0,0
484,13,363.57,558.65,75.78,43.62,1,0,0
484,14,1320.54,586.08,13.14,20.52,1,3,0
484,16,319.19,558.58,44.47,42.97,1,0,0
485,17,1335.69,581.51,33.75,26.94,1,0,0
485,13,384.50,572.58,75.78,43.45,1,0,0
485,14,1348.05,608.28,13.86,19.44,1,3,0
485,16,319.70,568.95,64.90,46.13,1,0,0
486,17,1344.15,572.71,35.46,26.79,1,0,0
486,13,391.60,563.80,74.28,43.09,1,0,0
486,14,1361.10,594.92,14.13,24.17,1,3,0
486,16,319.56,559.36,72.72,47.17,1,0,0
487,17,1361.69,557.76,34.09,26.82,1,0,0
487,13,401.64,560.24,73.34,44.14,1,0,0
487,14,1384.11,582.70,13.98,20.81,1,3,0
487,16,319.83,558.73,82.25,46.88,1,0,0
488,17,1361.69,557.76,34.09,26.82,1,0,0
488,13,401.64,560.24,73.34,44.14,1,0,0
488,14,1384.11,582.70,13.98,20.81,1,3,0
488,16,319.83,558.73,82.25,46.88,1,0,0
489,17,1364.39,571.73,35.61,26.21,1,0,0
489,13,397.48,568.59,71.50,44.73,1,0,0
489,14,1394.73,595.40,14.34,22.78,1,3,0
489,16,320.22,566.91,79.28,46.21,1,0,0
490,17,1355.94,549.11,36.80,26.42,1,0,0
490,13,387.67,544.46,69.75,44.72,1,0,0
490,14,1391.11,572.75,14.19,23.16,1,3,0
490,16,319.69,543.80,68.24,45.37,1,0,0
491,17,1356.09,577.41,37.82,26.78,1,0,0
491,13,387.62,566.09,67.15,44.79,1,0,0
491,14,1395.61,599.95,14.79,24.73,1,3,0
491,16,319.83,564.04,67.69,45.85,1,0,0
492,17,1361.71,578.46,36.25,26.45,1,0,0
492,13,386.73,570.02,68.42,44.61,1,0,0
492,14,1404.00,600.90,14.41,24.87,1,3,0
492,16,319.38,568.16,68.72,46.22,1,0,0
493,17,1352.42,546.90,35.38,26.60,1,0,0
493,13,372.03,551.14,69.09,43.86,1,0,0
493,14,1398.44,569.65,15.06,24.66,1,3,0
493,16,319.47,550.36,55.60,44.76,1,0,0
494,17,1353.12,567.73,36.39,26.16,1,0,0
494,13,373.30,559.61,67.08,44.68,1,0,0
494,14,1405.58,589.35,14.55,25.36,1,3,0
494,16,319.63,557.41,56.94,45.96,1,0,0
495,17,1359.54,573.31,34.75,26.20,1,0,0
495,13,375.65,561.39,65.89,44.32,1,0,0
495,14,1415.74,595.63,14.50,25.60,1,3,0
495,16,319.77,558.35,58.17,46.49,1,0,0
496,17,1356.25,556.83,35.62,26.18,1,0,0
496,13,366.79,562.19,67.30,45.28,1,0,0
496,14,1416.67,577.47,15.04,26.18,1,3,0
496,16,319.58,562.83,51.12,44.63,1,0,0
497,17,1360.00,571.09,34.05,26.78,1,0,0
497,13,368.35,564.62,65.02,44.85,1,0,0
497,14,1423.86,593.53,15.08,25.84,1,3,0
497,16,319.57,562.34,52.93,46.58,1,0,0
498,17,1362.36,558.73,34.71,26.46,1,0,0
498,13,364.69,562.31,62.47,45.82,1,0,0
498,14,1436.78,579.22,14.98,27.03,1,3,0
498,16,319.52,564.11,47.29,43.75,1,0,0
499,17,1359.46,566.96,35.11,26.86,1,0,0
499,13,356.22,566.16,64.98,45.71,1,0,0
499,14,1438.78,587.67,15.13,27.51,1,3,0
499,16,319.14,567.45,42.51,43.75,1,0,0
500,17,1363.04,581.53,35.24,26.01,1,0,0
500,13,357.19,562.96,63.12,46.04,1,0,0
500,14,1446.47,601.89,15.35,28.48,1,3,0
500,16,319.14,561.56,42.73,45.69,1,0,0
