1,1,115.42,305.69,164.16,37.94,1,2,0
1,2,508.95,298.36,11.09,22.90,1,3,0
2,1,105.53,306.82,165.37,38.61,1,2,0
2,2,500.23,299.94,10.46,22.30,1,3,0
3,1,68.31,283.99,166.70,38.15,1,2,0
3,2,468.72,280.51,7.24,18.78,1,3,0
4,1,0.43,293.38,123.96,32.37,1,2,0
4,2,390.80,277.29,13.40,29.25,1,3,0
5,1,0.19,315.57,95.27,32.14,1,2,0
5,2,364.56,299.72,13.06,27.83,1,3,0
6,1,0.21,323.14,59.29,28.54,1,2,0
6,2,333.50,306.11,16.01,26.33,1,3,0
7,1,0.29,308.24,42.05,31.19,1,2,0
7,2,324.14,296.93,16.43,28.63,1,3,0
8,1,0.33,315.50,42.12,27.26,1,2,0
8,2,326.47,300.87,16.83,29.26,1,3,0
9,2,184.94,320.85,134.08,30.26,1,0,0
11,3,349.09,261.76,61.57,33.35,1,5,0
12,3,463.50,387.73,40.01,33.37,1,5,0
12,5,492.48,409.29,22.31,10.80,1,5,0
13,3,505.92,417.17,34.79,16.04,1,0,0
13,5,468.92,420.31,22.22,10.89,1,5,0
13,7,487.91,401.06,70.82,32.34,1,5,0
13,8,437.56,395.42,41.91,37.50,1,5,0
14,3,505.92,417.17,34.79,16.04,1,0,0
14,5,468.92,420.31,22.22,10.89,1,5,0
14,7,487.91,401.06,70.82,32.34,1,5,0
14,8,437.56,395.42,41.91,37.50,1,5,0
15,3,458.42,351.86,5.87,9.04,1,3,0
15,5,340.24,346.29,20.76,11.82,1,5,0
15,7,353.27,326.63,68.67,33.29,1,5,0
15,8,368.93,345.21,36.94,14.34,1,0,0
16,3,394.20,408.79,6.05,9.83,1,3,0
16,5,275.21,404.51,19.68,11.39,1,5,0
16,7,291.10,389.17,62.75,29.86,1,5,0
16,8,305.04,403.58,36.08,14.85,1,0,0
16,9,240.23,380.28,41.67,35.29,1,5,0
17,5,189.35,388.38,28.17,13.12,1,5,0
17,7,206.08,371.71,59.80,31.63,1,5,0
17,8,219.35,388.79,34.37,14.34,1,0,0
17,9,159.63,363.25,39.33,37.62,1,5,0
18,7,276.35,350.40,71.02,38.05,1,5,0
18,8,255.65,370.45,27.35,14.90,1,5,0
18,9,219.64,337.92,45.50,46.32,1,5,0
18,3,288.21,372.06,42.93,16.06,1,0,0
19,7,348.94,369.24,74.70,39.73,1,5,0
19,8,330.10,388.69,26.88,16.45,1,5,0
19,9,297.81,360.41,44.30,45.49,1,5,0
19,3,363.48,392.88,45.04,15.41,1,0,0
20,7,384.71,369.68,76.24,40.37,1,5,0
20,8,366.51,389.60,25.74,16.52,1,5,0
20,9,332.75,359.82,45.35,47.54,1,5,0
20,3,399.00,393.12,45.14,16.06,1,0,0
21,8,219.35,390.42,24.85,35.18,1,3,0
22,8,104.66,395.60,174.14,22.95,1,0,0
22,3,302.47,401.01,25.45,37.89,1,3,0
23,8,121.06,391.12,129.49,23.16,1,0,0
23,3,325.31,396.85,25.23,35.91,1,3,0
24,8,194.43,388.51,145.58,22.27,1,0,0
24,3,354.60,401.66,5.81,10.39,1,3,0
24,9,406.77,395.81,25.68,37.24,1,3,0
25,8,194.43,388.51,145.58,22.27,1,0,0
25,3,354.60,401.66,5.81,10.39,1,3,0
25,9,406.77,395.81,25.68,37.24,1,3,0
26,8,170.11,390.04,120.66,30.91,1,0,0
26,9,435.19,396.21,127.43,24.15,1,0,0
27,8,162.75,366.67,136.29,31.20,1,0,0
27,9,430.76,353.43,132.22,27.68,1,0,0
28,8,72.00,350.47,141.02,30.60,1,0,0
28,9,327.21,360.71,134.36,26.22,1,0,0
35,8,0.00,237.43,134.87,31.07,1,0,0
37,8,18.32,204.41,82.44,39.97,1,1,0
41,7,297.25,263.31,14.65,30.79,1,3,0
41,3,267.51,287.72,5.15,4.55,1,3,0
41,9,447.26,273.59,43.46,9.13,1,1,0
42,9,611.65,187.83,22.41,38.79,1,3,0
42,8,0.18,188.31,87.02,59.03,1,2,0
43,8,3.44,198.10,99.74,53.22,1,2,0
45,13,0.22,204.64,239.17,62.53,1,2,0
48,7,301.83,270.18,66.02,43.18,1,5,0
49,14,395.44,260.46,104.12,62.08,1,5,0
49,15,352.44,302.10,55.72,22.19,1,5,0
49,7,280.47,276.18,80.35,47.94,1,5,0
50,14,352.09,226.86,109.36,45.90,1,5,0
50,15,393.58,256.57,55.09,15.88,1,0,0
50,7,274.06,224.67,58.91,50.22,1,5,0
50,16,324.51,258.04,32.94,14.14,1,5,0
51,14,325.94,231.67,143.32,57.24,1,5,0
51,15,380.08,270.37,60.78,17.68,1,0,0
51,7,177.17,223.96,113.63,65.88,1,5,0
51,16,261.12,267.76,58.96,20.22,1,5,0
52,14,303.64,230.18,151.91,59.62,1,5,0
52,15,376.01,271.93,54.62,18.10,1,0,0
52,7,171.07,225.55,101.28,65.23,1,5,0
52,16,248.03,267.71,57.37,21.71,1,5,0
53,7,154.33,243.42,76.20,36.92,1,5,0
53,16,172.32,264.04,48.93,16.00,1,0,0
53,3,135.24,265.05,22.40,14.30,1,5,0
54,7,147.49,234.44,76.17,35.47,1,5,0
54,16,165.69,253.86,48.14,16.10,1,0,0
54,18,90.22,222.70,45.05,46.25,1,5,0
54,3,130.52,255.91,20.86,13.26,1,5,0
55,7,147.49,234.44,76.17,35.47,1,5,0
55,16,165.69,253.86,48.14,16.10,1,0,0
55,18,90.22,222.70,45.05,46.25,1,5,0
55,3,130.52,255.91,20.86,13.26,1,5,0
56,7,261.59,261.13,43.64,42.74,1,5,0
56,16,301.43,292.36,20.89,11.31,1,5,0
56,14,318.50,271.77,78.46,31.65,1,5,0
56,15,338.76,289.56,41.81,13.53,1,0,0
57,7,333.12,222.84,36.59,38.62,1,5,0
57,16,363.19,251.31,23.21,10.92,1,5,0
57,14,383.57,230.03,78.26,32.17,1,5,0
57,15,400.65,248.69,44.79,13.33,1,0,0
58,7,333.12,222.84,36.59,38.62,1,5,0
58,16,363.19,251.31,23.21,10.92,1,5,0
58,14,383.57,230.03,78.26,32.17,1,5,0
58,15,400.65,248.69,44.79,13.33,1,0,0
59,7,360.12,226.34,44.69,51.01,1,5,0
59,16,403.79,266.72,21.77,11.29,1,5,0
59,14,421.27,243.77,78.74,34.40,1,5,0
59,15,436.11,264.32,44.49,13.74,1,0,0
60,7,367.57,247.96,55.00,49.76,1,5,0
60,16,423.88,286.31,19.13,11.59,1,5,0
60,14,436.71,255.94,83.26,41.03,1,5,0
60,15,455.97,281.62,44.63,14.62,1,0,0
61,7,385.68,268.79,52.81,43.13,1,5,0
61,16,439.05,299.06,23.70,12.30,1,5,0
61,14,449.35,272.24,90.13,39.49,1,5,0
61,15,478.73,296.21,47.27,14.92,1,0,0
62,7,354.79,274.51,46.24,41.56,1,5,0
62,16,395.49,302.41,23.19,12.64,1,5,0
62,14,414.92,275.23,79.23,42.66,1,5,0
62,15,434.82,301.98,45.38,14.88,1,0,0
63,7,380.97,260.37,47.06,40.45,1,5,0
63,16,427.02,286.44,21.37,13.03,1,5,0
63,14,446.00,262.83,77.90,37.78,1,5,0
63,15,462.69,284.62,49.43,15.36,1,0,0
64,7,380.97,260.37,47.06,40.45,1,5,0
64,16,427.02,286.44,21.37,13.03,1,5,0
64,14,446.00,262.83,77.90,37.78,1,5,0
64,15,462.69,284.62,49.43,15.36,1,0,0
65,7,386.07,231.43,45.26,45.36,1,5,0
65,16,428.31,263.29,19.97,13.33,1,5,0
65,14,445.78,241.10,78.98,36.05,1,5,0
65,15,462.29,261.13,47.79,15.96,1,0,0
66,7,383.24,224.77,45.28,47.07,1,5,0
66,16,425.15,257.77,20.97,13.71,1,5,0
66,14,442.96,235.37,78.16,37.09,1,5,0
66,15,459.46,255.92,48.30,15.96,1,0,0
67,7,266.23,263.58,47.61,15.86,1,0,0
67,16,228.91,264.17,21.77,14.98,1,5,0
67,14,247.21,243.10,84.32,36.70,1,5,0
67,18,190.84,232.92,43.60,45.82,1,5,0
68,7,242.34,272.25,51.38,15.68,1,0,0
68,16,203.70,270.61,25.71,16.73,1,5,0
68,14,223.99,247.00,80.29,40.99,1,5,0
68,18,169.14,238.23,42.60,49.09,1,5,0
68,15,620.58,251.22,18.88,34.04,1,5,0
69,7,300.25,283.49,45.72,18.31,1,0,0
69,16,264.30,289.35,20.59,12.70,1,5,0
69,14,280.08,258.15,82.64,43.51,1,5,0
69,18,216.40,251.03,44.90,50.76,1,5,0
70,7,327.78,308.98,44.13,21.95,1,0,0
70,16,286.37,313.09,23.05,17.40,1,5,0
70,14,308.75,289.51,82.37,40.87,1,5,0
70,18,234.83,279.98,58.81,50.01,1,5,0
71,7,334.68,296.23,45.57,20.76,1,0,0
71,16,297.04,300.31,21.40,15.15,1,5,0
71,14,316.76,275.24,84.48,40.77,1,5,0
71,18,257.21,261.50,45.16,53.24,1,5,0
72,7,341.00,272.75,47.92,16.63,1,0,0
72,16,306.40,274.02,20.14,14.55,1,5,0
72,14,324.34,252.63,78.39,37.13,1,5,0
72,18,265.12,244.18,43.84,43.71,1,5,0
73,7,341.00,272.75,47.92,16.63,1,0,0
73,16,306.40,274.02,20.14,14.55,1,5,0
73,14,324.34,252.63,78.39,37.13,1,5,0
73,18,265.12,244.18,43.84,43.71,1,5,0
74,7,352.09,277.22,41.85,16.75,1,0,0
74,16,318.83,281.44,19.08,13.89,1,5,0
74,14,333.32,257.30,82.60,37.09,1,5,0
74,18,275.17,247.92,44.09,47.64,1,5,0
75,7,390.54,280.52,47.72,17.25,1,0,0
75,16,362.05,284.60,18.47,12.86,1,5,0
75,14,374.44,257.74,87.01,39.94,1,5,0
75,18,305.91,253.97,57.27,44.19,1,5,0
76,7,388.42,280.12,48.76,16.71,1,0,0
76,16,360.35,284.25,18.48,12.43,1,5,0
76,14,372.73,256.72,85.13,40.40,1,5,0
76,18,302.92,252.79,57.46,44.85,1,5,0
77,7,376.27,281.12,47.31,16.81,1,0,0
77,16,345.84,283.03,20.49,14.47,1,5,0
77,14,361.59,256.16,104.58,41.69,1,5,0
77,18,300.86,255.02,45.58,43.17,1,5,0
78,7,375.53,268.97,46.84,15.83,1,0,0
78,16,335.70,270.89,22.61,13.92,1,5,0
78,14,355.02,240.50,100.41,44.30,1,5,0
78,18,295.94,244.73,44.35,41.18,1,5,0
79,7,356.60,274.96,41.45,15.89,1,0,0
79,16,321.60,276.61,23.98,14.85,1,5,0
79,14,341.09,253.95,79.61,37.15,1,5,0
79,18,279.67,248.11,44.74,43.80,1,5,0
80,7,301.93,303.13,43.18,15.10,1,0,0
80,16,265.68,303.21,22.19,15.79,1,5,0
80,14,285.61,282.77,78.52,35.86,1,5,0
80,18,213.32,274.09,52.70,46.27,1,5,0
81,7,297.45,289.46,46.40,16.46,1,0,0
81,16,261.73,291.39,22.16,15.41,1,5,0
81,14,279.84,267.55,81.84,39.07,1,5,0
81,18,214.56,261.23,47.51,46.46,1,5,0
82,7,243.28,260.29,39.13,15.39,1,0,0
82,16,213.01,260.55,20.91,13.82,1,5,0
82,14,226.99,232.48,81.82,43.35,1,5,0
82,18,174.25,228.62,41.66,45.27,1,5,0
83,7,274.98,271.16,60.41,20.41,1,0,0
83,16,243.80,276.40,19.78,14.91,1,5,0
83,14,258.11,248.43,81.87,43.53,1,5,0
83,18,203.98,239.20,43.41,53.38,1,5,0
84,7,272.44,218.06,46.17,16.76,1,0,0
84,16,235.93,217.89,22.36,15.44,1,5,0
84,14,254.75,196.33,79.27,38.90,1,5,0
84,18,196.82,192.05,42.24,41.34,1,5,0
85,7,272.44,218.06,46.17,16.76,1,0,0
85,16,235.93,217.89,22.36,15.44,1,5,0
85,14,254.75,196.33,79.27,38.90,1,5,0
85,18,196.82,192.05,42.24,41.34,1,5,0
86,7,268.11,206.54,47.81,16.39,1,0,0
86,16,232.83,207.95,20.66,13.15,1,5,0
86,14,249.98,185.15,79.06,37.46,1,5,0
86,18,190.87,177.47,43.23,42.87,1,5,0
87,7,268.11,206.54,47.81,16.39,1,0,0
87,16,232.83,207.95,20.66,13.15,1,5,0
87,14,249.98,185.15,79.06,37.46,1,5,0
87,18,190.87,177.47,43.23,42.87,1,5,0
88,7,341.71,289.07,42.68,15.15,1,0,0
88,16,305.41,287.00,25.85,17.52,1,5,0
88,14,322.63,263.66,77.53,41.29,1,5,0
88,18,255.64,262.30,46.94,41.91,1,5,0
89,7,403.35,304.67,40.55,14.67,1,0,0
89,16,364.73,303.25,25.72,15.81,1,5,0
89,14,389.71,283.98,78.69,35.88,1,5,0
89,18,295.31,282.14,63.75,36.68,1,5,0
90,7,403.35,304.67,40.55,14.67,1,0,0
90,16,364.73,303.25,25.72,15.81,1,5,0
90,14,389.71,283.98,78.69,35.88,1,5,0
90,18,295.31,282.14,63.75,36.68,1,5,0
91,7,510.14,274.18,44.87,17.07,1,0,0
91,16,472.57,275.85,23.73,15.82,1,5,0
91,14,492.63,253.40,84.23,38.31,1,5,0
91,18,419.89,246.18,55.60,45.79,1,5,0
92,7,449.56,265.55,50.27,16.78,1,0,0
92,16,393.58,264.34,36.96,17.75,1,5,0
92,14,436.61,241.33,82.91,41.51,1,5,0
92,18,351.00,237.32,59.58,44.88,1,5,0
93,7,454.36,265.86,44.03,16.05,1,0,0
93,16,392.29,264.17,33.58,17.81,1,5,0
93,14,432.74,241.37,80.01,40.87,1,5,0
93,18,347.92,235.19,57.19,48.01,1,5,0
94,7,542.81,297.98,49.17,15.25,1,0,0
94,16,476.67,299.24,27.05,16.32,1,5,0
94,14,504.08,269.67,95.91,44.94,1,5,0
94,18,431.94,271.21,51.71,45.56,1,5,0
95,7,584.75,258.78,35.65,23.46,1,5,0
95,16,607.59,242.71,31.93,37.06,1,5,0
95,14,545.52,232.53,47.31,47.36,1,5,0
95,18,512.49,240.64,42.68,42.47,1,5,0
96,7,563.47,288.83,28.01,20.24,1,5,0
96,14,566.27,260.82,40.18,47.30,1,5,0
97,7,495.15,287.53,65.55,22.35,1,0,0
97,14,464.71,261.84,103.29,47.79,1,5,0
97,18,429.07,256.56,45.46,50.54,1,5,0
98,7,471.23,274.99,45.90,17.03,1,0,0
98,14,450.79,254.40,82.51,38.04,1,5,0
98,25,433.65,277.22,22.99,15.29,1,5,0
98,18,385.90,246.42,45.64,47.29,1,5,0
99,7,491.32,261.39,47.63,17.21,1,0,0
99,14,470.97,240.59,85.81,38.60,1,5,0
99,25,453.99,263.31,23.67,16.16,1,5,0
99,18,406.61,233.64,49.58,47.27,1,5,0
100,14,487.57,217.06,135.91,26.66,1,0,0
101,13,29.50,234.34,139.43,32.62,1,0,0
101,18,333.74,237.55,131.47,22.73,1,0,0
102,13,25.63,217.14,141.01,32.43,1,0,0
102,18,333.35,220.70,130.82,22.79,1,0,0
103,13,182.52,245.30,50.58,28.10,1,5,0
103,18,248.67,251.36,74.89,23.26,1,5,0
104,13,192.72,249.06,47.83,32.23,1,5,0
104,18,256.46,258.74,82.98,23.12,1,5,0
104,27,238.79,264.86,18.69,15.91,1,5,0
104,28,273.49,266.09,40.16,15.23,1,0,0
105,13,193.69,266.98,42.82,33.24,1,5,0
105,18,262.04,276.93,80.20,22.67,1,5,0
105,27,230.38,283.56,27.16,16.11,1,5,0
105,28,266.80,282.87,49.62,16.46,1,0,0
106,13,181.57,254.08,40.71,38.31,1,5,0
106,18,241.38,267.29,77.41,25.32,1,5,0
106,27,214.32,275.59,28.09,16.89,1,5,0
106,28,254.46,276.57,45.05,15.70,1,0,0
107,13,100.72,280.01,34.58,32.98,1,5,0
107,18,163.86,287.96,75.68,24.96,1,5,0
107,27,130.83,294.94,28.57,17.58,1,5,0
107,28,166.47,295.74,48.00,16.51,1,0,0
108,18,180.53,241.26,140.23,34.85,1,0,0
108,14,473.40,243.42,140.31,27.81,1,0,0
109,18,180.53,241.26,140.23,34.85,1,0,0
109,14,473.40,243.42,140.31,27.81,1,0,0
110,18,120.67,231.43,195.69,26.12,1,0,0
111,18,138.88,206.23,201.36,27.71,1,0,0
112,18,142.28,212.52,202.81,28.17,1,0,0
113,18,221.31,249.21,65.92,22.58,1,5,0
113,13,164.15,228.45,43.25,41.65,1,5,0
113,28,200.61,253.10,20.12,16.16,1,5,0
114,18,223.27,237.29,64.44,20.99,1,5,0
114,30,237.04,242.90,39.83,14.98,1,0,0
114,13,170.16,221.03,44.01,36.92,1,5,0
114,28,207.23,242.12,20.32,14.93,1,5,0
115,18,211.24,202.77,63.40,23.14,1,5,0
115,30,224.72,210.09,40.21,15.49,1,0,0
115,13,157.36,188.83,44.61,37.32,1,5,0
115,28,195.97,209.89,19.90,15.06,1,5,0
116,18,181.30,231.52,79.22,41.47,1,5,0
116,30,194.52,254.84,43.44,17.50,1,0,0
116,13,118.08,228.14,43.55,45.68,1,5,0
116,28,159.73,257.10,26.33,15.86,1,5,0
117,18,187.07,208.03,74.70,23.12,1,5,0
117,30,198.55,219.12,41.02,11.82,1,0,0
117,13,133.55,199.44,32.15,32.84,1,5,0
117,28,162.18,217.18,23.13,14.54,1,5,0
118,18,187.07,208.03,74.70,23.12,1,5,0
118,30,198.55,219.12,41.02,11.82,1,0,0
118,13,133.55,199.44,32.15,32.84,1,5,0
118,28,162.18,217.18,23.13,14.54,1,5,0
119,18,144.45,152.67,64.31,23.20,1,5,0
119,30,145.82,161.80,44.44,12.40,1,0,0
120,18,149.23,171.51,57.58,22.07,1,5,0
120,30,151.91,180.70,48.20,13.12,1,0,0
120,25,558.67,189.78,60.29,24.08,1,0,0
120,14,512.05,187.26,52.85,24.24,1,5,0
120,13,98.72,159.15,33.74,32.03,1,5,0
120,28,128.92,180.58,21.55,10.08,1,5,0
121,18,222.28,215.62,125.73,22.22,1,0,0
121,13,0.00,215.97,133.45,32.75,1,0,0
122,18,217.90,212.29,127.75,22.76,1,0,0
122,13,0.10,214.49,110.61,31.82,1,0,0
123,18,223.36,200.53,140.31,23.25,1,0,0
123,13,0.00,196.93,89.73,32.75,1,0,0
124,18,196.14,158.96,70.80,26.82,1,5,0
124,30,137.11,154.80,47.07,26.24,1,5,0
124,28,214.55,171.29,40.77,14.05,1,0,0
125,18,276.84,149.54,79.41,27.14,1,5,0
125,30,211.25,141.74,50.09,35.65,1,5,0
125,28,251.33,160.86,26.94,15.50,1,5,0
126,18,272.53,220.96,80.15,28.60,1,5,0
126,30,208.71,215.15,43.30,37.03,1,5,0
126,28,247.08,233.83,27.20,17.17,1,5,0
126,32,300.53,235.41,41.91,13.21,1,0,0
127,18,271.79,323.11,84.15,30.31,1,5,0
127,30,216.68,316.24,44.73,39.42,1,5,0
127,28,247.05,339.63,27.76,17.85,1,5,0
127,32,302.81,339.22,43.53,13.33,1,0,0
128,18,277.22,257.69,88.31,32.09,1,5,0
128,30,221.80,246.41,43.91,43.49,1,5,0
128,28,254.62,266.59,27.22,21.13,1,5,0
128,32,299.71,271.64,48.90,16.10,1,0,0
128,14,484.95,277.47,47.14,17.97,1,0,0
129,18,282.50,248.81,85.50,26.44,1,5,0
129,30,221.71,237.11,46.79,38.02,1,5,0
129,28,254.78,257.74,30.43,16.67,1,5,0
129,32,302.81,257.80,50.34,17.12,1,0,0
130,18,284.65,242.28,84.98,28.18,1,5,0
130,30,224.68,236.30,47.81,35.14,1,5,0
130,28,260.22,251.90,27.17,17.59,1,5,0
130,32,307.90,251.76,47.15,18.01,1,0,0
132,18,304.68,284.09,143.04,26.81,1,0,0
132,13,11.45,281.55,125.20,32.72,1,0,0
133,18,271.61,279.11,146.50,26.81,1,0,0
133,13,0.45,283.87,108.40,34.68,1,0,0
135,18,337.27,298.13,83.27,26.03,1,5,0
135,30,277.57,291.74,33.74,30.40,1,5,0
135,28,306.63,304.47,29.19,17.89,1,5,0
135,32,356.67,306.38,49.25,17.45,1,0,0
136,18,328.86,268.08,83.24,25.34,1,5,0
136,30,269.24,261.61,33.02,29.60,1,5,0
136,28,298.93,274.08,26.65,18.04,1,5,0
136,32,350.40,275.69,44.75,17.50,1,0,0
137,18,325.94,308.12,85.38,25.66,1,5,0
137,30,263.55,304.45,37.33,33.68,1,5,0
137,28,293.93,318.06,29.17,18.38,1,5,0
137,32,357.48,317.44,41.07,15.18,1,0,0
138,18,325.94,308.12,85.38,25.66,1,5,0
138,30,263.55,304.45,37.33,33.68,1,5,0
138,28,293.93,318.06,29.17,18.38,1,5,0
138,32,357.48,317.44,41.07,15.18,1,0,0
139,18,337.10,298.69,84.04,39.28,1,5,0
139,30,271.83,294.21,40.54,44.94,1,5,0
139,28,310.67,320.80,29.28,18.07,1,5,0
139,32,364.69,321.59,42.07,16.39,1,0,0
140,18,319.51,213.58,84.24,39.69,1,5,0
140,30,256.08,210.34,39.16,42.05,1,5,0
140,28,289.60,234.86,32.67,17.81,1,5,0
140,32,343.18,236.47,46.61,17.03,1,0,0
142,18,297.32,246.82,198.25,44.14,1,0,0
142,13,26.21,267.72,87.86,30.25,1,0,0
143,18,300.87,243.34,197.37,41.35,1,0,0
143,13,4.83,255.53,122.45,32.81,1,0,0
144,18,332.74,247.85,204.82,30.49,1,0,0
144,13,40.56,241.57,122.37,32.77,1,0,0
146,14,309.96,285.05,47.58,17.05,1,0,0
146,30,224.68,257.31,42.92,46.19,1,5,0
146,28,264.04,285.29,27.38,17.65,1,5,0
146,32,286.68,264.83,82.66,37.75,1,5,0
148,18,322.94,253.28,199.91,29.28,1,0,0
148,13,30.94,248.61,114.80,32.93,1,0,0
149,18,288.12,247.80,206.09,29.15,1,0,0
149,13,0.00,242.41,118.43,32.53,1,0,0
150,18,303.74,266.79,203.92,30.87,1,0,0
150,13,9.96,267.08,118.48,34.88,1,0,0
151,18,303.74,266.79,203.92,30.87,1,0,0
151,13,9.96,267.08,118.48,34.88,1,0,0
152,18,302.88,263.74,205.64,28.84,1,0,0
152,13,11.91,267.03,117.38,33.21,1,0,0
153,18,305.47,254.43,205.05,28.60,1,0,0
153,13,11.87,258.41,121.56,33.17,1,0,0
154,18,319.61,238.24,199.78,30.52,1,0,0
154,13,18.08,232.64,118.38,29.99,1,0,0
154,28,448.19,260.82,4.39,10.05,1,3,0
155,18,319.61,238.24,199.78,30.52,1,0,0
155,13,18.08,232.64,118.38,29.99,1,0,0
155,28,448.19,260.82,4.39,10.05,1,3,0
157,28,339.16,315.12,46.93,17.63,1,0,0
157,14,294.83,317.08,26.04,16.67,1,5,0
157,30,248.63,288.86,45.62,46.24,1,5,0
157,32,316.62,295.59,81.74,37.34,1,5,0
158,28,357.75,275.23,44.28,17.72,1,0,0
158,14,307.55,274.82,30.54,18.61,1,5,0
158,30,265.61,249.60,44.99,42.94,1,5,0
158,32,333.38,254.31,80.31,38.71,1,5,0
159,28,359.85,259.07,41.70,16.16,1,0,0
159,14,298.78,256.46,31.64,17.99,1,5,0
159,30,266.18,232.83,39.76,41.62,1,5,0
159,32,325.26,234.62,98.07,40.98,1,5,0
160,28,350.28,272.40,47.57,17.46,1,0,0
160,14,298.16,272.69,33.76,17.57,1,5,0
160,30,262.88,245.85,40.09,44.75,1,5,0
160,32,328.66,249.52,85.32,40.30,1,5,0
161,28,319.57,284.37,46.32,17.24,1,0,0
161,14,268.16,284.78,31.80,18.01,1,5,0
161,30,226.68,257.51,43.47,46.52,1,5,0
161,32,295.90,262.45,85.83,39.47,1,5,0
162,28,319.57,284.37,46.32,17.24,1,0,0
162,14,268.16,284.78,31.80,18.01,1,5,0
162,30,226.68,257.51,43.47,46.52,1,5,0
162,32,295.90,262.45,85.83,39.47,1,5,0
163,28,322.92,282.64,47.16,17.25,1,0,0
163,14,271.92,283.13,33.27,18.74,1,5,0
163,30,230.89,255.89,44.01,44.83,1,5,0
163,32,299.33,258.47,83.94,41.88,1,5,0
164,28,331.39,266.79,45.35,16.82,1,0,0
164,14,274.99,268.03,38.89,17.13,1,5,0
164,30,244.28,240.41,41.33,45.31,1,5,0
164,32,309.72,247.38,83.76,36.85,1,5,0
165,28,333.15,262.06,46.80,16.64,1,0,0
165,14,278.09,263.99,37.34,16.91,1,5,0
165,30,245.85,239.67,41.14,41.80,1,5,0
165,32,310.59,242.46,87.08,37.10,1,5,0
166,28,333.55,264.57,46.97,16.65,1,0,0
166,14,278.20,266.46,37.42,17.40,1,5,0
166,30,248.17,242.37,39.87,41.77,1,5,0
166,32,311.30,244.57,85.89,37.63,1,5,0
167,28,332.46,271.43,45.43,17.19,1,0,0
167,14,280.39,271.00,33.14,18.27,1,5,0
167,30,242.08,246.48,42.70,43.74,1,5,0
167,32,310.03,248.69,83.45,40.10,1,5,0
168,28,309.40,270.51,45.45,16.91,1,0,0
168,14,253.92,270.63,35.35,16.59,1,5,0
168,30,218.84,241.76,43.28,45.27,1,5,0
168,32,286.33,248.65,84.08,38.76,1,5,0
169,28,306.02,272.21,45.96,16.56,1,0,0
169,14,249.75,270.99,37.32,17.12,1,5,0
169,30,215.57,242.22,44.97,45.59,1,5,0
169,32,286.46,249.91,86.10,38.58,1,5,0
170,28,308.26,277.05,44.92,16.04,1,0,0
170,14,247.71,275.74,40.33,16.95,1,5,0
170,30,216.56,251.26,43.81,40.51,1,5,0
170,32,287.22,253.44,83.40,39.85,1,5,0
171,18,323.75,268.23,147.14,23.43,1,0,0
171,13,32.61,258.98,118.08,31.08,1,0,0
172,18,327.47,258.69,145.77,23.78,1,0,0
172,13,34.23,250.71,122.62,32.45,1,0,0
173,18,327.08,246.72,146.66,22.27,1,0,0
173,13,36.45,239.03,120.76,32.38,1,0,0
174,18,330.08,248.75,146.84,22.42,1,0,0
174,13,38.21,242.46,118.88,32.32,1,0,0
175,18,324.45,260.41,148.23,23.83,1,0,0
175,13,31.01,250.87,118.74,33.37,1,0,0
176,18,322.96,232.29,150.01,26.25,1,0,0
176,13,31.00,235.83,116.14,26.42,1,0,0
177,18,323.94,236.12,146.51,24.89,1,0,0
177,13,84.68,232.59,62.03,30.68,1,0,0
178,18,321.94,272.53,146.66,23.21,1,0,0
178,13,30.32,261.46,119.63,33.41,1,0,0
179,18,319.37,274.74,146.42,23.09,1,0,0
179,13,27.11,264.38,123.53,34.27,1,0,0
180,18,315.55,261.09,146.07,23.43,1,0,0
180,13,44.57,253.10,103.82,33.23,1,0,0
181,18,314.78,256.56,146.44,24.79,1,0,0
181,13,24.12,250.90,121.87,31.75,1,0,0
182,18,314.54,258.37,147.89,25.32,1,0,0
182,13,25.04,252.11,121.70,33.55,1,0,0
183,18,320.32,300.02,146.40,25.69,1,0,0
183,13,21.18,293.84,130.13,31.51,1,0,0
184,18,318.45,258.36,146.40,25.30,1,0,0
184,13,18.83,251.54,131.85,29.98,1,0,0
185,18,301.06,239.64,146.02,21.35,1,0,0
185,13,5.97,228.40,125.41,33.42,1,0,0
186,18,293.87,285.22,147.79,21.31,1,0,0
186,13,1.38,277.20,123.12,33.58,1,0,0
187,18,290.20,265.42,149.12,19.77,1,0,0
187,13,1.00,256.68,116.27,32.92,1,0,0
188,18,288.70,243.10,147.68,20.11,1,0,0
188,13,0.00,231.90,114.78,33.78,1,0,0
189,18,288.48,247.83,148.10,18.93,1,0,0
189,13,0.00,235.12,118.26,31.69,1,0,0
190,18,287.56,264.04,149.87,20.51,1,0,0
190,13,0.05,253.79,115.05,33.42,1,0,0
191,18,281.32,248.34,147.32,19.70,1,0,0
191,13,9.15,238.07,100.97,32.46,1,0,0
192,18,270.46,242.80,146.24,21.22,1,0,0
192,13,0.63,232.25,98.82,32.85,1,0,0
193,18,267.26,282.52,146.94,20.48,1,0,0
193,13,0.52,275.05,95.61,32.66,1,0,0
194,18,266.51,279.97,146.18,20.05,1,0,0
194,13,0.52,273.03,90.98,32.07,1,0,0
195,18,250.40,219.26,148.57,24.28,1,0,0
195,13,0.10,212.36,73.41,31.25,1,0,0
195,32,390.42,239.72,4.81,8.89,1,3,0
198,33,4.47,440.41,3.74,4.50,1,3,0
215,18,372.84,263.56,129.27,25.62,1,0,0
216,18,475.28,262.39,120.73,29.67,1,0,0
216,13,0.73,274.81,113.15,29.61,1,0,0
217,18,471.83,258.88,119.15,29.43,1,0,0
217,13,0.81,268.44,106.81,27.99,1,0,0
218,18,457.91,266.18,124.92,30.34,1,0,0
218,13,0.49,267.81,98.93,29.35,1,0,0
219,18,459.97,263.77,116.57,30.07,1,0,0
220,18,457.02,239.69,115.98,31.49,1,0,0
221,18,428.39,284.37,129.53,28.62,1,0,0
221,13,0.46,293.60,72.33,28.71,1,0,0
222,18,423.67,285.91,124.18,30.39,1,0,0
222,13,0.38,293.41,108.90,28.58,1,0,0
223,18,420.05,276.25,127.69,33.03,1,0,0
224,18,386.21,242.15,123.51,33.07,1,0,0
224,14,0.42,250.82,27.46,27.74,1,0,0
225,18,376.33,243.01,121.91,32.19,1,0,0
226,18,376.33,243.01,121.91,32.19,1,0,0
227,18,346.92,242.93,125.32,31.34,1,0,0
228,18,339.40,243.42,127.72,29.59,1,0,0
229,18,313.26,244.68,127.62,29.92,1,0,0
230,18,308.06,244.91,122.93,30.45,1,0,0
231,18,297.28,245.60,122.38,29.85,1,0,0
232,18,288.62,242.99,120.22,31.79,1,0,0
233,18,280.21,246.04,124.42,30.47,1,0,0
233,36,568.49,258.67,71.25,23.93,1,0,0
234,18,248.76,246.52,124.34,30.70,1,0,0
234,36,549.86,259.06,89.91,20.38,1,0,0
235,18,244.51,248.05,118.11,29.14,1,0,0
235,36,545.01,253.21,94.44,21.98,1,0,0
236,18,240.24,248.97,117.60,28.82,1,0,0
236,36,542.06,252.28,97.30,22.74,1,0,0
237,18,240.24,248.97,117.60,28.82,1,0,0
237,36,542.06,252.28,97.30,22.74,1,0,0
238,18,234.68,247.76,118.51,28.78,1,0,0
238,36,535.24,253.27,103.91,23.39,1,0,0
239,18,215.26,249.17,102.73,30.42,1,0,0
239,36,487.39,255.51,144.63,24.86,1,0,0
240,18,215.26,249.17,102.73,30.42,1,0,0
240,36,487.39,255.51,144.63,24.86,1,0,0
241,18,190.72,258.05,121.58,30.29,1,0,0
241,36,482.89,263.22,141.78,22.45,1,0,0
242,18,190.72,258.05,121.58,30.29,1,0,0
242,36,482.89,263.22,141.78,22.45,1,0,0
243,18,179.87,263.33,126.94,31.23,1,0,0
243,36,477.95,266.45,141.77,23.84,1,0,0
244,18,143.91,260.99,112.11,31.49,1,0,0
244,36,441.86,275.93,142.79,22.63,1,0,0
245,18,114.79,254.07,120.11,30.07,1,0,0
245,36,404.98,259.03,145.37,23.57,1,0,0
246,18,108.03,251.71,121.01,30.33,1,0,0
246,36,416.40,257.79,133.26,23.83,1,0,0
247,18,96.53,250.08,121.27,31.67,1,0,0
247,36,405.14,258.96,126.47,25.35,1,0,0
248,18,71.47,250.91,120.82,32.61,1,0,0
248,36,378.67,262.02,134.52,24.78,1,0,0
249,18,57.09,253.42,120.53,32.99,1,0,0
249,36,364.08,260.75,126.04,25.91,1,0,0
250,18,43.56,257.82,120.07,31.06,1,0,0
250,36,335.00,263.59,142.55,23.25,1,0,0
251,18,37.05,256.57,123.67,31.27,1,0,0
251,36,329.03,264.16,140.98,22.62,1,0,0
252,18,27.72,252.45,125.04,32.53,1,0,0
252,36,318.59,263.77,148.01,23.85,1,0,0
253,18,13.07,249.97,129.58,34.42,1,0,0
253,36,307.49,263.72,151.96,24.16,1,0,0
254,18,0.18,258.61,98.08,30.12,1,0,0
254,36,261.99,263.25,178.04,25.94,1,0,0
255,18,3.83,257.77,80.57,30.72,1,0,0
255,36,271.53,263.28,166.08,25.80,1,0,0
256,18,3.83,257.77,80.57,30.72,1,0,0
256,36,271.53,263.28,166.08,25.80,1,0,0
257,36,192.83,263.85,150.66,25.08,1,0,0
258,36,180.65,263.50,159.16,25.52,1,0,0
259,36,180.65,263.50,159.16,25.52,1,0,0
260,36,112.91,266.95,99.06,23.05,1,0,0
261,36,86.43,264.16,103.75,21.41,1,0,0
262,36,32.53,266.99,143.50,26.01,1,0,0
263,36,23.51,266.38,151.00,25.46,1,0,0
264,36,6.70,263.53,138.25,22.98,1,0,0
264,37,527.45,263.29,111.67,74.07,1,2,0
265,36,0.77,259.59,124.80,23.81,1,0,0
265,37,501.69,264.59,137.23,92.88,1,2,0
266,36,0.33,260.21,97.34,25.99,1,0,0
266,37,464.47,261.43,174.91,108.36,1,2,0
267,36,0.33,260.21,97.34,25.99,1,0,0
267,37,464.47,261.43,174.91,108.36,1,2,0
268,37,443.68,259.27,195.36,106.17,1,1,0
269,37,443.68,259.27,195.36,106.17,1,1,0
270,37,396.23,261.13,243.53,103.64,1,2,0
270,36,0.55,264.19,46.41,27.85,1,0,0
271,37,364.91,248.93,273.04,127.69,1,2,0
271,36,0.09,262.83,16.44,17.51,1,0,0
272,37,339.98,250.33,297.91,118.57,1,2,0
273,37,339.98,250.33,297.91,118.57,1,2,0
274,37,317.82,224.76,319.13,145.20,1,2,0
275,37,312.73,217.06,323.26,158.64,1,2,0
276,37,312.92,220.09,323.86,161.11,1,2,0
276,36,14.86,260.95,48.42,43.55,1,3,0
277,37,313.68,217.80,324.04,161.30,1,2,0
278,39,134.44,221.53,304.13,137.24,1,2,0
279,39,97.99,221.12,302.33,127.52,1,2,0
280,39,24.11,222.72,302.55,133.08,1,2,0
280,37,312.19,227.64,319.65,154.98,1,2,0
281,39,24.11,222.72,302.55,133.08,1,2,0
281,37,312.19,227.64,319.65,154.98,1,2,0
282,37,264.26,226.90,319.78,156.79,1,2,0
283,37,248.65,226.99,320.04,133.80,1,2,0
283,39,0.52,246.73,285.86,118.32,1,2,0
284,37,168.40,227.74,319.84,143.23,1,2,0
285,37,168.29,226.47,319.30,148.75,1,2,0
286,37,168.29,226.47,319.30,148.75,1,2,0
287,37,40.96,226.68,319.22,140.07,1,2,0
288,37,0.42,226.52,246.50,127.79,1,2,0
289,37,1.23,229.50,229.42,125.90,1,2,0
290,36,0.31,217.45,80.31,126.03,1,2,0
291,36,0.59,194.53,53.99,158.73,1,3,0
292,36,0.59,194.53,53.99,158.73,1,3,0
292,42,0.47,254.72,26.06,29.60,1,1,0
293,42,14.39,259.59,51.58,16.20,1,1,0
318,43,598.29,266.16,28.94,45.02,1,3,0
319,43,549.87,251.79,30.23,46.80,1,3,0
320,43,511.81,262.55,32.91,45.75,1,3,0
320,42,44.55,242.22,19.79,45.55,1,3,0
321,43,494.87,266.33,30.45,45.02,1,3,0
322,43,461.32,263.74,30.32,42.76,1,3,0
323,43,447.38,258.98,31.98,44.61,1,3,0
324,43,430.94,259.90,36.43,42.61,1,3,0
325,43,410.42,262.46,35.35,42.33,1,3,0
326,43,392.15,264.04,28.25,41.02,1,3,0
327,43,375.66,263.44,29.32,40.72,1,3,0
328,43,365.71,263.96,30.74,40.06,1,3,0
329,43,353.83,264.67,31.69,39.45,1,3,0
330,43,331.35,266.21,29.30,37.80,1,3,0
331,43,302.63,265.13,33.97,38.29,1,3,0
332,43,302.63,265.13,33.97,38.29,1,3,0
333,43,274.52,259.86,34.17,45.07,1,3,0
334,43,261.76,258.39,40.25,45.55,1,3,0
335,43,261.76,258.39,40.25,45.55,1,3,0
336,43,250.78,257.19,42.63,45.70,1,3,0
337,43,235.24,257.36,38.96,43.48,1,3,0
338,42,158.71,266.26,29.73,43.13,1,3,0
339,42,150.30,268.82,29.18,44.99,1,3,0
340,42,137.17,267.96,28.90,44.89,1,3,0
341,42,124.71,265.15,28.31,44.13,1,3,0
342,42,114.39,265.34,29.46,42.71,1,3,0
343,42,106.31,267.93,29.79,41.89,1,3,0
344,42,73.14,270.79,31.58,43.46,1,3,0
345,42,64.63,266.94,30.98,42.04,1,3,0
346,42,45.07,267.30,29.65,44.57,1,3,0
347,42,37.10,269.26,30.15,44.17,1,3,0
348,42,21.03,271.34,26.43,44.01,1,3,0
349,42,15.65,272.16,24.72,46.20,1,3,0
350,42,2.28,270.44,24.01,43.23,1,3,0
364,44,557.82,274.79,40.32,18.74,1,2,0
365,44,557.82,274.79,40.32,18.74,1,2,0
366,44,509.62,273.10,45.01,18.67,1,2,0
367,44,484.97,276.58,47.11,19.07,1,2,0
367,45,519.75,180.29,118.48,212.59,1,3,0
368,44,484.97,276.58,47.11,19.07,1,2,0
368,45,519.75,180.29,118.48,212.59,1,3,0
368,46,517.88,321.33,121.79,85.72,1,0,0
369,44,436.24,275.84,49.47,18.25,1,2,0
369,45,478.97,180.37,119.60,211.09,1,3,0
370,44,415.22,276.46,40.12,18.34,1,2,0
370,45,448.77,172.50,120.28,213.32,1,3,0
371,44,390.10,278.67,33.99,17.30,1,2,0
371,45,411.30,180.57,142.11,210.48,1,3,0
372,44,367.64,278.72,32.40,16.64,1,2,0
373,44,344.05,279.86,26.78,16.36,1,2,0
374,44,321.71,279.52,33.21,16.04,1,2,0
374,46,543.45,277.08,91.51,17.74,1,0,0
374,45,299.13,180.48,126.19,211.39,1,3,0
375,44,291.30,278.96,34.33,17.56,1,2,0
375,46,526.03,271.56,87.73,17.08,1,0,0
375,45,264.20,180.53,135.35,201.88,1,3,0
376,44,283.95,280.04,35.53,17.52,1,2,0
376,46,521.93,265.67,88.24,15.60,1,0,0
376,45,252.47,188.44,144.54,210.26,1,3,0
377,44,283.95,280.04,35.53,17.52,1,2,0
377,46,521.93,265.67,88.24,15.60,1,0,0
377,45,252.47,188.44,144.54,210.26,1,3,0
378,44,273.15,278.14,35.41,16.41,1,2,0
378,46,505.02,277.47,90.18,16.19,1,0,0
378,45,210.81,188.43,116.77,211.50,1,3,0
379,44,278.31,279.32,38.71,17.02,1,2,0
379,46,496.57,268.34,84.82,16.60,1,0,0
379,45,187.64,188.25,126.87,211.45,1,3,0
380,44,231.68,278.25,35.45,17.28,1,2,0
380,46,484.05,273.14,88.02,17.41,1,0,0
380,45,157.39,180.51,136.45,210.99,1,3,0
381,44,219.95,278.77,34.52,18.22,1,2,0
381,46,477.47,271.93,89.16,16.15,1,0,0
381,45,139.20,188.31,139.58,212.02,1,3,0
382,44,218.47,278.92,34.27,18.48,1,2,0
382,46,476.19,270.55,90.32,16.72,1,0,0
382,45,135.83,188.29,138.15,212.47,1,3,0
383,44,211.37,279.48,35.53,17.51,1,2,0
383,46,473.76,270.09,87.31,17.41,1,0,0
383,45,121.63,188.28,133.52,212.90,1,3,0
383,49,621.69,270.23,18.31,16.12,1,0,0
384,44,188.39,278.43,38.30,17.16,1,2,0
384,46,452.40,271.12,88.04,17.13,1,0,0
384,45,80.00,188.28,123.37,211.30,1,3,0
384,49,600.74,272.61,39.26,14.21,1,0,0
385,44,166.61,279.60,37.37,18.24,1,2,0
385,46,444.80,273.40,86.96,16.21,1,0,0
385,45,57.16,188.41,139.03,212.43,1,3,0
385,49,591.35,273.10,48.65,14.93,1,0,0
386,44,133.95,279.45,34.71,16.91,1,2,0
386,46,425.58,272.93,84.26,16.86,1,0,0
386,45,18.68,180.66,115.05,211.02,1,3,0
386,49,569.80,275.33,70.20,14.42,1,0,0
387,44,133.95,279.45,34.71,16.91,1,2,0
387,46,425.58,272.93,84.26,16.86,1,0,0
387,45,18.68,180.66,115.05,211.02,1,3,0
387,49,569.80,275.33,70.20,14.42,1,0,0
388,44,126.17,277.07,38.10,16.76,1,2,0
388,46,419.99,273.13,84.57,17.78,1,0,0
388,45,25.55,174.22,100.16,209.18,1,3,0
388,49,563.77,276.53,76.23,15.10,1,0,0
389,44,107.87,280.99,38.05,15.84,1,2,0
389,46,394.15,270.71,91.20,18.37,1,0,0
389,45,0.37,181.85,123.39,210.08,1,3,0
389,49,544.57,273.86,89.34,14.44,1,0,0
390,44,54.87,289.25,39.62,16.65,1,2,0
390,46,361.65,271.61,92.73,16.28,1,0,0
390,49,513.39,270.41,90.39,13.76,1,0,0
391,44,37.86,280.25,41.89,16.70,1,2,0
391,46,350.14,272.39,92.75,16.85,1,0,0
391,49,502.23,275.85,90.50,13.04,1,0,0
392,44,7.37,270.54,47.31,17.20,1,2,0
392,46,334.72,272.60,90.35,16.94,1,0,0
392,49,484.42,278.79,90.23,14.05,1,0,0
393,44,1.63,285.51,45.49,18.01,1,2,0
393,46,329.37,271.61,93.17,16.21,1,0,0
393,49,482.48,270.04,89.98,13.67,1,0,0
394,44,0.34,283.74,32.83,16.55,1,2,0
394,46,315.05,271.94,94.59,16.95,1,0,0
394,49,468.61,272.07,92.89,13.94,1,0,0
395,44,0.26,277.10,26.19,16.76,1,2,0
395,46,309.85,271.58,94.94,16.79,1,0,0
395,49,462.95,274.18,93.43,13.99,1,0,0
396,46,298.41,271.52,92.96,16.83,1,0,0
396,49,448.02,273.72,92.44,13.67,1,0,0
397,46,292.03,271.94,92.79,16.83,1,0,0
397,49,443.08,269.69,92.88,14.11,1,0,0
398,46,282.18,271.01,93.95,17.08,1,0,0
398,49,434.25,271.70,92.72,14.31,1,0,0
399,46,265.10,270.46,92.74,17.02,1,0,0
399,49,416.55,271.46,92.83,13.99,1,0,0
399,44,3.82,439.63,4.86,5.57,1,3,0
400,46,265.20,270.46,91.76,17.59,1,0,0
400,49,416.20,269.35,89.82,14.42,1,0,0
401,46,267.51,269.01,86.05,18.80,1,0,0
401,49,413.91,269.30,89.73,14.10,1,0,0
402,46,255.47,271.79,90.18,16.85,1,0,0
402,49,405.28,269.54,91.51,14.23,1,0,0
403,46,231.64,265.88,93.59,18.83,1,0,0
403,49,383.23,274.39,93.60,13.53,1,0,0
404,46,234.41,268.99,92.30,17.43,1,0,0
404,49,384.91,272.47,93.31,12.65,1,0,0
405,46,234.41,268.99,92.30,17.43,1,0,0
405,49,384.91,272.47,93.31,12.65,1,0,0
406,46,212.49,261.77,88.38,18.68,1,0,0
406,49,359.47,272.05,91.65,15.75,1,0,0
407,46,208.72,266.39,89.69,17.32,1,0,0
407,49,355.98,271.23,91.90,14.18,1,0,0
408,46,200.77,271.65,92.98,16.50,1,0,0
408,49,351.16,269.60,92.01,14.18,1,0,0
409,46,184.32,262.72,94.51,18.41,1,0,0
409,49,335.91,271.48,94.29,13.97,1,0,0
410,46,183.23,264.30,95.69,17.69,1,0,0
410,49,334.77,271.40,94.50,13.97,1,0,0
411,46,182.47,270.20,94.75,16.82,1,0,0
411,49,333.16,270.82,93.86,14.30,1,0,0
412,46,161.64,264.59,93.26,17.62,1,0,0
412,49,310.71,270.36,93.57,13.83,1,0,0
413,46,161.64,264.59,93.26,17.62,1,0,0
413,49,310.71,270.36,93.57,13.83,1,0,0
413,50,585.77,268.54,54.20,15.91,1,2,0
414,46,171.50,270.79,93.28,16.24,1,0,0
414,49,320.16,270.37,93.66,14.42,1,0,0
415,46,152.69,263.61,92.51,17.76,1,0,0
415,49,301.89,269.17,92.00,14.07,1,0,0
415,50,576.96,267.62,59.25,15.89,1,2,0
416,46,144.93,260.78,91.63,18.08,1,0,0
416,49,293.28,268.41,92.83,14.41,1,0,0
416,50,568.67,271.10,59.27,16.20,1,2,0
417,46,144.70,266.85,92.37,16.97,1,0,0
417,49,292.67,270.17,94.95,14.09,1,0,0
417,50,569.50,263.39,58.61,17.51,1,2,0
418,46,148.79,270.52,93.37,17.03,1,0,0
418,49,297.57,270.52,94.47,14.55,1,0,0
418,50,573.98,259.19,57.92,17.70,1,2,0
419,46,145.36,266.49,93.64,16.26,1,0,0
419,49,295.06,269.85,92.19,13.98,1,0,0
419,50,570.95,265.02,57.87,17.33,1,2,0
420,46,145.36,266.49,93.64,16.26,1,0,0
420,49,295.06,269.85,92.19,13.98,1,0,0
420,50,570.95,265.02,57.87,17.33,1,2,0
421,46,134.15,270.88,95.99,16.82,1,0,0
421,49,285.22,272.29,93.12,13.16,1,0,0
421,50,601.44,241.13,17.87,32.72,1,0,0
422,46,134.15,270.88,95.99,16.82,1,0,0
422,49,285.22,272.29,93.12,13.16,1,0,0
422,50,601.44,241.13,17.87,32.72,1,0,0
423,46,126.01,262.43,95.75,17.41,1,0,0
423,49,276.41,270.41,94.88,12.66,1,0,0
423,50,551.38,268.73,59.04,16.59,1,2,0
424,46,126.01,262.43,95.75,17.41,1,0,0
424,49,276.41,270.41,94.88,12.66,1,0,0
424,50,551.38,268.73,59.04,16.59,1,2,0
425,46,134.58,271.54,90.98,16.49,1,0,0
425,49,280.90,272.72,94.08,13.31,1,0,0
425,50,555.44,257.86,58.66,16.87,1,2,0
426,46,132.22,267.49,88.09,16.31,1,0,0
426,49,275.72,270.69,93.06,13.77,1,0,0
426,50,549.52,262.27,59.55,16.55,1,2,0
427,46,121.62,260.84,92.10,17.35,1,0,0
427,49,268.17,269.41,93.38,12.80,1,0,0
427,50,541.74,267.21,59.93,16.93,1,2,0
428,46,127.45,273.18,93.98,16.04,1,0,0
428,49,275.32,272.45,93.29,13.91,1,0,0
428,50,550.07,258.67,58.07,16.60,1,2,0
429,46,134.90,274.11,92.60,15.51,1,0,0
429,49,282.56,271.93,93.17,14.17,1,0,0
429,50,556.31,255.72,57.38,18.90,1,2,0
430,46,134.90,274.11,92.60,15.51,1,0,0
430,49,282.56,271.93,93.17,14.17,1,0,0
430,50,556.31,255.72,57.38,18.90,1,2,0
431,46,127.00,264.66,90.93,16.68,1,0,0
431,49,272.73,270.43,93.09,12.73,1,0,0
431,50,546.79,265.32,58.39,17.34,1,2,0
432,46,108.23,264.62,92.35,17.57,1,0,0
432,49,252.57,270.26,93.49,12.95,1,0,0
432,50,526.89,265.98,59.46,15.42,1,2,0
433,46,114.42,269.12,88.70,15.63,1,0,0
433,49,256.02,271.07,94.18,13.08,1,0,0
433,50,531.38,261.27,59.03,16.02,1,2,0
434,46,124.30,270.75,87.93,16.72,1,0,0
434,49,263.48,271.13,94.52,13.66,1,0,0
434,50,539.28,256.02,58.04,16.14,1,2,0
435,46,119.59,262.65,92.69,17.53,1,0,0
435,49,263.90,270.32,92.43,12.90,1,0,0
435,50,539.06,268.70,59.16,15.93,1,2,0
436,46,119.59,262.65,92.69,17.53,1,0,0
436,49,263.90,270.32,92.43,12.90,1,0,0
436,50,539.06,268.70,59.16,15.93,1,2,0
437,46,119.72,264.35,90.10,17.91,1,0,0
437,49,262.80,270.64,90.77,12.89,1,0,0
437,50,536.54,266.10,58.50,15.81,1,2,0
438,46,121.85,267.19,92.73,16.60,1,0,0
438,49,266.04,271.89,94.24,12.52,1,0,0
438,50,541.62,263.17,57.55,17.44,1,2,0
439,46,124.63,267.26,90.97,16.10,1,0,0
439,49,267.11,271.36,94.05,12.69,1,0,0
439,50,543.11,263.48,56.89,17.35,1,2,0
440,46,125.69,266.36,90.31,16.17,1,0,0
440,49,269.70,271.20,91.39,12.56,1,0,0
440,50,543.05,263.79,57.67,17.02,1,2,0
441,46,117.79,264.49,91.40,17.70,1,0,0
441,49,261.96,270.43,91.53,12.90,1,0,0
441,50,534.78,264.24,58.14,17.09,1,2,0
442,46,118.28,267.27,91.20,17.06,1,0,0
442,49,262.76,270.87,90.46,13.48,1,0,0
442,50,536.55,263.56,56.60,16.65,1,2,0
443,46,121.93,268.53,91.07,16.49,1,0,0
443,49,264.07,271.41,92.65,13.70,1,0,0
443,50,538.30,263.48,57.28,16.39,1,2,0
