1,1,909.08,661.86,78.55,20.40,1,1,0
1,2,849.07,669.22,44.67,11.58,1,2,0
2,1,907.89,661.05,81.47,21.22,1,1,0
2,2,858.66,667.95,35.98,11.02,1,2,0
3,1,912.99,659.06,83.43,22.34,1,1,0
3,2,854.02,665.39,45.40,12.13,1,2,0
4,1,921.51,659.86,81.77,22.02,1,1,0
4,2,862.75,668.58,44.84,11.77,1,2,0
5,1,922.19,660.27,81.65,21.67,1,1,0
5,2,864.20,670.69,45.35,11.94,1,2,0
6,1,912.45,661.66,83.29,21.71,1,1,0
6,2,853.20,673.47,45.97,11.64,1,2,0
7,1,891.08,662.41,82.38,21.48,1,1,0
7,2,830.63,673.78,46.64,11.85,1,2,0
8,1,864.71,662.58,83.03,21.73,1,1,0
8,2,804.80,673.16,44.58,11.51,1,2,0
9,1,835.48,660.16,84.76,23.03,1,1,0
9,2,776.35,668.03,46.37,11.97,1,2,0
10,1,822.86,658.05,85.83,23.51,1,1,0
10,2,762.17,665.20,46.06,12.41,1,2,0
11,1,817.17,656.62,86.10,24.42,1,1,0
11,2,756.73,665.73,45.18,12.51,1,2,0
12,1,815.71,657.04,85.95,24.64,1,1,0
12,2,754.22,668.11,47.13,12.21,1,2,0
13,1,815.10,658.78,86.25,24.27,1,1,0
13,2,755.00,669.68,47.11,12.20,1,2,0
13,3,1780.35,680.51,21.32,7.06,1,2,0
14,1,815.94,658.36,86.40,24.45,1,1,0
14,2,754.45,668.25,46.21,11.93,1,2,0
14,3,1788.21,684.45,26.79,9.81,1,2,0
15,1,813.84,657.17,86.82,24.52,1,1,0
15,2,751.46,666.75,47.44,12.41,1,2,0
15,3,1790.67,688.25,25.77,9.16,1,2,0
16,1,804.97,658.62,86.15,24.15,1,1,0
16,2,739.00,670.28,48.14,11.98,1,2,0
16,3,1780.85,673.45,26.03,11.29,1,2,0
17,1,786.18,662.20,86.87,24.05,1,1,0
17,2,723.67,676.16,47.35,11.98,1,2,0
17,3,1762.29,652.61,23.67,9.45,1,2,0
18,1,753.89,664.49,85.01,24.28,1,1,0
18,2,699.46,678.24,44.65,12.58,1,2,0
18,3,1723.23,647.36,21.03,8.78,1,2,0
19,1,709.12,663.66,87.39,23.54,1,1,0
19,2,638.60,675.52,54.48,12.09,1,2,0
19,3,1667.59,665.64,21.77,8.02,1,2,0
20,1,668.05,662.25,88.47,23.84,1,1,0
20,2,597.52,673.75,54.90,12.12,1,2,0
20,3,1623.70,674.29,18.18,7.46,1,2,0
21,1,638.60,662.82,92.71,24.15,1,1,0
21,2,569.95,674.49,54.43,12.10,1,2,0
21,3,1594.38,671.97,19.46,8.28,1,2,0
22,1,612.58,663.52,92.93,24.33,1,1,0
22,2,539.92,675.15,56.79,13.00,1,2,0
22,3,1565.91,670.14,20.62,8.23,1,2,0
23,1,592.48,657.23,93.54,26.09,1,1,0
23,2,522.58,668.67,53.25,13.16,1,2,0
23,3,1545.94,677.13,23.59,9.02,1,2,0
24,1,573.34,649.11,97.84,27.30,1,1,0
24,2,502.20,659.80,55.26,13.17,1,2,0
24,3,1530.80,686.81,22.89,8.82,1,2,0
25,1,561.60,649.17,97.72,26.52,1,1,0
25,2,491.46,659.09,55.45,13.17,1,2,0
25,3,1523.48,684.80,23.14,9.08,1,2,0
26,1,549.39,652.15,104.11,27.57,1,1,0
26,2,483.57,664.45,52.76,13.81,1,2,0
26,3,1520.39,677.87,22.57,9.07,1,2,0
27,1,542.09,654.50,105.22,27.70,1,1,0
27,2,476.61,668.05,54.00,13.78,1,2,0
27,3,1517.66,671.64,22.34,8.68,1,2,0
28,1,531.84,650.43,106.66,28.55,1,1,0
28,2,466.20,662.88,54.47,14.41,1,2,0
28,3,1510.43,676.69,23.47,9.50,1,2,0
29,1,520.03,643.70,109.80,30.32,1,1,0
29,2,451.76,656.20,57.50,14.54,1,2,0
29,3,1502.11,683.25,23.48,8.71,1,2,0
30,1,508.53,640.28,107.44,29.99,1,1,0
30,2,440.18,651.35,57.83,15.01,1,2,0
30,3,1493.85,687.99,22.67,8.41,1,2,0
31,1,497.49,641.08,107.73,29.84,1,1,0
31,2,428.04,652.01,57.88,14.95,1,2,0
31,3,1488.39,686.82,22.47,8.46,1,2,0
32,1,485.87,648.97,108.38,29.46,1,1,0
32,2,415.66,662.27,55.00,14.77,1,2,0
32,3,1480.94,679.56,22.97,9.07,1,2,0
33,1,477.80,657.21,108.11,29.12,1,1,0
33,2,405.62,672.26,56.66,15.12,1,2,0
33,3,1477.75,671.22,22.46,8.45,1,2,0
34,1,469.06,665.31,107.62,28.42,1,1,0
34,2,396.25,680.45,56.96,15.51,1,2,0
34,3,1476.35,666.68,20.79,8.48,1,2,0
35,1,460.70,663.70,108.55,29.17,1,1,0
35,2,386.80,678.79,58.87,15.60,1,2,0
35,3,1470.95,669.06,21.77,8.87,1,2,0
36,1,451.30,660.75,109.09,29.25,1,1,0
36,2,378.33,674.89,59.37,15.88,1,2,0
36,3,1469.04,670.75,22.48,8.82,1,2,0
37,1,446.09,670.88,110.50,30.43,1,1,0
37,2,369.90,687.03,60.56,17.18,1,2,0
37,3,1466.77,666.80,23.61,8.88,1,2,0
38,1,445.98,692.06,108.85,31.76,1,1,0
38,2,369.01,710.36,60.90,18.86,1,2,0
38,3,1471.71,656.39,22.64,8.59,1,2,0
39,1,439.59,710.61,108.92,33.17,1,1,0
39,2,366.24,731.65,62.89,19.29,1,2,0
39,3,1476.87,651.02,21.50,8.75,1,2,0
40,1,425.53,711.84,109.04,32.34,1,1,0
40,2,351.24,730.67,63.20,18.78,1,2,0
40,3,1468.22,661.94,21.05,7.92,1,2,0
41,1,403.87,704.53,110.26,31.34,1,1,0
41,2,328.42,721.14,64.64,19.08,1,2,0
41,3,1455.10,674.33,23.71,9.01,1,2,0
42,1,381.78,695.10,112.57,31.25,1,1,0
42,2,305.66,710.22,66.70,18.70,1,2,0
42,3,1441.48,687.41,21.97,8.37,1,2,0
43,1,360.78,689.77,118.00,30.80,1,1,0
43,2,286.38,704.07,67.56,18.80,1,2,0
44,1,344.29,685.84,118.08,30.84,1,1,0
44,2,267.09,699.93,71.23,19.28,1,2,0
44,3,1422.96,688.96,22.91,8.43,1,2,0
45,1,326.94,679.20,123.14,31.15,1,1,0
45,2,251.30,692.73,71.77,19.37,1,2,0
45,4,1812.10,680.09,34.17,14.16,1,1,0
46,1,309.46,681.25,127.09,30.56,1,1,0
46,2,234.25,694.95,73.95,19.62,1,2,0
46,4,1801.71,670.40,48.40,14.43,1,1,0
46,3,1405.78,683.87,25.21,8.95,1,2,0
47,1,286.14,684.71,128.65,30.81,1,1,0
47,2,209.55,698.38,76.09,20.32,1,2,0
47,4,1790.70,666.07,48.37,15.27,1,1,0
47,5,1843.64,660.74,53.40,15.19,1,1,0
47,3,1394.70,681.56,24.32,8.88,1,2,0
48,1,262.65,686.29,130.50,31.14,1,1,0
48,2,180.78,700.15,80.08,20.58,1,2,0
48,4,1773.89,664.99,46.11,15.40,1,1,0
48,5,1821.56,661.81,47.16,13.51,1,1,0
48,3,1381.79,681.54,24.71,8.81,1,2,0
49,1,221.09,673.23,134.90,33.10,1,1,0
49,2,146.65,687.52,74.61,20.46,1,2,0
49,4,1790.85,675.11,47.16,16.48,1,1,0
49,5,1837.66,678.82,40.48,13.51,1,1,0
50,1,183.73,666.43,140.22,33.19,1,1,0
50,2,129.99,679.99,54.37,19.58,1,2,0
50,4,1762.59,687.98,57.59,16.23,1,1,0
50,5,1721.56,690.30,37.49,14.71,1,1,0
50,3,1336.25,696.00,20.88,7.92,1,2,0
51,1,140.23,667.03,147.49,32.95,1,1,0
51,2,87.20,680.58,53.92,19.01,1,2,0
51,4,1739.14,689.45,60.16,16.01,1,1,0
51,5,1696.05,691.67,36.87,14.34,1,1,0
51,3,1313.28,696.60,22.19,7.97,1,2,0
52,1,102.05,667.17,152.18,33.59,1,1,0
52,2,42.45,681.59,60.66,19.15,1,2,0
52,4,1723.69,686.86,62.43,15.82,1,1,0
52,5,1673.45,689.91,35.02,13.69,1,1,0
52,3,1293.99,694.72,23.04,8.42,1,2,0
53,1,60.42,668.81,162.60,33.78,1,1,0
53,2,0.27,684.02,61.12,20.35,1,2,0
53,4,1701.29,685.16,61.55,16.30,1,1,0
53,5,1647.95,687.73,35.12,14.45,1,1,0
53,3,1273.13,694.64,22.29,7.93,1,2,0
53,7,1769.29,685.00,47.67,13.77,1,1,0
54,1,7.46,667.83,167.98,33.25,1,1,0
54,4,1667.67,686.05,61.61,17.10,1,1,0
54,5,1611.53,689.88,44.45,14.52,1,1,0
54,3,1249.59,695.64,21.90,8.29,1,2,0
54,7,1733.09,686.63,43.28,13.58,1,1,0
55,1,0.40,665.00,130.24,33.25,1,1,0
55,4,1640.71,688.55,55.54,16.85,1,1,0
55,5,1584.82,691.57,43.35,14.71,1,1,0
55,3,1225.03,696.53,21.73,8.24,1,2,0
55,7,1697.36,689.43,46.49,15.66,1,1,0
56,1,0.25,665.09,87.70,32.23,1,1,0
56,4,1612.94,688.21,55.84,17.02,1,1,0
56,5,1564.17,691.94,37.89,13.73,1,1,0
56,3,1204.22,696.03,21.44,8.25,1,2,0
56,7,1671.40,689.09,47.21,16.86,1,1,0
57,1,0.45,673.16,41.70,26.61,1,1,0
57,4,1587.09,687.43,55.24,17.68,1,1,0
57,5,1536.73,692.10,39.42,13.98,1,1,0
57,3,1181.33,696.36,21.36,8.06,1,2,0
57,7,1645.91,688.64,47.22,17.18,1,1,0
58,4,1568.89,688.23,53.79,17.62,1,1,0
58,5,1512.89,692.35,41.27,14.28,1,1,0
58,3,1161.24,697.48,22.53,8.00,1,2,0
58,7,1624.93,688.50,54.78,18.37,1,1,0
59,4,1530.15,692.12,49.77,17.80,1,1,0
59,5,1481.58,696.79,41.39,14.81,1,1,0
59,3,1135.20,700.13,19.75,7.39,1,2,0
59,7,1582.79,693.69,48.95,17.98,1,1,0
60,4,1504.84,696.55,46.90,17.58,1,1,0
60,5,1456.90,700.47,40.24,14.75,1,1,0
60,3,1111.64,700.11,20.29,7.59,1,2,0
60,7,1556.99,698.21,50.14,18.82,1,1,0
61,4,1490.25,706.53,49.00,17.37,1,1,0
61,5,1438.79,708.03,40.19,14.47,1,1,0
61,3,1093.54,701.19,22.66,8.37,1,2,0
61,7,1542.52,708.18,50.78,18.26,1,1,0
62,4,1482.37,708.48,47.88,17.09,1,1,0
62,5,1426.42,709.69,42.95,14.48,1,1,0
62,3,1081.09,701.28,23.51,9.13,1,2,0
62,7,1531.11,709.42,51.02,18.96,1,1,0
63,4,1469.94,705.48,46.87,16.87,1,1,0
63,5,1417.68,707.36,40.74,14.17,1,1,0
63,3,1072.98,700.64,23.14,8.55,1,2,0
63,7,1522.30,708.24,48.42,16.80,1,1,0
64,4,1459.93,700.53,46.50,16.82,1,1,0
64,5,1408.50,703.53,40.83,14.16,1,1,0
64,3,1062.42,699.78,23.40,8.41,1,2,0
64,7,1511.48,702.48,48.85,17.41,1,1,0
65,4,1449.69,699.54,47.05,16.90,1,1,0
65,5,1397.83,702.24,41.89,14.26,1,1,0
65,3,1052.37,699.97,23.47,8.43,1,2,0
65,7,1502.29,700.81,49.15,17.69,1,1,0
66,4,1436.52,697.66,48.28,17.32,1,1,0
66,5,1387.15,700.55,40.25,14.55,1,1,0
66,3,1038.92,697.36,23.78,8.70,1,2,0
66,7,1488.41,699.57,51.15,17.90,1,1,0
67,4,1424.86,700.06,46.10,16.82,1,1,0
67,5,1374.32,702.12,40.88,14.43,1,1,0
67,3,1028.34,698.18,21.74,8.13,1,2,0
67,7,1475.82,701.30,52.54,18.17,1,1,0
68,4,1412.07,700.69,46.40,16.88,1,1,0
68,5,1362.00,703.09,41.16,14.33,1,1,0
68,3,1013.86,697.99,24.13,8.46,1,2,0
68,7,1463.42,702.54,51.27,17.85,1,1,0
69,4,1399.54,699.58,46.20,16.95,1,1,0
69,5,1349.14,701.92,41.18,14.48,1,1,0
69,3,1002.75,697.62,23.11,8.36,1,2,0
69,7,1451.77,701.68,48.47,17.61,1,1,0
70,4,1387.34,698.87,48.59,17.68,1,1,0
70,5,1336.72,701.83,42.14,14.62,1,1,0
70,3,989.48,697.96,23.85,8.68,1,2,0
70,7,1440.21,701.39,50.13,17.69,1,1,0
71,4,1375.86,698.72,47.81,17.43,1,1,0
71,5,1326.50,701.80,40.97,14.26,1,1,0
71,3,979.37,698.02,22.98,8.57,1,2,0
71,7,1428.71,701.17,48.98,17.52,1,1,0
72,4,1365.02,697.50,46.84,17.27,1,1,0
72,5,1315.29,700.08,42.20,14.71,1,1,0
72,3,967.23,696.90,22.77,8.58,1,2,0
72,7,1417.18,700.17,49.58,17.53,1,1,0
73,4,1353.72,697.70,46.89,17.26,1,1,0
73,5,1302.16,699.94,43.97,15.00,1,1,0
73,3,953.56,695.93,24.23,8.73,1,2,0
73,7,1406.39,700.04,48.72,17.60,1,1,0
74,4,1337.87,697.20,48.82,17.44,1,1,0
74,5,1289.33,700.08,40.31,14.43,1,1,0
74,3,937.22,694.89,25.33,9.00,1,2,0
74,7,1390.68,700.14,48.23,16.98,1,1,0
75,4,1326.56,695.63,48.47,17.49,1,1,0
75,5,1279.51,699.36,40.53,13.86,1,1,0
75,3,923.67,693.75,26.95,9.13,1,2,0
75,7,1377.78,698.72,50.50,17.13,1,1,0
76,4,1315.42,695.73,48.08,17.43,1,1,0
76,5,1267.51,699.32,41.18,14.19,1,1,0
76,3,912.11,694.75,25.80,9.14,1,2,0
76,7,1366.44,698.95,49.41,17.09,1,1,0
77,4,1304.18,695.92,47.85,17.16,1,1,0
77,5,1255.65,698.90,42.15,14.39,1,1,0
77,3,898.70,694.97,25.83,9.05,1,2,0
77,7,1354.80,698.96,49.46,16.74,1,1,0
78,4,1293.20,695.60,49.21,17.44,1,1,0
78,5,1245.57,698.81,40.05,13.86,1,1,0
78,3,886.62,694.52,26.39,9.23,1,2,0
78,7,1345.01,698.56,49.59,16.83,1,1,0
78,8,1520.00,710.06,13.94,6.64,1,4,0
79,4,1276.00,696.04,49.09,17.34,1,1,0
79,5,1227.31,699.05,42.05,14.45,1,1,0
79,3,868.85,694.35,25.37,9.33,1,2,0
79,7,1328.19,699.15,48.32,16.61,1,1,0
79,8,1501.58,711.74,11.13,5.90,1,4,0
80,4,1263.34,696.44,48.55,17.55,1,1,0
80,5,1214.81,699.47,41.42,14.44,1,1,0
80,3,856.02,694.76,25.49,9.06,1,2,0
80,7,1315.91,699.82,49.50,16.66,1,1,0
80,8,1488.89,711.79,11.31,5.97,1,4,0
81,4,1250.98,695.70,48.52,17.78,1,1,0
81,5,1202.22,698.81,42.01,14.48,1,1,0
81,3,841.17,693.94,26.16,9.28,1,2,0
81,7,1301.92,699.31,49.24,16.84,1,1,0
81,8,1475.78,711.15,11.71,6.66,1,4,0
82,4,1238.17,695.53,48.42,17.68,1,1,0
82,5,1189.04,698.16,43.27,14.65,1,1,0
82,3,826.89,692.91,26.42,9.54,1,2,0
82,7,1289.69,698.87,50.01,17.09,1,1,0
82,8,1463.91,710.64,10.91,6.66,1,4,0
83,4,1225.47,694.98,48.79,17.62,1,1,0
83,5,1177.29,697.85,42.33,14.15,1,1,0
83,7,1280.22,698.11,48.38,16.91,1,1,0
83,8,1450.95,710.26,11.53,6.86,1,4,0
83,9,1528.44,707.55,36.35,12.48,1,0,0
84,4,1213.24,695.50,50.72,17.84,1,1,0
84,5,1163.95,698.79,43.08,13.92,1,1,0
84,7,1267.75,698.89,48.93,16.99,1,1,0
84,8,1439.24,711.20,10.09,6.52,1,4,0
84,9,1521.79,707.64,30.26,9.24,1,0,0
84,3,797.74,692.00,28.31,10.35,1,2,0
85,4,1200.81,695.11,50.64,17.87,1,1,0
85,5,1152.33,698.42,42.83,13.90,1,1,0
85,7,1256.38,698.44,49.98,17.22,1,1,0
85,8,1427.51,710.87,10.12,6.45,1,4,0
85,9,1502.57,708.08,34.24,10.12,1,0,0
86,4,1188.97,695.73,50.08,17.78,1,1,0
86,5,1139.37,698.55,43.85,14.17,1,1,0
86,7,1242.80,699.25,50.44,17.05,1,1,0
86,8,1416.15,711.90,10.23,6.11,1,4,0
86,9,1489.38,708.79,40.44,12.55,1,0,0
87,4,1180.02,696.26,49.32,17.39,1,1,0
87,5,1130.33,698.33,42.92,14.36,1,1,0
87,7,1232.45,698.97,51.38,17.43,1,1,0
87,8,1406.36,711.83,10.14,6.28,1,4,0
87,9,1480.09,708.68,39.09,11.79,1,0,0
88,4,1170.30,696.20,50.24,18.24,1,1,0
88,5,1120.79,698.72,43.60,14.65,1,1,0
88,7,1226.30,700.77,50.42,16.97,1,1,0
88,9,1471.02,711.45,41.13,11.88,1,0,0
88,3,746.54,688.90,29.61,10.83,1,2,0
89,4,1166.53,698.75,51.26,17.95,1,1,0
89,5,1114.59,699.45,44.81,15.28,1,1,0
89,7,1225.68,703.49,46.16,16.81,1,1,0
89,9,1465.77,715.50,38.47,12.20,1,0,0
89,3,738.53,687.00,29.73,11.31,1,2,0
90,4,1163.08,699.26,50.47,17.70,1,1,0
90,5,1111.46,699.14,46.34,15.94,1,1,0
90,7,1221.55,703.89,49.24,16.89,1,1,0
90,9,1462.25,716.79,40.83,12.30,1,0,0
90,3,734.31,685.65,29.04,10.58,1,2,0
90,8,1506.70,711.97,25.29,13.36,1,0,0
91,4,1163.48,698.70,50.99,17.95,1,1,0
91,5,1111.96,698.62,45.85,15.60,1,1,0
91,7,1222.09,703.62,48.05,16.70,1,1,0
91,9,1462.51,716.84,38.79,12.73,1,0,0
91,3,731.24,683.03,29.42,10.48,1,2,0
91,8,1502.10,712.89,29.95,14.63,1,0,0
92,4,1164.27,696.86,50.88,17.81,1,1,0
92,5,1110.45,696.46,48.14,16.18,1,1,0
92,7,1222.17,701.52,49.73,16.83,1,1,0
92,9,1466.03,714.08,37.99,12.54,1,0,0
92,3,731.17,682.94,28.76,10.60,1,2,0
92,8,1506.84,711.55,28.90,13.75,1,0,0
93,4,1167.90,695.68,50.78,17.48,1,1,0
93,5,1112.59,695.15,49.02,16.40,1,1,0
93,7,1225.13,698.56,48.34,16.98,1,1,0
93,9,1468.70,708.71,39.60,12.51,1,0,0
93,3,730.58,686.76,29.52,11.12,1,2,0
93,8,1510.51,707.34,32.63,13.23,1,0,0
94,4,1168.74,693.67,50.22,17.49,1,1,0
94,5,1113.19,694.09,48.30,16.10,1,1,0
94,7,1226.60,695.47,49.95,17.31,1,1,0
94,9,1469.32,702.68,40.77,12.66,1,0,0
94,8,1513.41,700.86,31.36,13.71,1,0,0
95,4,1167.55,690.84,50.65,17.91,1,1,0
95,5,1111.29,691.69,48.82,16.82,1,1,0
95,7,1224.17,693.49,50.10,17.36,1,1,0
95,9,1468.39,698.95,40.45,13.06,1,0,0
95,8,1509.82,696.43,31.38,14.15,1,0,0
96,4,1159.11,691.00,48.94,17.77,1,1,0
96,5,1104.73,692.50,47.59,15.84,1,1,0
96,7,1217.18,693.74,49.17,17.20,1,1,0
96,9,1460.98,700.46,41.16,12.94,1,0,0
96,8,1503.14,698.48,28.58,13.53,1,0,0
96,11,1394.99,704.82,10.53,7.29,1,4,0
96,3,712.92,688.76,29.34,11.07,1,2,0
97,4,1152.94,692.84,50.27,17.54,1,1,0
97,5,1097.63,693.36,48.29,16.05,1,1,0
97,7,1211.95,695.28,48.10,17.00,1,1,0
97,9,1454.91,702.69,40.34,13.01,1,0,0
97,8,1495.04,700.44,29.27,14.20,1,0,0
97,11,1388.18,707.41,11.28,6.95,1,4,0
97,3,702.66,688.11,31.14,11.39,1,2,0
98,4,1146.43,693.11,49.10,17.41,1,1,0
98,5,1090.84,693.84,47.94,15.91,1,1,0
98,7,1202.53,695.93,50.66,16.84,1,1,0
98,9,1447.19,703.69,39.96,12.74,1,0,0
98,8,1489.64,701.50,28.21,13.85,1,0,0
98,11,1382.65,707.74,10.64,7.02,1,4,0
98,3,693.57,686.85,31.76,11.72,1,2,0
99,4,1138.23,692.70,50.39,17.54,1,1,0
99,5,1082.35,693.26,48.54,15.99,1,1,0
99,7,1195.55,695.72,50.54,17.01,1,1,0
99,9,1438.72,703.01,40.85,13.01,1,0,0
99,8,1479.16,701.44,31.53,14.04,1,0,0
99,11,1376.39,706.94,11.23,7.43,1,4,0
99,3,683.23,686.35,31.83,11.67,1,2,0
100,4,1128.23,693.51,52.53,17.79,1,1,0
100,5,1074.21,694.02,47.93,16.10,1,1,0
100,7,1189.08,696.43,49.04,17.18,1,1,0
100,9,1432.68,704.73,39.66,12.96,1,0,0
100,8,1472.21,703.36,31.32,13.76,1,0,0
100,11,1369.24,709.55,10.11,6.52,1,4,0
100,3,672.14,686.33,30.78,11.27,1,2,0
100,12,1516.87,706.86,30.00,8.07,1,0,0
101,4,1122.95,693.73,50.04,17.76,1,1,0
101,5,1067.85,694.25,47.95,15.74,1,1,0
101,7,1181.73,696.70,49.19,17.12,1,1,0
101,9,1423.92,705.07,41.51,13.42,1,0,0
101,8,1464.16,704.80,30.23,12.87,1,0,0
101,11,1363.60,709.95,11.01,6.36,1,4,0
101,3,662.24,685.48,32.10,11.38,1,2,0
101,12,1508.81,707.85,31.76,7.84,1,0,0
102,4,1116.15,693.00,50.85,17.32,1,1,0
102,5,1060.67,692.66,48.53,16.05,1,1,0
102,7,1174.93,695.52,49.90,17.09,1,1,0
102,9,1416.64,704.62,41.09,12.82,1,0,0
102,8,1457.55,704.13,30.37,12.84,1,0,0
102,11,1358.18,708.88,9.82,6.37,1,4,0
102,3,652.47,683.26,31.34,11.51,1,2,0
102,12,1502.82,707.33,34.14,8.78,1,0,0
103,4,1110.46,691.77,49.85,17.69,1,1,0
103,5,1054.41,691.87,47.87,16.25,1,1,0
103,7,1168.39,694.66,48.92,17.22,1,1,0
103,9,1411.15,703.14,40.43,13.35,1,0,0
103,8,1449.86,703.45,31.64,12.64,1,0,0
103,11,1351.74,707.23,11.07,7.07,1,4,0
103,3,641.55,682.95,32.25,11.82,1,2,0
103,12,1496.85,706.96,33.48,9.45,1,0,0
104,4,1104.01,691.53,49.39,17.74,1,1,0
104,5,1046.40,691.73,49.05,16.25,1,1,0
104,7,1161.61,694.24,50.70,17.38,1,1,0
104,9,1403.99,701.75,40.48,13.57,1,0,0
104,8,1442.44,701.48,30.66,13.61,1,0,0
104,11,1346.53,706.59,10.42,7.02,1,4,0
104,3,630.48,683.99,33.34,12.18,1,2,0
104,12,1488.64,706.08,34.58,9.58,1,0,0
105,4,1096.78,689.98,52.34,18.32,1,1,0
105,5,1040.18,690.49,50.06,16.83,1,1,0
105,7,1158.81,692.97,52.46,17.56,1,1,0
105,9,1400.32,700.15,37.35,13.54,1,0,0
105,8,1437.06,700.66,30.44,12.99,1,0,0
105,3,623.13,683.42,34.36,12.20,1,2,0
105,12,1482.27,704.11,33.29,9.39,1,0,0
106,4,1087.79,689.80,52.41,18.67,1,1,0
106,5,1032.14,690.35,49.28,16.65,1,1,0
106,7,1150.71,693.13,51.12,17.87,1,1,0
106,9,1391.58,701.50,38.07,13.70,1,0,0
106,8,1430.26,700.51,27.09,14.27,1,0,0
106,3,611.67,680.89,32.97,12.65,1,2,0
106,12,1472.83,706.45,33.55,9.78,1,0,0
107,4,1079.77,691.43,52.42,18.16,1,1,0
107,5,1022.83,691.38,50.18,16.41,1,1,0
107,7,1142.04,695.28,51.31,17.39,1,1,0
107,9,1383.04,704.32,38.08,14.06,1,0,0
107,8,1419.65,704.08,28.19,13.88,1,0,0
107,3,600.09,679.31,34.16,12.97,1,2,0
107,12,1465.31,709.32,35.52,10.41,1,0,0
107,11,1523.99,710.20,19.93,8.44,1,0,0
108,4,1070.88,691.32,52.27,18.45,1,1,0
108,5,1015.99,691.71,47.94,16.30,1,1,0
108,7,1134.22,695.25,53.45,17.65,1,1,0
108,9,1375.98,705.07,38.32,13.73,1,0,0
108,8,1412.61,705.27,28.54,13.23,1,0,0
108,3,588.68,678.03,34.09,13.36,1,2,0
108,12,1458.54,709.82,35.44,10.68,1,0,0
109,4,1063.95,690.43,51.96,18.47,1,1,0
109,5,1008.02,690.60,48.88,16.51,1,1,0
109,7,1125.47,694.23,53.28,17.70,1,1,0
109,9,1368.36,703.86,38.11,13.94,1,0,0
109,8,1402.69,703.52,31.03,14.00,1,0,0
109,3,578.47,677.59,33.16,13.16,1,2,0
109,12,1448.02,707.92,37.90,11.31,1,0,0
109,11,1499.72,711.89,20.73,6.47,1,0,0
110,4,1058.80,689.17,52.50,18.23,1,1,0
110,5,1002.35,689.28,48.74,16.40,1,1,0
110,7,1121.45,692.73,52.22,17.26,1,1,0
110,9,1362.37,700.59,37.62,14.52,1,0,0
110,8,1398.02,700.13,30.60,14.29,1,0,0
110,3,567.29,677.21,33.59,13.36,1,2,0
110,12,1442.24,704.56,37.84,11.25,1,0,0
110,11,1496.91,708.61,20.75,6.97,1,0,0
111,4,1054.00,688.75,51.40,17.90,1,1,0
111,5,996.19,688.81,48.70,16.23,1,1,0
111,7,1116.15,691.67,51.28,17.39,1,1,0
111,9,1357.51,698.79,40.60,14.10,1,0,0
111,8,1395.01,697.95,29.34,14.17,1,0,0
111,3,556.21,679.34,34.20,13.20,1,2,0
111,12,1436.81,702.05,39.82,12.04,1,0,0
111,11,1509.03,703.87,23.53,6.99,1,0,0
112,4,1047.02,688.24,51.94,17.84,1,1,0
112,5,989.26,688.09,49.17,16.50,1,1,0
112,7,1110.20,691.08,49.91,17.44,1,1,0
112,9,1349.94,697.28,42.13,14.57,1,0,0
112,8,1388.45,696.78,31.22,14.24,1,0,0
112,3,545.90,679.55,34.71,13.31,1,2,0
112,12,1430.40,701.44,37.01,11.26,1,0,0
112,11,1502.48,700.46,28.27,8.32,1,0,0
112,14,1299.88,703.53,9.23,6.67,1,4,0
113,4,1039.35,687.33,53.21,18.59,1,1,0
113,5,981.36,687.81,49.44,16.86,1,1,0
113,7,1103.02,690.82,50.37,17.36,1,1,0
113,9,1343.48,697.09,39.28,14.21,1,0,0
113,8,1380.40,696.21,31.84,14.14,1,0,0
113,3,533.52,678.50,35.31,13.63,1,2,0
113,12,1424.05,701.22,38.01,11.50,1,0,0
113,11,1492.95,700.70,32.95,9.41,1,0,0
114,4,1029.40,686.79,54.90,18.73,1,1,0
114,5,971.72,686.32,50.40,17.42,1,1,0
114,7,1095.37,690.25,50.62,17.46,1,1,0
114,9,1336.09,697.15,38.06,14.21,1,0,0
114,8,1372.76,696.72,31.44,13.86,1,0,0
114,3,520.22,676.84,37.11,14.36,1,2,0
114,12,1416.29,701.07,37.68,11.31,1,0,0
114,11,1485.87,700.68,30.95,8.93,1,0,0
115,4,1022.46,687.27,53.48,18.35,1,1,0
115,5,964.95,686.93,50.70,17.24,1,1,0
115,7,1087.68,690.51,53.39,17.90,1,1,0
115,9,1329.43,697.92,39.48,14.15,1,0,0
115,8,1367.55,697.57,30.05,13.54,1,0,0
115,3,509.52,677.04,37.18,14.40,1,2,0
115,12,1408.91,701.58,36.45,11.25,1,0,0
115,11,1478.36,702.50,30.26,9.37,1,0,0
115,14,1280.14,703.94,9.24,6.75,1,4,0
116,4,1017.11,688.28,52.46,17.57,1,1,0
116,5,957.22,687.34,51.58,17.33,1,1,0
116,7,1078.90,690.36,59.35,18.23,1,1,0
116,9,1323.47,698.45,42.87,14.58,1,0,0
116,3,498.67,677.04,36.75,14.22,1,2,0
116,12,1403.54,701.48,39.02,12.29,1,0,0
116,11,1469.91,703.62,33.12,9.91,1,0,0
116,14,1275.39,704.56,9.73,6.59,1,4,0
