1,1,973.29,653.39,54.29,21.11,1,2,0
1,2,1826.76,717.72,92.38,32.98,1,1,0
2,1,966.50,652.41,55.21,21.77,1,2,0
2,2,1825.87,716.07,93.24,32.98,1,1,0
3,1,956.25,651.45,54.57,21.84,1,2,0
3,2,1819.04,716.87,100.09,33.23,1,1,0
4,1,947.26,650.33,57.90,21.98,1,2,0
4,2,1817.90,718.12,100.07,31.76,1,1,0
5,1,938.24,647.91,58.48,22.34,1,2,0
5,2,1813.72,717.45,105.22,32.40,1,1,0
6,1,932.93,645.73,56.74,22.23,1,2,0
6,2,1812.58,717.92,106.93,31.76,1,1,0
7,1,926.16,642.38,57.84,22.70,1,2,0
7,2,1810.93,716.53,108.68,32.90,1,1,0
8,1,921.63,637.00,56.08,22.65,1,2,0
8,2,1808.55,713.86,111.07,34.18,1,1,0
9,1,918.29,632.00,54.64,22.45,1,2,0
9,2,1809.11,713.71,110.33,33.76,1,1,0
10,1,913.26,628.62,58.04,23.14,1,2,0
10,2,1810.77,713.05,108.52,34.14,1,1,0
11,1,911.46,627.43,56.98,23.34,1,2,0
11,2,1813.73,714.48,105.29,32.45,1,1,0
12,1,910.46,627.63,56.77,23.33,1,2,0
12,2,1818.71,713.91,99.64,33.83,1,1,0
13,1,910.34,629.04,57.74,23.42,1,2,0
13,2,1825.84,715.05,92.82,33.10,1,1,0
14,2,1842.19,732.55,73.67,23.08,1,1,0
15,2,1688.71,733.57,74.68,20.03,1,1,0
15,3,1453.56,721.09,63.64,22.71,1,1,0
15,4,1151.66,704.54,94.25,32.23,1,1,0
15,5,1514.36,721.85,54.20,23.26,1,1,0
15,7,1569.01,731.38,65.70,16.61,1,1,0
15,1,836.38,694.33,76.63,30.47,1,1,0
16,2,1632.06,733.03,71.44,20.58,1,1,0
16,3,1399.13,723.37,67.11,21.79,1,1,0
16,4,1101.60,706.30,92.27,32.60,1,1,0
16,5,1462.92,723.27,56.41,23.12,1,1,0
16,7,1518.31,732.42,60.30,16.01,1,1,0
16,9,1010.88,706.23,110.15,31.77,1,1,0
16,10,1331.74,726.40,27.60,20.41,1,1,0
16,1,781.69,698.39,78.41,29.88,1,1,0
17,2,1646.60,732.28,68.65,21.51,1,1,0
17,3,1414.70,724.01,63.71,21.81,1,1,0
17,4,1107.30,705.58,98.92,34.08,1,1,0
17,5,1472.39,725.13,57.29,22.38,1,1,0
17,7,1531.42,733.36,59.69,16.05,1,1,0
17,9,1021.66,704.75,112.06,34.25,1,1,0
17,10,1344.61,726.32,29.58,20.52,1,1,0
17,1,790.86,697.74,79.20,30.41,1,1,0
17,11,981.18,712.00,23.26,18.60,1,1,0
18,2,1661.85,734.26,72.25,21.81,1,1,0
18,3,1430.94,725.56,63.92,21.75,1,1,0
18,4,1120.73,706.77,99.78,33.82,1,1,0
18,5,1488.93,727.17,55.73,21.88,1,1,0
18,7,1546.51,734.91,61.16,16.56,1,1,0
18,9,1034.09,705.56,112.58,34.09,1,1,0
18,10,1358.05,726.35,29.58,21.68,1,1,0
18,1,802.40,698.34,76.88,29.64,1,1,0
18,11,987.46,710.73,31.58,19.90,1,1,0
19,2,1670.82,734.29,75.54,22.20,1,1,0
19,3,1440.56,725.41,64.08,21.85,1,1,0
19,4,1128.86,706.17,101.65,34.23,1,1,0
19,5,1499.32,726.94,56.26,22.29,1,1,0
19,7,1556.67,735.13,60.10,16.15,1,1,0
19,9,1043.03,704.92,113.25,34.45,1,1,0
19,10,1368.28,726.43,30.51,21.48,1,1,0
19,1,809.25,697.87,74.34,29.16,1,1,0
19,11,991.00,709.87,39.68,20.39,1,1,0
20,2,1680.39,734.34,74.74,22.25,1,1,0
20,3,1447.12,725.33,65.65,21.78,1,1,0
20,4,1137.56,705.61,99.45,34.30,1,1,0
20,5,1507.32,727.09,58.01,21.92,1,1,0
20,7,1564.54,734.89,60.97,16.63,1,1,0
20,9,1048.96,704.52,115.57,34.66,1,1,0
20,10,1375.87,727.92,29.47,19.92,1,1,0
20,1,813.99,698.74,70.78,28.39,1,1,0
20,11,991.71,708.71,44.08,21.27,1,1,0
21,2,1688.05,734.24,75.52,22.49,1,1,0
21,3,1453.76,725.57,65.05,21.69,1,1,0
21,4,1142.78,706.03,100.21,34.63,1,1,0
21,5,1513.22,727.30,54.85,21.61,1,1,0
21,7,1569.50,734.86,61.95,16.58,1,1,0
21,9,1053.76,704.69,115.48,35.35,1,1,0
21,10,1381.85,727.48,30.19,21.10,1,1,0
21,1,818.07,700.36,67.09,27.41,1,1,0
21,11,992.31,709.13,48.90,21.99,1,1,0
22,2,1695.71,735.41,74.95,22.27,1,1,0
22,3,1460.14,726.58,65.57,21.61,1,1,0
22,4,1149.18,707.88,101.12,33.64,1,1,0
22,5,1519.57,728.05,58.20,22.23,1,1,0
22,7,1577.83,736.04,60.79,16.57,1,1,0
22,9,1059.04,705.61,116.58,35.24,1,1,0
22,10,1388.41,727.91,31.70,21.75,1,1,0
22,1,823.02,701.37,63.43,27.39,1,1,0
22,11,993.52,709.34,50.39,22.28,1,1,0
23,2,1708.19,737.88,74.27,22.21,1,1,0
23,3,1469.45,728.43,68.21,21.86,1,1,0
23,4,1160.70,708.57,97.71,34.63,1,1,0
23,5,1530.15,730.25,55.30,22.14,1,1,0
23,7,1586.54,737.66,63.75,17.05,1,1,0
23,9,1068.20,705.85,116.92,36.66,1,1,0
23,10,1396.82,730.13,32.15,21.58,1,1,0
23,1,828.01,704.06,58.88,25.36,1,1,0
23,11,994.28,711.08,56.17,21.53,1,1,0
24,2,1715.82,738.21,75.64,22.27,1,1,0
24,3,1475.95,728.39,68.61,22.03,1,1,0
24,4,1164.18,707.99,101.16,34.91,1,1,0
24,5,1537.03,730.71,54.51,21.86,1,1,0
24,7,1592.64,738.04,65.71,17.06,1,1,0
24,9,1073.95,705.88,117.71,36.23,1,1,0
24,10,1403.82,729.87,33.03,21.50,1,1,0
24,1,833.11,704.68,53.49,23.79,1,1,0
24,11,994.00,710.42,60.73,21.49,1,1,0
25,2,1723.39,739.08,74.38,22.34,1,1,0
25,3,1482.22,728.57,67.36,22.27,1,1,0
25,4,1171.07,708.03,100.67,34.89,1,1,0
25,5,1542.06,731.07,56.50,22.11,1,1,0
25,7,1601.31,738.94,63.14,16.95,1,1,0
25,9,1078.89,705.07,118.53,36.81,1,1,0
25,10,1410.05,730.58,32.42,21.24,1,1,0
25,1,837.07,704.80,49.36,22.47,1,1,0
25,11,993.52,710.37,65.63,20.79,1,1,0
26,2,1731.54,740.75,76.76,22.83,1,1,0
26,3,1490.27,729.96,66.89,22.24,1,1,0
26,4,1178.57,707.89,100.56,35.54,1,1,0
26,5,1553.47,731.44,51.10,23.25,1,1,0
26,7,1608.26,740.28,63.86,16.84,1,1,0
26,9,1085.70,705.23,119.02,36.80,1,1,0
26,10,1417.56,731.37,33.32,21.59,1,1,0
26,1,843.71,704.83,42.31,22.23,1,1,0
26,11,993.72,709.93,70.57,21.35,1,1,0
27,2,1743.90,742.83,75.50,22.85,1,1,0
27,3,1500.73,732.07,63.04,21.75,1,1,0
27,4,1188.33,709.27,100.90,35.85,1,1,0
27,5,1562.41,733.92,54.57,23.08,1,1,0
27,7,1619.05,742.04,64.04,17.10,1,1,0
27,9,1094.18,706.04,121.39,37.99,1,1,0
27,10,1427.33,733.59,30.60,21.18,1,1,0
27,1,851.44,705.86,33.67,21.85,1,1,0
27,11,993.07,710.48,80.05,22.09,1,1,0
28,2,1758.44,741.90,77.71,23.30,1,1,0
28,3,1516.18,731.71,62.97,22.17,1,1,0
28,4,1202.32,710.19,99.82,35.06,1,1,0
28,5,1577.41,733.46,52.11,22.93,1,1,0
28,7,1631.31,741.79,66.77,16.89,1,1,0
28,9,1106.62,706.12,120.75,38.11,1,1,0
28,10,1440.41,732.62,33.40,22.20,1,1,0
28,1,861.14,706.19,22.64,22.15,1,1,0
28,11,992.27,709.64,89.56,23.38,1,1,0
29,2,1772.27,742.09,74.77,23.08,1,1,0
29,3,1525.51,731.45,72.44,23.17,1,1,0
29,4,1212.82,709.22,100.13,36.00,1,1,0
29,5,1589.27,733.91,52.04,22.56,1,1,0
29,7,1643.38,742.11,66.23,16.71,1,1,0
29,9,1115.23,707.18,122.08,37.02,1,1,0
29,10,1450.65,732.75,34.58,21.95,1,1,0
29,11,992.25,709.65,100.19,23.26,1,1,0
30,2,1785.36,740.97,76.38,23.52,1,1,0
30,3,1538.05,730.54,73.90,23.92,1,1,0
30,4,1224.69,708.84,99.56,35.92,1,1,0
30,5,1602.92,732.89,52.49,23.18,1,1,0
30,7,1654.19,740.85,67.80,17.37,1,1,0
30,9,1127.64,706.49,120.88,37.14,1,1,0
30,10,1461.79,731.12,35.81,23.59,1,1,0
30,11,994.01,708.44,108.69,23.96,1,1,0
31,2,1797.17,740.38,77.57,23.03,1,1,0
31,3,1548.11,729.70,68.97,23.45,1,1,0
31,4,1234.24,708.79,99.82,35.74,1,1,0
31,5,1611.57,731.89,53.78,23.25,1,1,0
31,7,1663.02,740.23,69.12,16.97,1,1,0
31,9,1137.90,706.02,120.53,37.74,1,1,0
31,10,1472.17,731.36,33.39,22.71,1,1,0
31,11,997.77,708.74,110.89,23.75,1,1,0
32,2,1811.40,740.88,78.16,23.87,1,1,0
32,3,1561.06,730.70,70.18,23.38,1,1,0
32,4,1247.17,709.12,99.07,36.51,1,1,0
32,5,1625.31,733.05,54.55,22.71,1,1,0
32,7,1678.49,741.14,68.02,17.32,1,1,0
32,9,1147.27,706.52,122.76,37.85,1,1,0
32,10,1484.43,732.59,33.11,22.57,1,1,0
32,11,1009.50,708.92,111.19,24.12,1,1,0
33,9,1100.48,712.63,68.54,19.56,1,1,0
33,11,986.81,716.23,57.17,16.45,1,1,0
33,1,807.47,720.00,26.79,20.70,1,1,0
34,11,824.67,711.80,64.91,20.75,1,1,0
34,13,521.56,725.42,25.83,21.50,1,1,0
34,15,591.05,715.71,70.84,23.28,1,1,0
34,16,278.14,715.63,98.60,34.16,1,1,0
34,1,708.28,719.35,59.29,16.00,1,1,0
35,11,758.62,713.10,63.29,20.30,1,1,0
35,13,451.67,727.95,26.16,21.59,1,1,0
35,15,590.59,715.84,55.55,22.97,1,1,0
35,16,199.91,717.63,103.75,36.06,1,1,0
35,1,642.48,720.87,58.71,16.02,1,1,0
35,18,70.19,724.45,144.34,35.56,1,1,0
35,19,520.15,718.10,73.65,23.66,1,1,0
35,21,0.38,729.07,43.51,29.03,1,1,0
36,11,770.33,711.42,64.59,21.23,1,1,0
36,13,462.56,725.95,26.73,23.16,1,1,0
36,15,599.61,715.56,57.07,22.52,1,1,0
36,16,212.41,716.43,103.73,36.14,1,1,0
36,1,652.63,719.86,58.39,16.34,1,1,0
36,18,83.24,724.01,145.98,34.76,1,1,0
36,19,532.67,717.80,75.12,22.72,1,1,0
36,21,0.00,725.99,50.37,31.12,1,1,0
37,11,825.34,720.99,65.29,22.07,1,1,0
37,13,518.63,737.88,26.66,21.63,1,1,0
37,15,654.98,725.86,54.78,21.96,1,1,0
37,16,266.67,723.66,109.52,39.20,1,1,0
37,1,705.29,730.58,58.27,15.66,1,1,0
37,18,145.00,732.83,145.15,36.26,1,1,0
37,19,593.26,726.61,68.74,23.78,1,1,0
37,21,0.25,741.04,111.00,26.64,1,1,0
38,11,823.33,720.88,64.66,22.28,1,1,0
38,13,516.66,736.42,27.99,22.98,1,1,0
38,15,652.62,725.77,53.32,22.36,1,1,0
38,16,267.62,725.77,106.99,37.09,1,1,0
38,1,701.51,730.63,59.78,15.81,1,1,0
38,18,141.54,732.13,147.57,37.04,1,1,0
38,19,590.98,726.89,69.09,23.64,1,1,0
38,21,0.30,739.96,106.39,27.52,1,1,0
38,22,48.82,772.42,6.12,4.79,1,4,0
39,11,821.59,718.68,66.89,22.48,1,1,0
39,13,513.31,734.83,28.69,22.79,1,1,0
39,15,647.54,723.84,56.10,22.12,1,1,0
39,16,264.52,724.46,105.14,36.11,1,1,0
39,1,699.40,728.26,58.15,15.92,1,1,0
39,18,136.29,730.47,148.26,36.11,1,1,0
39,19,587.40,724.43,70.10,24.13,1,1,0
39,21,0.11,737.39,102.08,28.11,1,1,0
40,11,825.49,715.91,67.53,21.86,1,1,0
40,13,517.22,731.24,28.59,23.27,1,1,0
40,15,650.88,720.85,55.62,22.21,1,1,0
40,16,270.73,722.86,103.87,33.97,1,1,0
40,1,702.17,724.80,58.02,16.42,1,1,0
40,18,141.25,726.64,147.74,36.23,1,1,0
40,19,589.92,721.87,71.87,23.78,1,1,0
40,21,0.23,733.28,104.30,28.35,1,1,0
40,22,103.76,765.45,5.47,3.85,1,4,0
41,11,822.25,709.49,67.13,22.21,1,1,0
41,13,514.29,724.24,29.08,23.43,1,1,0
41,15,648.69,714.25,54.01,21.84,1,1,0
41,16,267.21,715.62,104.12,34.31,1,1,0
41,1,698.49,718.50,58.31,15.99,1,1,0
41,18,138.84,720.21,148.79,35.76,1,1,0
41,19,588.33,715.13,71.38,23.74,1,1,0
41,21,0.00,726.54,99.69,28.22,1,1,0
41,24,73.74,759.34,5.48,4.11,1,4,0
41,25,12.78,760.48,6.09,4.13,1,4,0
41,22,100.60,758.47,5.88,4.18,1,4,0
42,11,827.60,702.79,67.47,22.35,1,1,0
42,13,518.38,717.53,29.88,24.15,1,1,0
42,15,653.05,707.58,56.45,22.86,1,1,0
42,16,271.43,707.03,106.05,37.11,1,1,0
42,1,704.01,711.72,57.27,16.69,1,1,0
42,18,143.16,714.98,150.25,35.60,1,1,0
42,19,592.85,708.70,70.23,24.37,1,1,0
42,21,0.25,720.35,102.59,29.02,1,1,0
42,22,219.90,747.65,4.18,4.93,1,4,0
43,11,838.06,689.10,67.70,22.77,1,1,0
43,13,528.76,704.88,30.02,24.29,1,1,0
43,15,663.31,694.12,55.17,22.98,1,1,0
43,16,278.08,694.53,110.55,37.88,1,1,0
43,1,713.56,699.04,56.39,16.32,1,1,0
43,18,155.05,701.86,150.68,36.83,1,1,0
43,19,601.24,696.07,72.32,23.99,1,1,0
43,21,0.34,709.43,113.42,28.94,1,1,0
43,22,231.56,736.18,4.02,4.61,1,4,0
44,11,845.80,678.39,69.02,22.45,1,1,0
44,13,537.36,696.00,43.27,22.63,1,1,0
44,15,669.67,684.72,57.15,21.92,1,1,0
44,16,288.52,688.88,108.90,33.61,1,1,0
44,1,720.57,689.25,56.97,15.33,1,1,0
44,18,166.41,692.18,147.66,36.43,1,1,0
44,19,611.46,687.58,66.54,21.85,1,1,0
44,21,0.39,701.38,120.33,27.58,1,1,0
44,25,40.30,735.07,5.68,4.31,1,4,0
45,21,89.72,639.28,61.70,33.87,1,2,0
45,2,1860.37,719.79,21.76,11.70,1,2,0
45,3,1567.82,690.91,142.38,40.11,1,1,0
45,4,1278.79,682.55,87.89,34.18,1,1,0
45,5,1685.45,692.35,109.56,39.61,1,1,0
46,2,1861.65,722.17,6.39,4.96,1,4,0
46,11,874.00,631.31,48.93,29.15,1,2,0
47,11,1015.63,625.05,47.81,28.11,1,2,0
48,11,1031.09,618.87,46.81,27.10,1,2,0
49,11,1034.09,601.22,46.18,27.01,1,2,0
50,11,1031.21,578.07,47.27,28.32,1,2,0
51,11,1036.61,559.89,47.94,27.49,1,2,0
52,11,1036.47,518.46,47.27,29.47,1,2,0
53,11,1043.09,505.06,47.04,28.68,1,2,0
54,11,1060.09,518.14,46.31,29.12,1,2,0
55,11,1088.22,514.70,46.97,28.86,1,2,0
56,11,1107.38,514.53,46.31,28.71,1,2,0
57,11,1128.04,525.36,45.51,28.87,1,2,0
58,11,1143.05,538.91,46.92,31.75,1,2,0
59,11,1179.39,578.85,5.91,4.81,1,4,0
59,9,1214.73,578.70,6.23,4.81,1,4,0
59,3,1614.10,544.26,105.00,30.98,1,1,0
59,4,1308.96,544.43,120.88,30.29,1,1,0
59,5,1866.12,546.02,47.08,33.14,1,1,0
60,11,1048.91,579.34,5.39,4.46,1,4,0
60,28,1561.44,542.72,59.13,21.03,1,1,0
60,31,1490.18,547.13,51.44,26.03,1,1,0
60,9,1152.42,538.37,130.97,37.81,1,1,0
60,3,1622.51,538.47,49.94,23.24,1,1,0
60,4,1264.47,541.60,94.17,30.28,1,1,0
60,5,1820.79,537.64,78.19,21.27,1,1,0
60,22,813.24,584.38,6.11,5.52,1,4,0
60,15,909.87,583.15,7.25,5.80,1,4,0
60,1,666.76,585.94,6.30,5.09,1,4,0
60,19,860.72,542.14,87.16,39.58,1,1,0
61,11,1073.25,580.58,5.57,3.95,1,4,0
61,28,1567.81,537.95,47.18,21.56,1,1,0
61,31,1505.94,540.84,65.61,21.95,1,1,0
61,9,1100.64,539.76,131.88,38.20,1,1,0
61,3,1614.18,542.05,65.21,17.01,1,1,0
61,4,1205.93,540.73,97.50,31.80,1,1,0
61,5,1758.54,532.16,83.28,23.90,1,1,0
61,32,913.51,548.83,119.89,30.12,1,1,0
61,34,1095.04,579.49,5.28,3.76,1,4,0
61,22,859.41,587.10,6.42,5.00,1,4,0
61,15,1024.86,581.24,5.62,4.85,1,4,0
61,1,685.15,591.15,5.38,4.69,1,4,0
61,19,806.25,546.79,89.02,39.42,1,1,0
61,13,580.60,592.85,5.16,4.61,1,4,0
61,16,414.64,596.30,6.58,4.57,1,4,0
62,11,1071.52,581.05,5.91,4.18,1,4,0
62,28,1562.26,536.22,47.25,21.07,1,1,0
62,31,1504.16,540.17,63.98,20.56,1,1,0
62,9,1098.19,540.50,133.28,37.95,1,1,0
62,3,1607.90,539.88,64.29,17.13,1,1,0
62,4,1207.57,540.39,93.26,32.35,1,1,0
62,5,1754.93,528.84,82.68,24.92,1,1,0
62,32,911.80,550.47,113.58,29.24,1,1,0
62,34,1094.18,580.28,5.48,3.91,1,4,0
62,22,857.08,590.42,6.57,4.67,1,4,0
62,19,800.63,547.74,88.83,40.53,1,1,0
62,35,1433.71,545.34,52.64,26.49,1,1,0
62,13,537.38,597.22,6.91,5.15,1,4,0
62,16,441.89,599.32,5.90,5.37,1,4,0
62,25,375.30,602.56,5.84,4.37,1,4,0
63,28,1567.38,539.82,46.64,21.15,1,1,0
63,31,1506.22,543.35,66.23,21.24,1,1,0
63,9,1102.47,543.65,134.89,38.26,1,1,0
63,3,1612.33,543.49,64.27,17.20,1,1,0
63,4,1209.46,542.55,97.35,33.79,1,1,0
63,5,1759.71,532.30,81.96,24.66,1,1,0
63,32,915.27,553.47,115.08,29.21,1,1,0
63,22,940.34,590.20,5.52,4.47,1,4,0
63,19,801.84,550.70,92.66,41.11,1,1,0
63,35,1440.01,547.92,51.52,27.81,1,1,0
63,13,506.77,601.89,5.38,4.67,1,4,0
63,16,409.28,603.48,6.63,4.83,1,4,0
63,25,376.66,605.22,6.35,4.74,1,4,0
63,1,683.14,598.26,5.41,4.56,1,4,0
64,28,1557.71,550.37,46.80,21.64,1,1,0
64,31,1497.01,552.87,67.07,21.46,1,1,0
64,9,1095.37,552.20,134.93,38.15,1,1,0
64,3,1602.25,554.24,64.91,16.95,1,1,0
64,4,1202.08,551.17,97.00,34.36,1,1,0
64,5,1750.58,544.04,83.65,24.82,1,1,0
64,32,904.84,561.47,116.12,28.63,1,1,0
64,22,993.52,596.07,5.80,4.59,1,4,0
64,19,792.32,558.20,93.18,39.64,1,1,0
64,35,1432.71,556.22,52.31,29.37,1,1,0
64,13,566.75,604.88,5.89,4.68,1,4,0
64,39,712.30,602.55,5.81,4.52,1,4,0
64,1,673.52,603.53,5.48,4.45,1,4,0
64,15,1094.11,591.34,5.39,3.87,1,4,0
64,11,1048.62,593.40,5.48,4.07,1,4,0
64,34,1071.28,592.62,5.73,3.99,1,4,0
65,28,1546.00,579.22,45.49,22.72,1,1,0
65,31,1484.10,582.57,72.68,20.94,1,1,0
65,9,1083.96,577.39,134.61,38.96,1,1,0
65,3,1589.48,584.27,63.46,17.20,1,1,0
65,4,1199.95,580.89,86.92,31.02,1,1,0
65,5,1737.12,575.38,83.26,24.66,1,1,0
65,32,892.94,586.44,122.52,28.08,1,1,0
65,22,920.79,621.88,5.58,4.25,1,4,0
65,19,776.81,584.01,95.13,36.74,1,1,0
65,35,1420.65,585.43,54.19,29.22,1,1,0
65,15,1142.14,615.08,5.07,4.30,1,4,0
65,11,1060.26,617.35,5.47,4.09,1,4,0
65,34,1082.03,617.16,5.82,3.95,1,4,0
65,16,412.99,626.59,6.79,4.99,1,4,0
65,25,447.14,626.83,6.42,4.77,1,4,0
66,28,1530.64,605.19,44.31,22.50,1,1,0
66,31,1468.69,608.18,73.30,20.98,1,1,0
66,9,1070.80,598.26,134.67,38.61,1,1,0
66,3,1573.16,610.55,63.55,17.67,1,1,0
66,4,1192.82,603.55,80.45,30.61,1,1,0
66,5,1721.50,604.02,82.56,24.57,1,1,0
66,32,877.45,604.80,122.48,27.62,1,1,0
66,22,940.89,638.89,5.41,4.65,1,4,0
66,19,761.99,599.68,95.08,38.24,1,1,0
66,35,1407.39,610.26,53.48,28.98,1,1,0
66,11,997.64,638.09,5.82,4.40,1,4,0
66,16,326.27,638.99,6.20,4.36,1,4,0
66,25,497.11,639.31,5.39,4.51,1,4,0
66,18,460.71,638.92,6.79,4.67,1,4,0
66,13,567.87,639.29,5.25,4.65,1,4,0
66,39,722.51,639.64,5.67,4.67,1,4,0
66,1,602.85,639.93,5.40,4.55,1,4,0
67,28,1519.70,614.90,44.69,22.60,1,1,0
67,31,1457.91,616.88,70.12,21.09,1,1,0
67,9,1061.88,602.58,136.06,39.61,1,1,0
67,3,1562.41,620.80,62.97,17.33,1,1,0
67,4,1186.36,609.28,78.42,31.01,1,1,0
67,5,1711.52,615.87,80.49,23.73,1,1,0
67,32,866.11,606.70,125.44,28.63,1,1,0
67,22,961.01,641.44,6.13,4.45,1,4,0
67,19,752.79,600.19,93.76,38.81,1,1,0
67,35,1398.89,618.40,54.38,29.12,1,1,0
67,11,1082.45,641.41,5.31,3.96,1,4,0
67,16,381.62,635.23,6.31,4.83,1,4,0
67,25,556.32,638.05,5.34,4.58,1,4,0
67,42,785.06,641.37,6.29,4.81,1,4,0
67,44,747.32,641.42,6.16,4.66,1,4,0
67,18,484.94,637.62,5.48,4.78,1,4,0
67,13,591.88,639.45,5.43,4.42,1,4,0
67,39,712.46,640.98,5.65,4.75,1,4,0
67,1,673.05,640.35,5.49,4.69,1,4,0
67,15,1156.11,640.41,4.75,4.26,1,4,0
67,34,1121.15,640.67,4.98,4.18,1,4,0
68,28,1513.00,622.75,44.45,23.42,1,1,0
68,31,1454.38,624.04,70.59,21.59,1,1,0
68,9,1057.97,607.58,136.03,40.82,1,1,0
68,3,1553.91,629.00,65.72,18.23,1,1,0
68,4,1168.07,616.78,92.18,29.32,1,1,0
68,5,1704.40,625.29,81.18,24.51,1,1,0
68,32,861.21,610.66,125.75,28.99,1,1,0
68,22,895.23,645.69,5.61,4.22,1,4,0
68,19,745.46,603.34,95.78,38.86,1,1,0
68,35,1394.88,625.41,55.43,29.51,1,1,0
68,42,778.44,644.25,6.84,5.09,1,4,0
68,13,625.12,640.92,5.80,4.76,1,4,0
69,28,1508.28,623.84,43.12,23.36,1,1,0
69,31,1449.89,625.25,71.37,21.80,1,1,0
69,9,1052.98,608.62,137.32,40.56,1,1,0
69,3,1547.69,630.05,65.04,18.45,1,1,0
69,4,1175.53,618.89,79.58,28.11,1,1,0
69,5,1699.07,626.23,80.81,24.16,1,1,0
69,32,857.37,612.14,122.32,28.26,1,1,0
69,19,740.49,603.77,94.88,39.29,1,1,0
69,35,1391.47,627.26,54.86,29.14,1,1,0
69,42,773.99,645.02,6.71,5.05,1,4,0
69,13,578.53,641.26,5.20,4.47,1,4,0
69,16,469.16,638.82,5.97,4.68,1,4,0
69,25,541.21,640.55,5.60,4.63,1,4,0
69,18,507.67,640.00,5.95,4.43,1,4,0
69,34,1114.66,647.24,5.32,4.71,1,4,0
70,28,1505.59,616.80,42.46,22.72,1,1,0
70,31,1449.93,619.19,68.47,20.62,1,1,0
70,9,1053.55,603.76,136.58,40.36,1,1,0
70,3,1545.72,623.02,65.72,17.94,1,1,0
70,4,1178.39,614.47,76.62,27.15,1,1,0
70,5,1696.94,618.08,81.90,24.54,1,1,0
70,32,855.69,609.55,121.73,27.47,1,1,0
70,19,736.62,600.39,97.05,40.11,1,1,0
70,35,1392.22,621.55,54.73,28.30,1,1,0
70,13,617.13,640.50,5.63,4.64,1,4,0
70,18,504.74,638.44,6.03,4.52,1,4,0
70,34,1095.74,641.62,4.77,4.48,1,4,0
70,44,734.28,641.26,6.58,4.99,1,4,0
70,39,698.57,641.27,6.30,4.94,1,4,0
71,28,1507.47,611.66,41.26,22.60,1,1,0
71,31,1451.60,613.68,68.44,20.98,1,1,0
71,9,1056.14,600.84,136.97,40.24,1,1,0
71,3,1545.34,617.55,67.17,17.71,1,1,0
71,4,1169.52,608.83,86.31,29.55,1,1,0
71,5,1698.01,611.09,83.11,24.79,1,1,0
71,32,856.20,607.47,122.64,27.32,1,1,0
71,19,738.35,598.91,96.42,40.08,1,1,0
71,35,1395.35,616.38,55.44,29.09,1,1,0
71,18,504.87,638.72,5.79,4.57,1,4,0
71,34,1058.66,640.25,5.67,3.95,1,4,0
71,44,736.44,640.74,5.95,4.71,1,4,0
71,39,700.72,641.02,5.64,4.62,1,4,0
71,11,1035.97,640.66,5.11,3.84,1,4,0
71,15,1118.94,639.41,4.87,4.41,1,4,0
71,22,985.85,640.68,5.57,4.21,1,4,0
71,42,928.19,641.09,5.22,4.45,1,4,0
71,25,576.45,639.87,6.05,4.82,1,4,0
72,28,1514.47,605.09,40.48,22.04,1,1,0
72,31,1458.86,606.73,67.63,20.92,1,1,0
72,9,1062.07,595.23,138.61,40.97,1,1,0
72,3,1552.08,611.18,65.50,17.28,1,1,0
72,4,1186.92,603.44,76.06,29.61,1,1,0
72,5,1707.59,603.93,80.16,24.19,1,1,0
72,32,854.72,603.64,129.68,27.16,1,1,0
72,19,744.73,596.62,95.28,39.14,1,1,0
72,35,1402.38,610.78,56.65,28.99,1,1,0
72,44,781.46,638.94,6.14,4.43,1,4,0
72,39,817.62,639.22,5.94,4.10,1,4,0
72,42,866.17,638.57,5.37,4.29,1,4,0
72,13,664.11,638.42,5.49,4.21,1,4,0
73,28,1457.54,600.43,40.46,21.43,1,1,0
73,31,1404.46,602.73,66.05,20.51,1,1,0
73,9,1011.13,592.23,137.86,40.44,1,1,0
73,3,1494.26,606.22,66.32,17.38,1,1,0
73,4,1129.14,599.50,81.08,29.37,1,1,0
73,5,1648.04,598.55,80.18,24.39,1,1,0
73,32,802.10,600.13,127.05,27.83,1,1,0
73,19,692.29,594.43,95.07,38.70,1,1,0
73,35,1349.61,605.94,55.83,29.50,1,1,0
73,39,813.32,635.10,6.70,4.92,1,4,0
73,18,524.28,635.11,6.05,4.87,1,4,0
74,28,1406.97,599.49,39.29,20.95,1,1,0
74,31,1355.95,601.83,62.35,19.77,1,1,0
74,9,963.68,590.81,137.77,40.20,1,1,0
74,3,1441.94,605.14,64.86,17.30,1,1,0
74,4,1085.62,598.19,76.44,29.49,1,1,0
74,5,1594.72,597.42,79.19,24.21,1,1,0
74,32,751.76,598.65,128.47,27.80,1,1,0
74,19,637.93,591.17,98.85,40.25,1,1,0
74,35,1301.99,603.48,55.50,30.54,1,1,0
74,16,431.17,633.76,5.91,4.52,1,4,0
74,22,1046.40,629.38,5.55,4.37,1,4,0
74,44,764.92,634.10,6.99,5.21,1,4,0
74,42,946.58,614.41,13.85,8.00,1,2,0
74,13,716.18,634.61,6.48,4.98,1,4,0
75,28,1402.66,598.02,38.29,22.05,1,1,0
75,31,1353.88,601.17,64.01,20.79,1,1,0
75,9,961.60,589.50,137.10,40.21,1,1,0
75,3,1438.54,603.39,63.28,18.04,1,1,0
75,4,1079.86,596.16,78.96,30.60,1,1,0
75,5,1589.20,596.74,80.74,24.74,1,1,0
75,32,745.20,596.63,129.02,28.62,1,1,0
75,19,634.73,590.42,98.95,39.78,1,1,0
75,35,1300.43,603.42,55.37,29.78,1,1,0
75,44,762.76,633.42,6.54,4.60,1,4,0
75,42,987.80,629.47,5.24,3.72,1,4,0
75,39,863.01,632.34,6.57,4.71,1,4,0
76,28,1410.37,595.16,36.89,21.65,1,1,0
76,31,1363.83,598.78,62.73,20.49,1,1,0
76,9,970.50,586.48,137.45,40.18,1,1,0
76,3,1444.09,601.19,64.32,17.51,1,1,0
76,4,1091.97,594.01,75.41,29.88,1,1,0
76,5,1596.64,594.34,82.64,24.62,1,1,0
76,32,754.87,595.06,127.06,27.10,1,1,0
76,19,641.71,587.65,99.48,39.52,1,1,0
76,35,1310.55,600.46,55.67,30.11,1,1,0
76,44,807.17,629.09,6.82,5.14,1,4,0
76,42,997.18,626.88,5.56,4.04,1,4,0
76,39,902.80,628.59,6.38,4.51,1,4,0
76,24,122.81,628.46,5.91,4.22,1,4,0
76,34,974.66,627.62,5.99,3.93,1,4,0
76,11,952.87,627.78,5.62,4.13,1,4,0
76,16,353.27,629.26,6.45,5.24,1,4,0
76,22,1036.15,625.95,5.02,4.37,1,4,0
76,13,842.34,628.87,6.81,5.03,1,4,0
77,28,1404.06,587.56,37.18,21.94,1,1,0
77,31,1359.42,590.30,60.74,21.48,1,1,0
77,9,964.59,579.97,138.67,41.02,1,1,0
77,3,1438.03,593.76,64.71,17.29,1,1,0
77,4,1085.89,586.95,77.03,30.41,1,1,0
77,5,1591.96,586.31,80.73,24.03,1,1,0
77,32,745.33,589.37,131.20,27.51,1,1,0
77,19,633.66,583.40,101.34,39.23,1,1,0
77,35,1307.39,592.55,56.72,31.05,1,1,0
77,42,993.04,620.70,5.48,4.35,1,4,0
77,39,898.56,623.31,5.46,3.90,1,4,0
77,46,388.08,626.17,6.41,5.17,1,4,0
77,48,267.77,626.43,6.72,4.73,1,4,0
77,24,112.43,626.06,6.45,4.52,1,4,0
77,16,304.71,625.97,6.37,4.72,1,4,0
77,25,637.08,626.43,6.23,4.73,1,4,0
77,18,554.05,626.48,6.57,4.55,1,4,0
78,28,1393.36,579.84,34.67,21.69,1,1,0
78,31,1349.17,583.66,59.40,20.05,1,1,0
78,9,953.13,575.49,138.35,41.43,1,1,0
78,3,1426.33,585.92,61.97,16.86,1,1,0
78,4,1076.67,581.80,74.91,30.94,1,1,0
78,5,1577.95,576.92,81.74,24.46,1,1,0
78,32,732.30,586.34,130.76,28.80,1,1,0
78,19,620.15,580.95,102.31,40.79,1,1,0
78,35,1296.73,586.58,56.00,30.28,1,1,0
78,42,1023.27,616.03,4.97,4.18,1,4,0
78,46,373.51,627.49,5.67,4.54,1,4,0
78,48,252.23,627.62,6.59,5.09,1,4,0
78,24,134.69,628.81,6.52,4.48,1,4,0
78,16,288.35,627.83,6.63,5.12,1,4,0
78,49,410.27,627.36,5.92,4.66,1,4,0
78,50,173.11,628.90,6.60,4.54,1,4,0
78,25,624.83,625.39,6.96,5.07,1,4,0
78,18,541.59,626.93,6.34,4.11,1,4,0
78,1,496.12,626.52,6.08,4.47,1,4,0
78,15,1278.77,591.21,19.79,14.35,1,1,0
78,11,927.05,600.04,17.55,10.16,1,2,0
79,28,1383.07,566.21,34.60,21.16,1,1,0
79,31,1340.86,569.68,59.97,20.97,1,1,0
79,9,946.62,564.47,140.43,41.16,1,1,0
79,3,1413.26,571.77,67.09,16.82,1,1,0
79,4,1070.07,569.70,74.35,31.13,1,1,0
79,5,1570.67,561.71,79.81,24.21,1,1,0
79,32,723.07,576.54,128.93,28.42,1,1,0
79,19,610.63,571.51,103.69,41.94,1,1,0
79,35,1291.82,572.28,57.45,31.21,1,1,0
79,42,1034.47,603.79,5.27,4.37,1,4,0
79,16,318.05,621.87,6.58,5.25,1,4,0
79,49,440.46,620.57,5.98,4.71,1,4,0
79,50,200.41,623.26,6.65,5.26,1,4,0
79,25,617.15,616.97,6.85,4.85,1,4,0
79,18,577.18,617.40,7.33,5.63,1,4,0
79,1,486.63,620.18,6.50,4.67,1,4,0
79,44,698.85,615.99,7.11,5.06,1,4,0
79,34,998.79,605.23,5.28,4.06,1,4,0
79,13,749.50,614.15,7.28,5.08,1,4,0
80,28,1378.06,559.69,32.97,21.46,1,1,0
80,31,1338.51,563.37,56.21,21.55,1,1,0
80,9,945.00,558.48,139.63,41.38,1,1,0
80,3,1407.33,565.27,67.48,17.23,1,1,0
80,4,1069.07,564.30,72.09,30.56,1,1,0
80,5,1565.04,554.92,80.61,24.23,1,1,0
80,32,718.31,571.07,128.31,28.60,1,1,0
80,19,604.80,566.17,105.08,41.35,1,1,0
80,35,1290.02,565.86,58.86,32.00,1,1,0
80,49,434.93,615.18,5.92,4.58,1,4,0
80,1,481.03,614.39,6.54,4.97,1,4,0
80,34,1015.91,598.48,5.49,4.42,1,4,0
80,48,268.70,617.35,6.62,5.06,1,4,0
80,24,150.77,620.32,6.33,4.82,1,4,0
80,11,880.74,604.40,5.96,4.54,1,4,0
81,28,1369.69,558.72,33.91,20.56,1,1,0
81,31,1334.64,562.90,47.86,19.63,1,1,0
81,9,940.00,557.74,139.37,40.98,1,1,0
81,3,1400.52,565.37,67.21,17.22,1,1,0
81,4,1067.92,564.04,68.36,29.76,1,1,0
81,5,1557.95,555.07,80.03,24.53,1,1,0
81,32,711.36,569.73,131.91,28.01,1,1,0
81,19,599.95,564.76,101.99,40.67,1,1,0
81,35,1288.14,564.33,56.56,33.16,1,1,0
81,34,924.81,580.19,14.92,11.04,1,2,0
81,48,257.26,615.02,6.54,4.59,1,4,0
81,24,99.24,617.16,6.47,4.38,1,4,0
81,11,845.49,603.87,6.40,4.85,1,4,0
81,39,876.05,602.47,6.79,4.52,1,4,0
81,46,300.76,614.31,7.02,4.89,1,4,0
81,16,219.70,615.22,6.59,4.69,1,4,0
81,50,179.78,616.39,7.29,4.83,1,4,0
81,13,815.73,604.50,6.71,5.12,1,4,0
82,28,1359.79,564.04,32.45,19.95,1,1,0
82,31,1325.71,567.96,51.53,20.35,1,1,0
82,9,931.44,560.05,138.99,41.45,1,1,0
82,3,1386.62,571.11,67.81,16.83,1,1,0
82,4,1063.71,567.35,62.00,30.08,1,1,0
82,5,1545.82,560.79,80.42,24.59,1,1,0
82,32,699.65,571.21,130.55,28.50,1,1,0
82,19,586.98,565.91,103.47,41.02,1,1,0
82,35,1280.04,568.98,56.87,33.04,1,1,0
82,34,915.30,583.38,17.50,11.87,1,2,0
82,48,242.39,615.17,6.35,4.52,1,4,0
82,24,39.56,617.15,6.83,4.31,1,4,0
82,11,867.05,604.98,6.13,4.24,1,4,0
82,39,941.23,603.44,5.57,3.73,1,4,0
82,16,204.01,615.04,6.47,4.84,1,4,0
82,50,121.79,616.43,5.95,4.62,1,4,0
82,42,962.55,602.76,5.39,3.80,1,4,0
83,28,1342.26,566.09,32.27,21.23,1,1,0
83,31,1311.45,570.96,42.57,19.14,1,1,0
83,9,915.65,562.96,140.73,41.96,1,1,0
83,3,1368.66,574.57,68.40,16.56,1,1,0
83,4,1050.91,569.98,59.67,30.76,1,1,0
83,5,1528.84,563.86,79.27,24.57,1,1,0
83,32,681.71,575.27,130.12,28.19,1,1,0
83,19,569.93,568.73,102.85,42.33,1,1,0
83,35,1266.95,571.92,58.62,33.64,1,1,0
83,34,897.88,586.24,18.99,11.90,1,2,0
83,24,56.95,620.47,6.86,5.49,1,4,0
83,42,988.90,604.24,5.24,4.09,1,4,0
83,25,623.48,614.25,7.66,5.08,1,4,0
83,18,578.63,615.13,7.08,5.07,1,4,0
83,44,664.38,613.77,7.54,5.34,1,4,0
84,28,1320.93,569.35,26.67,21.64,1,1,0
84,31,1296.05,573.65,35.98,19.11,1,1,0
84,9,893.86,566.28,140.67,41.76,1,1,0
84,3,1345.88,576.75,64.64,16.75,1,1,0
84,4,1025.11,574.19,63.53,28.91,1,1,0
84,5,1503.65,567.37,79.67,24.28,1,1,0
84,32,655.95,577.05,133.45,28.52,1,1,0
84,19,546.07,571.88,101.61,42.10,1,1,0
84,35,1247.89,574.01,58.04,34.79,1,1,0
84,34,873.92,588.42,18.74,12.29,1,2,0
84,25,641.01,616.63,7.34,5.22,1,4,0
84,18,599.66,617.01,7.43,4.98,1,4,0
84,44,695.27,615.69,7.40,5.70,1,4,0
84,49,553.54,616.71,8.02,5.43,1,4,0
84,46,320.91,620.71,6.67,4.51,1,4,0
84,11,734.35,614.87,6.31,5.15,1,4,0
84,50,107.45,621.00,7.19,5.50,1,4,0
85,28,1299.20,572.78,23.18,21.24,1,1,0
85,31,1279.52,575.72,29.49,18.34,1,1,0
85,9,872.43,565.95,139.96,42.41,1,1,0
85,3,1322.10,578.46,64.12,16.83,1,1,0
85,4,1006.00,574.64,59.48,29.12,1,1,0
85,5,1479.26,569.85,79.59,23.55,1,1,0
85,32,632.39,577.20,131.76,28.64,1,1,0
85,19,520.79,571.64,101.89,41.99,1,1,0
85,35,1228.98,574.11,58.56,36.44,1,1,0
85,34,849.22,588.75,20.76,12.25,1,2,0
85,25,617.54,616.37,8.36,5.43,1,4,0
85,18,576.34,616.88,7.69,5.26,1,4,0
85,44,672.77,615.46,7.29,5.77,1,4,0
85,49,529.71,616.71,7.82,5.45,1,4,0
85,11,712.59,614.09,6.68,5.32,1,4,0
85,24,30.87,619.27,6.81,6.16,1,4,0
86,28,1263.05,578.67,20.39,17.21,1,1,0
86,31,1270.70,574.55,28.54,21.24,1,1,0
86,9,848.98,568.28,141.23,41.18,1,1,0
86,3,1296.19,580.14,65.81,16.87,1,1,0
86,4,984.63,576.02,57.76,29.11,1,1,0
86,5,1454.86,571.90,78.67,23.80,1,1,0
86,32,605.81,577.31,132.01,29.68,1,1,0
86,19,492.84,571.97,105.09,42.46,1,1,0
86,35,1208.71,575.00,58.74,37.01,1,1,0
86,34,825.23,589.53,20.81,12.63,1,2,0
86,25,649.57,616.51,7.11,5.84,1,4,0
86,18,593.38,617.05,8.01,5.48,1,4,0
86,44,725.60,614.36,7.28,5.19,1,4,0
86,49,551.28,617.51,7.61,5.27,1,4,0
86,11,689.18,615.60,6.75,5.33,1,4,0
86,1,503.42,617.60,8.65,5.97,1,4,0
86,13,758.22,614.04,6.56,4.66,1,4,0
86,48,221.06,619.89,7.49,5.01,1,4,0
86,16,125.20,620.29,7.55,5.48,1,4,0
87,28,1245.82,577.93,23.33,20.36,1,1,0
87,9,828.43,570.53,142.11,40.86,1,1,0
87,3,1275.60,583.01,63.46,16.42,1,1,0
87,4,965.02,577.03,56.80,29.99,1,1,0
87,5,1432.43,574.37,78.06,23.68,1,1,0
87,32,582.40,578.92,132.17,29.62,1,1,0
87,19,469.30,572.47,105.43,43.31,1,1,0
87,35,1191.29,576.74,59.18,37.91,1,1,0
87,34,802.15,591.90,21.54,12.12,1,2,0
87,44,797.26,614.31,5.85,4.38,1,4,0
87,1,437.12,620.46,7.36,5.08,1,4,0
87,13,768.97,614.77,6.29,4.48,1,4,0
87,50,54.03,621.16,7.00,5.30,1,4,0
88,28,1227.98,581.95,20.71,20.45,1,1,0
88,9,805.43,572.71,143.41,42.15,1,1,0
88,3,1251.76,586.09,59.17,16.97,1,1,0
88,4,942.62,580.38,56.55,30.42,1,1,0
88,5,1407.03,577.83,80.48,24.21,1,1,0
88,32,556.10,583.43,131.96,28.79,1,1,0
88,19,444.86,575.14,103.93,43.96,1,1,0
88,35,1169.66,581.13,61.81,37.44,1,1,0
88,34,776.42,595.77,22.54,11.81,1,2,0
88,44,865.52,615.59,5.29,4.02,1,4,0
88,13,844.35,615.72,5.76,4.15,1,4,0
88,50,62.02,625.15,7.29,5.28,1,4,0
88,39,901.38,614.26,5.53,4.43,1,4,0
88,25,682.73,619.94,6.86,5.27,1,4,0
88,16,111.07,625.17,6.72,5.22,1,4,0
89,28,1211.58,585.95,16.64,18.71,1,1,0
89,9,785.67,574.43,143.19,42.45,1,1,0
89,3,1230.57,588.63,58.38,16.68,1,1,0
89,4,922.08,582.44,58.00,30.69,1,1,0
89,5,1387.36,580.10,77.05,23.93,1,1,0
89,32,531.60,584.67,134.45,28.92,1,1,0
89,19,421.52,576.42,104.49,44.31,1,1,0
89,35,1154.95,582.04,61.00,38.98,1,1,0
89,34,754.89,596.79,23.20,12.35,1,2,0
89,44,865.84,616.62,5.31,4.23,1,4,0
89,25,726.67,620.44,7.59,4.86,1,4,0
89,16,132.97,625.43,7.49,5.35,1,4,0
89,46,385.70,624.95,7.55,5.45,1,4,0
89,18,481.36,624.54,8.60,6.11,1,4,0
89,49,583.97,623.37,7.29,5.82,1,4,0
89,1,432.04,625.31,7.13,5.31,1,4,0
90,9,763.68,575.31,143.37,42.62,1,1,0
90,3,1204.43,589.83,59.29,17.80,1,1,0
90,4,902.47,583.00,54.79,31.24,1,1,0
90,5,1362.06,582.10,78.69,23.71,1,1,0
90,32,503.84,585.71,138.05,28.81,1,1,0
90,19,394.47,577.32,106.03,44.63,1,1,0
90,35,1136.01,584.23,62.21,39.05,1,1,0
90,34,730.62,597.78,23.60,12.67,1,2,0
90,44,877.48,615.90,5.73,4.75,1,4,0
90,25,704.82,621.72,6.77,5.09,1,4,0
90,16,101.49,626.43,7.58,5.55,1,4,0
90,46,359.02,626.42,7.46,5.10,1,4,0
90,18,455.76,625.54,8.47,5.68,1,4,0
90,1,304.91,626.65,7.38,4.83,1,4,0
90,24,0.16,625.81,6.56,5.65,1,4,0
90,48,195.27,625.85,8.29,5.86,1,4,0
90,13,844.04,617.42,5.49,4.40,1,4,0
90,50,48.97,626.32,7.73,5.60,1,4,0
90,39,891.98,615.18,5.43,4.71,1,4,0
91,9,745.44,577.32,145.07,43.07,1,1,0
91,3,1186.39,593.74,56.22,16.55,1,1,0
91,4,884.33,585.77,54.85,31.06,1,1,0
91,5,1343.41,585.88,77.61,23.32,1,1,0
91,32,482.09,588.79,138.47,27.31,1,1,0
91,19,372.86,578.58,106.03,44.99,1,1,0
91,35,1123.97,586.59,61.25,39.68,1,1,0
91,34,711.36,599.36,24.39,13.18,1,2,0
91,25,751.81,622.04,6.91,4.88,1,4,0
91,16,119.19,627.52,7.56,5.23,1,4,0
91,46,336.12,627.80,8.31,5.58,1,4,0
91,18,434.58,627.29,7.75,6.17,1,4,0
91,1,281.01,628.02,7.33,5.08,1,4,0
91,54,382.70,627.68,8.45,5.83,1,4,0
91,48,169.68,627.09,7.33,5.54,1,4,0
91,13,826.07,619.40,6.22,5.26,1,4,0
91,50,73.72,627.27,7.73,5.99,1,4,0
91,42,1101.37,594.46,23.34,16.84,1,1,0
91,11,480.69,627.01,9.20,6.69,1,4,0
91,49,540.31,626.24,7.76,6.68,1,4,0
92,9,712.02,581.01,146.06,42.84,1,1,0
92,3,1157.25,598.13,57.80,15.87,1,1,0
92,4,852.11,588.91,54.39,31.78,1,1,0
92,5,1308.16,590.49,78.88,23.47,1,1,0
92,32,443.93,591.77,141.67,27.71,1,1,0
92,19,334.63,581.58,107.76,44.58,1,1,0
92,35,1095.29,590.55,63.53,40.08,1,1,0
92,34,674.97,603.00,23.94,13.39,1,2,0
92,25,683.71,626.63,6.92,4.71,1,4,0
92,54,397.91,629.51,8.07,6.66,1,4,0
92,13,708.64,625.53,6.83,5.20,1,4,0
92,50,27.35,629.37,8.86,6.27,1,4,0
92,42,1068.81,596.61,29.40,18.09,1,1,0
92,49,588.15,628.65,7.69,5.24,1,4,0
92,39,732.87,625.40,5.99,4.92,1,4,0
93,9,644.24,580.92,148.20,44.80,1,1,0
93,3,1090.44,598.74,46.55,16.90,1,1,0
93,4,786.35,590.84,54.52,31.55,1,1,0
93,5,1241.29,591.95,76.67,22.85,1,1,0
93,32,373.53,592.88,139.13,28.64,1,1,0
93,19,259.00,582.46,108.92,46.48,1,1,0
93,35,1032.64,592.55,63.18,39.78,1,1,0
93,34,605.13,603.79,27.88,14.09,1,2,0
93,25,689.00,626.32,6.52,5.27,1,4,0
93,54,478.26,630.34,8.18,7.06,1,4,0
93,13,665.44,626.94,6.79,5.53,1,4,0
93,50,44.11,633.34,6.91,5.50,1,4,0
93,42,1002.09,598.23,30.86,18.00,1,1,0
93,49,616.61,628.22,7.53,5.78,1,4,0
93,39,710.19,625.65,5.74,5.13,1,4,0
93,18,553.51,629.42,7.74,6.20,1,4,0
93,11,586.74,628.13,8.79,6.47,1,4,0
94,9,617.83,583.69,149.15,44.00,1,1,0
94,3,1070.29,598.01,48.56,17.58,1,1,0
94,4,762.82,591.72,49.69,31.76,1,1,0
94,5,1214.82,592.24,77.53,23.45,1,1,0
94,32,338.65,595.70,144.92,27.70,1,1,0
94,19,222.60,585.73,113.13,45.62,1,1,0
94,35,1010.42,593.10,68.19,40.52,1,1,0
94,34,575.17,606.39,24.61,13.07,1,2,0
94,54,526.34,632.90,6.44,4.81,1,4,0
94,13,662.76,628.54,6.10,4.24,1,4,0
94,42,974.84,599.35,37.61,17.49,1,1,0
94,49,640.16,629.45,5.74,4.33,1,4,0
94,39,721.23,626.43,5.59,4.60,1,4,0
94,11,614.98,629.41,6.82,4.80,1,4,0
94,16,123.93,636.97,8.15,5.57,1,4,0
94,48,184.00,637.05,8.05,5.44,1,4,0
95,9,609.46,583.19,149.67,43.27,1,1,0
95,3,1066.22,596.54,42.97,17.41,1,1,0
95,4,755.93,590.61,49.41,32.02,1,1,0
95,5,1206.56,589.89,75.82,23.23,1,1,0
95,32,328.94,594.93,143.85,27.92,1,1,0
95,19,211.04,585.35,114.34,45.67,1,1,0
95,35,1008.69,592.45,68.76,39.62,1,1,0
95,34,566.36,605.43,25.10,13.67,1,2,0
95,13,676.65,626.87,5.05,4.74,1,4,0
95,42,966.51,596.82,44.12,18.15,1,1,0
95,16,111.12,637.08,8.45,5.51,1,4,0
95,48,172.02,636.58,8.34,5.84,1,4,0
95,46,331.52,634.84,8.14,6.35,1,4,0
95,1,280.53,634.67,8.76,6.69,1,4,0
95,25,697.08,625.92,5.86,4.69,1,4,0
95,50,50.60,637.08,7.99,5.44,1,4,0
96,9,573.50,582.83,151.07,44.27,1,1,0
96,3,1040.22,595.67,30.31,17.55,1,1,0
96,4,721.98,591.29,47.46,31.01,1,1,0
96,5,1171.98,588.28,73.34,23.33,1,1,0
96,32,284.52,595.95,147.81,28.94,1,1,0
96,19,167.57,586.22,115.79,47.14,1,1,0
96,35,977.21,591.44,70.83,40.15,1,1,0
96,34,526.87,607.08,24.50,13.30,1,2,0
96,13,662.39,626.51,6.18,4.86,1,4,0
96,42,931.07,595.62,47.18,18.69,1,1,0
96,48,180.62,639.38,8.62,5.65,1,4,0
96,46,290.94,638.04,8.75,6.43,1,4,0
96,1,238.89,637.46,9.28,6.92,1,4,0
96,50,64.89,640.10,8.87,5.58,1,4,0
96,24,2.63,640.96,8.39,5.23,1,4,0
96,49,641.55,627.65,5.40,4.59,1,4,0
97,9,535.05,583.58,153.28,44.19,1,1,0
97,3,1008.17,593.40,21.51,15.94,1,1,0
97,4,685.41,590.60,48.17,31.02,1,1,0
97,5,1133.48,585.12,75.47,23.04,1,1,0
97,32,240.54,597.60,153.08,28.81,1,1,0
97,19,120.80,587.95,118.52,47.80,1,1,0
97,35,947.68,590.54,71.92,39.45,1,1,0
97,34,486.46,607.26,26.31,13.35,1,2,0
97,42,894.67,593.20,54.80,19.64,1,1,0
97,48,194.55,640.26,9.62,7.10,1,4,0
97,46,316.53,639.19,8.09,6.12,1,4,0
97,1,249.21,639.88,9.29,6.78,1,4,0
97,18,362.88,636.57,8.11,6.20,1,4,0
97,54,626.60,626.81,6.03,4.65,1,4,0
97,11,477.58,631.83,7.44,6.20,1,4,0
97,16,79.33,642.50,9.82,6.28,1,4,0
98,9,517.73,582.91,154.36,44.08,1,1,0
98,4,669.05,589.26,47.82,31.97,1,1,0
98,5,1117.11,583.45,76.07,23.02,1,1,0
98,32,219.93,597.60,152.81,29.17,1,1,0
98,19,97.31,587.76,121.38,48.77,1,1,0
98,35,935.29,588.90,74.32,40.15,1,1,0
98,34,466.80,607.32,26.47,13.38,1,2,0
98,42,876.36,591.91,58.58,20.40,1,1,0
98,48,173.20,641.08,9.94,7.38,1,4,0
98,46,297.39,639.19,8.98,6.31,1,4,0
98,1,227.48,640.04,9.80,7.60,1,4,0
98,54,589.70,627.24,5.73,4.84,1,4,0
98,11,425.62,634.40,7.24,5.69,1,4,0
98,39,568.68,628.80,5.70,4.35,1,4,0
98,13,544.89,629.43,6.22,4.79,1,4,0
98,50,56.44,644.41,8.97,5.92,1,4,0
98,49,628.62,626.02,4.97,4.37,1,4,0
99,9,498.85,581.77,155.76,45.02,1,1,0
99,4,652.34,589.31,47.31,30.93,1,1,0
99,5,1098.60,581.97,76.10,23.11,1,1,0
99,32,196.58,597.95,155.80,28.70,1,1,0
99,19,74.31,587.49,121.15,49.06,1,1,0
99,35,924.68,587.02,77.69,42.01,1,1,0
99,34,446.11,606.45,26.37,13.54,1,2,0
99,42,858.83,590.80,64.24,20.96,1,1,0
99,48,149.83,641.92,10.09,7.20,1,4,0
99,46,276.22,639.07,9.23,6.55,1,4,0
99,1,206.24,640.54,8.81,6.63,1,4,0
99,54,593.24,626.47,5.77,4.30,1,4,0
99,13,474.46,630.69,7.60,6.04,1,4,0
99,50,30.18,643.83,9.11,6.70,1,4,0
99,18,324.01,636.82,8.90,6.78,1,4,0
100,9,484.16,582.03,155.40,45.09,1,1,0
100,4,635.77,588.38,47.56,32.20,1,1,0
100,5,1083.75,582.71,77.83,23.45,1,1,0
100,32,174.30,596.69,158.48,29.67,1,1,0
100,19,53.17,586.69,121.26,49.89,1,1,0
100,35,917.89,585.74,75.97,43.92,1,1,0
100,34,427.14,605.20,27.62,14.83,1,2,0
100,42,843.29,590.30,69.58,21.31,1,1,0
100,48,128.85,642.23,9.44,6.85,1,4,0
100,46,257.41,638.86,9.78,6.84,1,4,0
100,1,185.62,641.05,9.72,6.67,1,4,0
100,54,578.96,626.35,5.73,4.49,1,4,0
100,13,426.60,631.05,7.48,6.80,1,4,0
100,24,6.61,644.46,9.27,5.83,1,4,0
100,39,557.45,627.45,5.32,4.60,1,4,0
101,9,472.85,580.57,155.98,45.55,1,1,0
101,4,625.06,588.04,47.12,32.26,1,1,0
101,5,1072.81,582.82,78.38,23.62,1,1,0
101,32,160.47,594.95,157.39,30.72,1,1,0
101,19,37.01,584.93,124.00,50.07,1,1,0
101,35,913.77,585.81,76.08,44.09,1,1,0
101,34,414.92,604.10,28.51,15.12,1,2,0
101,42,831.67,589.41,76.70,22.25,1,1,0
101,46,244.96,638.24,8.97,6.51,1,4,0
101,1,172.90,640.20,8.77,6.35,1,4,0
101,54,569.02,625.71,5.83,4.74,1,4,0
101,13,378.23,633.20,7.84,6.21,1,4,0
102,9,455.27,580.34,156.11,45.27,1,1,0
102,4,608.54,587.64,47.07,32.19,1,1,0
102,5,1056.53,582.50,76.45,23.38,1,1,0
102,32,137.73,593.98,161.29,30.65,1,1,0
102,19,13.99,584.02,125.47,49.91,1,1,0
102,35,903.84,586.07,78.11,43.91,1,1,0
102,34,395.43,603.80,28.52,15.12,1,2,0
102,42,815.04,588.89,79.45,22.45,1,1,0
102,46,225.15,638.17,9.43,6.86,1,4,0
102,54,509.10,627.20,6.21,4.74,1,4,0
102,13,458.56,628.69,7.61,5.46,1,4,0
102,3,876.38,587.16,29.42,20.55,1,1,0
102,16,25.76,640.09,10.86,7.04,1,4,0
102,11,431.56,629.56,7.42,5.69,1,4,0
102,49,531.44,626.37,5.39,4.57,1,4,0
102,18,275.41,635.86,8.89,6.69,1,4,0
102,48,92.64,639.46,10.04,6.82,1,4,0
102,39,485.43,628.45,6.46,4.78,1,4,0
103,9,439.99,579.26,158.00,45.64,1,1,0
103,4,595.31,587.11,45.13,31.72,1,1,0
103,5,1042.60,582.11,77.97,23.95,1,1,0
103,32,119.98,593.17,160.95,30.64,1,1,0
103,19,0.63,581.08,120.17,52.11,1,1,0
103,35,896.49,585.68,80.87,44.75,1,1,0
103,34,379.50,603.07,26.67,14.90,1,2,0
103,42,801.27,588.75,76.75,22.22,1,1,0
103,46,208.70,636.62,9.52,6.88,1,4,0
103,54,495.66,626.62,6.49,4.82,1,4,0
103,13,444.08,627.79,8.09,5.63,1,4,0
103,3,879.26,590.65,20.29,16.31,1,1,0
103,11,382.52,629.56,9.09,6.38,1,4,0
103,49,517.74,626.08,5.67,4.48,1,4,0
103,48,73.80,639.21,10.02,6.71,1,4,0
103,39,471.19,627.17,6.76,5.16,1,4,0
103,1,133.31,638.56,9.70,6.97,1,4,0
104,9,422.39,578.15,161.77,47.20,1,1,0
104,4,580.43,585.97,44.08,32.94,1,1,0
104,5,1027.24,582.48,77.24,25.12,1,1,0
104,32,96.68,592.21,163.86,30.90,1,1,0
104,19,0.63,582.70,96.36,49.51,1,1,0
104,35,889.66,584.53,84.62,47.32,1,1,0
104,34,359.84,603.38,27.71,14.56,1,2,0
104,42,783.81,587.33,87.67,24.80,1,1,0
104,54,479.85,626.35,6.60,4.55,1,4,0
104,13,400.37,629.18,7.20,5.59,1,4,0
104,3,869.46,590.71,25.30,17.02,1,1,0
104,11,328.27,632.62,8.63,5.70,1,4,0
104,49,559.18,621.86,5.77,5.27,1,4,0
104,48,49.68,638.17,10.70,7.53,1,4,0
104,1,110.82,638.41,9.87,6.78,1,4,0
104,18,238.82,634.76,9.94,7.06,1,4,0
105,9,412.38,579.52,163.29,46.43,1,1,0
105,4,571.78,587.28,43.23,32.75,1,1,0
105,5,1017.87,583.93,78.65,25.24,1,1,0
105,32,82.67,591.58,165.25,31.66,1,1,0
105,19,0.45,579.00,81.96,53.46,1,1,0
105,35,887.44,585.51,87.27,47.52,1,1,0
105,34,347.37,603.64,28.50,14.79,1,2,0
105,42,776.10,588.67,85.50,24.41,1,1,0
105,54,470.51,627.02,6.96,5.14,1,4,0
105,13,418.95,628.79,7.89,5.44,1,4,0
105,3,859.77,591.23,32.61,18.36,1,1,0
105,49,492.95,626.35,6.10,4.99,1,4,0
105,48,34.98,638.24,10.76,7.55,1,4,0
105,1,96.71,638.89,10.15,6.90,1,4,0
105,18,227.66,635.14,9.77,7.41,1,4,0
105,39,445.89,628.17,6.81,5.19,1,4,0
106,9,406.12,579.07,163.42,47.03,1,1,0
106,4,566.12,587.32,42.40,32.65,1,1,0
106,5,1010.82,583.49,78.34,25.72,1,1,0
106,32,73.09,591.50,165.86,31.02,1,1,0
106,19,0.40,578.25,72.44,53.68,1,1,0
106,35,887.44,584.80,90.88,49.25,1,1,0
106,34,338.87,602.98,28.87,15.25,1,2,0
106,42,767.57,588.39,88.91,25.13,1,1,0
106,54,559.88,622.33,6.10,5.05,1,4,0
106,13,383.77,629.49,7.36,5.78,1,4,0
106,3,854.57,590.60,37.78,18.88,1,1,0
106,49,509.19,625.83,6.02,4.85,1,4,0
106,48,24.61,638.26,10.09,7.14,1,4,0
106,1,87.24,639.01,9.87,6.66,1,4,0
106,18,219.78,635.52,9.54,7.14,1,4,0
106,39,412.76,628.85,7.30,5.39,1,4,0
106,46,166.45,636.86,9.77,7.45,1,4,0
107,9,401.23,578.30,163.81,47.45,1,1,0
107,4,561.26,589.14,42.91,30.55,1,1,0
107,5,1006.56,583.83,77.19,25.99,1,1,0
107,32,60.38,591.55,172.76,30.98,1,1,0
107,19,0.44,578.55,63.48,53.16,1,1,0
107,35,891.95,583.21,92.47,52.64,1,1,0
107,34,331.49,603.17,28.60,14.88,1,2,0
107,42,762.26,589.18,82.88,24.45,1,1,0
107,54,482.96,626.61,6.08,4.98,1,4,0
107,13,407.81,628.46,7.90,5.89,1,4,0
107,3,846.22,592.83,45.67,17.76,1,1,0
107,49,505.28,625.70,5.83,4.79,1,4,0
107,48,15.04,638.40,10.16,7.78,1,4,0
107,1,77.57,639.32,11.06,7.20,1,4,0
107,18,212.92,635.29,10.06,7.33,1,4,0
107,39,434.41,628.20,7.30,5.39,1,4,0
107,46,159.03,637.86,9.62,7.15,1,4,0
107,11,378.01,630.35,8.14,6.38,1,4,0
108,9,399.15,579.11,164.15,47.77,1,1,0
108,4,560.05,588.32,42.15,31.99,1,1,0
108,5,1004.46,584.24,76.67,26.04,1,1,0
108,32,56.90,593.61,171.22,30.62,1,1,0
108,19,0.40,580.55,57.74,53.11,1,1,0
108,35,897.39,582.56,94.61,54.07,1,1,0
108,34,328.01,604.33,28.56,15.12,1,2,0
108,42,759.62,589.72,84.16,24.21,1,1,0
108,54,458.35,628.47,6.85,5.19,1,4,0
108,3,843.55,592.97,51.39,18.45,1,1,0
108,49,481.41,627.75,6.12,5.17,1,4,0
108,48,8.79,639.79,10.18,7.91,1,4,0
108,1,72.90,640.76,11.12,8.12,1,4,0
108,18,209.21,636.88,10.18,7.82,1,4,0
108,39,432.89,629.31,7.31,5.26,1,4,0
108,46,154.84,639.48,10.19,7.31,1,4,0
108,11,376.86,631.13,7.86,6.19,1,4,0
108,25,664.14,616.38,4.92,3.64,1,4,0
109,9,394.29,579.09,163.96,47.52,1,1,0
109,4,555.49,587.40,42.01,32.30,1,1,0
109,5,1005.16,580.99,71.84,25.92,1,1,0
109,32,47.19,594.20,172.33,31.08,1,1,0
109,19,0.62,582.00,48.99,53.57,1,1,0
109,35,903.74,577.95,100.38,57.27,1,1,0
109,34,320.15,604.40,28.73,15.15,1,2,0
109,42,753.69,587.65,84.22,24.33,1,1,0
109,54,536.42,623.52,6.29,5.20,1,4,0
109,3,839.04,590.67,58.69,18.42,1,1,0
109,49,518.78,625.39,6.12,4.96,1,4,0
109,18,202.68,638.34,9.45,7.41,1,4,0
109,46,146.84,640.79,10.22,7.35,1,4,0
109,11,254.33,636.13,9.41,6.98,1,4,0
110,9,389.69,577.77,165.83,47.98,1,1,0
110,4,551.35,586.57,40.98,31.15,1,1,0
110,5,1010.68,577.26,61.62,26.08,1,1,0
110,32,37.91,594.21,172.42,30.85,1,1,0
110,19,0.35,580.66,39.52,54.38,1,1,0
110,35,906.64,573.00,107.17,60.84,1,1,0
110,34,313.78,602.28,29.81,15.94,1,2,0
110,42,746.68,584.89,84.92,24.41,1,1,0
110,54,449.49,626.47,7.49,5.40,1,4,0
110,3,833.69,587.52,58.60,19.21,1,1,0
110,49,473.26,625.69,6.31,5.28,1,4,0
110,18,195.76,637.79,10.12,7.18,1,4,0
110,46,139.41,640.73,11.02,7.69,1,4,0
110,11,329.96,630.40,9.85,7.72,1,4,0
110,13,396.39,628.89,8.67,6.11,1,4,0
110,1,54.83,641.80,11.07,8.50,1,4,0
110,39,424.16,627.90,7.22,5.62,1,4,0
110,25,514.80,623.28,6.14,4.84,1,4,0
111,9,384.41,576.95,166.23,47.65,1,1,0
111,4,547.18,585.67,39.69,31.00,1,1,0
111,5,1010.84,576.16,55.08,25.66,1,1,0
111,32,30.01,591.77,173.07,32.92,1,1,0
111,19,0.35,581.09,30.25,53.15,1,1,0
111,35,910.21,572.55,108.87,60.55,1,1,0
111,34,306.08,601.78,30.12,15.79,1,2,0
111,42,740.95,583.72,87.76,24.02,1,1,0
111,54,445.23,625.64,7.29,5.18,1,4,0
111,3,828.95,586.69,57.50,18.71,1,1,0
111,18,188.67,636.99,10.35,8.01,1,4,0
111,46,131.48,640.15,10.47,7.67,1,4,0
111,11,285.06,632.96,8.93,6.89,1,4,0
111,13,361.45,629.07,8.61,6.23,1,4,0
111,1,46.95,641.42,11.06,8.20,1,4,0
111,39,419.49,626.76,7.22,5.63,1,4,0
111,25,510.39,622.36,6.28,5.10,1,4,0
112,9,377.66,576.51,167.65,48.32,1,1,0
112,4,541.69,585.90,39.22,30.34,1,1,0
112,5,1011.52,576.39,41.07,24.71,1,1,0
112,32,22.26,591.24,172.44,33.22,1,1,0
112,19,0.24,584.29,21.82,50.14,1,1,0
112,35,912.70,570.18,112.76,62.70,1,1,0
112,34,299.08,601.82,30.21,15.63,1,2,0
112,42,735.74,582.95,87.21,24.60,1,1,0
112,3,823.91,585.36,55.33,19.46,1,1,0
112,18,181.31,637.18,10.33,7.70,1,4,0
112,46,123.87,640.47,10.73,7.45,1,4,0
112,11,235.04,634.66,9.27,7.62,1,4,0
112,1,36.95,641.41,11.49,8.33,1,4,0
112,39,386.41,628.19,7.60,5.93,1,4,0
112,25,538.28,621.05,5.22,4.65,1,4,0
112,49,486.90,623.25,6.15,5.31,1,4,0
113,9,366.97,574.16,168.48,49.35,1,1,0
113,4,531.45,585.21,40.18,30.49,1,1,0
113,32,4.76,589.98,178.15,33.86,1,1,0
113,35,911.15,564.87,119.18,67.49,1,1,0
113,34,286.22,600.41,30.53,15.91,1,2,0
113,42,727.75,580.91,85.60,24.96,1,1,0
113,3,813.37,584.78,47.68,17.24,1,1,0
113,18,167.48,636.76,10.38,7.54,1,4,0
113,46,109.69,640.51,10.48,6.77,1,4,0
113,1,21.18,641.56,11.56,8.70,1,4,0
113,39,375.44,626.60,8.31,6.38,1,4,0
113,25,512.68,619.53,6.41,5.42,1,4,0
114,9,351.24,573.61,169.51,49.23,1,1,0
114,4,517.15,585.62,39.54,29.10,1,1,0
114,32,0.20,588.24,164.48,34.22,1,1,0
114,35,909.62,564.42,123.40,68.15,1,1,0
114,34,267.97,599.85,30.47,15.94,1,2,0
114,42,711.45,581.01,86.77,25.00,1,1,0
114,3,798.40,585.08,50.61,17.85,1,1,0
114,18,149.09,636.01,11.03,8.03,1,4,0
114,46,89.46,638.90,12.34,7.90,1,4,0
114,1,1.34,641.08,10.36,7.67,1,4,0
114,39,360.03,626.03,8.68,6.33,1,4,0
114,25,438.29,623.00,7.98,5.67,1,4,0
114,54,415.09,623.63,7.84,6.13,1,4,0
114,13,328.86,627.55,8.85,6.52,1,4,0
114,11,291.37,629.55,9.41,6.81,1,4,0
114,49,462.45,621.68,6.48,5.41,1,4,0
115,9,332.87,574.90,171.03,49.04,1,1,0
115,4,500.70,584.62,38.83,31.24,1,1,0
115,32,0.63,588.33,142.70,34.53,1,1,0
115,35,905.55,565.06,127.56,70.23,1,1,0
115,34,247.67,600.80,31.28,16.19,1,2,0
115,42,693.39,581.83,89.61,25.79,1,1,0
115,3,781.91,586.60,49.88,17.72,1,1,0
115,18,184.80,635.03,10.37,7.94,1,4,0
115,46,128.45,637.52,10.95,7.56,1,4,0
115,1,67.12,640.44,11.49,8.03,1,4,0
115,39,371.03,626.72,7.86,6.03,1,4,0
115,25,421.83,625.02,6.73,5.42,1,4,0
115,54,397.87,625.65,7.47,5.59,1,4,0
115,13,341.52,627.82,9.19,6.31,1,4,0
115,11,311.11,629.06,8.65,6.82,1,4,0
115,49,464.10,621.54,6.56,5.59,1,4,0
116,9,314.53,574.74,173.27,50.30,1,1,0
116,4,484.13,586.59,37.94,30.08,1,1,0
116,32,0.42,585.92,121.76,36.59,1,1,0
116,35,901.70,564.86,131.97,72.50,1,1,0
116,34,227.91,601.19,31.07,16.24,1,2,0
116,42,677.12,582.39,90.18,26.23,1,1,0
116,3,764.67,587.69,50.46,17.79,1,1,0
116,18,163.97,635.36,10.72,8.27,1,4,0
116,46,106.89,638.05,11.06,7.77,1,4,0
116,1,44.84,640.95,11.68,8.12,1,4,0
116,39,353.52,627.55,8.33,5.96,1,4,0
116,13,324.79,628.26,8.98,6.36,1,4,0
116,49,465.48,621.62,6.65,5.54,1,4,0
117,9,161.19,564.51,163.60,80.30,1,1,0
117,1,0.01,591.77,47.72,19.35,1,1,0
118,9,185.03,577.92,109.01,55.61,1,1,0
118,31,986.96,599.47,93.63,25.88,1,1,0
118,28,651.40,636.95,9.06,6.50,1,4,0
118,44,1074.06,604.95,61.36,19.37,1,1,0
118,24,0.00,639.68,6.69,8.24,1,4,0
118,25,441.71,641.22,11.66,8.98,1,4,0
118,54,496.59,641.12,11.71,7.95,1,4,0
118,11,223.73,641.18,11.37,9.94,1,4,0
118,4,563.73,606.87,32.03,16.75,1,2,0
118,42,649.20,583.58,161.03,51.22,1,1,0
118,3,803.17,595.38,38.20,32.68,1,1,0
118,18,145.08,641.35,11.93,9.69,1,4,0
118,46,72.47,639.92,13.72,9.60,1,4,0
118,13,292.16,642.48,11.87,9.78,1,4,0
118,49,541.87,640.50,10.34,6.86,1,4,0
