1,1,1366.35,651.34,92.59,28.01,1,0,0
1,2,584.89,655.42,72.20,17.52,1,5,0
1,3,1479.66,670.79,12.63,8.70,1,5,0
2,1,1374.01,654.68,92.59,27.13,1,0,0
2,2,593.97,650.04,72.90,17.78,1,5,0
2,3,1489.08,673.59,10.83,9.09,1,5,0
3,1,1377.99,658.49,93.70,27.55,1,0,0
3,2,596.93,645.80,73.42,17.69,1,5,0
4,1,1382.39,662.40,93.68,27.55,1,0,0
4,2,599.60,652.13,73.95,18.42,1,5,0
4,3,1499.42,682.29,10.23,9.39,1,5,0
5,1,1389.29,660.37,94.22,27.98,1,0,0
5,2,603.57,655.61,75.35,18.47,1,5,0
5,3,1505.54,680.00,12.11,9.82,1,5,0
6,1,1397.10,650.37,94.11,27.86,1,0,0
6,2,614.29,649.42,72.43,17.29,1,5,0
6,3,1513.24,670.70,14.32,8.85,1,5,0
7,1,1403.94,648.63,96.57,28.53,1,0,0
7,2,617.73,647.53,74.97,18.26,1,5,0
7,3,1522.59,668.33,13.51,9.42,1,5,0
8,1,1411.67,666.04,95.98,27.69,1,0,0
8,2,624.86,660.54,73.90,18.66,1,5,0
8,3,1532.03,684.75,12.62,10.46,1,5,0
9,1,1418.72,658.00,94.80,27.98,1,0,0
9,2,633.10,649.80,70.50,18.24,1,5,0
10,1,1426.35,651.41,96.17,28.91,1,0,0
10,2,637.57,641.06,72.78,21.45,1,5,0
10,3,1545.77,671.66,12.53,9.67,1,5,0
11,1,1436.17,655.25,96.61,28.74,1,0,0
11,2,645.42,648.40,70.07,18.54,1,5,0
11,3,1557.90,675.24,11.27,9.71,1,5,0
12,1,1447.50,659.35,97.49,29.15,1,0,0
12,2,655.42,654.07,72.93,17.56,1,5,0
12,3,1571.30,680.62,10.69,9.24,1,5,0
13,1,1461.82,655.63,96.66,28.54,1,0,0
13,2,665.18,655.02,73.22,17.72,1,5,0
13,3,1583.75,675.66,11.93,9.71,1,5,0
14,1,1468.68,644.08,98.78,28.91,1,0,0
14,2,672.67,649.47,73.81,18.01,1,5,0
14,3,1592.14,663.19,13.92,10.51,1,5,0
15,1,1477.16,647.49,102.12,30.18,1,0,0
15,2,683.00,653.38,71.25,18.21,1,5,0
15,3,1604.76,667.19,15.47,10.59,1,5,0
16,1,1480.03,657.02,101.54,29.43,1,0,0
16,2,683.56,655.32,69.72,20.35,1,5,0
17,1,1478.83,657.68,100.55,29.16,1,0,0
17,2,681.87,657.12,71.14,21.56,1,5,0
18,1,1471.98,648.75,100.87,29.10,1,0,0
18,2,674.98,653.35,71.86,22.37,1,5,0
18,3,1597.61,667.88,13.47,10.11,1,5,0
19,1,1466.50,646.73,100.33,29.83,1,0,0
19,2,668.21,648.99,72.73,22.69,1,5,0
20,1,1458.97,654.48,99.37,28.48,1,0,0
20,2,661.57,653.16,73.17,19.74,1,5,0
20,3,1583.58,673.26,14.06,10.31,1,5,0
21,1,1455.30,660.50,99.23,28.93,1,0,0
21,2,655.75,658.58,74.51,21.95,1,5,0
21,3,1580.37,679.88,14.12,10.15,1,5,0
22,1,1452.56,647.83,99.02,28.42,1,0,0
22,2,655.27,648.32,72.66,23.38,1,5,0
22,3,1576.93,667.31,13.68,9.49,1,5,0
22,6,562.31,663.28,5.17,8.65,1,3,0
23,1,1452.64,641.82,99.28,29.03,1,0,0
23,2,653.78,645.61,72.91,24.29,1,5,0
23,3,1577.51,660.91,15.02,10.16,1,5,0
24,1,1451.74,656.66,98.75,29.65,1,0,0
24,2,652.02,654.71,71.95,23.37,1,5,0
24,3,1576.75,675.44,12.95,11.59,1,5,0
25,1,1451.09,661.92,99.81,29.22,1,0,0
25,2,651.02,655.16,72.51,23.16,1,5,0
25,3,1576.43,681.04,13.65,11.24,1,5,0
26,1,1453.88,650.51,98.10,29.37,1,0,0
26,2,651.17,645.47,73.62,24.20,1,5,0
26,3,1578.78,670.77,13.21,10.19,1,5,0
27,1,1455.48,647.63,100.05,30.05,1,0,0
27,2,652.70,647.83,72.83,23.78,1,5,0
27,3,1581.45,667.72,13.48,10.64,1,5,0
27,6,560.61,663.58,4.80,7.85,1,3,0
28,1,1457.81,650.85,100.48,30.23,1,0,0
28,2,654.15,653.17,73.21,22.87,1,5,0
28,3,1584.25,670.62,13.91,10.58,1,5,0
28,6,560.98,668.06,4.88,7.71,1,3,0
29,1,1456.62,651.95,101.16,29.83,1,0,0
29,2,652.65,653.09,72.29,20.50,1,5,0
29,3,1583.64,671.68,13.76,10.63,1,5,0
30,1,1451.91,645.61,100.31,29.49,1,0,0
30,2,648.63,644.94,71.69,21.41,1,5,0
31,1,1445.89,646.34,101.13,30.39,1,0,0
31,2,642.39,653.33,75.81,19.96,1,5,0
31,6,544.39,663.37,5.65,8.99,1,3,0
31,3,1571.26,666.32,14.32,10.74,1,5,0
32,1,1442.77,651.80,100.41,30.03,1,0,0
32,2,639.21,656.79,74.84,21.14,1,5,0
32,6,538.85,668.01,5.54,9.26,1,3,0
32,3,1568.23,671.72,13.88,10.40,1,5,0
33,1,1441.61,650.09,100.91,30.21,1,0,0
33,2,635.33,652.66,76.02,20.83,1,5,0
33,6,535.57,663.36,6.13,10.61,1,3,0
33,3,1566.55,669.96,14.38,10.60,1,5,0
34,1,1440.16,648.48,100.20,30.28,1,0,0
34,2,633.58,648.58,74.81,20.77,1,5,0
34,6,533.67,658.73,5.61,9.42,1,3,0
34,3,1565.31,668.82,13.50,10.59,1,5,0
35,1,1437.68,641.41,100.84,29.30,1,0,0
35,2,632.33,644.05,74.83,20.79,1,5,0
35,3,1563.33,660.78,13.56,10.93,1,5,0
36,1,1444.31,654.33,101.84,29.94,1,0,0
36,2,637.27,660.62,76.51,20.15,1,5,0
36,3,1572.41,672.82,13.58,11.37,1,5,0
36,6,535.56,668.86,5.94,10.65,1,3,0
37,1,1448.28,648.87,102.02,29.50,1,0,0
37,2,642.09,648.32,74.49,22.24,1,5,0
37,3,1576.22,669.18,12.03,9.86,1,5,0
37,6,538.55,661.88,5.47,8.87,1,3,0
38,1,1450.10,644.22,101.23,30.06,1,0,0
38,2,643.02,654.12,72.97,21.08,1,5,0
38,3,1577.19,662.30,14.61,11.40,1,5,0
39,1,1449.87,651.36,101.93,30.11,1,0,0
39,2,641.64,662.64,73.80,22.25,1,5,0
39,3,1577.75,669.94,13.78,11.00,1,5,0
40,1,1446.96,642.45,101.82,29.42,1,0,0
40,2,637.28,647.24,75.26,22.46,1,5,0
40,3,1574.64,662.29,13.14,9.61,1,5,0
40,6,531.70,661.42,5.39,7.56,1,3,0
41,1,1443.47,647.37,102.21,30.66,1,0,0
41,2,633.51,646.69,75.73,21.85,1,5,0
41,3,1571.05,667.94,13.60,10.86,1,5,0
42,1,1437.20,653.13,101.50,29.74,1,0,0
42,2,625.84,648.50,78.23,20.91,1,5,0
42,3,1564.12,673.59,13.18,10.15,1,5,0
43,1,1429.44,644.02,100.92,29.81,1,0,0
43,2,615.02,648.45,78.02,20.12,1,5,0
44,1,1423.75,647.77,100.97,30.72,1,0,0
44,2,612.58,657.22,76.80,21.87,1,5,0
44,6,496.84,670.36,5.43,8.65,1,3,0
44,3,1550.40,666.82,13.33,10.82,1,5,0
45,1,1420.13,654.95,101.52,30.12,1,0,0
45,2,609.66,656.39,74.60,23.03,1,5,0
45,3,1547.26,674.35,13.20,10.93,1,5,0
46,1,1419.46,653.07,100.94,29.75,1,0,0
46,2,607.55,647.12,76.19,23.28,1,5,0
46,3,1545.83,673.00,13.17,11.19,1,5,0
47,1,1419.61,650.84,101.95,30.27,1,0,0
47,2,607.23,645.29,76.56,22.85,1,5,0
47,3,1545.89,671.36,15.11,10.63,1,5,0
47,6,495.33,657.02,5.59,8.61,1,3,0
48,1,1421.67,650.00,102.07,30.35,1,0,0
48,2,607.51,646.17,76.39,22.65,1,5,0
48,3,1548.07,670.84,15.23,10.30,1,5,0
48,6,495.63,657.92,5.81,8.89,1,3,0
49,1,1423.43,650.13,102.30,30.69,1,0,0
49,2,608.51,647.12,76.09,22.26,1,5,0
49,3,1550.46,670.32,14.50,10.99,1,5,0
49,6,496.30,658.91,5.53,8.75,1,3,0
50,1,1425.58,654.44,102.74,30.44,1,0,0
50,2,608.94,649.82,76.97,26.06,1,5,0
50,3,1552.88,673.42,15.31,11.96,1,5,0
51,1,1432.50,653.07,102.67,30.65,1,0,0
51,2,612.94,651.25,77.86,24.47,1,5,0
51,3,1559.76,674.01,14.24,10.50,1,5,0
52,1,1436.76,649.92,104.92,31.63,1,0,0
52,2,617.42,649.41,77.14,22.82,1,5,0
52,3,1565.72,671.47,16.03,10.90,1,5,0
53,1,1442.28,652.10,104.93,31.68,1,0,0
53,2,621.30,651.64,76.40,21.96,1,5,0
53,3,1572.79,674.33,15.09,10.10,1,5,0
54,1,1444.12,654.28,105.51,30.65,1,0,0
54,2,622.19,654.68,77.90,22.17,1,5,0
54,3,1574.63,675.06,14.47,10.50,1,5,0
55,1,1448.47,646.66,104.84,31.15,1,0,0
55,2,625.12,652.42,76.40,21.93,1,5,0
55,3,1578.73,667.38,14.07,10.55,1,5,0
56,1,1449.56,647.52,105.28,31.48,1,0,0
56,2,624.53,652.98,76.03,22.36,1,5,0
56,3,1580.26,668.47,15.21,10.83,1,5,0
57,1,1445.09,640.87,105.68,31.10,1,0,0
57,2,623.86,646.95,78.19,20.72,1,5,0
57,3,1575.24,661.84,14.65,10.16,1,5,0
58,1,1438.55,643.69,105.46,31.61,1,0,0
58,2,614.22,657.50,78.99,21.11,1,5,0
58,3,1568.78,664.01,14.93,10.97,1,5,0
58,6,494.94,670.99,5.41,8.76,1,3,0
59,1,1432.72,645.45,106.06,31.52,1,0,0
59,2,608.33,656.48,77.34,21.90,1,5,0
59,3,1562.30,666.46,16.08,10.61,1,5,0
60,1,1426.19,639.13,105.81,31.03,1,0,0
60,2,601.75,643.87,78.01,21.09,1,5,0
60,3,1555.89,660.31,14.59,10.41,1,5,0
61,1,1419.32,647.22,103.83,31.60,1,0,0
61,2,594.40,645.71,77.79,21.43,1,5,0
61,3,1547.82,667.96,14.74,11.70,1,5,0
62,1,1418.33,660.86,104.25,31.51,1,0,0
62,2,592.76,654.81,79.02,24.75,1,5,0
62,3,1547.41,681.13,14.15,12.08,1,5,0
62,6,466.77,668.82,5.20,8.68,1,3,0
63,1,1415.60,648.16,103.61,30.44,1,0,0
63,2,589.75,641.76,76.62,25.84,1,5,0
63,3,1544.54,669.71,13.69,9.77,1,5,0
64,1,1414.55,643.54,104.18,30.88,1,0,0
64,2,587.26,644.69,80.88,25.93,1,5,0
64,3,1543.73,664.49,14.56,10.41,1,5,0
64,6,459.86,661.53,4.69,7.83,1,3,0
65,1,1415.78,648.90,104.75,31.67,1,0,0
65,2,586.83,651.62,78.73,25.32,1,5,0
65,3,1545.47,669.44,15.07,11.14,1,5,0
66,1,1410.60,643.95,104.45,30.75,1,0,0
66,2,580.85,646.45,78.84,22.09,1,5,0
66,3,1539.09,665.26,14.51,10.30,1,5,0
67,1,1413.13,652.02,103.65,31.52,1,0,0
67,2,583.66,654.33,78.16,21.77,1,5,0
67,3,1540.23,671.56,15.81,12.48,1,5,0
68,1,1414.20,662.37,105.98,31.15,1,0,0
68,2,584.08,653.06,77.78,23.19,1,5,0
68,3,1544.68,683.39,15.34,11.44,1,5,0
69,1,1414.45,645.08,105.09,30.95,1,0,0
69,2,583.60,641.79,79.40,22.34,1,5,0
69,3,1544.67,667.04,12.67,9.68,1,5,0
70,1,1414.47,639.03,106.35,31.35,1,0,0
70,2,581.98,648.37,81.63,22.71,1,5,0
70,3,1545.24,659.85,15.13,10.63,1,5,0
71,1,1419.37,647.04,108.21,31.72,1,0,0
71,2,585.57,656.20,79.34,22.85,1,5,0
71,3,1552.25,667.68,15.75,10.56,1,5,0
72,1,1425.72,649.13,108.47,32.65,1,0,0
72,2,590.73,650.95,80.16,22.75,1,5,0
72,3,1558.65,671.66,14.92,10.59,1,5,0
73,1,1434.81,664.55,108.97,32.25,1,0,0
73,2,598.25,659.83,79.28,22.46,1,5,0
73,3,1568.06,686.33,15.40,11.61,1,5,0
73,6,460.88,670.15,5.92,9.19,1,3,0
74,1,1438.97,653.57,109.67,31.97,1,0,0
74,2,604.88,650.23,79.67,22.10,1,5,0
74,3,1573.89,677.06,14.02,10.34,1,5,0
75,1,1443.61,635.09,111.39,33.02,1,0,0
75,2,606.72,642.72,79.62,19.98,1,5,0
75,3,1578.30,657.52,16.79,10.84,1,5,0
76,1,1454.16,645.75,109.65,32.79,1,0,0
76,2,614.43,658.01,78.18,20.49,1,5,0
76,3,1588.44,667.01,16.57,11.22,1,5,0
77,1,1454.79,646.29,110.54,32.56,1,0,0
77,2,614.38,653.10,77.71,22.18,1,5,0
77,3,1589.33,667.93,16.73,11.02,1,5,0
78,1,1454.84,651.81,111.59,33.50,1,0,0
78,2,614.60,649.19,78.60,25.45,1,5,0
78,3,1591.96,674.25,15.04,11.31,1,5,0
79,1,1453.90,653.42,110.93,32.76,1,0,0
79,2,612.98,643.26,77.60,25.88,1,5,0
80,1,1450.18,647.91,111.38,33.37,1,0,0
80,2,607.67,645.63,79.22,25.36,1,5,0
80,3,1585.03,670.88,17.11,11.06,1,5,0
81,1,1445.43,635.25,110.89,33.39,1,0,0
81,2,602.75,646.99,79.33,23.48,1,5,0
81,3,1580.87,657.71,15.36,10.57,1,5,0
81,6,459.92,660.76,6.33,9.98,1,3,0
82,1,1443.85,646.85,110.46,33.61,1,0,0
82,2,599.14,654.26,80.88,25.61,1,5,0
82,3,1577.33,667.96,16.44,11.98,1,5,0
82,6,457.40,670.94,5.79,8.84,1,3,0
83,1,1439.16,653.55,111.38,33.14,1,0,0
83,2,593.57,646.38,82.42,26.13,1,5,0
83,3,1573.63,676.88,16.17,10.98,1,5,0
83,6,447.96,659.94,5.91,8.86,1,3,0
84,1,1438.98,644.37,110.57,33.11,1,0,0
84,2,594.48,637.93,79.84,25.38,1,5,0
84,3,1574.27,668.23,14.14,10.21,1,5,0
85,1,1437.19,636.43,110.83,33.67,1,0,0
85,2,592.25,636.29,80.01,25.55,1,5,0
85,3,1572.12,659.88,14.68,10.46,1,5,0
86,1,1439.78,655.88,112.13,34.77,1,0,0
86,2,593.11,658.47,81.44,27.50,1,5,0
86,3,1576.06,677.15,16.33,13.47,1,5,0
87,1,1441.31,652.67,111.36,32.65,1,0,0
87,2,594.13,649.13,77.88,25.85,1,5,0
87,3,1576.66,675.57,14.99,10.78,1,5,0
88,1,1445.48,642.53,112.21,33.46,1,0,0
88,2,595.23,638.73,80.28,24.22,1,5,0
88,3,1581.26,666.01,16.14,10.86,1,5,0
89,1,1445.19,645.73,113.24,34.78,1,0,0
89,2,595.73,643.34,80.01,26.47,1,5,0
89,3,1581.97,668.21,17.03,12.63,1,5,0
90,1,1446.42,651.95,113.17,33.87,1,0,0
90,2,596.16,653.04,81.74,26.93,1,5,0
90,3,1583.80,673.75,16.87,12.32,1,5,0
91,1,1447.00,647.86,113.26,33.55,1,0,0
91,2,595.49,643.10,80.79,26.74,1,5,0
91,3,1585.13,671.34,15.33,10.97,1,5,0
92,1,1446.37,645.62,113.80,35.58,1,0,0
92,2,594.39,637.13,81.98,27.04,1,5,0
92,3,1584.99,669.51,16.04,12.07,1,5,0
93,1,1448.02,657.12,113.93,35.27,1,0,0
93,2,594.98,647.60,81.70,27.07,1,5,0
93,3,1587.47,680.69,16.11,12.29,1,5,0
93,6,437.39,660.62,6.22,9.55,1,3,0
94,1,1454.12,645.98,113.83,35.04,1,0,0
94,2,598.04,642.99,82.26,26.92,1,5,0
94,3,1594.22,670.87,13.76,10.17,1,5,0
95,1,1462.02,635.53,116.61,36.50,1,0,0
95,2,606.40,646.30,80.67,21.28,1,5,0
95,3,1603.67,661.76,15.16,9.91,1,5,0
95,6,447.69,656.69,6.17,9.83,1,3,0
96,1,1474.78,654.63,117.19,37.43,1,0,0
96,2,615.34,658.73,78.77,22.13,1,5,0
96,3,1618.49,681.37,14.66,10.93,1,5,0
97,1,1482.17,649.35,116.51,35.87,1,0,0
97,2,623.67,639.62,79.69,22.38,1,5,0
97,3,1625.17,676.02,14.26,10.30,1,5,0
97,6,461.62,648.59,5.27,8.64,1,3,0
98,1,1497.30,647.12,119.45,37.38,1,0,0
98,2,635.62,645.37,81.03,22.10,1,5,0
98,3,1642.69,674.75,16.14,10.26,1,5,0
99,1,1510.29,660.22,123.95,38.42,1,0,0
99,2,646.78,657.11,78.91,20.85,1,5,0
99,3,1660.11,689.05,16.19,10.64,1,5,0
99,6,482.15,662.38,7.75,10.50,1,3,0
100,1,1523.55,651.07,123.04,37.22,1,0,0
100,2,655.81,643.51,82.09,24.37,1,5,0
100,3,1673.03,679.00,15.47,10.23,1,5,0
101,1,1535.13,650.77,128.62,38.16,1,0,0
101,2,671.14,651.94,79.26,21.58,1,5,0
101,3,1690.80,679.14,16.56,10.50,1,5,0
101,6,507.70,658.87,8.32,11.57,1,3,0
102,1,1549.06,656.85,126.54,38.49,1,0,0
102,2,678.10,653.73,80.23,22.23,1,5,0
102,3,1702.09,685.48,17.56,10.88,1,5,0
102,6,516.29,660.74,8.18,10.63,1,3,0
103,1,1550.96,640.72,126.47,39.14,1,0,0
103,2,678.66,637.38,81.16,22.97,1,5,0
103,3,1705.10,669.71,16.17,10.67,1,5,0
103,6,516.79,645.34,7.60,10.92,1,3,0
104,1,1556.63,650.94,127.34,41.35,1,0,0
104,2,683.23,651.30,79.50,23.38,1,5,0
104,3,1712.52,679.98,17.24,12.66,1,5,0
104,6,518.94,659.28,6.65,9.82,1,3,0
105,1,1564.41,668.26,128.96,40.11,1,0,0
105,2,688.44,657.91,80.26,23.46,1,5,0
105,3,1721.15,698.23,17.04,11.13,1,5,0
106,1,1575.14,650.49,128.88,38.74,1,0,0
106,2,696.75,641.18,78.50,22.13,1,5,0
106,3,1732.34,679.81,16.23,10.44,1,5,0
106,6,530.27,650.55,6.22,9.46,1,3,0
107,1,1583.64,638.61,134.19,40.04,1,0,0
107,2,703.59,637.57,82.34,21.32,1,5,0
107,3,1744.69,668.22,17.07,11.06,1,5,0
107,6,542.16,645.35,6.21,9.82,1,3,0
108,1,1603.72,657.11,134.83,42.06,1,0,0
108,2,718.87,660.25,79.74,22.87,1,5,0
108,3,1767.59,687.37,17.98,12.61,1,5,0
108,6,554.33,669.27,6.28,9.44,1,3,0
109,1,1614.04,647.10,134.98,40.66,1,0,0
109,2,726.58,652.83,79.51,20.36,1,5,0
110,1,1621.43,635.26,139.12,41.12,1,0,0
110,2,732.69,648.63,77.85,20.49,1,5,0
110,3,1788.24,665.36,19.53,11.46,1,5,0
110,6,567.22,658.09,6.24,9.88,1,3,0
111,1,1633.49,648.92,139.11,43.87,1,0,0
111,2,739.16,660.78,79.53,22.56,1,5,0
111,3,1801.74,680.33,19.46,12.25,1,5,0
112,1,1632.10,634.02,138.86,41.32,1,0,0
112,2,739.41,643.11,77.38,22.13,1,5,0
112,3,1800.77,664.28,17.93,11.37,1,5,0
113,1,1628.73,618.63,138.61,41.57,1,0,0
113,2,734.76,639.10,80.92,22.22,1,5,0
113,3,1795.90,648.11,19.26,11.12,1,5,0
113,6,567.69,651.33,7.03,10.04,1,3,0
114,1,1628.90,641.78,137.91,43.67,1,0,0
114,2,734.44,659.03,79.32,23.75,1,5,0
114,3,1798.08,672.57,17.74,12.35,1,5,0
115,1,1623.95,654.69,140.90,44.17,1,0,0
115,2,728.95,657.85,80.63,22.91,1,5,0
115,3,1792.89,687.18,19.72,12.41,1,5,0
115,6,557.30,665.15,7.66,11.00,1,3,0
116,1,1616.72,642.45,138.76,41.19,1,0,0
116,2,722.04,643.68,80.96,21.71,1,5,0
116,3,1783.63,673.48,16.95,10.48,1,5,0
117,1,1613.07,635.66,139.88,43.03,1,0,0
117,2,719.10,647.84,82.03,23.03,1,5,0
117,3,1779.56,666.99,18.51,11.84,1,5,0
117,6,544.62,658.52,6.73,10.03,1,3,0
118,1,1611.64,638.53,140.05,42.95,1,0,0
118,2,716.69,649.80,81.12,22.66,1,5,0
118,3,1778.53,669.74,18.80,11.72,1,5,0
118,6,541.15,659.91,7.49,9.92,1,3,0
119,1,1612.50,639.36,140.86,43.22,1,0,0
119,2,717.71,652.24,78.79,22.90,1,5,0
119,3,1779.77,670.67,18.71,11.87,1,5,0
119,6,540.91,662.01,6.94,10.42,1,3,0
120,1,1615.29,644.30,142.28,43.56,1,0,0
120,2,718.00,659.55,81.01,22.79,1,5,0
120,3,1785.17,675.32,19.22,12.31,1,5,0
120,6,540.48,669.17,6.86,10.68,1,3,0
121,1,1616.78,639.30,140.14,43.37,1,0,0
121,2,717.09,653.21,80.45,22.12,1,5,0
121,3,1785.12,671.40,18.33,11.28,1,5,0
121,6,538.41,663.34,6.57,10.62,1,3,0
122,1,1613.88,634.29,140.77,43.42,1,0,0
122,2,714.65,650.91,80.92,21.40,1,5,0
122,3,1781.95,665.97,18.19,11.64,1,5,0
122,6,535.10,660.01,7.62,11.35,1,3,0
123,1,1604.02,638.57,139.92,42.28,1,0,0
123,2,704.60,652.99,82.60,21.45,1,5,0
123,3,1771.04,669.99,17.93,11.17,1,5,0
124,1,1594.39,635.99,139.12,42.36,1,0,0
124,2,696.27,650.94,84.33,21.51,1,5,0
124,3,1759.58,667.17,18.68,11.06,1,5,0
125,1,1586.71,642.11,139.58,43.44,1,0,0
125,2,689.35,654.94,85.35,22.91,1,5,0
125,3,1751.85,674.16,18.06,11.18,1,5,0
126,1,1581.85,649.16,139.05,42.39,1,0,0
126,2,684.82,658.31,84.85,22.27,1,5,0
126,3,1746.35,679.65,18.23,12.13,1,5,0
126,6,496.82,667.00,7.64,11.37,1,3,0
127,1,1579.92,641.56,136.76,42.19,1,0,0
127,2,679.37,644.76,83.52,24.90,1,5,0
127,3,1743.14,673.20,17.69,10.88,1,5,0
127,6,492.45,654.73,7.86,10.92,1,3,0
128,1,1577.41,636.98,136.89,41.94,1,0,0
128,2,677.31,648.21,82.19,23.95,1,5,0
128,3,1740.44,667.39,17.34,11.35,1,5,0
128,6,486.65,659.03,8.19,11.79,1,3,0
129,1,1569.98,638.58,138.44,42.47,1,0,0
129,2,670.70,654.33,82.06,23.50,1,5,0
129,3,1732.71,668.66,18.29,11.96,1,5,0
129,6,479.45,665.38,7.93,11.70,1,3,0
130,1,1560.34,636.61,136.25,41.71,1,0,0
130,2,661.68,653.21,82.86,21.60,1,5,0
130,3,1721.90,666.48,18.39,11.53,1,5,0
131,1,1548.12,634.82,135.77,41.94,1,0,0
131,2,648.02,653.36,85.83,22.69,1,5,0
131,3,1708.25,665.42,17.86,11.02,1,5,0
132,1,1540.45,631.74,133.23,41.30,1,0,0
132,2,640.77,647.60,84.02,22.37,1,5,0
132,3,1698.10,661.67,18.43,11.10,1,5,0
133,1,1534.33,642.14,132.62,43.73,1,0,0
133,2,634.34,654.15,84.80,24.43,1,5,0
133,3,1690.79,673.38,18.44,12.27,1,5,0
133,6,431.63,663.69,8.15,13.15,1,3,0
134,1,1531.98,647.82,132.85,43.83,1,0,0
134,2,631.10,657.09,85.18,24.45,1,5,0
134,3,1688.61,679.31,17.92,12.32,1,5,0
135,1,1528.97,631.26,132.01,42.08,1,0,0
135,2,628.10,641.49,81.83,23.85,1,5,0
135,3,1685.44,661.65,16.79,11.13,1,5,0
135,6,422.20,652.41,8.39,12.49,1,3,0
136,1,1531.29,631.31,132.36,42.89,1,0,0
136,2,627.90,646.53,85.01,25.79,1,5,0
136,3,1687.83,661.69,18.33,11.49,1,5,0
136,6,421.57,658.95,9.38,13.27,1,3,0
137,1,1532.20,638.08,133.68,43.84,1,0,0
137,2,627.58,651.05,83.61,24.97,1,5,0
137,3,1689.76,669.13,18.27,12.30,1,5,0
137,6,419.54,662.51,9.11,12.82,1,3,0
138,1,1532.36,635.00,134.26,42.38,1,0,0
138,2,627.89,645.92,84.10,24.48,1,5,0
138,3,1690.77,666.08,17.53,11.44,1,5,0
138,6,418.71,656.61,8.93,12.57,1,3,0
139,1,1532.72,635.63,135.24,43.85,1,0,0
139,2,628.14,646.93,82.21,24.94,1,5,0
139,3,1691.46,667.32,17.82,11.67,1,5,0
139,6,415.60,657.65,9.71,13.31,1,3,0
140,1,1532.82,631.44,133.61,42.90,1,0,0
140,2,625.35,647.93,84.68,23.29,1,5,0
140,3,1689.61,662.45,18.60,11.63,1,5,0
140,6,410.81,658.60,9.09,12.56,1,3,0
141,1,1528.50,632.85,134.65,43.54,1,0,0
141,2,620.35,654.61,85.64,24.34,1,5,0
141,3,1686.53,663.57,18.55,12.04,1,5,0
142,1,1520.78,635.16,134.57,43.60,1,0,0
142,2,612.41,654.58,87.27,23.24,1,5,0
142,3,1677.93,666.61,18.70,11.50,1,5,0
142,6,393.11,666.25,8.47,11.89,1,3,0
143,1,1504.78,630.13,131.85,42.00,1,0,0
143,2,597.49,641.00,86.23,22.44,1,5,0
143,3,1659.36,660.26,18.61,11.45,1,5,0
143,6,375.35,648.92,9.55,12.59,1,3,0
144,1,1491.49,633.11,131.66,43.97,1,0,0
144,2,583.55,642.63,85.67,22.76,1,5,0
144,3,1644.83,665.74,16.32,11.15,1,5,0
144,6,358.10,650.38,10.30,12.43,1,3,0
145,1,1488.27,650.57,131.46,45.04,1,0,0
145,2,579.87,654.46,86.13,25.28,1,5,0
145,3,1642.27,682.53,16.90,12.89,1,5,0
145,6,350.72,662.36,8.42,12.09,1,3,0
146,1,1492.48,651.78,132.22,42.65,1,0,0
146,2,580.75,652.44,88.18,25.71,1,5,0
146,3,1647.24,683.36,17.31,11.56,1,5,0
146,6,350.55,661.48,9.34,12.74,1,3,0
147,1,1503.89,632.87,130.87,41.80,1,0,0
147,2,589.28,643.98,85.84,24.80,1,5,0
147,3,1658.28,663.14,17.27,11.56,1,5,0
148,1,1515.10,627.94,133.30,43.53,1,0,0
148,2,600.44,651.50,83.78,25.45,1,5,0
148,3,1671.12,659.08,17.65,11.10,1,5,0
148,6,368.81,664.69,8.27,13.13,1,3,0
149,1,1520.47,636.35,135.28,44.67,1,0,0
149,2,602.17,662.75,87.84,24.03,1,5,0
149,3,1678.70,667.28,18.11,11.66,1,5,0
149,6,371.32,674.57,10.95,14.49,1,3,0
150,1,1521.30,631.93,135.10,42.87,1,0,0
150,2,604.89,652.59,84.08,23.19,1,5,0
150,3,1679.73,663.14,16.88,11.03,1,5,0
150,6,369.60,661.65,9.64,14.28,1,3,0
151,1,1523.48,637.03,136.50,45.31,1,0,0
151,2,604.16,652.61,86.36,24.65,1,5,0
151,3,1683.37,668.07,18.44,13.45,1,5,0
151,6,367.69,661.39,10.02,14.74,1,3,0
152,1,1527.89,644.98,135.90,45.38,1,0,0
152,2,606.45,655.82,86.50,25.65,1,5,0
152,3,1687.25,677.67,18.68,12.59,1,5,0
152,6,368.02,663.74,9.70,14.55,1,3,0
153,1,1531.29,623.52,135.32,43.90,1,0,0
153,2,607.23,642.21,85.32,25.64,1,5,0
153,3,1690.61,654.94,17.22,11.22,1,5,0
154,1,1536.75,630.30,138.02,46.20,1,0,0
154,2,613.45,654.56,86.20,26.53,1,5,0
154,3,1698.23,661.73,19.42,13.02,1,5,0
154,6,372.21,668.19,8.87,13.86,1,3,0
155,1,1536.19,636.64,138.19,45.60,1,0,0
155,2,610.25,654.85,86.03,26.89,1,5,0
155,3,1697.13,668.69,18.49,12.73,1,5,0
155,6,366.98,668.11,9.10,13.67,1,3,0
156,1,1533.37,634.76,138.33,45.07,1,0,0
156,2,604.78,650.41,86.42,24.36,1,5,0
156,3,1693.55,667.06,18.64,12.29,1,5,0
156,6,362.06,662.78,7.79,11.54,1,3,0
157,1,1527.06,633.55,137.19,44.13,1,0,0
157,2,598.68,645.26,85.86,25.25,1,5,0
157,3,1686.70,665.96,18.14,11.63,1,5,0
157,6,351.67,656.77,8.14,12.15,1,3,0
158,1,1522.56,634.27,137.85,44.18,1,0,0
158,2,594.12,649.74,86.81,25.40,1,5,0
158,3,1681.90,666.04,18.45,11.85,1,5,0
158,6,342.12,661.57,8.37,13.05,1,3,0
159,1,1514.93,631.70,136.42,44.26,1,0,0
159,2,586.85,654.81,85.31,24.99,1,5,0
159,3,1673.32,662.55,19.54,11.91,1,5,0
159,6,329.54,668.27,9.08,13.00,1,3,0
160,1,1506.46,630.43,136.30,44.54,1,0,0
160,2,577.40,660.13,89.37,24.39,1,5,0
160,3,1664.66,661.10,18.80,11.33,1,5,0
161,1,1498.73,630.82,135.47,43.88,1,0,0
161,2,568.38,650.57,88.59,22.49,1,5,0
161,3,1655.02,662.82,17.88,11.10,1,5,0
162,1,1482.19,638.73,135.60,44.29,1,0,0
162,2,554.23,638.18,87.66,24.20,1,5,0
162,3,1638.63,672.67,16.26,10.67,1,5,0
162,6,286.06,640.45,12.07,15.44,1,3,0
163,1,1474.15,638.59,133.92,44.00,1,0,0
163,2,541.93,645.06,87.84,24.85,1,5,0
163,3,1628.13,671.09,18.36,11.57,1,5,0
164,1,1475.21,634.76,133.89,43.90,1,0,0
164,2,544.10,654.08,88.81,25.71,1,5,0
164,3,1629.46,666.17,18.66,11.59,1,5,0
164,6,267.66,662.04,11.25,17.75,1,3,0
165,1,1479.07,635.60,133.93,43.43,1,0,0
165,2,545.17,653.26,84.41,25.24,1,5,0
165,3,1633.47,666.92,18.51,11.72,1,5,0
165,6,268.60,662.91,10.16,15.48,1,3,0
166,1,1480.41,621.66,133.35,43.43,1,0,0
166,2,544.69,635.99,85.75,24.87,1,5,0
166,3,1635.22,653.24,16.89,11.25,1,5,0
166,6,268.00,644.92,9.08,14.32,1,3,0
167,1,1483.41,633.99,135.24,48.32,1,0,0
167,2,549.32,649.60,86.36,26.99,1,5,0
167,3,1640.20,667.21,18.16,13.99,1,5,0
167,6,266.59,658.01,10.28,15.87,1,3,0
168,1,1478.89,636.51,134.65,45.46,1,0,0
168,2,540.08,649.65,85.10,26.56,1,5,0
168,3,1634.86,670.22,17.73,11.54,1,5,0
168,6,254.89,658.53,10.66,16.62,1,3,0
169,1,1471.29,626.41,134.67,44.37,1,0,0
169,2,531.16,646.25,85.31,25.57,1,5,0
169,3,1625.90,658.12,17.95,11.74,1,5,0
169,6,243.50,655.38,11.08,17.11,1,3,0
170,1,1463.06,631.92,134.56,44.58,1,0,0
170,2,522.64,645.83,87.85,26.36,1,5,0
170,3,1616.89,664.60,18.56,12.04,1,5,0
170,6,223.71,653.63,12.53,16.97,1,3,0
171,1,1452.07,637.95,135.14,45.32,1,0,0
171,2,513.62,640.35,88.45,27.59,1,5,0
171,3,1606.08,671.19,18.04,11.70,1,5,0
172,1,1448.14,643.22,133.33,45.08,1,0,0
172,2,505.57,643.94,88.93,25.94,1,5,0
172,3,1600.80,677.09,18.13,12.03,1,5,0
172,6,199.62,644.26,14.00,19.00,1,3,0
173,1,1447.50,634.86,132.64,44.94,1,0,0
173,2,502.36,642.79,91.22,25.50,1,5,0
173,3,1600.74,667.62,16.89,11.59,1,5,0
173,6,194.56,645.10,14.56,18.26,1,3,0
174,1,1450.15,634.55,134.41,46.69,1,0,0
174,2,504.86,651.58,89.02,26.83,1,5,0
174,3,1604.67,667.53,17.85,12.48,1,5,0
174,6,194.29,660.33,11.99,16.89,1,3,0
175,1,1451.10,634.91,134.54,46.05,1,0,0
175,2,502.96,652.48,90.28,25.70,1,5,0
175,3,1605.97,668.14,17.77,11.77,1,5,0
175,6,191.29,658.92,12.59,18.29,1,3,0
176,1,1451.58,629.37,134.05,45.10,1,0,0
176,2,502.38,646.58,90.08,25.10,1,5,0
176,3,1605.15,661.60,18.07,11.92,1,5,0
176,6,187.60,653.96,11.35,16.91,1,3,0
177,1,1446.83,634.43,134.59,46.59,1,0,0
177,2,495.10,647.90,92.35,25.58,1,5,0
177,3,1601.24,668.11,16.34,12.32,1,5,0
178,1,1440.97,638.84,134.18,45.36,1,0,0
178,2,488.04,650.52,93.19,25.86,1,5,0
178,3,1594.74,671.97,17.56,11.70,1,5,0
178,6,163.57,655.06,14.11,18.73,1,3,0
179,1,1440.11,634.36,134.52,45.71,1,0,0
179,2,487.61,646.07,91.84,25.52,1,5,0
179,3,1594.29,668.14,17.16,11.80,1,5,0
179,6,159.32,651.47,14.28,17.55,1,3,0
180,1,1438.22,638.05,134.91,46.94,1,0,0
180,2,483.16,650.32,93.60,26.11,1,5,0
180,3,1592.05,671.27,17.26,12.78,1,5,0
180,6,150.65,654.05,13.00,18.69,1,3,0
181,1,1435.27,627.32,133.49,45.38,1,0,0
181,2,479.12,645.58,93.71,25.54,1,5,0
181,3,1589.07,659.95,16.57,11.63,1,5,0
181,6,143.41,652.56,13.04,17.71,1,3,0
182,1,1432.52,631.69,133.55,47.47,1,0,0
182,2,474.99,651.53,90.66,27.38,1,5,0
182,3,1586.43,664.65,17.24,13.13,1,5,0
182,6,133.75,660.22,11.26,18.17,1,3,0
183,1,1429.76,644.64,134.16,46.38,1,0,0
183,2,472.27,644.35,89.03,26.28,1,5,0
183,3,1582.68,678.95,18.55,12.61,1,5,0
184,1,1423.85,636.25,134.20,46.27,1,0,0
184,2,466.14,624.93,91.38,27.19,1,5,0
184,3,1577.08,671.36,16.63,11.34,1,5,0
185,1,1421.94,634.75,134.37,46.09,1,0,0
185,2,460.73,633.32,90.71,27.83,1,5,0
185,3,1575.58,668.64,17.66,12.72,1,5,0
185,6,102.85,636.34,11.56,16.72,1,3,0
186,1,1426.50,635.62,136.10,46.32,1,0,0
186,2,464.73,646.01,91.25,28.07,1,5,0
186,3,1580.79,668.49,18.47,13.02,1,5,0
186,6,104.40,653.99,11.60,17.03,1,3,0
187,1,1431.93,633.46,136.08,46.22,1,0,0
187,2,466.43,648.51,93.51,28.13,1,5,0
187,3,1587.12,666.57,18.20,12.00,1,5,0
187,6,104.96,658.40,12.38,17.65,1,3,0
188,1,1436.27,634.55,137.36,46.56,1,0,0
188,2,467.60,648.85,94.97,28.46,1,5,0
188,3,1592.03,668.02,17.89,11.94,1,5,0
188,6,105.48,658.81,12.32,17.38,1,3,0
189,1,1439.25,634.72,137.92,46.17,1,0,0
189,2,472.86,641.67,92.47,27.24,1,5,0
189,3,1595.26,668.19,18.81,12.36,1,5,0
190,1,1439.17,633.24,138.49,46.50,1,0,0
190,2,470.87,638.45,92.60,26.52,1,5,0
190,3,1595.73,666.94,18.55,12.69,1,5,0
190,6,100.50,644.71,10.87,15.40,1,3,0
191,1,1443.28,634.36,138.36,46.95,1,0,0
191,2,473.39,644.78,92.99,27.27,1,5,0
191,3,1600.56,668.76,18.08,12.29,1,5,0
191,6,98.87,654.24,10.77,14.79,1,3,0
192,1,1445.99,627.72,137.95,46.53,1,0,0
192,2,473.22,646.04,94.23,27.55,1,5,0
192,3,1603.43,661.32,16.83,11.57,1,5,0
192,6,96.64,658.07,11.02,16.26,1,3,0
193,1,1448.72,628.33,139.00,47.45,1,0,0
193,2,473.53,649.60,93.98,26.88,1,5,0
193,3,1606.30,662.22,18.90,12.94,1,5,0
193,6,94.21,660.35,11.05,16.69,1,3,0
194,1,1448.24,626.47,139.53,47.11,1,0,0
194,2,472.92,640.79,94.35,27.17,1,5,0
194,3,1606.04,660.84,18.97,12.28,1,5,0
194,6,89.26,653.08,8.95,12.95,1,3,0
195,1,1446.74,632.59,138.55,47.58,1,0,0
195,2,469.46,644.56,94.86,27.61,1,5,0
195,3,1604.27,666.05,18.17,13.56,1,5,0
195,6,79.43,653.81,13.95,14.33,1,3,0
196,1,1446.43,634.67,139.61,47.20,1,0,0
196,2,468.69,647.09,94.28,27.62,1,5,0
196,3,1604.75,668.15,18.08,13.18,1,5,0
196,6,73.87,655.81,13.28,16.42,1,3,0
197,1,1448.88,630.49,139.81,46.63,1,0,0
197,2,467.75,649.16,95.60,27.46,1,5,0
197,3,1607.86,664.23,17.67,12.12,1,5,0
197,6,72.50,661.40,13.07,14.47,1,3,0
198,1,1447.87,626.89,140.67,47.26,1,0,0
198,2,465.63,647.40,96.41,27.77,1,5,0
198,3,1606.93,660.51,18.34,12.36,1,5,0
198,6,62.20,659.49,13.43,17.00,1,3,0
199,1,1443.39,625.47,140.67,47.06,1,0,0
199,2,459.17,641.55,96.28,27.63,1,5,0
199,3,1601.89,659.29,18.82,12.30,1,5,0
199,6,49.42,654.35,10.02,14.67,1,3,0
200,1,1436.13,631.39,140.76,47.72,1,0,0
200,2,451.24,641.41,95.44,27.24,1,5,0
200,3,1594.49,665.77,17.41,12.83,1,5,0
200,6,37.78,650.42,9.22,13.86,1,3,0
201,1,1429.80,636.32,139.99,47.65,1,0,0
201,2,441.99,645.46,96.36,27.37,1,5,0
201,3,1587.40,671.57,18.58,11.87,1,5,0
201,6,13.94,645.26,14.39,24.38,1,3,0
202,1,1423.47,634.42,139.96,47.70,1,0,0
202,2,433.86,641.71,98.51,27.94,1,5,0
202,3,1580.93,669.12,19.09,12.39,1,5,0
203,1,1417.56,638.16,139.52,47.50,1,0,0
203,2,425.21,641.97,99.22,28.25,1,5,0
203,3,1574.43,672.92,18.06,12.43,1,5,0
204,1,1410.29,635.53,138.99,47.57,1,0,0
204,2,416.65,642.23,96.13,27.22,1,5,0
204,3,1566.76,670.28,18.31,12.31,1,5,0
205,1,1405.09,634.64,139.62,48.06,1,0,0
205,2,407.27,646.08,101.73,27.87,1,5,0
205,3,1561.30,669.28,17.83,12.77,1,5,0
206,1,1400.83,637.82,140.01,47.93,1,0,0
206,2,402.46,649.99,99.60,29.11,1,5,0
206,3,1556.68,672.23,18.22,12.72,1,5,0
207,1,1390.89,632.86,138.59,47.14,1,0,0
207,2,392.40,641.36,96.57,28.64,1,5,0
207,3,1546.14,667.04,18.85,12.45,1,5,0
208,1,1377.87,633.12,138.93,47.05,1,0,0
208,2,375.49,643.73,97.56,28.46,1,5,0
208,3,1532.95,667.42,19.23,12.29,1,5,0
209,1,1368.10,637.32,137.61,48.32,1,0,0
209,2,362.09,648.95,101.27,29.32,1,5,0
209,3,1522.37,672.71,16.31,11.67,1,5,0
210,1,1359.82,640.70,137.70,47.05,1,0,0
210,2,348.85,641.54,103.86,28.23,1,5,0
211,1,1355.74,639.44,136.98,48.11,1,0,0
211,2,343.31,628.78,103.52,29.95,1,5,0
211,3,1508.62,674.81,16.81,13.17,1,5,0
212,1,1356.04,642.94,137.53,49.03,1,0,0
212,2,342.73,629.23,104.94,31.23,1,5,0
212,3,1509.63,678.56,17.65,13.36,1,5,0
213,1,1366.05,640.82,138.73,48.82,1,0,0
213,2,350.67,633.64,103.52,29.59,1,5,0
213,3,1520.75,677.16,17.92,12.29,1,5,0
214,1,1382.35,638.07,139.94,48.59,1,0,0
214,2,369.18,630.06,98.87,28.37,1,5,0
214,3,1538.47,674.01,17.58,12.55,1,5,0
215,1,1406.24,644.58,142.60,49.51,1,0,0
215,2,386.45,628.45,102.94,28.04,1,5,0
215,3,1565.74,682.12,17.49,12.11,1,5,0
216,1,1434.65,654.26,145.49,49.79,1,0,0
216,2,417.30,633.62,97.46,28.36,1,5,0
216,3,1596.37,692.11,18.75,12.31,1,5,0
217,1,1464.59,641.25,148.97,50.61,1,0,0
217,2,447.51,630.34,97.85,27.44,1,5,0
217,3,1630.99,679.06,18.70,12.43,1,5,0
218,1,1490.63,629.64,152.34,51.38,1,0,0
218,2,472.64,632.72,97.46,27.61,1,5,0
218,3,1661.03,668.71,18.31,12.01,1,5,0
219,1,1514.95,647.73,155.54,53.46,1,0,0
219,2,493.46,645.70,96.01,27.73,1,5,0
219,3,1689.63,688.52,20.41,12.75,1,5,0
220,1,1532.40,654.45,157.97,53.47,1,0,0
220,2,510.51,638.75,96.17,27.12,1,5,0
220,3,1710.16,694.83,19.49,13.52,1,5,0
220,6,26.92,628.39,11.76,18.37,1,3,0
221,1,1550.57,635.79,159.91,53.29,1,0,0
221,2,522.31,629.97,95.48,27.34,1,5,0
221,3,1730.85,676.29,20.47,12.99,1,5,0
221,6,43.75,628.21,8.61,14.93,1,3,0
222,1,1570.60,636.55,164.12,54.11,1,0,0
222,2,540.21,643.03,95.35,27.03,1,5,0
222,3,1754.71,677.51,20.79,12.79,1,5,0
222,6,61.59,646.35,11.02,14.50,1,3,0
223,1,1589.45,640.58,168.25,54.41,1,0,0
223,2,555.07,640.12,94.79,26.66,1,5,0
223,3,1777.19,682.13,21.75,12.65,1,5,0
223,6,76.45,638.37,11.72,14.97,1,3,0
224,1,1605.50,643.03,170.77,55.57,1,0,0
224,2,566.81,637.05,93.91,26.43,1,5,0
224,3,1796.73,686.02,21.89,13.23,1,5,0
224,6,90.45,628.24,11.84,18.70,1,3,0
225,1,1626.00,649.12,175.68,56.98,1,0,0
225,2,581.35,640.29,94.94,26.60,1,5,0
225,3,1821.19,692.79,24.60,13.95,1,5,0
225,6,108.73,632.72,9.41,16.40,1,3,0
226,1,1647.95,644.31,179.85,57.22,1,0,0
226,2,599.49,640.90,91.79,26.13,1,5,0
226,3,1849.14,688.53,23.54,13.99,1,5,0
226,6,129.43,634.12,10.88,17.37,1,3,0
227,1,1668.32,638.90,183.84,57.74,1,0,0
227,2,611.97,642.21,95.38,26.51,1,5,0
227,3,1873.73,682.52,25.20,14.66,1,5,0
227,6,141.91,637.76,12.79,17.69,1,3,0
228,1,1692.14,638.66,189.99,57.98,1,0,0
228,2,628.52,642.88,95.83,26.75,1,5,0
228,3,1904.28,682.64,15.72,14.74,1,5,0
228,6,161.40,639.74,12.32,17.98,1,3,0
229,1,1706.80,645.63,193.23,61.56,1,0,0
229,2,637.53,643.93,96.03,26.60,1,5,0
229,6,171.35,637.19,12.08,17.52,1,3,0
230,1,1719.17,644.33,197.06,61.21,1,0,0
230,2,646.59,643.89,93.80,26.07,1,5,0
230,6,178.25,636.04,11.32,17.72,1,3,0
231,1,1734.57,644.97,185.43,60.30,1,0,0
231,2,658.24,647.00,94.28,26.90,1,5,0
231,6,189.53,641.32,10.59,17.78,1,3,0
232,1,1744.13,643.23,175.87,59.93,1,0,0
232,2,663.82,645.01,93.65,27.64,1,5,0
232,6,192.19,641.62,9.65,17.15,1,3,0
233,1,1756.49,646.84,163.51,60.70,1,0,0
233,2,670.06,645.50,94.30,27.40,1,5,0
233,6,195.51,639.95,9.32,16.40,1,3,0
234,1,1769.51,650.00,150.49,59.81,1,0,0
234,2,676.50,643.36,94.87,28.08,1,5,0
234,6,200.23,636.84,8.96,16.59,1,3,0
235,1,1790.57,651.48,129.43,58.58,1,0,0
235,2,690.92,637.50,97.89,28.11,1,5,0
235,6,215.99,628.63,8.18,15.32,1,3,0
236,1,1837.33,690.88,82.67,52.42,1,0,0
236,2,719.03,626.17,91.67,29.52,1,5,0
236,6,253.57,596.82,9.67,17.77,1,3,0
237,2,772.43,633.51,85.91,36.98,1,5,0
237,6,322.55,588.55,7.50,13.27,1,3,0
238,2,840.79,647.06,88.22,36.21,1,5,0
239,2,904.64,653.66,86.93,28.21,1,5,0
239,6,468.10,643.37,8.58,15.82,1,3,0
240,2,934.21,654.31,90.53,26.07,1,5,0
240,6,504.04,688.39,7.92,14.90,1,3,0
241,2,946.04,653.41,92.19,28.59,1,5,0
241,6,508.99,695.80,8.45,15.44,1,3,0
242,2,938.48,657.73,92.66,28.08,1,5,0
242,6,495.82,674.90,8.52,13.61,1,3,0
243,2,919.74,659.34,91.04,28.59,1,5,0
243,6,470.79,641.79,9.73,15.93,1,3,0
244,2,906.90,644.35,90.87,31.82,1,5,0
244,6,455.98,632.43,8.22,14.30,1,3,0
245,2,911.85,664.67,91.30,27.16,1,5,0
245,6,454.38,666.79,8.37,14.90,1,3,0
246,2,915.25,664.50,94.71,27.09,1,5,0
246,6,459.22,660.38,9.20,15.23,1,3,0
247,2,934.93,656.16,90.82,28.78,1,5,0
247,6,478.71,636.22,8.72,14.97,1,3,0
248,2,967.88,658.22,83.67,29.92,1,5,0
248,6,509.06,630.64,8.85,14.40,1,3,0
249,2,1001.13,656.87,91.40,28.87,1,5,0
249,6,542.84,635.38,9.85,15.34,1,3,0
249,7,0.51,582.35,102.82,34.36,1,0,0
250,2,1039.84,655.69,92.99,27.99,1,5,0
250,6,586.54,649.74,8.48,13.53,1,3,0
250,7,0.36,605.28,160.98,36.37,1,0,0
251,2,1071.63,665.66,93.23,26.46,1,5,0
251,6,615.72,669.16,8.66,13.80,1,3,0
251,7,14.79,631.83,186.31,38.36,1,0,0
252,2,1095.43,660.10,96.54,26.83,1,5,0
252,6,638.33,676.13,9.00,12.95,1,3,0
252,7,54.42,647.57,178.45,37.10,1,0,0
253,2,1106.09,651.92,96.56,29.32,1,5,0
253,6,648.83,667.75,8.71,13.88,1,3,0
253,7,66.72,639.21,177.71,37.09,1,0,0
254,2,1104.09,657.91,97.89,29.89,1,5,0
254,6,641.43,664.97,9.26,13.83,1,3,0
254,7,58.04,627.28,178.29,36.81,1,0,0
255,2,1100.15,655.64,97.86,33.61,1,5,0
255,6,636.13,659.51,9.89,15.50,1,3,0
255,7,48.32,620.50,182.78,36.87,1,0,0
256,2,1108.15,660.04,97.91,38.24,1,5,0
256,6,640.64,658.43,9.86,15.69,1,3,0
256,7,56.51,611.79,183.29,38.09,1,0,0
257,2,1120.50,674.58,99.55,30.43,1,5,0
257,6,654.63,661.48,9.56,15.22,1,3,0
257,7,78.66,609.62,178.58,39.17,1,0,0
258,2,1147.65,674.63,99.47,29.39,1,5,0
258,6,680.65,656.76,9.97,16.04,1,3,0
258,7,118.42,605.62,172.89,38.47,1,0,0
259,2,1175.39,677.98,99.75,28.51,1,5,0
259,6,706.27,660.19,8.86,15.54,1,3,0
259,7,152.65,608.41,168.40,37.48,1,0,0
260,2,1207.41,681.40,101.80,27.79,1,5,0
260,6,734.09,670.63,9.89,14.60,1,3,0
260,7,193.81,624.05,159.81,36.89,1,0,0
261,2,1235.96,665.81,103.91,27.19,1,5,0
261,6,759.90,672.53,10.37,13.82,1,3,0
261,7,227.16,639.36,158.12,36.22,1,0,0
262,2,1263.22,669.67,102.41,27.86,1,5,0
262,6,785.06,683.01,8.05,13.86,1,3,0
262,7,252.33,652.27,158.64,36.34,1,0,0
263,2,1267.92,671.17,110.51,29.38,1,5,0
263,6,789.14,677.82,9.77,17.16,1,3,0
263,7,261.06,647.78,156.47,36.55,1,0,0
264,2,1269.78,661.80,105.38,27.95,1,5,0
264,7,256.73,640.53,158.91,36.89,1,0,0
265,2,1263.70,664.39,105.40,28.65,1,5,0
265,7,244.76,652.49,159.39,38.05,1,0,0
265,6,779.22,678.30,9.87,17.35,1,3,0
266,2,1255.65,661.72,104.39,28.39,1,5,0
266,7,228.63,645.17,163.24,37.68,1,0,0
266,6,768.60,673.37,9.67,16.59,1,3,0
267,2,1247.35,664.84,103.67,29.43,1,5,0
267,7,215.62,641.07,165.63,37.34,1,0,0
267,6,758.57,671.97,10.14,17.45,1,3,0
268,2,1239.34,669.97,105.39,31.10,1,5,0
268,7,199.06,640.27,168.02,37.83,1,0,0
268,6,747.47,674.62,10.31,17.47,1,3,0
269,2,1229.69,668.56,105.12,29.13,1,5,0
269,7,181.76,638.71,171.99,37.32,1,0,0
269,6,737.26,671.70,11.76,18.51,1,3,0
270,2,1227.09,668.48,105.72,28.63,1,5,0
270,7,173.51,645.57,173.68,39.17,1,0,0
270,6,730.95,673.74,11.27,20.19,1,3,0
271,2,1226.82,665.21,107.95,28.32,1,5,0
271,7,173.86,658.86,172.82,39.10,1,0,0
271,6,730.58,679.58,11.56,19.86,1,3,0
272,2,1233.68,659.76,107.40,28.89,1,5,0
272,7,175.54,666.38,173.96,38.98,1,0,0
272,6,734.64,683.01,10.83,18.58,1,3,0
273,2,1218.97,654.17,109.46,28.94,1,5,0
273,7,154.20,659.96,173.86,37.51,1,0,0
273,6,717.97,677.35,10.42,16.57,1,3,0
274,2,1198.25,656.72,109.87,28.46,1,5,0
274,7,119.96,648.80,179.86,39.32,1,0,0
274,6,695.26,672.93,10.74,17.40,1,3,0
275,2,1172.64,663.14,107.45,28.07,1,5,0
275,7,75.48,648.38,187.77,39.15,1,0,0
275,6,666.15,675.91,10.40,17.15,1,3,0
276,2,1147.58,660.83,108.10,28.23,1,5,0
276,7,25.95,650.45,200.82,39.60,1,0,0
276,6,636.42,676.58,10.89,16.79,1,3,0
277,2,1130.01,661.60,106.34,28.00,1,5,0
277,7,0.00,645.32,200.22,38.69,1,0,0
277,6,615.80,674.35,10.61,15.83,1,3,0
