1,1,1458.77,446.99,183.38,47.72,1,0,0
1,2,248.74,528.90,110.72,16.74,1,0,0
2,1,1349.10,448.65,187.77,46.64,1,0,0
3,1,1254.95,467.77,180.09,46.08,1,0,0
4,1,1142.20,470.19,181.47,46.06,1,0,0
4,3,1676.15,475.89,60.66,20.37,1,0,0
5,1,1078.49,465.38,161.10,46.98,1,0,0
5,3,1576.52,462.86,74.51,19.16,1,0,0
6,1,985.07,465.27,183.27,44.47,1,0,0
6,3,1491.52,491.29,75.95,20.57,1,0,0
7,1,921.68,465.12,174.08,44.68,1,0,0
7,3,1410.11,488.89,79.03,21.09,1,0,0
8,1,857.04,472.92,168.30,47.02,1,0,0
8,3,1334.97,463.22,75.42,20.37,1,0,0
9,1,805.66,468.47,174.71,46.32,1,0,0
9,3,1285.32,489.42,72.73,19.93,1,0,0
10,1,772.88,472.28,169.32,45.12,1,0,0
10,3,1248.25,495.59,76.51,19.57,1,0,0
11,1,746.50,484.32,171.62,45.90,1,0,0
11,3,1222.69,486.13,71.95,20.45,1,0,0
12,1,737.63,467.85,169.36,45.48,1,0,0
12,3,1209.89,478.83,70.75,20.16,1,0,0
13,1,723.96,456.85,171.20,46.00,1,0,0
13,3,1196.14,476.56,68.48,19.26,1,0,0
14,1,713.67,472.65,177.06,46.32,1,0,0
14,3,1195.48,489.11,70.81,20.36,1,0,0
15,1,724.19,480.68,179.18,46.31,1,0,0
15,3,1204.42,491.51,70.51,20.22,1,0,0
16,1,746.86,480.01,175.34,46.92,1,0,0
16,3,1226.58,483.18,70.35,19.98,1,0,0
17,1,770.45,465.71,172.19,46.54,1,0,0
17,3,1244.37,485.61,70.66,20.62,1,0,0
18,1,782.10,461.53,170.16,45.16,1,0,0
18,3,1254.49,482.52,71.37,21.97,1,0,0
19,1,802.50,475.53,172.37,46.79,1,0,0
19,3,1277.98,475.77,69.75,20.65,1,0,0
20,1,823.59,477.89,172.90,46.96,1,0,0
20,3,1305.82,482.11,70.43,21.93,1,0,0
21,1,844.77,471.45,171.42,45.73,1,0,0
21,3,1326.89,498.33,69.15,20.29,1,0,0
22,1,864.19,466.49,175.31,45.75,1,0,0
22,3,1348.42,480.36,72.11,19.93,1,0,0
23,1,887.74,468.27,169.45,47.57,1,0,0
23,3,1363.79,461.10,74.56,19.91,1,0,0
24,1,904.08,471.71,168.67,45.92,1,0,0
24,3,1381.15,493.45,73.91,21.04,1,0,0
25,1,919.13,466.50,167.82,45.74,1,0,0
25,3,1401.58,487.89,71.34,19.83,1,0,0
26,1,923.20,466.81,169.64,46.35,1,0,0
26,3,1406.16,466.54,73.16,20.64,1,0,0
27,1,933.01,474.81,169.17,45.68,1,0,0
27,3,1418.35,485.60,72.70,20.10,1,0,0
28,1,936.35,469.52,175.00,45.50,1,0,0
28,3,1424.67,483.75,72.12,20.47,1,0,0
29,1,939.76,466.60,169.25,46.10,1,0,0
29,3,1422.37,482.67,71.46,20.48,1,0,0
30,1,940.73,470.56,168.61,46.37,1,0,0
30,3,1421.50,489.56,71.81,20.80,1,0,0
31,1,942.23,469.30,168.33,46.87,1,0,0
31,3,1427.27,461.02,71.14,20.63,1,0,0
32,1,931.35,469.90,164.92,44.84,1,0,0
32,3,1408.25,478.83,71.96,20.75,1,0,0
33,1,905.99,476.07,172.30,46.60,1,0,0
33,3,1385.69,513.87,74.60,21.83,1,0,0
34,1,880.96,468.85,165.36,46.34,1,0,0
34,3,1355.10,453.81,69.05,19.37,1,0,0
35,1,836.63,465.99,169.98,45.64,1,0,0
35,3,1309.66,468.14,71.91,19.77,1,0,0
36,1,791.20,475.32,177.46,46.21,1,0,0
36,3,1275.01,512.40,69.30,20.59,1,0,0
37,1,757.37,481.74,173.97,45.78,1,0,0
37,3,1235.41,496.40,68.46,18.67,1,0,0
38,1,708.89,476.65,163.55,48.88,1,0,0
38,3,1171.15,461.38,75.34,19.46,1,0,0
39,1,649.20,471.08,177.70,46.35,1,0,0
39,3,1116.61,495.30,77.85,19.93,1,0,0
40,1,599.43,466.03,171.63,46.73,1,0,0
40,3,1075.09,502.25,82.16,20.27,1,0,0
41,1,541.50,485.41,167.19,47.93,1,0,0
41,3,1006.14,473.41,79.84,19.69,1,0,0
42,1,462.00,489.19,173.74,47.04,1,0,0
42,3,935.32,492.09,79.55,19.51,1,0,0
42,6,1778.88,461.00,114.12,22.88,1,0,0
43,1,401.11,472.59,170.61,44.43,1,0,0
43,3,886.92,501.50,77.76,20.05,1,0,0
43,6,1704.83,528.68,113.60,19.04,1,0,0
44,1,301.63,492.65,195.88,49.67,1,0,0
44,3,816.16,499.72,79.97,19.63,1,0,0
44,6,1618.64,479.87,104.68,17.75,1,0,0
45,1,178.10,487.92,223.07,49.51,1,0,0
45,3,734.28,490.96,79.26,20.30,1,0,0
45,6,1524.33,459.29,108.94,17.45,1,0,0
46,1,50.08,469.80,242.64,46.43,1,0,0
46,3,636.52,487.20,84.71,20.01,1,0,0
46,6,1412.95,494.32,99.01,14.04,1,0,0
46,7,1747.77,488.03,149.91,18.21,1,0,0
47,1,0.00,503.69,182.39,47.17,1,0,0
47,3,557.51,507.70,81.49,20.19,1,0,0
47,6,1338.35,492.34,93.35,13.69,1,0,0
47,7,1650.08,480.52,136.02,16.97,1,0,0
48,1,0.56,504.35,72.43,42.51,1,0,0
48,3,478.25,509.55,80.43,20.57,1,0,0
48,6,1265.76,500.70,85.31,13.25,1,0,0
48,7,1561.30,492.06,117.67,17.12,1,0,0
48,8,1763.88,486.82,142.85,18.16,1,0,0
49,3,401.39,496.76,84.77,21.11,1,0,0
49,6,1200.49,497.27,95.36,13.65,1,0,0
49,7,1483.28,489.90,117.70,16.59,1,0,0
49,8,1691.19,488.53,151.34,18.65,1,0,0
50,3,319.25,500.88,77.25,19.63,1,0,0
50,6,1132.09,484.30,84.81,13.20,1,0,0
50,7,1408.92,473.09,111.38,15.62,1,0,0
50,8,1598.67,467.52,109.22,16.24,1,0,0
51,3,206.89,509.52,81.00,20.92,1,0,0
51,6,1044.91,492.25,86.51,13.86,1,0,0
51,7,1313.26,481.77,116.23,16.31,1,0,0
51,8,1499.94,475.48,111.09,17.84,1,0,0
52,6,976.13,502.72,82.92,12.92,1,0,0
52,7,1245.53,494.43,108.91,15.20,1,0,0
52,8,1422.07,491.88,105.24,15.37,1,0,0
53,6,906.18,504.19,83.59,12.47,1,0,0
53,7,1164.18,494.16,115.15,15.29,1,0,0
53,8,1340.79,491.28,98.92,14.64,1,0,0
54,6,819.38,501.59,87.24,13.52,1,0,0
54,7,1088.85,494.26,107.24,14.89,1,0,0
54,8,1239.91,490.45,109.39,15.72,1,0,0
55,6,744.30,497.50,91.21,13.96,1,0,0
55,7,1011.03,489.06,104.49,15.79,1,0,0
55,8,1173.16,487.05,99.87,15.70,1,0,0
56,6,663.19,505.25,85.93,14.04,1,0,0
56,7,936.82,494.94,104.40,15.38,1,0,0
56,8,1102.90,491.08,95.17,15.37,1,0,0
57,6,593.65,514.25,88.72,13.26,1,0,0
57,7,866.35,502.96,103.66,15.14,1,0,0
57,8,1055.32,499.09,79.61,14.23,1,0,0
58,6,521.28,505.28,91.08,14.46,1,0,0
58,7,805.11,497.72,106.69,15.88,1,0,0
58,8,972.29,495.62,92.77,14.87,1,0,0
59,6,457.51,505.02,100.89,13.92,1,0,0
59,7,757.50,496.92,93.74,14.68,1,0,0
59,8,922.08,494.98,85.88,14.36,1,0,0
60,6,400.70,512.45,97.17,14.24,1,0,0
60,7,702.60,502.75,102.52,16.07,1,0,0
60,8,868.16,500.47,90.84,14.95,1,0,0
61,6,348.59,515.11,102.33,14.53,1,0,0
61,7,669.75,510.35,98.48,14.52,1,0,0
61,8,835.04,508.89,84.56,14.42,1,0,0
62,6,285.39,513.96,112.59,14.93,1,0,0
62,7,613.15,503.42,105.26,16.03,1,0,0
62,8,776.32,499.24,95.92,15.72,1,0,0
63,7,574.37,498.48,106.77,15.92,1,0,0
63,8,750.47,495.59,91.14,15.12,1,0,0
63,2,247.73,509.95,109.19,15.70,1,0,0
64,7,554.20,493.08,107.37,15.15,1,0,0
64,8,731.45,491.87,91.29,14.97,1,0,0
64,2,216.61,498.72,116.66,15.66,1,0,0
65,7,540.51,498.79,105.75,15.50,1,0,0
65,8,719.39,494.60,87.92,16.09,1,0,0
65,2,194.16,510.20,117.21,16.37,1,0,0
66,7,527.34,517.84,111.47,16.00,1,0,0
66,8,703.89,512.47,92.12,16.03,1,0,0
66,2,184.44,528.38,118.49,16.69,1,0,0
67,7,527.18,508.15,111.52,16.13,1,0,0
67,8,706.43,507.06,93.81,15.32,1,0,0
67,2,186.95,511.97,117.78,16.63,1,0,0
68,7,534.21,500.30,111.11,16.28,1,0,0
68,8,713.03,496.32,92.53,15.19,1,0,0
68,2,194.98,509.84,117.59,16.67,1,0,0
69,7,548.31,496.93,109.01,16.41,1,0,0
69,8,718.23,492.55,95.12,16.01,1,0,0
69,2,209.92,507.66,117.62,18.39,1,0,0
70,7,559.76,493.24,111.36,15.93,1,0,0
70,8,736.42,489.04,92.46,15.79,1,0,0
70,2,228.39,499.98,115.14,16.17,1,0,0
71,7,576.48,507.40,111.13,16.23,1,0,0
71,8,752.53,502.38,91.30,14.61,1,0,0
71,2,255.28,517.41,107.65,15.74,1,0,0
72,7,601.16,510.72,104.38,15.96,1,0,0
72,8,768.15,508.00,95.98,15.03,1,0,0
72,2,278.32,519.40,108.68,15.55,1,0,0
73,7,614.76,501.46,104.26,15.42,1,0,0
73,8,784.66,500.28,93.16,15.13,1,0,0
73,2,297.71,507.13,106.31,15.03,1,0,0
74,7,634.72,496.14,105.18,15.96,1,0,0
74,8,804.39,492.35,89.53,14.49,1,0,0
74,2,322.11,505.62,104.39,15.05,1,0,0
75,7,644.87,502.54,105.54,15.61,1,0,0
75,8,817.06,498.31,88.34,14.89,1,0,0
75,2,335.51,511.90,104.25,15.37,1,0,0
76,7,646.94,500.17,106.75,16.03,1,0,0
76,8,817.64,497.11,91.63,15.01,1,0,0
76,2,341.69,507.21,102.10,15.65,1,0,0
77,7,650.87,490.96,109.23,16.28,1,0,0
77,8,820.91,487.59,93.14,14.42,1,0,0
77,2,342.49,500.29,105.61,15.58,1,0,0
78,7,657.96,506.04,107.89,15.75,1,0,0
78,8,827.72,502.21,91.12,15.48,1,0,0
78,2,352.99,513.78,103.27,15.62,1,0,0
79,7,663.56,520.21,105.95,15.47,1,0,0
79,8,834.79,518.06,88.05,14.57,1,0,0
79,2,358.34,523.88,104.84,16.45,1,0,0
80,7,664.98,497.82,106.04,16.34,1,0,0
80,8,832.51,494.35,89.18,15.10,1,0,0
80,2,359.50,509.61,103.23,15.01,1,0,0
81,7,661.30,483.50,103.08,15.81,1,0,0
81,8,828.35,478.07,92.49,15.69,1,0,0
81,2,356.54,495.41,102.79,14.98,1,0,0
82,7,654.98,500.19,106.70,15.67,1,0,0
82,8,822.41,496.66,93.26,15.48,1,0,0
82,2,351.20,508.34,103.15,14.77,1,0,0
83,7,650.38,512.29,107.79,15.98,1,0,0
83,8,822.62,510.26,87.95,14.30,1,0,0
83,2,346.64,519.14,102.41,15.27,1,0,0
84,7,648.48,507.14,104.28,15.86,1,0,0
84,8,815.28,504.42,90.39,15.29,1,0,0
84,2,340.25,514.53,102.22,15.02,1,0,0
85,7,644.58,497.98,107.08,15.37,1,0,0
85,8,812.97,492.47,94.04,14.91,1,0,0
85,2,335.64,508.65,103.96,15.07,1,0,0
86,7,639.09,498.33,105.78,15.47,1,0,0
86,8,801.39,496.50,96.13,15.03,1,0,0
86,2,327.42,508.42,105.51,15.40,1,0,0
87,7,632.30,504.20,107.47,15.12,1,0,0
87,8,802.14,501.57,91.51,14.93,1,0,0
87,2,322.98,509.90,104.08,15.40,1,0,0
88,7,636.03,499.66,104.74,15.87,1,0,0
88,8,802.50,495.72,91.42,15.25,1,0,0
88,2,323.00,509.82,106.95,15.66,1,0,0
89,7,630.84,502.02,107.68,16.33,1,0,0
89,8,803.95,499.03,88.46,14.96,1,0,0
89,2,324.16,510.13,105.74,15.62,1,0,0
90,7,633.06,507.55,107.00,15.31,1,0,0
90,8,804.21,504.40,92.51,15.00,1,0,0
90,2,324.74,512.57,104.23,15.61,1,0,0
91,7,642.24,500.12,106.26,15.55,1,0,0
91,8,812.29,495.22,90.79,15.71,1,0,0
91,2,334.38,510.79,104.79,15.64,1,0,0
92,7,648.73,497.43,105.74,16.00,1,0,0
92,8,817.86,492.49,86.87,14.62,1,0,0
92,2,341.61,508.14,103.39,14.92,1,0,0
93,7,654.31,503.67,101.93,14.55,1,0,0
93,8,818.16,501.20,89.93,14.73,1,0,0
93,2,346.12,507.32,101.26,15.31,1,0,0
94,7,659.41,509.11,105.55,15.20,1,0,0
94,8,826.78,505.38,93.18,15.91,1,0,0
94,2,356.76,517.46,99.33,14.91,1,0,0
95,7,663.27,496.14,105.22,16.12,1,0,0
95,8,831.86,491.84,87.44,15.08,1,0,0
95,2,360.68,506.91,102.12,15.16,1,0,0
96,7,663.16,499.14,107.29,16.24,1,0,0
96,8,833.29,495.66,87.35,14.60,1,0,0
96,2,363.57,508.78,101.34,15.64,1,0,0
97,7,661.15,500.79,106.79,16.07,1,0,0
97,8,831.56,496.98,87.05,15.54,1,0,0
97,2,360.25,510.30,102.77,15.56,1,0,0
98,7,658.44,500.34,103.36,14.80,1,0,0
98,8,825.75,496.62,86.98,15.06,1,0,0
98,2,353.88,508.02,101.92,15.53,1,0,0
99,7,660.27,515.63,105.77,16.53,1,0,0
99,8,828.53,513.11,87.17,14.33,1,0,0
99,2,359.26,525.19,101.12,15.33,1,0,0
100,7,659.50,498.33,106.97,15.96,1,0,0
100,8,830.32,498.12,84.50,16.47,1,0,0
100,2,359.94,505.45,102.14,15.71,1,0,0
101,7,658.04,490.12,106.69,16.42,1,0,0
101,8,826.29,485.97,86.21,15.01,1,0,0
101,2,354.09,499.46,104.01,16.28,1,0,0
102,7,649.23,499.36,106.51,15.62,1,0,0
102,8,816.88,494.02,89.93,16.78,1,0,0
102,2,346.92,509.19,100.83,15.20,1,0,0
103,7,646.56,505.97,108.61,15.53,1,0,0
103,8,817.20,502.52,87.45,15.71,1,0,0
103,2,344.10,514.37,102.09,15.50,1,0,0
104,7,652.58,509.18,104.84,15.86,1,0,0
104,8,818.36,505.68,88.23,14.71,1,0,0
104,2,348.14,517.18,101.44,15.50,1,0,0
105,7,647.37,497.67,106.79,15.25,1,0,0
105,8,817.67,494.91,87.70,14.62,1,0,0
105,2,345.68,503.25,102.26,15.63,1,0,0
106,7,649.77,507.76,105.44,15.99,1,0,0
106,8,816.11,503.81,86.84,14.57,1,0,0
106,2,345.99,519.54,99.73,15.30,1,0,0
107,7,644.30,496.41,108.04,15.87,1,0,0
107,8,812.37,491.69,88.74,15.52,1,0,0
107,2,339.09,506.98,102.69,15.84,1,0,0
108,7,639.90,487.48,104.86,15.97,1,0,0
108,8,808.71,487.56,86.91,13.73,1,0,0
108,2,334.69,494.39,103.62,15.82,1,0,0
109,7,642.12,514.68,108.83,16.67,1,0,0
109,8,813.97,513.75,85.49,14.97,1,0,0
109,2,342.95,524.72,100.60,15.49,1,0,0
110,7,646.93,512.81,105.26,15.74,1,0,0
110,8,813.20,512.10,86.86,15.38,1,0,0
110,2,342.99,523.77,101.47,15.67,1,0,0
111,7,645.58,492.39,105.54,15.26,1,0,0
111,8,811.42,489.26,86.67,15.11,1,0,0
111,2,342.83,503.87,100.11,15.21,1,0,0
112,7,646.08,496.83,107.41,16.28,1,0,0
112,8,815.22,493.76,86.54,15.07,1,0,0
112,2,347.79,506.57,99.06,15.08,1,0,0
113,7,643.49,501.84,107.03,15.65,1,0,0
113,8,809.43,498.91,89.83,15.40,1,0,0
113,2,343.67,508.76,98.50,15.24,1,0,0
114,7,645.13,507.41,106.45,16.24,1,0,0
114,8,810.56,503.09,90.47,14.28,1,0,0
114,2,345.48,520.13,101.59,14.95,1,0,0
115,7,655.22,507.27,105.71,16.01,1,0,0
115,8,820.81,503.12,89.33,14.63,1,0,0
115,2,355.46,516.36,102.09,14.96,1,0,0
116,7,656.91,500.77,105.79,15.55,1,0,0
116,8,824.84,497.91,88.24,15.21,1,0,0
116,2,357.00,507.99,101.43,15.02,1,0,0
117,7,660.71,497.58,106.88,15.70,1,0,0
117,8,829.39,492.37,86.68,14.99,1,0,0
117,2,363.93,509.09,99.46,15.80,1,0,0
118,7,660.64,507.70,104.21,15.54,1,0,0
118,8,827.05,503.61,86.62,15.27,1,0,0
118,2,361.96,517.17,95.89,15.00,1,0,0
119,7,635.81,503.18,107.67,15.58,1,0,0
119,8,806.20,499.59,86.37,15.18,1,0,0
119,2,336.31,512.83,99.55,14.64,1,0,0
120,7,602.81,506.99,104.11,16.58,1,0,0
120,8,769.93,503.01,87.44,15.88,1,0,0
120,2,287.98,520.45,100.08,16.53,1,0,0
121,7,539.82,531.00,101.18,15.36,1,0,0
121,8,707.29,525.39,95.05,16.15,1,0,0
121,2,204.67,543.01,109.60,15.78,1,0,0
122,7,430.72,506.68,116.25,17.30,1,0,0
122,8,606.92,505.20,97.51,16.01,1,0,0
122,2,78.09,513.35,116.07,16.71,1,0,0
123,7,321.78,511.44,119.34,17.03,1,0,0
123,8,515.42,507.34,94.31,17.20,1,0,0
123,2,0.29,518.77,33.23,13.87,1,0,0
124,7,199.30,522.19,126.40,16.28,1,0,0
124,8,409.16,516.64,104.00,17.37,1,0,0
125,7,128.05,520.22,117.03,17.05,1,0,0
125,8,334.63,515.38,110.60,18.17,1,0,0
126,7,55.25,519.28,141.92,17.89,1,0,0
126,8,287.39,514.71,113.17,17.62,1,0,0
127,7,35.89,520.00,139.91,18.50,1,0,0
127,8,272.33,514.99,109.75,17.74,1,0,0
128,7,35.39,531.54,134.64,19.58,1,0,0
128,8,261.18,529.01,114.47,17.25,1,0,0
129,7,31.78,516.29,138.53,19.71,1,0,0
129,8,267.55,513.13,110.94,17.57,1,0,0
130,7,36.12,528.75,146.73,18.47,1,0,0
130,8,276.23,524.23,114.45,17.71,1,0,0
131,7,34.28,532.46,154.63,20.16,1,0,0
131,8,280.24,529.47,113.12,17.47,1,0,0
132,7,49.02,533.90,148.16,19.80,1,0,0
132,8,291.97,530.81,111.58,17.23,1,0,0
133,7,30.48,533.98,141.12,19.85,1,0,0
133,8,273.69,528.60,111.01,18.24,1,0,0
134,7,0.38,548.27,92.13,21.60,1,0,0
134,8,196.83,542.72,121.11,17.83,1,0,0
135,8,111.51,513.63,124.70,17.06,1,0,0
136,8,44.92,527.36,145.25,19.82,1,0,0
137,8,35.14,520.89,140.73,18.67,1,0,0
138,8,54.69,541.61,137.40,17.97,1,0,0
139,8,102.94,519.20,125.41,18.12,1,0,0
140,8,145.04,516.49,129.50,18.46,1,0,0
140,7,0.38,516.70,18.05,19.23,1,0,0
141,8,223.62,519.29,120.84,17.14,1,0,0
141,7,0.26,520.54,107.14,19.49,1,0,0
142,8,295.46,535.57,108.34,16.66,1,0,0
142,7,68.25,539.58,139.57,17.63,1,0,0
143,8,381.94,534.59,104.99,16.63,1,0,0
143,7,142.93,537.34,134.09,18.25,1,0,0
144,8,447.59,536.84,107.88,17.33,1,0,0
144,7,222.72,540.18,138.00,19.05,1,0,0
145,8,514.79,524.71,106.61,15.83,1,0,0
145,7,309.65,525.00,123.50,17.54,1,0,0
146,8,563.08,533.92,101.62,16.53,1,0,0
146,7,353.37,539.05,126.84,18.75,1,0,0
147,8,603.04,516.68,103.05,16.11,1,0,0
147,7,402.31,519.76,120.83,17.19,1,0,0
147,9,0.31,528.74,126.52,18.62,1,0,0
148,8,639.92,530.36,89.72,15.07,1,0,0
148,7,425.45,531.70,122.94,18.14,1,0,0
148,9,27.65,539.57,134.41,18.38,1,0,0
149,8,658.10,519.40,91.68,16.10,1,0,0
149,7,443.26,522.31,122.22,17.91,1,0,0
149,9,50.97,533.83,132.48,18.33,1,0,0
150,8,674.96,526.40,92.36,16.35,1,0,0
150,7,463.45,527.21,116.89,18.29,1,0,0
150,9,66.21,537.61,133.15,18.09,1,0,0
151,8,673.14,534.41,94.81,16.72,1,0,0
151,7,468.37,536.80,118.74,19.06,1,0,0
151,9,75.52,547.34,130.49,20.69,1,0,0
152,8,679.33,521.11,95.48,16.23,1,0,0
152,7,473.81,521.95,117.52,18.19,1,0,0
152,9,82.45,531.14,131.36,19.23,1,0,0
153,8,699.95,526.74,96.37,16.38,1,0,0
153,7,495.82,528.18,117.55,17.72,1,0,0
153,9,117.03,537.95,116.01,18.39,1,0,0
154,8,718.58,525.66,96.41,16.48,1,0,0
154,7,515.60,527.23,114.20,17.42,1,0,0
154,9,137.04,535.84,121.47,18.36,1,0,0
155,8,723.16,521.58,94.74,15.25,1,0,0
155,7,518.67,523.16,115.30,18.12,1,0,0
155,9,138.61,533.59,122.17,18.66,1,0,0
156,8,722.34,534.34,95.15,15.78,1,0,0
156,7,517.31,537.78,115.69,18.20,1,0,0
156,9,136.12,550.30,122.09,18.82,1,0,0
157,8,722.31,522.27,96.82,16.44,1,0,0
157,7,520.58,524.51,111.38,17.55,1,0,0
157,9,131.36,529.07,124.33,18.54,1,0,0
158,8,713.35,530.22,99.77,16.56,1,0,0
158,7,510.08,532.53,115.85,18.09,1,0,0
158,9,115.62,543.42,126.74,19.20,1,0,0
158,13,259.89,545.03,20.49,11.07,1,2,0
159,8,713.76,521.35,97.55,16.43,1,0,0
159,7,507.83,524.47,113.90,19.03,1,0,0
159,9,113.45,535.88,125.92,18.78,1,0,0
159,13,257.32,537.59,21.36,10.16,1,2,0
160,8,708.61,540.27,96.04,15.74,1,0,0
160,7,504.36,542.93,111.64,17.63,1,0,0
160,9,97.84,552.34,130.00,20.68,1,0,0
160,13,249.30,554.67,21.30,11.28,1,2,0
161,8,699.01,524.24,96.82,16.74,1,0,0
161,7,493.29,525.70,115.04,18.63,1,0,0
161,9,88.75,537.36,119.67,20.36,1,0,0
161,13,238.36,539.90,16.91,8.74,1,2,0
162,8,688.81,523.39,98.69,16.45,1,0,0
162,7,480.55,523.60,114.97,18.82,1,0,0
162,9,68.13,532.73,125.61,19.21,1,0,0
162,13,223.04,535.18,18.81,10.34,1,2,0
163,8,688.64,527.27,96.54,16.29,1,0,0
163,7,473.86,529.55,118.82,18.07,1,0,0
163,9,58.00,538.46,134.16,20.29,1,0,0
163,13,219.48,541.29,18.74,9.86,1,2,0
164,8,676.60,546.11,103.05,17.08,1,0,0
164,7,465.17,548.26,118.40,19.25,1,0,0
164,9,41.28,562.22,136.11,21.35,1,0,0
165,8,672.87,520.60,99.02,15.96,1,0,0
165,7,454.01,522.61,121.10,19.41,1,0,0
165,9,26.14,528.47,135.48,22.63,1,0,0
166,8,668.56,526.83,92.81,16.89,1,0,0
166,7,448.99,528.54,114.19,18.42,1,0,0
166,9,0.58,537.16,142.75,21.54,1,0,0
167,8,659.43,533.01,98.96,17.62,1,0,0
167,7,441.64,534.37,121.39,19.06,1,0,0
167,9,0.44,545.03,136.13,24.39,1,0,0
167,13,177.80,547.01,17.42,10.68,1,2,0
168,8,658.22,535.14,98.01,15.54,1,0,0
168,7,436.04,536.29,119.61,18.83,1,0,0
168,9,0.44,542.44,127.14,19.96,1,0,0
168,13,166.06,546.86,19.85,11.56,1,2,0
169,8,643.94,525.15,101.22,16.26,1,0,0
169,7,419.16,527.32,125.52,20.31,1,0,0
169,9,0.55,537.08,100.67,20.60,1,0,0
169,13,150.97,537.86,17.88,9.70,1,2,0
170,8,642.66,540.00,101.60,17.08,1,0,0
170,7,414.49,540.29,129.30,20.25,1,0,0
170,9,0.48,551.45,98.53,19.50,1,0,0
171,8,642.42,529.01,98.62,15.34,1,0,0
171,7,409.20,531.30,132.15,18.95,1,0,0
171,9,0.78,541.73,92.38,19.31,1,0,0
172,8,648.83,543.30,100.79,16.81,1,0,0
172,7,417.62,541.30,129.99,20.28,1,0,0
172,9,0.50,549.19,96.62,20.02,1,0,0
173,8,651.13,521.16,100.87,16.70,1,0,0
173,7,420.51,520.89,131.09,20.64,1,0,0
173,9,0.63,534.31,96.57,19.40,1,0,0
173,13,155.07,535.93,17.01,10.42,1,2,0
174,8,642.06,546.50,103.55,17.87,1,0,0
174,7,412.62,548.06,136.76,21.10,1,0,0
174,9,0.49,560.11,90.95,19.95,1,0,0
174,13,142.97,564.62,19.88,11.26,1,2,0
175,8,656.20,527.21,96.99,16.20,1,0,0
175,7,421.16,524.91,132.96,19.48,1,0,0
175,9,0.34,531.25,96.70,18.96,1,0,0
175,13,154.51,533.42,25.06,11.65,1,2,0
176,8,668.01,536.81,98.23,14.99,1,0,0
176,7,433.07,538.39,131.43,20.38,1,0,0
176,9,0.45,547.30,107.58,21.64,1,0,0
177,8,681.12,542.63,99.68,16.67,1,0,0
177,7,440.98,544.88,136.18,20.52,1,0,0
177,9,0.22,557.02,127.75,19.26,1,0,0
177,13,181.24,559.20,21.97,11.23,1,2,0
178,8,689.57,544.93,103.21,15.89,1,0,0
178,7,452.34,545.84,138.45,20.57,1,0,0
178,9,0.54,555.44,137.42,20.26,1,0,0
178,13,200.70,558.47,20.05,10.87,1,2,0
179,8,696.52,532.43,101.77,15.58,1,0,0
179,7,480.72,533.71,117.68,20.32,1,0,0
179,9,0.83,545.92,144.48,20.36,1,0,0
179,13,207.55,546.95,18.40,10.87,1,2,0
180,8,698.64,544.23,101.56,16.08,1,0,0
180,7,479.81,546.59,120.36,20.04,1,0,0
180,9,0.23,555.83,145.99,20.93,1,0,0
180,13,208.52,558.46,19.75,10.41,1,2,0
181,8,697.00,536.32,104.77,16.79,1,0,0
181,7,469.63,538.59,126.33,19.79,1,0,0
181,9,0.16,549.56,140.35,21.18,1,0,0
181,13,206.80,550.67,20.53,11.66,1,2,0
182,8,697.57,543.94,102.20,15.81,1,0,0
182,7,469.95,546.37,125.03,20.11,1,0,0
182,9,0.37,561.48,132.74,19.94,1,0,0
183,8,688.71,535.91,102.60,16.31,1,0,0
183,7,446.90,540.08,136.05,19.86,1,0,0
183,9,0.47,550.80,114.94,19.56,1,0,0
183,13,191.73,550.58,19.22,11.26,1,2,0
184,8,685.78,543.15,104.06,16.18,1,0,0
184,7,442.55,542.82,142.17,19.41,1,0,0
184,9,0.35,549.23,109.16,19.30,1,0,0
184,13,186.72,550.91,21.83,11.27,1,2,0
185,8,676.25,541.68,103.07,16.42,1,0,0
185,7,433.04,546.55,136.33,21.89,1,0,0
185,9,0.43,563.12,88.10,20.27,1,0,0
185,13,168.14,563.48,19.62,11.95,1,2,0
186,8,674.41,543.65,103.85,16.01,1,0,0
186,7,425.21,543.75,137.62,19.07,1,0,0
186,9,0.43,551.07,80.89,17.99,1,0,0
186,13,167.31,551.88,19.83,11.42,1,2,0
187,8,673.12,536.34,104.97,17.26,1,0,0
187,7,419.14,542.02,140.77,20.73,1,0,0
187,9,0.02,558.97,72.94,16.99,1,0,0
187,13,162.98,557.55,21.95,11.50,1,2,0
187,14,559.43,543.05,14.98,14.10,1,0,0
188,8,657.87,542.54,107.71,16.08,1,0,0
188,7,402.20,546.62,136.64,20.50,1,0,0
188,9,0.50,560.32,46.70,18.76,1,0,0
188,13,140.24,560.57,21.08,11.50,1,2,0
188,14,537.96,546.97,20.19,16.59,1,0,0
189,8,655.65,537.57,102.24,17.11,1,0,0
189,7,397.34,539.45,135.15,19.18,1,0,0
189,9,0.36,546.81,31.41,19.05,1,0,0
189,13,131.09,549.09,18.58,11.23,1,2,0
190,8,655.53,526.32,103.89,17.33,1,0,0
190,7,386.46,532.38,141.36,20.76,1,0,0
190,9,0.29,546.82,20.34,18.32,1,0,0
190,13,125.38,546.62,21.98,12.82,1,2,0
190,14,526.71,534.69,13.65,12.73,1,0,0
191,8,643.22,560.14,104.59,16.60,1,0,0
191,7,375.05,561.58,139.26,20.45,1,0,0
191,15,523.02,565.37,57.75,13.16,1,0,0
191,14,513.17,564.36,16.48,13.55,1,0,0
192,8,633.52,531.71,104.19,17.57,1,0,0
192,7,363.96,537.09,140.01,21.42,1,0,0
192,14,502.74,537.52,16.64,14.28,1,0,0
192,13,94.03,550.11,18.83,12.45,1,2,0
193,8,633.27,535.48,104.41,17.56,1,0,0
193,7,363.34,536.24,137.81,19.95,1,0,0
193,14,500.15,539.72,16.84,13.59,1,0,0
194,8,624.48,559.66,110.10,18.12,1,0,0
194,7,352.63,565.91,142.91,20.67,1,0,0
194,14,494.08,568.27,16.83,13.74,1,0,0
194,15,505.30,570.20,52.65,11.82,1,0,0
194,13,78.21,581.19,17.11,11.12,1,2,0
195,8,619.26,539.12,109.32,19.17,1,0,0
195,7,343.12,543.30,142.80,20.19,1,0,0
195,14,484.52,545.37,15.26,13.78,1,0,0
195,15,500.29,545.48,48.65,12.43,1,0,0
195,13,63.16,555.82,22.19,11.80,1,2,0
196,8,616.03,531.31,108.94,18.69,1,0,0
196,7,335.61,534.34,146.83,20.53,1,0,0
196,14,481.45,537.06,16.37,13.02,1,0,0
196,15,496.13,539.05,55.51,11.38,1,0,0
196,13,57.67,544.22,22.10,11.79,1,2,0
197,8,611.50,545.15,107.95,18.48,1,0,0
197,7,325.31,550.16,153.47,21.66,1,0,0
197,14,476.45,552.42,15.27,14.75,1,0,0
197,15,490.81,554.57,57.65,13.08,1,0,0
197,13,46.61,564.02,21.24,12.75,1,2,0
198,8,612.49,535.72,110.37,19.67,1,0,0
198,7,330.88,538.48,147.71,21.22,1,0,0
198,14,477.17,540.34,15.81,14.46,1,0,0
198,15,494.96,543.15,54.70,12.21,1,0,0
199,8,609.38,532.77,108.76,20.09,1,0,0
199,7,326.17,537.34,143.28,21.91,1,0,0
199,14,468.78,540.55,19.92,13.79,1,0,0
199,15,489.48,543.60,55.29,12.33,1,0,0
199,13,46.54,546.67,16.74,12.51,1,2,0
200,8,609.82,546.03,110.00,19.04,1,0,0
200,7,321.68,551.75,150.38,21.25,1,0,0
200,14,471.16,553.47,20.59,13.86,1,0,0
200,15,490.97,555.62,53.91,12.51,1,0,0
200,13,45.11,565.03,18.09,11.91,1,2,0
201,8,610.67,538.81,110.48,20.38,1,0,0
201,7,327.18,546.05,145.38,22.57,1,0,0
201,14,471.32,546.36,21.94,14.55,1,0,0
201,15,492.71,548.18,56.21,12.99,1,0,0
201,13,42.98,563.21,16.04,11.55,1,2,0
202,8,611.88,538.17,110.02,18.03,1,0,0
202,7,320.62,538.00,146.39,21.17,1,0,0
202,14,465.52,540.23,20.96,14.89,1,0,0
202,15,488.34,543.09,56.22,12.53,1,0,0
202,13,31.49,548.66,23.21,12.03,1,2,0
203,8,609.34,550.49,110.06,19.60,1,0,0
203,7,314.57,555.53,150.48,21.16,1,0,0
203,14,464.06,557.93,20.80,13.46,1,0,0
203,15,488.02,559.53,55.50,12.24,1,0,0
203,13,31.35,566.49,24.19,12.50,1,2,0
204,8,609.81,535.44,110.67,17.11,1,0,0
204,7,312.35,541.80,152.01,21.90,1,0,0
204,14,463.70,543.47,22.35,13.97,1,0,0
204,15,487.85,545.63,50.70,11.10,1,0,0
204,13,32.80,559.15,19.43,10.70,1,2,0
205,8,607.94,539.92,112.87,18.60,1,0,0
205,7,304.84,544.45,155.75,21.49,1,0,0
205,14,460.48,546.09,21.56,14.57,1,0,0
205,15,484.31,547.93,55.70,12.59,1,0,0
205,13,20.50,557.90,25.14,12.18,1,2,0
206,8,622.93,540.15,106.81,18.86,1,0,0
206,7,320.41,541.69,152.13,20.00,1,0,0
206,14,472.16,545.41,23.55,13.31,1,0,0
206,15,499.45,547.04,53.37,12.05,1,0,0
206,13,42.97,549.48,20.81,11.31,1,2,0
207,8,623.51,532.08,112.54,18.62,1,0,0
207,7,321.39,540.20,154.06,22.56,1,0,0
207,14,475.38,541.83,22.29,13.75,1,0,0
207,15,500.52,544.17,54.68,12.38,1,0,0
207,13,47.33,560.59,21.84,11.84,1,2,0
208,8,626.90,540.52,114.26,18.05,1,0,0
208,7,321.67,544.45,155.42,20.00,1,0,0
208,14,476.61,547.10,24.89,14.22,1,0,0
208,15,505.90,549.11,54.78,12.15,1,0,0
208,13,0.94,554.72,69.51,16.08,1,0,0
209,8,632.97,537.78,111.63,18.30,1,0,0
209,7,327.25,542.97,153.68,20.44,1,0,0
209,14,479.71,544.82,24.33,14.35,1,0,0
209,15,509.57,546.63,53.60,12.85,1,0,0
209,13,53.74,553.22,21.87,14.09,1,2,0
210,8,626.01,545.76,115.17,18.02,1,0,0
210,7,319.88,554.30,150.30,21.09,1,0,0
210,14,470.21,556.86,27.91,14.00,1,0,0
210,15,503.50,558.32,52.79,11.39,1,0,0
210,13,16.42,570.71,53.43,14.11,1,2,0
210,9,0.75,571.15,68.88,14.47,1,0,0
211,8,630.77,526.74,112.29,18.42,1,0,0
211,7,323.78,528.05,152.08,20.28,1,0,0
211,14,474.84,531.45,26.66,13.84,1,0,0
211,15,510.33,533.41,55.02,11.76,1,0,0
212,8,640.21,554.37,111.81,18.54,1,0,0
212,7,333.68,558.64,149.53,21.49,1,0,0
212,14,482.86,562.24,28.70,14.66,1,0,0
212,15,518.28,565.59,53.90,12.02,1,0,0
212,9,1.16,574.03,82.92,16.07,1,0,0
213,8,642.75,542.62,111.39,17.56,1,0,0
213,7,337.35,547.15,146.80,21.07,1,0,0
213,14,483.22,549.60,29.44,14.22,1,0,0
213,15,521.21,551.39,55.80,11.71,1,0,0
213,13,63.86,560.27,20.57,14.45,1,2,0
214,8,641.82,531.50,114.30,18.02,1,0,0
214,7,329.15,535.57,155.08,21.28,1,0,0
214,14,484.17,538.69,29.26,14.68,1,0,0
214,15,520.92,540.75,54.32,12.13,1,0,0
214,13,66.01,545.33,19.34,12.77,1,2,0
215,8,643.91,553.54,113.73,18.81,1,0,0
215,7,330.50,561.17,152.94,20.94,1,0,0
215,14,482.78,562.51,30.33,14.86,1,0,0
215,15,521.81,565.99,53.11,11.60,1,0,0
215,13,61.73,576.40,22.22,12.40,1,2,0
216,8,639.37,533.49,111.71,17.84,1,0,0
216,7,319.53,536.48,156.23,20.93,1,0,0
216,14,475.67,539.75,31.92,14.65,1,0,0
216,15,515.95,541.16,53.93,12.04,1,0,0
216,13,51.93,546.52,20.14,11.74,1,2,0
217,8,635.02,533.95,115.24,20.11,1,0,0
217,7,314.32,539.84,154.67,21.91,1,0,0
217,14,468.12,542.56,31.77,14.87,1,0,0
217,15,510.14,545.74,52.84,11.48,1,0,0
217,13,44.62,552.62,17.50,10.91,1,2,0
218,8,618.05,549.72,117.21,19.72,1,0,0
218,7,288.81,556.99,161.70,22.54,1,0,0
218,14,449.79,559.71,33.49,15.26,1,0,0
218,15,492.00,561.63,55.10,12.28,1,0,0
218,13,0.85,573.79,32.57,12.77,1,0,0
219,8,621.06,534.18,116.08,20.93,1,0,0
219,7,289.82,538.49,160.96,22.15,1,0,0
219,14,450.00,541.28,35.02,15.91,1,0,0
219,15,497.76,543.30,53.95,12.60,1,0,0
219,13,16.49,546.74,17.99,11.38,1,2,0
220,8,617.77,533.12,116.14,18.76,1,0,0
220,7,278.78,540.63,165.37,23.35,1,0,0
220,14,443.94,543.11,36.79,15.21,1,0,0
220,15,489.52,545.10,56.60,12.74,1,0,0
220,13,6.38,554.98,17.22,11.66,1,2,0
221,8,612.83,538.63,116.48,18.95,1,0,0
221,7,271.35,539.94,165.69,21.42,1,0,0
221,14,436.52,543.81,36.81,15.03,1,0,0
221,15,486.15,545.94,54.87,12.30,1,0,0
221,13,0.38,547.88,15.19,16.13,1,2,0
222,8,621.25,542.55,117.51,19.12,1,0,0
222,7,278.28,546.85,167.91,23.96,1,0,0
222,14,445.75,550.42,38.38,15.13,1,0,0
222,15,496.70,552.63,54.72,11.80,1,0,0
222,13,11.47,563.31,20.62,11.96,1,2,0
223,8,623.61,537.85,118.97,19.78,1,0,0
223,7,280.48,545.45,168.67,23.04,1,0,0
223,14,448.80,547.53,37.68,14.86,1,0,0
223,15,499.98,550.22,53.38,11.48,1,0,0
223,13,0.82,561.68,34.81,13.63,1,0,0
224,8,620.31,548.10,118.01,20.37,1,0,0
224,7,271.81,554.69,169.30,22.01,1,0,0
224,14,440.24,557.70,39.37,14.78,1,0,0
224,15,494.27,558.74,55.17,11.82,1,0,0
224,13,0.55,566.75,22.33,14.69,1,0,0
225,8,607.03,531.91,116.41,19.51,1,0,0
225,7,257.18,537.95,168.52,22.00,1,0,0
225,14,425.52,541.34,40.79,15.62,1,0,0
225,15,482.44,542.99,55.12,12.47,1,0,0
225,13,0.00,551.32,10.96,11.76,1,2,0
226,8,588.91,537.80,120.47,20.70,1,0,0
226,7,228.25,543.12,175.19,22.55,1,0,0
226,14,403.06,544.30,44.69,17.45,1,0,0
226,15,461.62,548.55,56.01,12.55,1,0,0
227,8,580.65,534.80,123.33,21.64,1,0,0
227,7,218.77,537.23,175.00,25.34,1,0,0
227,14,393.12,538.91,46.28,19.68,1,0,0
227,15,451.97,544.47,62.05,13.61,1,0,0
228,8,581.82,525.94,120.39,20.47,1,0,0
228,7,210.79,530.77,178.05,23.42,1,0,0
228,14,389.75,531.83,43.98,18.28,1,0,0
228,15,451.24,537.78,56.73,13.13,1,0,0
229,8,578.93,550.31,121.57,21.82,1,0,0
229,7,201.36,557.65,185.37,25.69,1,0,0
229,14,385.98,560.92,48.52,16.15,1,0,0
229,15,450.10,563.79,55.46,11.73,1,0,0
230,8,584.79,538.15,120.60,21.25,1,0,0
230,7,208.36,541.81,182.23,25.03,1,0,0
230,14,389.10,543.78,47.48,17.57,1,0,0
230,15,457.59,547.16,53.72,12.09,1,0,0
231,8,580.58,538.35,123.23,20.62,1,0,0
231,7,192.43,545.11,192.79,25.38,1,0,0
231,14,383.95,546.79,48.48,16.42,1,0,0
231,15,450.14,550.50,54.58,12.17,1,0,0
232,8,572.70,544.81,128.89,20.75,1,0,0
232,7,190.21,549.28,185.63,25.20,1,0,0
232,14,375.60,554.03,50.57,17.46,1,0,0
232,15,445.64,555.90,55.91,12.43,1,0,0
233,8,573.99,533.56,123.11,21.20,1,0,0
233,7,182.01,539.34,186.76,25.45,1,0,0
233,14,367.19,541.95,53.84,17.48,1,0,0
233,15,444.18,544.12,52.24,11.67,1,0,0
234,8,578.61,532.06,124.99,20.15,1,0,0
234,7,184.38,535.94,190.93,25.33,1,0,0
234,14,375.20,539.78,55.44,16.79,1,0,0
234,15,449.50,543.17,53.40,11.89,1,0,0
235,8,574.32,545.97,126.74,21.14,1,0,0
235,7,184.09,555.14,187.14,26.46,1,0,0
235,14,370.24,556.87,56.86,16.42,1,0,0
235,15,446.70,559.04,56.06,11.64,1,0,0
236,8,579.08,526.89,124.86,20.35,1,0,0
236,7,174.80,527.35,194.97,27.45,1,0,0
236,14,367.99,533.24,56.39,16.32,1,0,0
236,15,448.28,535.92,54.95,12.00,1,0,0
237,8,581.29,541.47,125.73,20.03,1,0,0
237,7,184.47,544.49,185.69,26.84,1,0,0
237,14,369.97,548.74,58.12,17.11,1,0,0
237,15,452.51,552.28,54.08,12.36,1,0,0
238,8,580.16,548.65,126.83,21.01,1,0,0
238,7,175.40,555.69,195.21,27.07,1,0,0
238,14,369.33,557.74,59.75,18.11,1,0,0
238,15,452.62,560.98,55.06,12.05,1,0,0
239,8,578.48,530.01,126.77,21.66,1,0,0
239,7,173.38,534.84,193.21,25.26,1,0,0
239,14,365.78,536.67,57.70,16.74,1,0,0
239,15,449.29,539.90,58.66,11.68,1,0,0
240,8,579.01,549.81,124.77,19.89,1,0,0
240,7,165.23,555.64,195.54,28.30,1,0,0
240,14,357.91,558.84,65.63,17.61,1,0,0
240,15,449.92,563.13,51.56,10.93,1,0,0
241,8,575.88,541.36,125.56,20.85,1,0,0
241,7,161.22,547.36,195.26,28.98,1,0,0
241,14,355.10,550.64,63.85,19.81,1,0,0
241,15,445.40,552.31,55.18,12.35,1,0,0
242,8,575.49,535.19,125.93,20.40,1,0,0
242,7,150.76,535.77,201.17,29.27,1,0,0
242,14,350.19,541.80,66.56,17.58,1,0,0
242,15,442.91,545.78,55.07,12.09,1,0,0
243,8,568.23,537.61,130.29,19.53,1,0,0
243,7,140.91,539.96,205.18,28.04,1,0,0
243,14,343.70,543.69,68.71,17.56,1,0,0
243,15,438.24,547.81,53.52,11.99,1,0,0
244,8,564.40,546.63,129.42,20.85,1,0,0
244,7,130.90,553.95,205.19,26.84,1,0,0
244,14,336.41,558.19,67.39,18.81,1,0,0
244,15,434.93,560.40,56.13,12.76,1,0,0
245,8,565.58,543.86,130.36,20.69,1,0,0
245,7,127.53,547.00,214.19,30.18,1,0,0
245,14,340.54,550.64,65.16,20.42,1,0,0
245,15,435.09,553.71,55.68,12.94,1,0,0
246,8,569.15,535.22,131.11,20.28,1,0,0
246,7,126.78,534.61,215.29,29.49,1,0,0
246,14,340.80,540.10,66.71,18.10,1,0,0
246,15,438.56,543.80,54.10,11.45,1,0,0
247,8,572.89,543.38,130.81,20.34,1,0,0
247,7,131.50,548.28,205.06,30.28,1,0,0
247,14,335.77,552.02,72.79,18.69,1,0,0
247,15,441.09,555.34,55.32,12.51,1,0,0
248,8,586.13,546.88,131.08,20.57,1,0,0
248,7,138.05,547.84,207.75,27.66,1,0,0
248,14,346.05,551.66,76.51,19.43,1,0,0
248,15,456.76,555.85,53.32,11.93,1,0,0
249,8,599.93,533.35,131.81,20.01,1,0,0
249,7,150.47,539.62,210.87,27.30,1,0,0
249,14,360.69,541.35,77.42,19.03,1,0,0
249,15,471.72,545.41,54.62,12.04,1,0,0
250,8,611.25,559.37,128.89,19.70,1,0,0
250,7,166.10,566.17,203.45,27.17,1,0,0
250,14,368.59,567.62,80.50,18.54,1,0,0
250,15,482.07,572.25,53.05,11.72,1,0,0
251,8,610.90,528.28,130.88,20.70,1,0,0
251,7,166.57,535.71,199.96,27.52,1,0,0
251,14,369.89,537.34,78.11,18.21,1,0,0
251,15,482.04,540.25,53.44,12.00,1,0,0
252,8,612.09,544.94,132.01,20.01,1,0,0
252,7,162.27,548.69,205.19,28.37,1,0,0
252,14,368.42,550.63,79.24,21.29,1,0,0
252,15,480.29,558.42,57.55,12.34,1,0,0
253,8,608.21,529.99,127.43,19.16,1,0,0
253,7,146.44,533.79,212.92,31.04,1,0,0
253,14,358.11,537.77,80.75,20.67,1,0,0
253,15,478.33,541.08,53.42,11.90,1,0,0
254,8,603.69,545.50,130.25,20.90,1,0,0
254,7,141.34,550.05,209.07,29.04,1,0,0
254,14,350.30,554.34,83.31,19.29,1,0,0
254,15,473.61,556.84,54.21,12.43,1,0,0
255,8,594.40,536.01,131.82,21.98,1,0,0
255,7,131.42,541.63,206.34,29.02,1,0,0
255,14,337.86,543.82,89.62,18.71,1,0,0
255,15,464.34,547.36,53.55,11.92,1,0,0
256,8,587.49,550.52,132.72,20.63,1,0,0
256,7,111.47,558.51,210.88,28.51,1,0,0
256,14,321.40,560.10,87.68,19.78,1,0,0
256,15,450.97,565.89,53.37,12.41,1,0,0
257,8,580.32,546.31,131.05,23.62,1,0,0
257,7,90.22,550.74,218.55,32.77,1,0,0
257,14,307.63,555.27,95.21,17.71,1,0,0
257,15,445.09,558.60,53.87,11.58,1,0,0
258,8,578.63,541.92,135.37,20.99,1,0,0
258,7,95.63,545.61,213.15,27.95,1,0,0
258,14,308.38,548.33,97.28,20.04,1,0,0
258,15,445.72,554.14,52.68,12.04,1,0,0
259,8,568.12,546.28,136.43,21.73,1,0,0
259,7,75.67,554.72,214.18,29.89,1,0,0
259,14,289.72,556.07,103.25,20.65,1,0,0
259,15,435.51,559.29,56.46,12.20,1,0,0
260,8,569.28,537.64,136.62,20.59,1,0,0
260,7,68.27,538.71,225.44,31.34,1,0,0
260,14,292.81,543.60,102.67,18.79,1,0,0
260,15,437.20,547.65,55.22,12.14,1,0,0
261,8,566.05,540.28,139.81,19.65,1,0,0
261,7,58.33,547.67,224.76,32.47,1,0,0
261,14,281.77,550.71,105.74,21.43,1,0,0
261,15,433.72,555.74,50.02,10.94,1,0,0
262,8,558.45,537.51,138.78,20.45,1,0,0
262,7,25.07,544.80,243.85,32.17,1,0,0
262,14,268.08,546.59,108.56,21.78,1,0,0
262,15,422.86,550.61,54.97,11.58,1,0,0
263,8,544.08,535.45,142.53,21.22,1,0,0
263,7,21.00,536.62,228.20,33.29,1,0,0
263,14,248.96,542.24,114.15,20.49,1,0,0
263,15,410.50,546.80,53.06,12.19,1,0,0
264,8,530.60,535.81,145.59,21.15,1,0,0
264,7,0.46,539.44,234.40,34.02,1,0,0
264,14,234.06,543.80,116.56,20.46,1,0,0
264,15,395.46,548.62,54.01,12.13,1,0,0
265,8,532.03,539.36,143.46,20.62,1,0,0
265,7,0.45,540.16,228.96,33.67,1,0,0
265,14,228.53,545.64,117.93,21.88,1,0,0
265,15,398.07,550.62,52.79,11.78,1,0,0
266,8,529.06,543.98,144.73,20.64,1,0,0
266,7,0.13,550.08,218.93,33.98,1,0,0
266,14,217.87,553.37,125.13,21.87,1,0,0
266,15,392.76,558.75,54.62,11.84,1,0,0
267,8,530.19,540.44,150.00,21.30,1,0,0
267,7,0.33,544.87,220.71,33.50,1,0,0
267,14,219.35,548.46,123.30,21.01,1,0,0
267,15,397.75,552.21,52.08,12.14,1,0,0
268,8,541.44,534.41,145.18,20.01,1,0,0
268,7,0.45,534.62,225.51,33.66,1,0,0
268,14,225.81,538.79,125.79,21.66,1,0,0
268,15,405.82,545.11,55.20,11.99,1,0,0
269,8,539.90,550.26,146.47,18.79,1,0,0
269,7,0.54,555.07,222.04,35.85,1,0,0
269,14,221.54,557.71,129.63,22.68,1,0,0
269,15,404.74,563.19,53.31,11.24,1,0,0
270,8,527.20,535.06,154.24,20.19,1,0,0
270,7,0.59,538.78,204.99,34.10,1,0,0
270,14,204.99,543.20,131.03,22.01,1,0,0
270,15,392.66,546.95,54.25,12.02,1,0,0
271,8,528.50,535.38,148.91,19.58,1,0,0
271,7,0.43,537.12,199.39,33.89,1,0,0
271,14,199.52,540.92,136.33,22.15,1,0,0
271,15,393.37,546.57,51.18,11.74,1,0,0
272,8,525.04,547.54,153.77,20.23,1,0,0
272,7,0.54,552.85,186.90,33.37,1,0,0
272,14,189.24,555.40,138.94,23.06,1,0,0
272,15,386.56,561.58,55.13,11.76,1,0,0
273,8,513.04,539.50,148.10,20.65,1,0,0
273,7,0.25,545.64,168.95,32.22,1,0,0
273,14,171.33,548.31,142.14,23.77,1,0,0
273,15,372.78,552.14,57.94,12.53,1,0,0
274,8,498.37,546.14,152.20,21.21,1,0,0
274,7,0.63,546.77,142.41,34.26,1,0,0
274,14,140.58,552.40,153.11,23.18,1,0,0
274,15,358.97,559.07,52.07,11.02,1,0,0
275,8,499.84,532.75,147.80,20.34,1,0,0
275,7,0.36,532.93,139.21,33.29,1,0,0
275,14,140.13,538.67,155.37,23.61,1,0,0
275,15,358.81,543.75,57.24,12.19,1,0,0
276,8,498.81,540.84,153.70,20.55,1,0,0
276,7,0.73,547.59,126.48,35.05,1,0,0
276,14,127.53,552.03,162.45,23.51,1,0,0
276,15,354.23,555.15,56.36,13.23,1,0,0
277,8,491.19,549.56,158.81,21.54,1,0,0
277,7,0.63,555.77,119.58,33.98,1,0,0
277,14,120.55,558.83,163.63,23.55,1,0,0
277,15,351.46,563.31,56.46,11.77,1,0,0
278,8,496.76,536.32,154.13,20.63,1,0,0
278,7,0.34,535.00,120.74,33.66,1,0,0
278,14,124.06,540.52,164.42,22.68,1,0,0
278,15,356.68,547.68,57.20,12.50,1,0,0
279,8,492.79,540.98,151.87,21.51,1,0,0
279,7,0.17,545.35,111.09,36.17,1,0,0
279,14,111.59,550.19,169.02,24.33,1,0,0
279,15,350.78,557.13,55.24,12.00,1,0,0
280,8,496.85,539.77,151.11,20.48,1,0,0
280,7,0.20,537.01,108.71,37.20,1,0,0
280,14,111.09,543.66,172.02,23.05,1,0,0
280,15,355.31,548.62,54.71,11.97,1,0,0
281,8,506.93,534.60,153.79,20.59,1,0,0
281,7,0.16,536.68,109.56,39.80,1,0,0
281,14,109.63,541.52,177.98,25.55,1,0,0
281,15,358.93,550.22,56.44,12.89,1,0,0
282,8,494.66,552.98,152.93,21.47,1,0,0
282,7,0.76,561.31,93.93,35.95,1,0,0
282,14,98.33,563.01,181.05,26.56,1,0,0
282,15,353.51,567.05,54.06,12.09,1,0,0
283,8,498.15,539.98,155.29,20.63,1,0,0
283,7,0.44,532.76,95.05,34.79,1,0,0
283,14,108.00,540.38,174.47,23.28,1,0,0
283,15,360.92,547.50,54.45,12.56,1,0,0
284,8,496.07,539.01,154.17,20.98,1,0,0
284,7,0.41,547.51,85.25,35.55,1,0,0
284,14,110.85,549.32,166.56,27.29,1,0,0
284,15,358.95,551.75,53.95,11.48,1,0,0
285,8,497.19,548.87,153.20,21.19,1,0,0
285,7,0.69,545.07,80.33,36.96,1,0,0
285,14,96.87,554.41,181.33,24.02,1,0,0
285,15,357.88,561.47,53.70,11.94,1,0,0
286,8,493.38,544.96,156.34,20.63,1,0,0
286,7,0.80,546.46,66.76,36.63,1,0,0
286,14,96.79,553.03,174.98,23.69,1,0,0
286,15,354.31,556.76,58.02,12.23,1,0,0
287,8,501.72,535.70,157.38,22.10,1,0,0
287,7,0.51,534.62,74.54,36.79,1,0,0
287,14,108.10,541.69,172.59,23.58,1,0,0
287,15,363.49,548.55,54.81,11.76,1,0,0
288,8,499.59,547.35,159.48,23.59,1,0,0
288,7,0.59,551.20,63.11,37.88,1,0,0
288,14,97.77,557.03,176.93,23.08,1,0,0
288,15,360.18,562.41,54.92,11.98,1,0,0
289,8,487.64,542.06,165.90,26.42,1,0,0
289,7,0.52,548.25,39.73,41.34,1,0,0
289,14,90.28,554.75,172.95,23.33,1,0,0
289,15,346.60,557.89,56.97,12.73,1,0,0
290,8,494.69,523.82,162.52,22.68,1,0,0
290,7,0.67,523.39,44.19,36.32,1,0,0
290,14,90.67,530.88,177.83,21.16,1,0,0
290,15,356.16,537.20,54.24,12.36,1,0,0
291,8,495.51,559.75,157.61,21.41,1,0,0
291,7,0.29,564.54,33.38,36.48,1,0,0
291,14,90.62,569.49,174.32,22.06,1,0,0
291,15,356.20,575.32,53.04,11.30,1,0,0
292,8,488.96,536.10,161.03,23.49,1,0,0
292,7,0.30,545.36,16.29,32.70,1,0,0
292,14,81.46,547.37,173.81,23.42,1,0,0
292,15,349.03,550.12,53.60,12.32,1,0,0
293,8,489.11,536.11,163.32,21.73,1,0,0
293,7,0.59,533.96,13.74,31.92,1,0,0
293,14,77.77,541.02,178.88,22.76,1,0,0
293,15,349.74,547.16,53.44,11.87,1,0,0
294,8,489.19,545.87,160.49,25.62,1,0,0
294,14,73.15,558.19,178.86,22.21,1,0,0
294,15,348.37,562.40,60.82,12.50,1,0,0
295,8,485.80,537.86,165.34,22.97,1,0,0
295,14,77.07,545.92,175.11,22.64,1,0,0
295,15,347.93,550.40,55.61,11.91,1,0,0
296,8,489.22,543.20,163.87,23.11,1,0,0
296,14,73.02,551.41,176.63,24.06,1,0,0
296,15,348.95,557.54,54.50,12.06,1,0,0
297,8,491.66,553.26,162.12,24.40,1,0,0
297,14,73.86,562.99,178.08,24.99,1,0,0
297,15,354.80,568.70,55.82,11.94,1,0,0
297,16,248.93,567.45,18.83,13.26,1,0,0
298,8,499.09,540.68,161.15,22.80,1,0,0
298,14,80.64,550.10,176.61,23.37,1,0,0
298,15,361.64,553.38,55.15,12.93,1,0,0
298,16,255.74,553.55,30.45,14.22,1,0,0
299,8,501.33,533.96,163.80,25.76,1,0,0
299,14,80.06,546.42,179.08,24.05,1,0,0
299,15,363.94,551.51,53.56,11.76,1,0,0
299,16,257.91,549.42,22.85,12.95,1,0,0
300,8,489.13,556.22,166.25,23.29,1,0,0
300,14,64.50,564.90,176.53,22.86,1,0,0
300,15,348.85,570.06,54.21,12.22,1,0,0
300,16,239.33,567.07,28.07,15.03,1,0,0
301,8,488.11,527.47,162.32,23.53,1,0,0
301,14,58.35,532.81,178.74,24.15,1,0,0
301,15,347.80,540.10,53.51,11.91,1,0,0
301,16,236.34,537.22,23.24,11.73,1,0,0
302,8,487.64,549.78,166.03,25.86,1,0,0
302,14,50.89,563.57,182.94,23.51,1,0,0
302,15,351.06,567.67,51.75,11.61,1,0,0
302,16,235.33,566.82,30.06,11.01,1,0,0
303,8,488.35,547.59,168.57,26.36,1,0,0
303,14,54.03,561.61,182.42,23.37,1,0,0
303,15,352.00,563.93,54.32,12.24,1,0,0
303,16,236.95,563.60,33.37,13.56,1,0,0
304,8,476.96,544.53,171.80,25.01,1,0,0
304,14,36.57,550.03,180.75,24.54,1,0,0
304,15,338.54,556.39,57.76,12.24,1,0,0
304,16,220.31,555.93,42.76,12.75,1,0,0
305,8,475.80,546.03,170.27,27.56,1,0,0
305,14,29.63,557.63,184.10,27.47,1,0,0
305,15,336.34,563.32,54.42,12.36,1,0,0
305,16,216.98,563.28,43.07,11.75,1,0,0
306,8,469.06,549.40,171.03,25.78,1,0,0
306,14,23.48,560.38,179.63,26.15,1,0,0
306,15,326.38,565.35,56.34,11.95,1,0,0
306,16,207.86,565.92,50.30,13.09,1,0,0
307,8,455.42,538.40,172.01,26.53,1,0,0
307,14,0.77,547.25,182.36,25.77,1,0,0
307,15,315.82,551.63,55.91,12.67,1,0,0
307,16,191.52,553.43,53.49,13.48,1,0,0
308,8,458.60,547.90,172.51,27.42,1,0,0
308,14,0.47,557.81,182.61,27.36,1,0,0
308,15,315.64,564.40,55.75,12.99,1,0,0
308,16,196.32,565.78,48.36,11.64,1,0,0
309,8,450.68,552.28,176.01,26.46,1,0,0
309,14,0.16,561.37,171.45,29.75,1,0,0
309,15,307.04,567.54,55.16,11.92,1,0,0
309,16,188.26,568.33,50.84,12.44,1,0,0
310,8,443.74,534.86,177.68,28.25,1,0,0
310,14,0.46,546.81,167.13,27.35,1,0,0
310,15,304.47,552.09,51.61,11.91,1,0,0
310,16,184.87,553.44,49.80,12.43,1,0,0
311,8,439.10,545.16,178.94,28.15,1,0,0
311,14,0.66,556.93,157.82,25.66,1,0,0
311,15,299.93,565.57,52.48,12.12,1,0,0
311,16,178.98,564.11,51.03,12.32,1,0,0
312,8,436.76,549.03,176.71,27.48,1,0,0
312,14,0.22,560.91,150.84,28.36,1,0,0
312,15,294.64,566.90,54.62,12.21,1,0,0
312,16,176.15,567.92,48.41,11.97,1,0,0
313,8,431.34,541.76,178.03,27.46,1,0,0
313,14,0.49,553.87,141.09,27.73,1,0,0
313,15,289.28,559.08,53.71,11.76,1,0,0
313,16,168.09,561.13,45.55,11.63,1,0,0
314,8,436.93,535.93,179.00,29.07,1,0,0
314,14,0.29,542.70,147.88,27.42,1,0,0
314,15,294.23,551.55,54.81,12.48,1,0,0
314,16,175.87,551.93,47.90,11.41,1,0,0
315,8,438.58,550.11,178.92,28.31,1,0,0
315,14,0.69,562.47,145.24,29.73,1,0,0
315,15,296.95,570.31,52.78,11.83,1,0,0
315,16,174.79,573.40,48.49,11.69,1,0,0
316,8,436.51,542.98,181.53,29.64,1,0,0
316,14,0.43,556.91,145.20,29.98,1,0,0
316,15,295.63,563.67,53.20,12.35,1,0,0
316,16,176.40,566.38,46.11,11.07,1,0,0
317,8,434.84,545.76,181.13,28.23,1,0,0
317,14,0.49,555.44,138.91,27.61,1,0,0
317,15,296.41,560.12,55.58,12.44,1,0,0
317,16,174.30,563.28,53.20,13.60,1,0,0
318,8,433.76,550.92,181.09,27.58,1,0,0
318,14,0.49,561.96,127.62,28.82,1,0,0
318,15,290.28,570.17,52.11,11.91,1,0,0
318,16,170.94,569.40,49.47,12.79,1,0,0
319,8,427.08,542.75,182.59,28.63,1,0,0
319,14,0.34,554.66,118.78,29.63,1,0,0
319,15,282.93,559.61,54.36,12.42,1,0,0
319,16,162.07,562.15,52.21,12.21,1,0,0
320,8,421.04,546.57,184.65,28.20,1,0,0
320,14,0.20,555.03,111.86,28.58,1,0,0
320,15,279.16,564.26,52.41,12.23,1,0,0
320,16,156.55,565.76,48.30,11.26,1,0,0
321,8,417.08,543.63,187.21,26.48,1,0,0
321,14,0.44,551.82,101.88,28.43,1,0,0
321,15,271.99,561.26,52.91,12.55,1,0,0
321,16,152.65,561.38,51.68,12.25,1,0,0
322,8,408.99,548.15,190.20,29.17,1,0,0
322,14,0.18,561.92,90.31,27.18,1,0,0
322,15,267.43,567.32,51.50,11.90,1,0,0
322,16,145.33,570.00,46.33,10.80,1,0,0
323,8,411.62,538.06,191.74,29.81,1,0,0
323,14,0.52,548.21,91.92,26.56,1,0,0
323,15,273.49,556.85,50.53,11.75,1,0,0
323,16,149.10,557.66,46.26,10.39,1,0,0
324,8,403.47,545.27,194.95,30.67,1,0,0
324,14,0.63,559.90,78.33,28.01,1,0,0
324,15,260.43,568.03,51.27,11.17,1,0,0
324,16,139.95,568.82,49.63,11.74,1,0,0
325,8,397.24,543.26,193.11,30.95,1,0,0
325,14,0.15,554.20,60.55,27.70,1,0,0
325,15,253.85,560.14,58.04,13.85,1,0,0
325,16,127.49,561.75,51.12,12.08,1,0,0
326,8,395.65,530.99,196.52,31.42,1,0,0
326,14,0.16,543.58,62.62,31.23,1,0,0
326,15,254.93,551.73,52.11,12.57,1,0,0
326,16,129.05,551.84,51.34,12.13,1,0,0
327,8,385.93,559.20,197.05,31.60,1,0,0
327,14,0.24,577.00,42.37,30.31,1,0,0
327,15,243.30,582.28,54.80,12.56,1,0,0
327,16,114.89,585.08,50.82,12.61,1,0,0
328,8,379.09,536.72,200.04,32.71,1,0,0
328,14,0.25,539.50,31.64,38.59,1,0,0
328,15,234.59,548.20,55.16,13.17,1,0,0
328,16,108.26,550.46,54.96,12.52,1,0,0
329,8,382.66,530.00,193.01,29.64,1,0,0
329,15,232.44,550.33,56.54,13.28,1,0,0
329,16,106.74,546.55,48.92,13.10,1,0,0
330,8,359.59,570.37,200.70,31.52,1,0,0
330,15,205.53,591.31,59.69,12.65,1,0,0
330,16,78.68,592.96,55.25,12.96,1,0,0
331,8,342.77,516.63,203.85,30.98,1,0,0
331,15,192.88,533.64,55.03,11.84,1,0,0
331,16,60.64,531.32,49.20,12.92,1,0,0
332,8,332.90,548.95,206.91,30.47,1,0,0
332,15,182.07,569.72,55.21,12.57,1,0,0
332,16,48.67,569.41,54.02,13.95,1,0,0
333,8,322.49,537.97,212.83,34.44,1,0,0
333,15,173.12,558.46,59.74,12.70,1,0,0
333,16,40.66,559.39,52.16,13.30,1,0,0
334,8,314.48,539.53,214.84,31.41,1,0,0
334,15,161.94,557.26,55.96,11.96,1,0,0
334,16,31.93,556.32,48.40,12.84,1,0,0
335,8,319.68,534.59,211.58,32.03,1,0,0
335,15,169.69,554.16,57.18,13.00,1,0,0
335,16,37.08,554.00,49.29,13.76,1,0,0
336,8,318.21,540.84,211.73,31.92,1,0,0
336,15,167.68,558.51,56.78,12.98,1,0,0
336,16,37.49,559.68,43.20,13.00,1,0,0
337,8,312.90,527.82,214.59,32.89,1,0,0
337,15,161.61,546.49,55.03,12.97,1,0,0
337,16,30.94,546.33,46.44,12.67,1,0,0
338,8,320.21,542.39,215.60,30.76,1,0,0
338,15,173.49,560.78,56.47,12.93,1,0,0
338,16,41.44,559.77,53.93,12.80,1,0,0
339,8,323.29,537.94,216.01,33.55,1,0,0
339,15,174.26,560.17,55.74,12.58,1,0,0
339,16,46.24,561.12,49.12,13.03,1,0,0
340,8,342.82,536.30,210.03,30.99,1,0,0
340,15,195.51,551.36,60.01,13.68,1,0,0
340,16,67.46,549.59,51.99,13.88,1,0,0
341,8,352.80,535.77,215.60,32.94,1,0,0
341,15,213.52,557.00,54.73,12.02,1,0,0
341,16,88.71,556.87,49.50,13.71,1,0,0
342,8,353.28,554.39,216.84,31.55,1,0,0
342,15,212.14,577.02,54.51,12.70,1,0,0
342,16,94.18,577.23,47.43,13.05,1,0,0
343,8,344.61,524.28,216.20,33.28,1,0,0
343,15,202.29,543.07,54.13,12.38,1,0,0
343,16,77.33,542.56,46.80,12.13,1,0,0
344,8,336.07,529.42,218.89,32.51,1,0,0
344,15,192.83,547.86,60.00,13.07,1,0,0
344,16,69.84,548.05,49.51,12.33,1,0,0
345,8,337.70,545.13,216.83,32.16,1,0,0
345,15,194.51,567.34,52.08,12.23,1,0,0
345,16,72.45,565.27,48.63,12.93,1,0,0
346,8,329.07,533.78,222.03,35.43,1,0,0
346,15,189.14,554.54,56.06,13.84,1,0,0
346,16,65.97,557.22,45.20,11.64,1,0,0
347,8,331.74,534.83,217.64,32.79,1,0,0
347,15,189.88,557.06,52.21,12.11,1,0,0
347,16,63.66,553.48,54.61,14.28,1,0,0
348,8,331.60,542.49,220.41,33.79,1,0,0
348,15,191.11,561.28,52.84,12.15,1,0,0
348,16,68.51,561.95,48.66,12.53,1,0,0
349,8,329.39,538.09,222.25,33.51,1,0,0
349,15,187.41,561.16,59.95,13.40,1,0,0
349,16,64.41,560.93,47.82,13.26,1,0,0
350,8,320.91,543.64,224.29,35.76,1,0,0
350,15,179.47,566.61,55.70,12.92,1,0,0
350,16,57.87,567.40,49.33,13.09,1,0,0
351,8,314.64,535.78,227.33,35.28,1,0,0
351,15,166.79,557.36,56.69,12.91,1,0,0
351,16,43.93,556.44,52.60,14.00,1,0,0
352,8,297.36,537.56,234.56,37.42,1,0,0
352,15,156.31,562.70,49.96,11.58,1,0,0
352,16,31.74,562.15,49.83,13.20,1,0,0
353,8,287.91,548.22,234.92,35.04,1,0,0
353,15,142.78,570.56,59.69,12.76,1,0,0
353,16,21.47,567.94,49.93,14.80,1,0,0
354,8,272.60,528.21,237.70,36.93,1,0,0
354,15,121.44,550.67,57.91,13.52,1,0,0
354,16,1.02,551.26,27.98,12.77,1,0,0
355,8,262.35,547.19,239.52,37.51,1,0,0
355,15,111.42,571.41,59.65,13.23,1,0,0
355,16,0.73,570.18,40.68,13.34,1,0,0
356,8,253.96,518.37,244.51,39.11,1,0,0
356,15,109.35,542.70,58.33,12.87,1,0,0
356,16,0.52,542.29,31.35,13.31,1,0,0
357,8,244.10,551.17,243.38,39.84,1,0,0
357,15,93.39,576.86,55.76,13.19,1,0,0
358,8,247.18,532.30,247.91,39.29,1,0,0
358,15,106.45,549.06,50.56,11.43,1,0,0
359,8,258.24,545.07,239.63,35.58,1,0,0
359,15,104.47,568.06,62.11,14.11,1,0,0
360,8,254.71,558.57,245.44,36.45,1,0,0
360,15,117.38,568.80,58.21,13.07,1,0,0
360,16,0.82,563.45,20.68,10.15,1,0,0
361,8,262.13,505.48,245.26,38.75,1,0,0
361,15,117.10,530.86,59.01,13.51,1,0,0
361,16,0.99,527.52,37.43,15.03,1,0,0
362,8,254.43,571.79,245.66,37.36,1,0,0
362,15,107.76,596.92,58.73,12.65,1,0,0
362,16,0.62,569.45,15.05,38.41,1,0,0
363,8,255.98,526.52,248.12,36.34,1,0,0
363,15,117.04,546.46,61.78,13.54,1,0,0
363,16,0.86,545.40,27.85,12.28,1,0,0
364,8,253.04,540.13,246.67,40.95,1,0,0
364,15,111.02,567.91,53.42,12.98,1,0,0
364,16,1.38,566.78,41.37,12.44,1,0,0
365,8,262.37,548.74,243.88,36.93,1,0,0
365,15,118.02,568.70,58.51,14.88,1,0,0
366,8,289.79,548.13,243.23,33.56,1,0,0
366,15,158.20,570.26,50.91,11.65,1,0,0
366,16,44.87,569.44,45.44,13.01,1,0,0
367,8,327.51,536.04,241.75,34.76,1,0,0
367,15,197.53,554.82,59.68,13.52,1,0,0
367,16,92.27,549.16,46.12,16.05,1,0,0
368,8,356.07,535.02,242.56,33.97,1,0,0
368,15,241.26,548.97,55.15,12.67,1,0,0
368,16,140.46,545.79,63.45,15.38,1,0,0
369,8,407.25,541.08,234.39,36.57,1,0,0
369,15,269.76,559.28,75.23,13.96,1,0,0
369,16,192.09,560.93,51.18,12.82,1,0,0
370,8,471.21,532.12,233.52,36.00,1,0,0
370,15,364.58,545.82,51.94,13.45,1,0,0
371,8,520.58,540.85,229.43,38.03,1,0,0
371,15,414.43,567.39,54.44,13.44,1,0,0
371,16,336.70,570.79,45.92,11.38,1,0,0
372,8,556.69,530.94,220.08,36.37,1,0,0
372,15,450.28,550.75,51.57,12.55,1,0,0
372,17,0.29,536.41,133.43,39.77,1,0,0
372,16,371.70,551.48,47.54,11.28,1,0,0
373,8,569.03,528.57,218.35,38.08,1,0,0
373,15,463.83,550.56,56.21,16.02,1,0,0
373,17,0.59,543.00,144.98,36.06,1,0,0
373,16,383.17,555.40,41.74,10.82,1,0,0
374,8,575.00,544.11,221.50,37.56,1,0,0
374,15,472.73,566.97,51.50,13.25,1,0,0
374,17,0.40,559.03,151.60,37.11,1,0,0
374,16,396.86,569.14,46.42,11.63,1,0,0
375,8,573.72,528.05,225.20,36.42,1,0,0
375,15,468.19,550.82,51.11,13.06,1,0,0
375,17,0.54,543.32,144.90,35.51,1,0,0
375,16,395.57,553.52,45.02,11.82,1,0,0
376,8,564.36,532.45,226.32,37.73,1,0,0
376,15,463.50,553.56,52.66,14.20,1,0,0
376,17,0.44,545.60,122.80,34.08,1,0,0
376,16,385.57,556.87,45.55,10.88,1,0,0
377,8,557.93,536.11,228.22,39.67,1,0,0
377,15,455.12,558.47,51.10,13.24,1,0,0
377,17,0.34,546.78,108.81,35.44,1,0,0
377,16,378.01,561.02,45.23,10.68,1,0,0
378,8,544.93,528.20,230.27,37.74,1,0,0
378,15,439.68,550.82,52.83,13.18,1,0,0
378,17,0.69,545.55,85.52,34.11,1,0,0
378,16,363.59,553.31,43.32,10.83,1,0,0
379,8,537.49,545.01,231.17,37.38,1,0,0
379,15,434.96,566.14,50.41,13.29,1,0,0
379,17,0.91,551.19,64.18,34.68,1,0,0
379,16,356.64,565.95,45.93,11.79,1,0,0
380,8,538.99,533.06,228.87,37.10,1,0,0
380,15,433.72,553.41,54.77,14.96,1,0,0
380,17,0.73,544.78,57.52,33.48,1,0,0
380,16,352.47,556.34,44.81,10.82,1,0,0
381,8,533.68,542.53,233.60,36.93,1,0,0
381,15,429.88,566.29,52.78,12.77,1,0,0
381,17,0.57,565.24,32.71,40.73,1,0,0
381,16,350.24,570.42,44.76,10.91,1,0,0
382,8,526.41,523.78,238.63,40.10,1,0,0
382,15,425.70,545.90,52.00,13.59,1,0,0
382,17,0.63,531.92,37.79,39.78,1,0,0
382,16,346.11,546.73,47.10,11.03,1,0,0
383,8,519.13,537.63,238.90,38.25,1,0,0
383,15,416.22,562.44,49.20,12.90,1,0,0
383,17,0.64,551.80,18.50,33.88,1,0,0
383,16,338.88,563.21,47.39,11.41,1,0,0
384,8,507.19,541.52,240.51,38.72,1,0,0
384,15,406.45,567.34,55.47,13.51,1,0,0
384,16,329.58,570.04,45.32,11.08,1,0,0
385,8,503.76,526.39,242.81,40.55,1,0,0
385,15,404.01,547.65,52.31,13.25,1,0,0
385,16,327.59,550.35,45.97,11.51,1,0,0
386,8,498.43,543.15,243.90,40.02,1,0,0
386,15,397.47,572.17,50.81,12.63,1,0,0
386,16,319.22,573.89,46.82,10.67,1,0,0
387,8,487.21,538.89,248.54,40.07,1,0,0
387,15,385.29,564.35,52.62,13.74,1,0,0
387,16,306.50,567.79,45.38,10.04,1,0,0
388,8,482.43,528.57,251.86,39.74,1,0,0
388,15,381.25,551.69,52.58,12.40,1,0,0
388,16,305.33,552.91,45.40,11.30,1,0,0
389,8,466.47,535.62,253.69,40.97,1,0,0
389,15,360.11,560.56,52.20,14.30,1,0,0
389,16,286.82,562.53,46.50,11.67,1,0,0
390,8,449.64,526.43,256.02,39.19,1,0,0
390,15,349.69,549.66,50.91,13.05,1,0,0
390,16,269.59,551.12,48.99,11.59,1,0,0
391,8,444.54,530.89,259.52,41.56,1,0,0
391,15,344.14,553.71,54.22,13.93,1,0,0
391,16,265.40,555.33,45.44,11.10,1,0,0
392,8,462.86,538.63,256.30,41.77,1,0,0
392,15,363.14,564.40,53.84,14.33,1,0,0
392,16,285.88,566.42,42.20,11.31,1,0,0
393,8,470.28,529.91,256.69,43.14,1,0,0
393,15,368.16,558.23,51.71,13.15,1,0,0
393,16,291.08,559.82,51.82,12.05,1,0,0
394,8,463.93,531.56,261.84,44.81,1,0,0
394,15,364.95,560.06,54.27,14.08,1,0,0
394,16,289.32,562.71,48.58,11.71,1,0,0
395,8,456.98,528.28,263.63,42.49,1,0,0
395,15,356.13,553.57,55.46,13.58,1,0,0
395,16,282.29,555.09,50.13,11.78,1,0,0
396,8,455.58,538.08,262.38,43.21,1,0,0
396,15,357.01,564.11,52.73,13.67,1,0,0
396,16,285.91,566.54,41.43,10.86,1,0,0
397,8,457.75,523.90,262.32,44.28,1,0,0
397,15,361.20,548.87,53.57,13.83,1,0,0
397,16,285.79,551.21,48.45,11.51,1,0,0
398,8,457.68,538.48,264.90,43.26,1,0,0
398,15,359.34,563.74,56.62,14.56,1,0,0
398,16,287.39,567.11,45.06,10.98,1,0,0
399,8,464.89,529.07,270.10,45.79,1,0,0
399,15,371.54,553.62,52.05,14.40,1,0,0
399,16,300.65,555.61,45.99,11.53,1,0,0
400,8,459.96,530.97,275.24,45.33,1,0,0
400,15,368.96,560.12,52.91,14.24,1,0,0
400,16,292.94,562.93,53.18,12.48,1,0,0
401,8,449.25,533.04,275.07,46.69,1,0,0
401,15,356.90,562.74,49.85,13.41,1,0,0
401,16,287.70,564.91,45.36,11.38,1,0,0
402,8,441.11,525.06,276.12,46.86,1,0,0
402,15,349.07,551.81,53.16,13.22,1,0,0
402,16,277.70,552.92,51.57,12.07,1,0,0
403,8,429.32,530.40,282.26,46.00,1,0,0
403,15,337.08,560.64,55.68,14.31,1,0,0
403,16,266.64,564.13,45.98,11.44,1,0,0
404,8,426.02,529.56,282.70,46.95,1,0,0
404,15,336.47,558.71,49.78,13.35,1,0,0
404,16,260.89,558.51,49.93,12.40,1,0,0
405,8,430.65,526.23,284.33,47.78,1,0,0
405,15,339.29,556.06,56.00,13.97,1,0,0
405,16,269.98,557.03,49.48,11.63,1,0,0
406,8,415.72,529.86,288.05,46.27,1,0,0
406,15,325.85,561.77,51.89,12.35,1,0,0
406,16,256.17,563.56,45.07,10.88,1,0,0
407,8,394.18,533.91,294.81,48.29,1,0,0
407,15,303.20,563.07,54.56,13.57,1,0,0
407,16,233.65,564.16,51.37,11.95,1,0,0
408,8,371.47,527.83,299.81,51.55,1,0,0
408,15,280.79,560.20,50.83,13.33,1,0,0
408,16,212.13,560.30,51.12,12.97,1,0,0
409,8,367.54,518.18,300.65,46.97,1,0,0
409,15,278.92,547.60,53.90,14.47,1,0,0
409,16,205.65,550.10,50.80,11.98,1,0,0
410,8,359.60,535.65,306.10,50.45,1,0,0
410,15,270.24,568.64,55.52,15.07,1,0,0
410,16,196.15,571.15,52.88,12.63,1,0,0
411,8,341.40,515.72,309.94,52.17,1,0,0
411,15,255.58,548.70,51.65,13.79,1,0,0
411,16,185.74,548.86,50.68,12.07,1,0,0
412,8,345.82,514.22,309.60,51.29,1,0,0
412,15,257.76,549.74,53.52,14.23,1,0,0
412,16,188.08,550.39,51.07,12.19,1,0,0
413,8,338.44,540.94,313.51,49.65,1,0,0
413,15,255.38,573.17,51.62,13.60,1,0,0
413,16,179.71,573.33,56.43,12.75,1,0,0
414,8,329.61,520.37,316.13,50.03,1,0,0
414,15,244.35,551.97,52.83,13.29,1,0,0
414,16,172.18,551.16,52.68,12.33,1,0,0
415,8,340.67,515.93,317.75,54.94,1,0,0
415,15,258.31,551.49,53.69,13.80,1,0,0
415,16,189.74,553.14,50.54,12.25,1,0,0
416,8,345.49,541.98,316.47,50.46,1,0,0
416,15,266.51,576.34,52.82,13.63,1,0,0
416,16,193.71,576.49,57.06,12.89,1,0,0
417,8,356.39,514.85,319.48,52.86,1,0,0
417,15,284.62,547.73,50.77,13.90,1,0,0
417,16,218.97,548.06,49.96,12.74,1,0,0
418,8,361.17,535.03,317.05,51.40,1,0,0
418,15,287.98,571.21,49.20,13.08,1,0,0
418,16,221.99,570.40,49.89,12.40,1,0,0
419,8,348.99,532.38,323.23,49.68,1,0,0
419,15,280.10,565.69,47.21,12.27,1,0,0
419,16,219.63,566.20,43.87,12.59,1,0,0
420,8,341.99,515.28,329.01,52.65,1,0,0
420,15,269.49,551.07,51.60,12.86,1,0,0
420,16,206.50,550.34,53.27,12.86,1,0,0
421,8,341.00,536.59,330.57,53.96,1,0,0
421,15,273.96,573.18,48.26,12.29,1,0,0
421,16,210.71,573.63,50.71,12.48,1,0,0
422,8,350.92,514.58,327.64,53.68,1,0,0
422,15,283.69,549.80,49.77,12.64,1,0,0
422,16,220.90,551.48,50.32,12.09,1,0,0
423,8,352.23,529.72,330.33,53.20,1,0,0
423,15,287.14,564.69,49.51,11.80,1,0,0
423,16,225.43,565.11,50.15,12.39,1,0,0
424,8,347.79,525.88,333.08,51.78,1,0,0
424,15,282.32,560.04,54.68,13.38,1,0,0
424,16,221.70,560.60,53.38,12.87,1,0,0
425,8,342.93,523.87,337.59,53.49,1,0,0
425,15,279.89,560.29,52.43,12.88,1,0,0
425,16,218.38,559.42,50.86,12.87,1,0,0
426,8,343.97,522.77,341.40,54.75,1,0,0
426,15,284.29,561.16,50.55,13.29,1,0,0
426,16,224.48,561.17,49.34,12.80,1,0,0
427,8,340.51,531.48,342.21,52.04,1,0,0
427,15,282.90,567.64,53.21,13.35,1,0,0
427,16,225.99,568.47,52.06,13.61,1,0,0
428,8,329.97,527.89,348.88,57.43,1,0,0
428,15,272.75,565.83,54.63,13.89,1,0,0
428,16,220.63,566.08,46.93,12.46,1,0,0
429,8,316.43,517.19,353.37,58.84,1,0,0
429,15,260.77,554.10,52.75,13.53,1,0,0
429,16,206.44,554.18,48.97,12.52,1,0,0
430,8,294.53,531.47,357.92,58.71,1,0,0
430,15,246.62,573.61,45.16,10.88,1,0,0
430,16,186.70,572.46,51.47,12.43,1,0,0
431,8,276.01,530.80,366.79,58.52,1,0,0
431,15,223.13,569.13,52.71,13.62,1,0,0
431,16,167.84,570.26,51.46,12.56,1,0,0
432,8,264.46,518.01,365.90,59.35,1,0,0
432,15,212.30,556.88,49.90,13.17,1,0,0
432,16,150.96,556.84,56.69,13.32,1,0,0
433,8,245.00,517.42,379.81,58.92,1,0,0
433,15,194.08,559.72,53.92,13.12,1,0,0
433,16,146.77,559.95,44.92,11.70,1,0,0
434,8,230.79,518.72,382.09,58.72,1,0,0
434,15,182.25,559.52,47.68,13.16,1,0,0
434,16,125.94,559.98,52.24,13.23,1,0,0
435,8,239.01,516.32,379.77,60.42,1,0,0
435,15,191.21,554.11,47.08,13.25,1,0,0
435,16,136.98,553.67,49.83,13.11,1,0,0
436,8,228.40,517.11,384.41,59.47,1,0,0
436,15,186.13,559.58,40.83,12.92,1,0,0
436,16,131.37,560.10,52.28,13.49,1,0,0
437,8,212.34,529.10,392.19,59.07,1,0,0
437,15,168.29,569.75,44.31,12.70,1,0,0
437,16,118.71,569.61,48.32,11.64,1,0,0
438,8,211.48,513.35,392.69,62.69,1,0,0
438,15,173.90,554.74,38.25,12.05,1,0,0
438,16,121.47,554.10,49.96,12.18,1,0,0
439,8,199.11,526.52,399.23,58.99,1,0,0
439,15,158.67,569.48,43.13,12.75,1,0,0
439,16,109.97,568.46,48.84,11.99,1,0,0
440,8,195.76,510.26,393.62,65.60,1,0,0
440,15,158.12,546.64,38.82,17.03,1,0,0
440,16,99.12,551.43,56.56,13.44,1,0,0
441,8,192.83,528.88,394.34,61.19,1,0,0
441,15,155.40,569.57,39.31,11.52,1,0,0
441,16,106.12,566.41,47.45,12.92,1,0,0
442,8,178.70,516.21,398.44,62.29,1,0,0
442,15,145.31,558.34,34.11,15.93,1,0,0
442,16,89.73,562.50,53.08,12.28,1,0,0
443,8,173.46,521.50,402.18,60.79,1,0,0
443,15,138.73,562.44,39.44,14.89,1,0,0
443,16,81.20,563.92,54.68,12.55,1,0,0
444,8,182.78,512.79,402.39,63.67,1,0,0
444,15,149.49,549.72,32.79,19.25,1,0,0
444,16,101.97,555.09,45.38,12.44,1,0,0
445,8,162.72,536.95,413.33,63.69,1,0,0
445,15,135.77,583.26,32.31,12.68,1,0,0
445,16,71.81,584.76,60.60,14.03,1,0,0
446,8,155.75,518.97,414.91,64.93,1,0,0
446,15,131.63,559.90,34.17,10.63,1,0,0
446,16,88.17,561.26,40.50,10.38,1,0,0
447,8,155.10,494.32,417.49,69.82,1,0,0
448,8,145.51,549.32,428.17,66.53,1,0,0
448,15,125.37,593.35,32.24,16.79,1,0,0
448,16,86.26,597.08,41.28,12.20,1,0,0
449,8,127.36,509.98,433.90,67.19,1,0,0
449,16,82.37,554.44,42.71,12.56,1,0,0
450,8,113.85,513.87,438.21,65.61,1,0,0
450,16,67.72,552.14,49.36,15.60,1,0,0
451,8,97.18,535.04,448.38,71.63,1,0,0
451,16,63.81,579.14,38.96,18.83,1,0,0
452,8,71.75,502.57,471.45,70.94,1,0,0
453,8,67.00,517.72,463.76,69.44,1,0,0
453,16,46.17,562.82,28.86,13.07,1,0,0
454,8,54.59,523.33,470.63,74.50,1,0,0
454,16,31.57,565.23,32.30,21.66,1,0,0
455,8,48.91,499.47,474.25,76.42,1,0,0
456,8,32.10,521.12,481.46,75.11,1,0,0
456,16,6.30,566.61,33.09,19.09,1,0,0
457,8,29.73,523.32,481.44,71.05,1,0,0
458,8,22.67,515.96,493.10,68.44,1,0,0
458,16,0.45,553.06,26.62,20.53,1,0,0
459,8,16.01,521.06,493.21,73.01,1,0,0
460,8,1.53,516.21,505.73,70.40,1,0,0
461,8,1.30,520.80,490.92,67.28,1,0,0
462,8,0.90,525.67,477.93,72.25,1,0,0
463,8,1.03,514.63,474.40,72.34,1,0,0
464,8,0.36,537.71,473.94,72.47,1,0,0
465,8,0.90,500.29,457.05,77.62,1,0,0
466,8,0.22,534.50,444.46,75.65,1,0,0
467,8,1.41,518.62,434.41,74.95,1,0,0
468,8,0.00,508.24,430.98,73.57,1,0,0
469,8,0.69,520.31,432.87,71.58,1,0,0
470,8,0.67,525.94,430.71,79.05,1,0,0
471,8,1.60,517.12,417.02,77.49,1,0,0
472,8,69.13,514.54,340.11,75.23,1,0,0
473,8,0.94,517.15,398.13,78.32,1,0,0
474,8,0.02,520.04,384.55,84.24,1,0,0
475,8,0.00,521.87,372.80,83.73,1,0,0
476,8,1.12,515.65,372.26,81.83,1,0,0
477,8,0.74,529.28,361.02,85.71,1,0,0
478,8,0.55,516.37,342.90,89.90,1,0,0
479,8,0.00,512.10,319.72,85.45,1,0,0
480,8,0.85,522.93,303.55,87.62,1,0,0
481,8,0.52,517.21,272.95,91.68,1,0,0
482,8,0.00,494.07,242.90,94.64,1,0,0
483,8,0.51,479.52,223.16,94.48,1,0,0
484,8,0.00,474.46,192.45,98.33,1,0,0
485,8,0.00,453.95,171.59,95.31,1,0,0
486,8,0.59,443.88,132.96,99.33,1,0,0
487,8,0.49,447.31,99.32,99.30,1,0,0
488,8,0.63,467.84,34.50,35.09,1,0,0
