1,1,1129.01,573.39,196.24,94.89,1,1,0
1,2,430.10,545.50,100.95,96.37,1,1,0
1,3,741.92,592.59,187.40,41.83,1,1,0
1,4,1282.57,596.00,98.68,62.31,1,1,0
1,5,1546.41,624.00,109.82,35.50,1,1,0
1,6,870.00,675.42,22.12,18.13,1,3,0
1,7,964.75,673.61,20.25,16.14,1,3,0
1,8,746.16,677.54,24.18,20.10,1,3,0
1,9,384.31,679.37,32.08,27.75,1,3,0
1,10,1167.52,671.46,15.63,12.19,1,3,0
1,11,1110.50,671.67,17.46,14.28,1,3,0
1,12,586.97,682.65,28.98,21.51,1,3,0
1,13,1435.02,628.12,98.87,23.53,1,1,0
1,14,1044.48,671.92,19.46,15.19,1,3,0
1,15,1650.08,633.92,64.50,26.52,1,1,0
1,16,1257.36,671.07,13.01,10.54,1,3,0
1,17,1218.83,672.56,14.26,11.81,1,3,0
1,18,1043.07,621.71,34.46,17.50,1,2,0
1,19,109.99,679.07,38.34,31.04,1,3,0
1,20,1322.14,668.91,11.68,9.67,1,3,0
1,21,1869.45,639.56,50.55,27.61,1,1,0
1,22,1292.09,670.02,12.41,10.02,1,3,0
2,1,1013.03,552.61,194.79,95.58,1,1,0
2,2,296.71,525.53,103.73,100.02,1,1,0
2,3,626.62,573.15,189.91,43.17,1,1,0
2,4,1164.87,578.50,100.29,58.12,1,1,0
2,5,1524.48,612.01,63.80,24.95,1,1,0
2,6,837.59,654.98,20.72,17.10,1,3,0
2,7,920.86,653.38,19.09,15.01,1,3,0
2,8,739.71,658.94,22.41,19.26,1,3,0
2,9,433.45,667.34,28.76,22.56,1,3,0
2,10,1138.19,649.39,13.63,10.57,1,3,0
2,11,1099.91,651.37,14.19,11.49,1,3,0
2,12,606.74,661.81,25.82,21.02,1,3,0
2,13,1425.92,602.12,106.13,34.14,1,1,0
2,14,989.10,652.23,17.21,13.39,1,3,0
2,15,1740.18,612.65,100.88,31.42,1,1,0
2,16,1204.02,647.05,12.59,9.69,1,3,0
2,17,1173.07,648.39,12.77,9.62,1,3,0
2,18,1048.13,651.37,16.45,13.26,1,3,0
2,19,208.68,663.78,36.22,30.43,1,3,0
2,20,1315.97,607.37,97.36,22.25,1,1,0
3,1,988.01,541.55,196.70,95.36,1,1,0
3,2,261.52,515.09,104.85,99.58,1,1,0
3,3,602.80,563.24,189.38,42.57,1,1,0
3,4,1143.06,565.00,101.16,60.45,1,1,0
3,5,1503.17,601.67,61.78,24.08,1,1,0
3,6,804.13,645.88,21.52,17.72,1,3,0
3,7,888.96,644.45,18.94,15.16,1,3,0
3,8,702.47,650.01,23.17,19.17,1,3,0
3,9,376.35,655.80,30.29,22.92,1,3,0
3,10,1149.03,637.42,12.58,9.91,1,3,0
3,11,1112.00,637.18,14.09,11.16,1,3,0
3,12,561.61,651.10,26.12,21.92,1,3,0
3,13,1405.02,591.29,103.25,33.78,1,1,0
3,14,960.39,642.04,17.08,13.92,1,3,0
3,15,1717.87,601.52,97.73,31.22,1,1,0
3,16,1314.53,622.69,5.64,4.27,1,3,0
3,17,1180.38,636.28,12.63,9.74,1,3,0
3,18,1020.57,640.60,16.10,12.98,1,3,0
3,19,138.37,654.94,37.18,28.63,1,3,0
3,20,1294.12,597.24,99.58,21.54,1,1,0
3,23,908.19,592.21,32.91,17.27,1,2,0
3,22,1362.71,624.73,4.99,4.48,1,3,0
4,1,993.95,564.08,195.80,96.40,1,1,0
4,2,256.29,535.63,105.88,101.40,1,1,0
4,3,607.53,585.88,191.59,42.40,1,1,0
4,4,1149.81,589.02,103.85,60.00,1,1,0
4,5,1515.33,624.53,58.01,25.30,1,1,0
4,6,795.34,670.66,22.45,17.67,1,3,0
4,7,884.13,669.28,19.62,17.46,1,3,0
4,8,683.84,673.42,24.39,18.92,1,3,0
4,9,335.16,678.24,32.44,24.11,1,3,0
4,10,1154.80,661.58,12.66,10.89,1,3,0
4,11,1074.86,664.19,14.31,12.03,1,3,0
4,12,533.45,675.04,27.71,22.58,1,3,0
4,13,1414.65,614.75,102.03,33.28,1,1,0
4,14,958.68,665.73,17.33,14.87,1,3,0
4,15,1727.49,624.43,103.29,32.52,1,1,0
4,16,1325.52,646.31,5.46,4.52,1,3,0
4,17,1185.93,660.69,12.65,9.98,1,3,0
4,18,1020.07,665.17,16.37,13.36,1,3,0
4,19,80.34,681.74,39.59,31.06,1,3,0
4,20,1301.61,620.36,99.44,21.92,1,1,0
4,23,914.49,614.37,35.17,17.74,1,2,0
4,22,1373.32,647.30,4.96,4.27,1,3,0
5,1,1001.57,579.30,194.88,97.21,1,1,0
5,2,254.15,549.17,106.58,103.08,1,1,0
5,3,614.69,600.86,192.31,43.29,1,1,0
5,4,1157.96,604.10,104.17,61.92,1,1,0
5,5,1525.59,642.05,58.99,25.41,1,1,0
5,6,787.70,686.68,22.92,17.63,1,3,0
5,7,880.99,685.19,20.24,16.47,1,3,0
5,8,669.23,689.35,25.55,19.87,1,3,0
5,9,303.24,696.15,33.63,24.35,1,3,0
5,10,1121.29,680.58,14.30,11.34,1,3,0
5,11,1078.89,683.05,15.04,11.49,1,3,0
5,12,513.60,691.82,29.42,23.53,1,3,0
5,13,1424.79,631.60,104.22,34.39,1,1,0
5,14,958.18,683.36,18.36,14.82,1,3,0
5,15,1740.94,642.76,101.75,31.68,1,1,0
5,16,1193.63,677.77,11.97,10.32,1,3,0
5,17,1160.87,678.71,13.14,10.64,1,3,0
5,18,1022.30,683.62,17.04,13.65,1,3,0
5,19,30.47,702.40,41.04,31.11,1,3,0
5,20,1311.13,637.90,99.90,21.16,1,1,0
5,23,922.10,630.43,35.62,17.59,1,2,0
6,1,1000.92,567.12,197.54,98.98,1,1,0
6,2,247.64,539.20,105.48,105.28,1,1,0
6,3,615.95,591.08,191.98,42.81,1,1,0
6,4,1158.82,591.28,105.49,63.00,1,1,0
6,5,1530.53,628.37,57.90,25.18,1,1,0
6,6,774.15,676.62,22.69,17.91,1,3,0
6,7,871.26,674.08,21.27,16.69,1,3,0
6,8,651.78,680.09,26.49,19.80,1,3,0
6,9,268.49,690.43,34.99,25.82,1,3,0
6,10,1120.00,669.01,14.03,11.11,1,3,0
6,11,1075.04,670.54,15.99,11.41,1,3,0
6,12,489.51,684.81,30.49,24.35,1,3,0
6,13,1429.27,618.17,103.10,34.31,1,1,0
6,14,952.31,673.55,19.63,15.12,1,3,0
6,15,1745.82,628.22,102.54,31.87,1,1,0
6,16,1193.90,666.40,12.30,10.14,1,3,0
6,17,1160.35,667.25,12.83,10.66,1,3,0
6,18,1019.36,671.88,17.87,14.40,1,3,0
6,19,0.09,697.25,17.75,34.20,1,3,0
6,20,1314.12,625.47,99.81,20.86,1,1,0
6,23,924.99,619.18,35.92,18.23,1,2,0
7,1,998.86,539.73,200.28,100.23,1,1,0
7,2,238.75,518.20,107.29,103.77,1,1,0
7,3,616.11,566.68,193.58,42.89,1,1,0
7,4,1156.78,563.35,110.43,62.52,1,1,0
7,5,1533.08,599.21,58.70,25.44,1,1,0
7,6,760.82,654.39,22.68,19.53,1,3,0
7,7,860.68,649.32,21.35,17.75,1,3,0
7,8,635.98,657.81,26.35,19.74,1,3,0
7,9,229.61,671.07,36.62,24.41,1,3,0
7,10,1118.37,641.83,14.48,11.99,1,3,0
7,11,1072.10,643.41,15.15,12.04,1,3,0
7,12,463.47,664.12,30.48,23.41,1,3,0
7,13,1432.46,589.54,104.13,33.87,1,1,0
7,14,945.60,647.61,19.47,16.33,1,3,0
7,15,1747.95,597.01,105.43,32.42,1,1,0
7,17,1159.25,641.29,12.49,10.27,1,3,0
7,18,1013.71,643.62,17.70,13.76,1,3,0
7,20,1316.33,596.04,100.18,22.06,1,1,0
7,23,927.85,594.78,34.58,17.21,1,2,0
8,1,997.72,543.14,201.23,99.92,1,1,0
8,2,228.36,521.81,107.94,103.61,1,1,0
8,3,616.36,570.04,192.18,42.95,1,1,0
8,4,1158.19,566.91,110.69,63.10,1,1,0
8,5,1534.90,603.37,60.64,25.45,1,1,0
8,6,745.77,660.68,23.59,20.25,1,3,0
8,7,849.39,655.43,21.26,17.59,1,3,0
8,8,614.49,663.49,26.54,20.32,1,3,0
8,9,177.91,675.09,38.01,26.23,1,3,0
8,10,1116.45,646.71,14.58,11.98,1,3,0
8,11,1069.19,647.95,16.57,13.64,1,3,0
8,12,427.20,668.40,31.98,25.93,1,3,0
8,13,1434.83,593.68,105.37,33.99,1,1,0
8,14,936.48,652.15,19.72,16.40,1,3,0
8,15,1751.88,601.69,104.24,32.56,1,1,0
8,17,1158.22,644.92,13.26,10.96,1,3,0
8,18,1006.90,648.78,18.07,13.81,1,3,0
8,20,1319.37,601.09,100.39,21.22,1,1,0
8,23,928.08,598.55,34.41,17.26,1,2,0
8,16,1193.62,642.84,12.87,10.71,1,3,0
9,1,998.97,562.69,203.35,102.50,1,1,0
9,2,221.87,534.62,108.83,105.32,1,1,0
9,3,617.82,587.39,194.44,43.28,1,1,0
9,4,1159.94,587.09,115.21,64.84,1,1,0
9,5,1543.54,627.47,59.16,25.36,1,1,0
9,6,730.40,678.11,24.79,19.87,1,3,0
9,7,840.23,675.54,22.39,17.49,1,3,0
9,8,587.02,681.33,29.05,21.45,1,3,0
9,9,122.95,691.49,40.70,28.28,1,3,0
9,10,1116.86,669.15,14.84,11.67,1,3,0
9,11,1068.38,670.62,16.27,13.12,1,3,0
9,12,391.37,685.73,33.40,25.72,1,3,0
9,13,1440.14,617.13,108.82,34.43,1,1,0
9,14,929.57,673.83,20.98,16.21,1,3,0
9,15,1759.88,626.67,106.68,33.40,1,1,0
9,17,1195.59,665.52,12.66,10.44,1,3,0
9,18,1004.66,672.38,18.64,13.88,1,3,0
9,20,1325.27,623.43,101.05,21.47,1,1,0
9,23,931.63,617.68,32.02,17.07,1,2,0
9,16,1160.00,667.33,13.42,10.82,1,3,0
9,22,1348.21,648.81,5.27,4.98,1,3,0
10,1,997.41,563.52,206.00,103.27,1,1,0
10,2,210.79,532.15,111.43,109.17,1,1,0
10,3,617.39,588.59,196.51,43.72,1,1,0
10,4,1160.19,587.93,116.34,65.75,1,1,0
10,5,1545.66,628.32,62.74,26.08,1,1,0
10,6,711.06,678.98,25.84,20.54,1,3,0
10,7,828.22,678.84,23.08,17.25,1,3,0
10,8,559.79,684.25,29.55,21.70,1,3,0
10,9,67.79,696.30,42.90,28.85,1,3,0
10,10,1113.61,671.25,15.03,12.36,1,3,0
10,11,1061.95,672.40,16.81,12.57,1,3,0
10,12,355.46,687.40,35.07,27.41,1,3,0
10,13,1442.09,618.04,107.73,34.99,1,1,0
10,14,922.71,676.64,20.93,16.64,1,3,0
10,15,1763.42,628.27,106.73,33.21,1,1,0
10,17,1194.87,667.91,13.22,10.85,1,3,0
10,18,998.47,673.74,19.38,15.13,1,3,0
10,20,1327.65,624.58,100.29,21.64,1,1,0
10,23,931.98,618.92,33.37,17.64,1,2,0
10,16,1157.39,669.05,13.80,11.16,1,3,0
11,1,994.61,538.79,207.48,104.44,1,1,0
11,2,197.91,514.54,113.32,108.10,1,1,0
11,3,616.50,567.71,194.28,42.89,1,1,0
11,4,1160.11,563.78,117.39,66.12,1,1,0
11,5,1550.11,603.26,56.42,25.29,1,1,0
11,6,684.92,657.84,26.86,22.77,1,3,0
11,7,810.93,657.43,23.90,19.59,1,3,0
11,8,526.85,666.21,30.40,22.73,1,3,0
11,9,0.00,679.82,37.53,33.16,1,3,0
11,10,1108.96,648.20,16.00,12.54,1,3,0
11,11,1055.88,649.06,17.81,14.13,1,3,0
11,12,306.91,671.44,37.31,28.27,1,3,0
11,13,1444.94,593.43,107.04,34.49,1,1,0
11,14,910.37,652.31,21.68,17.59,1,3,0
11,15,1768.23,602.65,104.51,32.32,1,1,0
11,17,1193.38,644.50,13.19,10.79,1,3,0
11,18,987.85,650.44,19.60,14.88,1,3,0
11,20,1328.54,599.17,100.70,22.12,1,1,0
11,23,932.89,596.05,33.69,17.56,1,2,0
11,16,1154.45,646.10,14.11,11.62,1,3,0
12,1,992.99,532.97,208.23,106.29,1,1,0
12,2,187.94,514.06,114.35,107.51,1,1,0
12,3,614.67,565.17,196.03,41.78,1,1,0
12,4,1157.17,557.21,120.99,66.82,1,1,0
12,5,1551.08,596.52,58.88,25.01,1,1,0
12,6,667.71,658.85,27.99,22.08,1,3,0
12,7,798.70,654.85,23.24,19.02,1,3,0
12,8,504.80,667.80,32.17,23.44,1,3,0
12,10,1106.55,642.87,15.75,13.33,1,3,0
12,11,1052.66,644.51,17.74,14.52,1,3,0
12,12,270.56,673.37,38.58,28.54,1,3,0
12,13,1445.28,586.52,108.28,34.74,1,1,0
12,14,900.19,648.73,21.51,16.87,1,3,0
12,15,1771.04,594.37,103.68,31.35,1,1,0
12,18,981.01,647.23,20.06,15.34,1,3,0
12,20,1327.81,592.91,102.90,22.37,1,1,0
12,23,933.85,591.68,33.88,17.48,1,2,0
12,16,1152.79,641.13,14.41,11.44,1,3,0
12,22,1352.71,619.23,5.97,5.36,1,3,0
13,3,693.36,535.73,213.41,107.23,1,1,0
13,4,1147.81,589.07,102.95,33.69,1,1,0
13,6,678.22,654.05,19.84,17.29,1,3,0
13,7,808.99,647.92,16.57,13.21,1,3,0
13,8,475.00,662.45,26.65,21.12,1,3,0
13,10,1037.42,595.58,93.97,22.14,1,1,0
13,11,1058.62,622.42,5.59,4.68,1,3,0
13,12,330.88,669.76,29.95,22.90,1,3,0
13,13,1449.68,595.25,91.84,30.20,1,1,0
13,14,855.83,644.85,14.65,11.69,1,3,0
13,18,896.00,642.90,14.54,11.48,1,3,0
13,23,861.09,561.06,122.09,65.70,1,1,0
13,17,1243.52,598.01,60.52,25.02,1,1,0
14,3,597.69,545.43,215.56,110.28,1,1,0
14,4,1154.94,608.82,59.18,25.10,1,1,0
14,6,652.88,664.82,18.28,13.69,1,3,0
14,7,712.28,661.02,16.84,13.65,1,3,0
14,8,481.83,673.26,23.92,19.47,1,3,0
14,10,1058.63,600.09,102.94,34.07,1,1,0
14,11,949.92,607.34,94.40,21.97,1,1,0
14,12,358.88,678.10,27.96,20.74,1,3,0
14,14,760.53,658.22,15.93,12.03,1,3,0
14,18,803.86,655.64,14.52,12.12,1,3,0
14,23,768.44,568.90,125.46,69.44,1,1,0
14,24,188.65,578.33,220.19,46.24,1,1,0
14,25,198.42,685.60,33.17,24.16,1,3,0
14,26,573.88,666.60,21.26,17.87,1,3,0
14,28,540.08,606.88,37.43,18.13,1,2,0
14,9,0.00,694.65,18.86,23.70,1,3,0
14,20,1357.78,605.49,92.79,30.54,1,1,0
15,3,572.01,536.17,221.35,111.11,1,1,0
15,4,1136.26,600.92,59.83,24.37,1,1,0
15,6,624.49,656.44,19.37,15.47,1,3,0
15,7,686.58,653.06,16.39,14.03,1,3,0
15,8,444.01,664.52,25.72,19.78,1,3,0
15,10,1040.99,591.69,101.51,33.59,1,1,0
15,11,931.95,599.16,94.18,21.61,1,1,0
15,12,313.63,670.53,29.73,21.42,1,3,0
15,14,737.66,651.26,15.37,12.53,1,3,0
15,18,781.09,648.29,14.45,11.47,1,3,0
15,23,748.14,562.51,127.86,67.71,1,1,0
15,24,162.58,569.10,225.14,46.85,1,1,0
15,25,138.88,679.01,35.47,26.14,1,3,0
15,26,540.81,658.09,22.16,16.92,1,3,0
15,28,519.06,598.33,35.21,18.46,1,2,0
15,20,1340.44,597.89,91.71,30.72,1,1,0
15,16,951.10,625.22,5.70,4.99,1,3,0
16,3,569.79,519.86,222.48,112.54,1,1,0
16,4,1136.30,585.03,59.47,24.71,1,1,0
16,6,616.93,641.93,19.61,16.24,1,3,0
16,7,680.48,639.10,17.23,14.10,1,3,0
16,8,424.98,650.12,26.19,20.74,1,3,0
16,10,1040.99,575.93,103.32,34.14,1,1,0
16,11,931.50,583.29,94.38,22.08,1,1,0
16,12,290.04,656.69,29.00,22.73,1,3,0
16,14,733.27,635.88,15.77,12.62,1,3,0
16,18,777.80,632.27,14.52,11.91,1,3,0
16,23,744.43,546.35,130.36,68.45,1,1,0
16,24,160.86,554.61,224.78,46.35,1,1,0
16,25,104.56,668.11,37.09,28.49,1,3,0
16,26,529.63,645.70,22.94,18.40,1,3,0
16,28,517.58,583.43,37.40,18.60,1,2,0
16,20,1340.62,581.82,93.65,30.33,1,1,0
16,16,950.95,610.47,5.76,4.41,1,3,0
17,3,567.95,512.11,226.28,112.71,1,1,0
17,4,1142.37,577.59,59.08,24.35,1,1,0
17,6,612.65,635.55,19.49,15.91,1,3,0
17,7,678.66,631.96,17.08,14.65,1,3,0
17,8,412.37,645.97,26.08,21.94,1,3,0
17,10,1045.25,568.36,102.20,33.80,1,1,0
17,11,933.57,575.19,98.40,22.35,1,1,0
17,12,268.81,651.82,31.25,24.41,1,3,0
17,14,732.38,628.72,15.57,12.75,1,3,0
17,18,777.85,625.59,15.47,11.50,1,3,0
17,23,744.45,539.57,134.46,67.28,1,1,0
17,24,160.36,548.36,227.34,46.31,1,1,0
17,25,74.15,664.23,38.22,28.45,1,3,0
17,26,522.91,640.66,23.26,18.65,1,3,0
17,28,519.91,577.40,35.73,17.74,1,2,0
17,20,1344.91,572.80,91.92,30.82,1,1,0
18,3,564.96,531.13,228.89,115.21,1,1,0
18,4,1145.27,597.24,58.74,24.07,1,1,0
18,6,604.74,657.72,19.53,15.85,1,3,0
18,7,672.33,652.87,17.28,15.03,1,3,0
18,8,398.20,669.11,26.02,22.66,1,3,0
18,10,1045.47,587.71,106.77,34.53,1,1,0
18,11,935.76,594.68,98.07,22.51,1,1,0
18,12,243.06,678.55,31.08,24.93,1,3,0
18,14,728.80,650.46,16.37,13.15,1,3,0
18,18,775.35,647.02,16.35,12.30,1,3,0
18,23,742.49,560.37,137.46,66.58,1,1,0
18,24,160.60,568.76,227.80,47.11,1,1,0
18,25,34.39,688.13,39.64,29.57,1,3,0
18,26,509.79,661.36,23.75,19.76,1,3,0
18,28,519.41,596.97,37.11,18.77,1,2,0
18,20,1347.94,592.05,90.93,30.72,1,1,0
19,3,555.06,546.29,229.14,117.99,1,1,0
19,4,1141.33,613.78,59.65,24.38,1,1,0
19,6,587.41,675.94,21.36,16.02,1,3,0
19,7,659.18,672.89,18.71,14.74,1,3,0
19,8,368.48,685.39,28.50,21.39,1,3,0
19,10,1043.42,604.87,104.54,33.88,1,1,0
19,11,932.17,611.20,99.74,22.72,1,1,0
19,12,207.30,698.50,34.71,24.55,1,3,0
19,14,718.44,668.68,17.65,13.52,1,3,0
19,18,767.04,665.80,16.31,11.65,1,3,0
19,23,734.08,575.75,142.60,68.44,1,1,0
19,24,151.66,582.81,228.01,47.74,1,1,0
19,25,0.00,707.55,20.33,26.46,1,3,0
19,26,487.19,680.84,24.97,19.53,1,3,0
19,28,513.75,613.38,34.82,17.92,1,2,0
19,20,1345.26,608.68,93.88,31.37,1,1,0
20,3,542.18,532.63,231.92,118.86,1,1,0
20,4,1134.13,601.45,61.08,24.45,1,1,0
20,6,569.82,664.27,20.97,16.94,1,3,0
20,7,644.00,660.58,20.12,15.66,1,3,0
20,8,336.92,674.16,29.87,23.06,1,3,0
20,10,1036.52,592.90,104.26,33.29,1,1,0
20,11,925.83,599.28,97.06,22.17,1,1,0
20,12,166.38,685.52,36.88,25.41,1,3,0
20,14,704.57,656.13,17.53,13.93,1,3,0
20,18,755.02,653.65,16.61,12.04,1,3,0
20,23,723.13,562.83,145.42,68.58,1,1,0
20,24,139.74,570.76,229.84,47.14,1,1,0
20,26,465.10,669.96,26.24,20.67,1,3,0
20,28,505.53,599.91,33.15,17.91,1,2,0
20,20,1339.19,597.58,91.66,30.60,1,1,0
21,3,529.10,518.97,235.40,121.33,1,1,0
21,4,1130.20,590.61,58.02,24.01,1,1,0
21,6,548.98,652.67,23.25,18.36,1,3,0
21,7,627.35,648.56,20.04,16.23,1,3,0
21,8,302.30,667.29,31.64,24.39,1,3,0
21,10,1031.37,580.84,104.16,34.30,1,1,0
21,11,920.15,588.89,96.48,21.72,1,1,0
21,12,111.73,675.19,37.90,27.60,1,3,0
21,14,691.22,644.71,18.48,14.30,1,3,0
21,18,743.61,642.45,16.45,12.19,1,3,0
21,23,711.67,549.94,149.46,70.25,1,1,0
21,24,127.46,557.69,232.10,48.36,1,1,0
21,26,439.06,658.04,26.79,19.91,1,3,0
21,28,496.40,588.94,32.59,17.49,1,2,0
21,20,1334.33,586.26,92.88,31.18,1,1,0
22,3,519.44,508.77,237.32,122.25,1,1,0
22,4,1123.28,581.87,57.54,24.45,1,1,0
22,6,532.79,643.89,23.25,17.92,1,3,0
22,7,613.78,639.34,20.11,16.52,1,3,0
22,8,275.96,657.85,32.43,24.03,1,3,0
22,10,1026.31,571.95,103.32,34.39,1,1,0
22,11,915.54,579.72,95.33,21.78,1,1,0
22,12,73.47,669.31,39.63,27.04,1,3,0
22,14,681.16,636.43,18.63,14.18,1,3,0
22,18,734.93,633.16,17.08,12.82,1,3,0
22,23,703.49,540.07,152.46,71.12,1,1,0
22,24,115.77,547.40,236.20,48.50,1,1,0
22,26,419.39,649.30,27.72,21.43,1,3,0
22,28,489.75,579.05,31.46,17.52,1,2,0
22,20,1329.53,578.72,92.43,30.72,1,1,0
23,3,499.84,522.77,240.52,125.48,1,1,0
23,4,1112.75,600.04,54.87,23.51,1,1,0
23,6,503.15,663.03,24.17,19.44,1,3,0
23,7,589.97,657.61,21.79,17.75,1,3,0
23,8,223.60,674.52,34.09,25.52,1,3,0
23,10,1015.29,589.81,102.32,33.67,1,1,0
23,11,903.09,596.69,96.83,21.98,1,1,0
23,12,8.77,687.34,42.68,26.75,1,3,0
23,14,659.88,654.15,19.31,15.61,1,3,0
23,18,716.34,650.79,18.06,13.44,1,3,0
23,23,686.95,555.25,156.24,72.33,1,1,0
23,24,99.33,561.34,236.80,48.67,1,1,0
23,26,381.82,667.32,28.70,22.20,1,3,0
23,28,476.12,594.06,28.42,17.70,1,2,0
23,20,1318.26,596.62,92.67,31.43,1,1,0
24,3,473.63,523.50,246.79,128.60,1,1,0
24,4,1099.53,602.84,55.55,23.74,1,1,0
24,6,467.16,668.53,25.91,20.08,1,3,0
24,7,559.09,661.92,22.29,17.39,1,3,0
24,8,163.70,683.79,37.47,28.67,1,3,0
24,10,999.93,593.01,102.87,34.25,1,1,0
24,11,886.43,599.01,96.36,22.42,1,1,0
24,14,633.48,658.64,20.00,15.92,1,3,0
24,18,692.27,654.87,18.14,13.56,1,3,0
24,23,662.64,559.03,162.34,71.67,1,1,0
24,24,75.16,564.06,241.53,49.30,1,1,0
24,26,336.78,673.64,30.72,21.67,1,3,0
24,28,456.25,597.17,24.99,16.63,1,2,0
24,20,1303.19,599.74,95.35,32.01,1,1,0
25,3,450.19,504.30,251.85,130.76,1,1,0
25,4,1089.21,585.17,53.02,23.65,1,1,0
25,6,435.98,650.88,26.90,20.75,1,3,0
25,7,532.76,644.34,22.58,18.83,1,3,0
25,8,115.74,668.06,38.86,26.66,1,3,0
25,10,987.79,574.52,103.82,34.67,1,1,0
25,11,873.41,580.55,96.32,22.83,1,1,0
25,14,611.71,641.37,20.42,15.76,1,3,0
25,18,672.17,637.00,18.48,13.95,1,3,0
25,23,645.71,540.80,165.95,71.97,1,1,0
25,24,55.90,546.06,242.78,49.60,1,1,0
25,26,299.14,657.46,31.95,22.99,1,3,0
25,28,438.31,581.11,22.84,14.85,1,2,0
25,20,1290.21,581.80,95.80,31.89,1,1,0
25,16,842.63,609.81,6.82,5.50,1,3,0
26,3,428.18,499.39,255.50,131.56,1,1,0
26,4,1075.20,580.88,50.85,23.24,1,1,0
26,6,400.82,648.54,28.12,22.15,1,3,0
26,7,504.48,643.77,23.72,18.28,1,3,0
26,8,54.31,665.13,40.11,28.45,1,3,0
26,10,973.95,570.34,103.74,34.40,1,1,0
26,11,859.64,576.58,96.14,22.81,1,1,0
26,14,586.63,638.12,20.94,15.70,1,3,0
26,18,649.88,634.29,19.80,14.02,1,3,0
26,23,624.94,535.65,171.95,73.42,1,1,0
26,24,33.35,542.40,246.42,50.03,1,1,0
26,26,253.55,655.70,33.34,24.68,1,3,0
26,20,1277.83,577.05,95.85,32.08,1,1,0
27,3,413.70,510.00,257.94,132.73,1,1,0
27,4,1071.63,593.72,46.18,22.82,1,1,0
27,6,376.06,663.31,28.47,21.94,1,3,0
27,7,483.69,657.07,24.43,18.30,1,3,0
27,8,6.04,679.82,42.63,29.32,1,3,0
27,10,965.50,582.52,105.58,34.61,1,1,0
27,11,850.20,588.71,97.57,22.69,1,1,0
27,14,569.03,651.78,21.23,16.27,1,3,0
27,18,634.99,647.95,19.21,13.80,1,3,0
27,23,611.46,546.87,176.73,74.47,1,1,0
27,24,6.45,554.10,259.41,50.11,1,1,0
27,26,218.42,670.14,34.97,25.60,1,3,0
27,20,1269.65,588.81,95.49,32.50,1,1,0
27,28,397.05,623.73,6.96,6.50,1,3,0
27,16,920.21,618.30,5.33,4.73,1,3,0
28,3,393.02,518.85,260.00,138.52,1,1,0
28,4,1063.75,607.02,43.48,22.22,1,1,0
28,6,336.28,677.60,29.92,22.53,1,3,0
28,7,451.18,670.72,25.50,18.97,1,3,0
28,10,955.30,595.33,103.53,34.36,1,1,0
28,11,839.92,600.49,96.92,23.31,1,1,0
28,14,543.58,665.70,22.10,17.13,1,3,0
28,18,613.11,661.97,19.93,14.21,1,3,0
28,23,594.21,557.99,179.93,75.62,1,1,0
28,24,0.28,563.87,249.07,50.16,1,1,0
28,26,165.38,686.50,37.01,27.42,1,3,0
28,20,1260.15,603.14,95.15,31.82,1,1,0
28,28,373.29,633.19,8.99,7.80,1,3,0
28,16,909.39,630.03,5.78,5.49,1,3,0
29,3,380.55,506.14,262.14,140.14,1,1,0
29,4,1059.40,597.91,44.14,22.58,1,1,0
29,6,306.29,667.64,31.41,24.05,1,3,0
29,7,428.95,660.97,27.12,19.62,1,3,0
29,10,951.89,585.84,103.23,35.11,1,1,0
29,11,834.65,590.50,97.32,23.86,1,1,0
29,14,525.63,655.41,23.02,17.97,1,3,0
29,18,598.89,652.22,20.97,15.04,1,3,0
29,23,582.97,547.22,186.11,76.13,1,1,0
29,24,0.36,550.87,243.02,51.56,1,1,0
29,26,126.00,676.33,38.69,27.65,1,3,0
29,20,1256.60,594.65,95.06,32.30,1,1,0
29,16,850.94,619.18,5.98,5.17,1,3,0
30,3,370.89,490.98,266.26,143.28,1,1,0
30,4,1054.48,584.51,44.07,24.43,1,1,0
30,6,281.79,654.90,32.63,24.47,1,3,0
30,7,411.43,648.05,27.47,20.38,1,3,0
30,10,948.74,573.69,104.89,35.68,1,1,0
30,11,833.85,578.64,98.48,22.91,1,1,0
30,14,513.04,643.37,23.64,18.79,1,3,0
30,18,589.10,639.30,20.81,15.20,1,3,0
30,23,576.96,533.64,191.02,77.20,1,1,0
30,24,0.28,537.02,238.92,51.21,1,1,0
30,26,86.33,662.02,41.03,28.62,1,3,0
30,20,1255.42,582.86,98.15,33.31,1,1,0
30,28,351.47,608.99,9.29,7.46,1,3,0
31,3,364.03,495.90,267.35,144.58,1,1,0
31,4,1054.59,589.67,44.74,23.74,1,1,0
31,6,253.54,663.65,34.48,24.58,1,3,0
31,7,391.69,655.78,29.60,20.55,1,3,0
31,10,951.05,579.10,102.87,34.95,1,1,0
31,11,834.86,584.39,98.31,22.96,1,1,0
31,14,499.69,651.46,24.99,18.29,1,3,0
31,18,580.43,645.93,21.66,16.32,1,3,0
31,23,573.37,540.11,194.70,76.39,1,1,0
31,24,0.17,542.77,239.02,52.66,1,1,0
31,26,40.90,672.35,43.80,30.62,1,3,0
31,20,1259.29,587.34,96.89,33.39,1,1,0
31,28,345.92,616.86,8.62,7.69,1,3,0
32,3,359.21,512.20,271.60,147.49,1,1,0
32,4,1060.20,604.07,46.36,24.39,1,1,0
32,6,224.68,685.84,36.76,26.90,1,3,0
32,7,374.86,676.56,29.95,21.39,1,3,0
32,10,955.93,593.98,103.93,35.02,1,1,0
32,11,839.59,600.51,98.34,22.34,1,1,0
32,14,489.14,671.29,24.70,18.65,1,3,0
32,18,574.01,665.19,22.05,15.89,1,3,0
32,23,569.92,555.39,202.79,77.37,1,1,0
32,24,0.11,562.36,242.04,51.79,1,1,0
32,26,0.25,697.47,42.51,31.05,1,3,0
32,20,1266.20,600.94,98.09,33.50,1,1,0
32,28,339.86,633.08,9.09,8.05,1,3,0
32,16,910.58,629.79,5.41,5.08,1,3,0
33,3,356.30,512.69,274.71,147.92,1,1,0
33,4,1066.36,603.49,46.20,23.67,1,1,0
33,6,198.82,691.56,38.43,29.21,1,3,0
33,7,359.43,680.89,30.70,22.93,1,3,0
33,10,962.18,593.06,104.71,35.14,1,1,0
33,11,844.67,600.22,100.35,22.28,1,1,0
33,14,480.02,673.89,25.78,21.01,1,3,0
33,18,568.81,667.09,22.50,17.16,1,3,0
33,23,569.37,556.82,207.26,76.55,1,1,0
33,24,0.20,565.76,245.14,51.54,1,1,0
33,20,1272.75,598.16,98.29,33.75,1,1,0
33,16,861.46,628.95,6.25,5.51,1,3,0
34,3,353.07,498.81,275.30,149.66,1,1,0
34,4,1070.40,587.16,48.06,24.59,1,1,0
34,6,166.79,683.90,40.36,28.46,1,3,0
34,7,338.74,671.48,31.72,23.49,1,3,0
34,10,969.21,577.83,105.13,34.86,1,1,0
34,11,851.89,586.04,97.09,22.13,1,1,0
34,14,466.75,662.74,27.74,20.88,1,3,0
34,18,560.56,655.84,23.80,18.14,1,3,0
34,23,569.28,542.98,211.06,77.05,1,1,0
34,24,0.69,555.55,247.18,51.43,1,1,0
34,20,1279.35,581.04,100.27,33.74,1,1,0
34,16,865.63,613.63,6.08,5.24,1,3,0
34,28,336.55,624.58,7.98,7.15,1,3,0
35,3,347.34,495.76,279.39,151.75,1,1,0
35,4,1075.19,583.62,48.25,24.30,1,1,0
35,6,135.29,685.71,41.75,28.85,1,3,0
35,7,319.00,672.66,33.02,22.52,1,3,0
35,10,974.31,574.16,105.21,35.17,1,1,0
35,11,856.72,582.81,96.38,22.61,1,1,0
35,14,455.55,662.71,27.96,20.44,1,3,0
35,18,553.58,655.68,24.43,17.83,1,3,0
35,23,565.37,539.35,218.88,78.42,1,1,0
35,24,0.67,555.50,250.62,51.13,1,1,0
35,20,1285.01,575.69,100.60,34.51,1,1,0
35,16,869.44,611.67,5.71,4.89,1,3,0
36,3,340.17,506.96,281.99,155.54,1,1,0
36,4,1079.66,596.02,51.29,24.85,1,1,0
36,6,82.92,706.70,44.38,31.06,1,3,0
36,7,286.79,690.46,35.63,25.16,1,3,0
36,10,978.95,586.87,105.83,35.69,1,1,0
36,11,861.02,595.66,99.85,22.61,1,1,0
36,14,435.45,679.25,29.35,22.12,1,3,0
36,18,541.33,673.00,24.51,18.09,1,3,0
36,23,560.44,552.34,226.97,78.45,1,1,0
36,24,0.00,569.34,253.31,51.24,1,1,0
36,20,1292.05,587.97,100.45,34.89,1,1,0
36,16,929.70,625.23,4.92,5.07,1,3,0
37,3,331.59,505.34,285.54,158.09,1,1,0
37,4,1086.69,595.09,53.73,24.53,1,1,0
37,6,31.81,714.65,47.81,31.87,1,3,0
37,7,254.39,695.77,37.70,25.38,1,3,0
37,10,982.15,586.11,105.79,35.24,1,1,0
37,11,863.24,595.49,98.61,22.26,1,1,0
37,14,414.48,682.92,30.33,22.10,1,3,0
37,18,527.12,675.33,26.26,18.48,1,3,0
37,23,553.72,550.96,233.64,79.87,1,1,0
37,24,0.41,571.22,251.59,50.69,1,1,0
37,20,1295.36,586.99,99.94,34.31,1,1,0
37,16,930.17,624.84,5.75,5.32,1,3,0
38,3,318.81,494.86,289.38,161.37,1,1,0
38,4,1085.97,583.06,48.91,24.38,1,1,0
38,6,0.03,711.52,28.55,34.50,1,3,0
38,7,220.16,690.40,40.16,26.27,1,3,0
38,10,981.60,574.65,105.71,35.27,1,1,0
38,11,861.75,583.76,97.66,22.91,1,1,0
38,14,391.42,676.57,32.30,24.22,1,3,0
38,18,510.89,666.29,26.64,19.12,1,3,0
38,23,543.08,542.14,242.04,79.12,1,1,0
38,24,0.55,563.29,246.16,51.10,1,1,0
38,20,1294.07,574.18,100.78,34.27,1,1,0
38,16,929.47,613.54,5.00,5.33,1,3,0
39,3,340.35,563.84,234.83,49.94,1,1,0
39,4,1165.17,583.17,97.26,23.03,1,1,0
39,7,279.77,708.91,47.22,33.22,1,3,0
39,18,516.24,687.53,38.26,28.81,1,3,0
39,23,631.67,495.56,275.46,159.27,1,1,0
39,20,1282.90,573.14,110.44,36.19,1,1,0
39,16,804.24,664.78,28.06,19.71,1,3,0
39,1,846.33,541.61,240.32,78.38,1,1,0
39,5,1616.32,572.53,107.68,36.05,1,1,0
39,22,1229.59,612.58,5.23,4.53,1,3,0
39,17,1393.44,582.74,49.81,24.74,1,1,0
40,3,431.88,572.79,229.64,48.46,1,1,0
40,7,323.82,721.94,49.18,35.06,1,3,0
40,18,574.37,698.63,38.62,30.80,1,3,0
40,23,709.49,501.60,275.71,158.97,1,1,0
40,20,1251.67,588.64,101.49,22.46,1,1,0
40,16,751.36,684.53,31.87,23.07,1,3,0
40,1,921.94,543.21,249.45,82.23,1,1,0
40,5,1712.79,576.35,112.27,35.88,1,1,0
40,22,1260.14,618.61,5.54,5.19,1,3,0
40,17,1370.40,576.29,113.30,37.74,1,1,0
40,13,1480.62,586.29,54.10,25.70,1,1,0
40,11,875.63,673.55,27.99,20.31,1,3,0
41,3,434.80,582.98,233.06,48.32,1,1,0
41,7,242.89,743.41,54.70,36.68,1,3,0
41,18,528.59,716.30,40.42,28.11,1,3,0
41,23,701.03,506.73,280.50,162.84,1,1,0
41,20,1259.79,591.80,100.85,22.64,1,1,0
41,16,724.47,697.71,33.82,24.90,1,3,0
41,1,913.70,545.68,263.12,85.52,1,1,0
41,5,1722.75,574.64,113.32,36.52,1,1,0
41,22,1266.56,622.57,6.47,5.30,1,3,0
41,17,1379.31,578.32,112.93,37.86,1,1,0
41,13,1489.08,587.54,55.35,25.43,1,1,0
41,11,859.05,684.26,28.57,20.68,1,3,0
41,4,1326.39,622.15,5.76,5.06,1,3,0
42,3,407.43,573.72,235.66,49.52,1,1,0
42,7,125.16,744.18,59.28,42.42,1,3,0
42,18,446.86,715.27,44.79,30.24,1,3,0
42,23,664.75,496.03,284.49,165.63,1,1,0
42,20,1239.67,583.45,100.23,22.36,1,1,0
42,16,665.85,692.13,35.38,25.42,1,3,0
42,1,882.39,535.67,271.67,87.78,1,1,0
42,5,1699.74,565.65,114.60,36.35,1,1,0
42,17,1358.84,569.61,114.04,38.11,1,1,0
42,13,1467.79,578.42,68.90,24.97,1,1,0
42,11,812.15,679.44,30.66,21.40,1,3,0
43,3,376.15,572.55,239.24,48.76,1,1,0
43,7,21.49,749.75,62.88,44.84,1,3,0
43,18,375.69,718.23,48.87,33.66,1,3,0
43,23,630.16,492.93,286.11,168.14,1,1,0
43,20,1213.66,582.60,100.43,22.72,1,1,0
43,16,611.86,694.16,37.01,25.62,1,3,0
43,1,848.20,534.62,280.70,88.28,1,1,0
43,5,1673.59,566.58,112.84,36.71,1,1,0
43,17,1332.11,570.66,119.80,37.30,1,1,0
43,13,1446.59,580.31,64.73,23.35,1,1,0
43,11,768.01,680.83,31.30,21.24,1,3,0
43,22,1218.44,613.34,6.92,5.39,1,3,0
44,3,331.59,572.08,245.03,48.71,1,1,0
44,23,578.40,493.07,288.80,173.33,1,1,0
44,20,1176.54,588.49,101.35,23.12,1,1,0
44,16,531.91,702.83,40.92,27.85,1,3,0
44,1,796.89,537.01,292.18,89.88,1,1,0
44,5,1633.80,576.52,111.58,36.20,1,1,0
44,17,1295.80,577.77,117.09,37.04,1,1,0
44,13,1408.05,587.30,65.43,24.28,1,1,0
44,11,702.47,687.95,33.26,22.06,1,3,0
44,14,267.33,725.70,50.86,35.44,1,3,0
45,3,289.13,566.22,245.99,50.09,1,1,0
45,23,529.06,487.95,292.47,178.28,1,1,0
45,20,1143.16,589.53,100.23,22.41,1,1,0
45,16,454.27,703.56,42.40,29.12,1,3,0
45,1,754.35,534.73,300.17,91.51,1,1,0
45,5,1598.14,579.85,112.12,35.77,1,1,0
45,17,1261.98,579.20,115.90,37.53,1,1,0
45,13,1374.20,588.59,64.40,24.78,1,1,0
45,11,640.49,688.61,33.86,23.80,1,3,0
45,14,159.71,727.88,57.15,36.31,1,3,0
46,3,336.18,553.78,242.31,49.31,1,1,0
46,23,559.95,473.58,290.55,183.80,1,1,0
46,20,1189.52,581.20,102.43,24.05,1,1,0
46,16,439.70,695.54,45.24,31.57,1,3,0
46,1,782.61,524.11,315.25,94.08,1,1,0
46,5,1651.28,575.87,113.38,36.91,1,1,0
46,17,1310.12,572.44,114.74,37.92,1,1,0
46,13,1421.73,582.55,64.26,26.33,1,1,0
46,11,646.53,679.85,34.66,24.23,1,3,0
46,14,109.78,718.93,60.30,44.96,1,3,0
46,4,1252.14,613.30,5.59,5.29,1,3,0
46,22,1190.36,611.58,6.86,5.43,1,3,0
47,3,466.45,552.30,223.98,47.79,1,1,0
47,23,671.53,471.13,284.90,187.32,1,1,0
47,16,505.94,696.47,47.28,32.06,1,3,0
47,1,912.78,523.48,306.89,96.60,1,1,0
47,5,1551.99,586.04,66.06,27.71,1,1,0
47,17,1315.01,583.96,104.04,23.85,1,1,0
47,13,1436.31,575.35,115.07,38.07,1,1,0
47,11,728.22,680.06,37.08,27.32,1,3,0
47,14,144.95,718.53,63.76,46.46,1,3,0
47,4,1377.90,616.26,5.79,5.62,1,3,0
47,21,1792.45,582.25,120.14,36.77,1,1,0
48,3,442.14,554.35,215.64,48.55,1,1,0
48,23,634.85,472.06,287.27,190.61,1,1,0
48,16,425.57,704.85,49.10,34.78,1,3,0
48,1,886.03,525.87,311.77,97.73,1,1,0
48,5,1533.76,590.97,61.89,27.32,1,1,0
48,17,1295.97,587.86,105.03,23.86,1,1,0
48,13,1417.43,579.88,115.38,38.32,1,1,0
48,11,669.08,687.16,39.86,27.19,1,3,0
48,14,23.14,728.90,67.81,49.80,1,3,0
48,21,1772.91,585.59,118.99,37.87,1,1,0
49,3,393.90,556.04,206.15,50.37,1,1,0
49,23,575.53,471.70,288.43,194.61,1,1,0
49,1,842.33,525.71,311.08,100.18,1,1,0
49,5,1488.65,591.58,65.45,27.70,1,1,0
49,17,1254.24,589.48,105.18,23.30,1,1,0
49,13,1374.10,580.15,115.70,39.66,1,1,0
49,11,579.36,695.75,41.86,27.04,1,3,0
49,21,1727.18,585.49,117.75,37.39,1,1,0
49,18,307.70,714.07,53.80,34.29,1,3,0
49,4,1312.84,622.56,5.86,5.47,1,3,0
50,3,336.50,546.39,202.60,51.11,1,1,0
50,23,504.19,458.04,289.61,200.40,1,1,0
50,1,776.39,516.25,327.62,100.34,1,1,0
50,5,1438.65,582.08,65.71,26.75,1,1,0
50,17,1207.00,579.62,104.27,22.74,1,1,0
50,13,1326.04,570.13,113.90,38.99,1,1,0
50,21,1674.00,575.88,116.51,35.69,1,1,0
50,18,159.13,711.84,57.19,34.67,1,3,0
50,4,1263.24,611.70,6.07,5.43,1,3,0
50,16,468.80,691.29,44.79,29.66,1,3,0
51,3,264.56,536.90,184.97,51.37,1,1,0
51,23,418.13,444.22,285.21,208.14,1,1,0
51,1,682.66,508.75,358.40,101.63,1,1,0
51,5,1379.71,577.34,64.40,27.42,1,1,0
51,13,1266.68,565.66,113.89,38.58,1,1,0
51,21,1611.39,572.93,114.90,36.54,1,1,0
51,16,317.16,688.41,48.36,32.51,1,3,0
51,20,1149.29,574.70,104.63,23.33,1,1,0
52,3,212.76,546.79,170.93,51.94,1,1,0
52,23,352.14,450.57,291.01,213.43,1,1,0
52,1,624.49,519.17,372.93,103.29,1,1,0
52,5,1341.33,591.01,59.17,26.15,1,1,0
52,13,1227.08,577.98,114.68,38.82,1,1,0
52,21,1569.16,586.60,113.36,36.60,1,1,0
52,20,1109.09,586.46,104.10,23.63,1,1,0
52,18,197.33,703.81,53.38,33.72,1,3,0
53,3,156.34,546.12,156.75,55.42,1,1,0
53,23,277.40,447.57,287.24,222.45,1,1,0
53,1,565.74,521.11,384.74,105.54,1,1,0
53,5,1296.77,596.47,59.56,26.53,1,1,0
53,13,1185.06,583.97,111.79,38.71,1,1,0
53,21,1523.60,593.95,111.77,37.05,1,1,0
53,20,1066.37,592.00,102.93,23.00,1,1,0
53,18,46.90,712.11,59.55,38.16,1,3,0
53,22,1048.77,621.79,7.09,5.25,1,3,0
54,3,101.64,517.62,135.48,56.02,1,1,0
54,23,201.14,415.20,288.71,231.42,1,1,0
54,1,515.49,494.80,390.78,110.03,1,1,0
54,5,1254.73,577.96,56.29,26.65,1,1,0
54,13,1143.04,564.77,111.66,38.85,1,1,0
54,21,1480.69,578.33,110.86,36.98,1,1,0
54,20,1025.68,571.21,104.12,23.90,1,1,0
55,3,55.33,493.62,113.95,55.19,1,1,0
55,23,134.73,385.93,285.08,239.22,1,1,0
55,1,474.30,474.83,392.24,112.45,1,1,0
55,5,1219.13,563.23,55.59,26.70,1,1,0
55,13,1109.20,549.78,110.12,38.35,1,1,0
55,21,1444.98,566.55,109.99,36.83,1,1,0
55,20,991.50,556.31,105.17,23.04,1,1,0
56,3,0.91,478.78,30.64,29.79,1,1,0
56,23,0.76,365.23,284.92,253.34,1,1,0
56,1,377.22,464.81,402.49,118.97,1,1,0
56,5,1139.91,564.23,54.53,27.62,1,1,0
56,13,1027.21,550.68,110.90,37.97,1,1,0
56,21,1362.40,570.99,110.11,37.93,1,1,0
56,10,912.30,555.52,102.24,23.35,1,1,0
57,23,0.29,356.49,165.07,265.01,1,1,0
57,1,289.10,464.89,412.90,120.89,1,1,0
57,5,1066.37,566.80,54.90,27.38,1,1,0
57,21,1287.77,573.58,108.34,37.68,1,1,0
57,10,839.30,558.07,101.15,22.90,1,1,0
57,22,870.03,588.44,6.34,5.80,1,3,0
57,20,951.90,552.60,112.48,38.04,1,1,0
58,23,0.15,402.04,70.71,222.72,1,1,0
58,1,237.81,461.21,417.27,123.99,1,1,0
58,5,1028.55,564.02,55.60,27.65,1,1,0
58,21,1250.61,570.03,107.79,37.74,1,1,0
58,10,801.53,555.97,103.00,23.17,1,1,0
58,22,762.44,582.78,7.02,5.76,1,3,0
58,20,914.02,550.26,112.12,38.24,1,1,0
58,3,45.94,505.50,49.73,38.00,1,1,0
59,1,216.58,452.72,422.12,124.04,1,1,0
59,5,1018.18,557.60,52.70,27.32,1,1,0
59,21,1240.34,563.13,108.42,37.82,1,1,0
59,10,791.75,548.41,100.47,24.21,1,1,0
59,22,747.43,575.74,7.31,5.58,1,3,0
59,20,903.57,542.77,112.00,38.87,1,1,0
59,34,633.42,546.04,22.45,14.54,1,2,0
59,3,0.26,475.16,72.66,59.60,1,1,0
60,1,206.25,439.80,423.77,125.30,1,1,0
60,5,1015.62,546.71,54.73,27.97,1,1,0
60,21,1237.28,553.69,107.84,38.09,1,1,0
60,10,789.04,537.15,102.18,25.38,1,1,0
60,20,900.54,531.98,111.94,39.71,1,1,0
60,34,627.97,534.85,23.00,14.21,1,2,0
60,3,0.54,462.00,58.83,58.46,1,1,0
61,1,194.45,449.67,428.94,126.23,1,1,0
61,5,1017.02,558.81,53.95,27.66,1,1,0
61,21,1239.75,566.24,107.79,38.23,1,1,0
61,10,790.61,548.37,102.05,25.95,1,1,0
61,20,899.56,543.92,113.10,39.36,1,1,0
61,34,624.90,545.41,26.76,14.86,1,2,0
61,3,0.58,471.78,50.83,57.34,1,1,0
61,22,735.59,575.65,7.04,5.47,1,3,0
62,1,189.15,471.31,434.64,125.65,1,1,0
62,5,1024.17,576.84,53.75,28.04,1,1,0
62,21,1246.00,582.52,111.48,38.25,1,1,0
62,10,797.25,567.17,99.37,25.09,1,1,0
62,34,630.95,565.85,26.37,14.69,1,2,0
62,3,0.43,495.32,48.95,57.00,1,1,0
62,13,909.41,562.90,110.72,38.85,1,1,0
63,1,193.70,472.48,434.74,123.12,1,1,0
63,5,1034.41,571.13,55.04,28.24,1,1,0
63,21,1258.74,573.84,109.27,37.63,1,1,0
63,10,808.98,563.30,100.13,24.66,1,1,0
63,34,642.38,564.09,27.10,15.19,1,2,0
63,3,0.42,500.50,58.42,56.41,1,1,0
63,13,917.62,557.31,112.86,39.45,1,1,0
64,1,202.00,466.58,435.48,122.14,1,1,0
64,5,1049.46,560.31,56.30,28.41,1,1,0
64,21,1274.90,562.18,110.20,37.58,1,1,0
64,10,822.92,554.65,102.10,24.58,1,1,0
64,34,658.00,556.96,26.12,14.25,1,2,0
64,3,0.51,496.70,70.62,57.18,1,1,0
64,13,933.28,547.87,111.56,38.87,1,1,0
64,28,88.23,563.25,6.16,4.11,1,3,0
64,22,820.13,587.59,6.71,5.42,1,3,0
65,1,204.79,474.20,438.66,121.56,1,1,0
65,5,1060.93,567.64,57.22,27.78,1,1,0
65,21,1287.00,568.79,110.39,36.89,1,1,0
65,10,834.62,561.03,101.54,25.87,1,1,0
65,34,670.48,564.57,24.80,14.01,1,2,0
65,3,0.72,505.87,84.90,57.43,1,1,0
65,13,942.96,554.45,114.08,39.16,1,1,0
65,22,826.95,594.41,6.32,5.73,1,3,0
66,1,210.51,491.21,437.50,122.85,1,1,0
66,5,1074.60,585.68,59.72,27.77,1,1,0
66,21,1301.70,585.12,111.58,38.03,1,1,0
66,10,852.23,578.16,100.41,26.28,1,1,0
66,34,681.65,582.17,27.29,14.51,1,2,0
66,3,0.89,523.97,111.32,57.86,1,1,0
66,13,957.48,571.49,112.40,39.96,1,1,0
66,22,834.46,612.43,6.42,5.65,1,3,0
67,1,210.24,499.52,440.26,122.15,1,1,0
67,5,1084.42,591.71,60.66,27.75,1,1,0
67,21,1312.23,591.01,110.90,37.35,1,1,0
67,10,862.13,584.53,100.76,26.48,1,1,0
67,34,691.27,589.53,26.59,14.11,1,2,0
67,3,0.33,530.10,101.65,59.69,1,1,0
67,13,965.79,577.90,113.29,39.93,1,1,0
67,22,705.89,615.89,7.09,6.74,1,3,0
68,1,208.41,490.46,445.25,121.50,1,1,0
68,5,1094.13,580.02,60.23,28.19,1,1,0
68,21,1322.73,579.14,111.21,36.79,1,1,0
68,10,870.23,574.36,99.36,25.45,1,1,0
68,34,701.13,579.55,25.38,14.04,1,2,0
68,3,0.29,517.28,121.41,65.48,1,1,0
68,13,973.16,566.56,113.71,40.16,1,1,0
68,28,99.27,588.13,6.42,4.34,1,3,0
69,1,204.49,479.14,450.78,124.14,1,1,0
69,5,1098.75,571.91,61.50,28.25,1,1,0
69,21,1328.89,570.58,112.69,37.71,1,1,0
69,10,872.47,566.36,102.18,25.75,1,1,0
69,34,708.43,571.53,24.88,13.61,1,2,0
69,3,0.35,507.77,115.29,65.76,1,1,0
69,13,979.88,558.73,110.80,40.24,1,1,0
69,22,845.29,600.61,6.29,5.21,1,3,0
70,1,204.17,480.61,451.67,125.66,1,1,0
70,5,1107.25,575.67,61.07,28.48,1,1,0
70,21,1337.91,574.50,112.82,37.90,1,1,0
70,10,883.20,569.30,99.58,26.37,1,1,0
70,34,715.36,574.39,24.48,13.82,1,2,0
70,3,0.31,510.67,115.53,64.89,1,1,0
70,13,985.34,562.55,111.77,39.52,1,1,0
70,28,94.54,581.04,6.06,5.33,1,3,0
71,1,198.73,486.84,453.39,126.61,1,1,0
71,5,1112.12,583.52,60.12,27.98,1,1,0
71,21,1342.80,582.47,113.34,37.93,1,1,0
71,10,885.16,577.16,99.11,25.73,1,1,0
71,34,719.87,581.79,24.51,13.92,1,2,0
71,3,0.42,518.58,116.59,63.48,1,1,0
71,13,988.14,569.72,115.29,40.59,1,1,0
71,28,89.11,588.04,5.75,4.20,1,3,0
71,22,846.24,611.77,6.22,5.26,1,3,0
72,1,186.00,490.42,462.82,125.62,1,1,0
72,5,1114.51,584.24,67.32,29.17,1,1,0
72,21,1344.15,582.79,114.14,37.94,1,1,0
72,10,886.54,578.28,99.29,26.20,1,1,0
72,34,719.29,583.71,26.38,14.95,1,2,0
72,3,0.45,520.48,114.51,64.88,1,1,0
72,13,986.95,570.74,119.10,41.71,1,1,0
72,22,842.03,613.39,6.15,5.24,1,3,0
72,20,771.70,610.41,7.00,6.08,1,3,0
73,1,175.61,482.07,463.80,127.42,1,1,0
73,5,1114.94,577.25,64.33,28.66,1,1,0
73,21,1345.54,575.27,114.52,37.94,1,1,0
73,10,889.16,571.50,98.28,26.11,1,1,0
73,34,719.54,576.17,26.22,14.97,1,2,0
73,3,0.31,514.22,114.50,65.60,1,1,0
73,13,988.26,563.69,116.34,41.01,1,1,0
74,5,1128.22,568.98,96.76,26.34,1,1,0
74,21,1355.67,575.81,62.28,29.26,1,1,0
74,10,957.82,575.13,20.91,12.08,1,2,0
75,21,1412.30,577.96,23.36,13.76,1,2,0
75,37,1600.70,574.69,107.10,28.93,1,1,0
76,21,1571.70,577.95,24.09,14.18,1,2,0
76,37,1769.67,579.50,104.90,26.52,1,1,0
76,40,0.82,314.79,404.88,306.36,1,1,0
76,41,1031.73,477.80,431.02,129.31,1,1,0
76,42,746.50,509.40,255.68,57.75,1,1,0
76,44,1871.75,581.21,48.25,32.12,1,1,0
77,21,1581.23,573.42,24.54,14.37,1,2,0
77,37,1781.26,575.55,101.44,25.50,1,1,0
77,40,0.00,309.31,378.57,305.44,1,1,0
77,41,1032.30,473.94,432.13,128.94,1,1,0
77,42,750.64,507.13,252.57,56.22,1,1,0
77,44,1879.27,581.83,40.73,26.11,1,1,0
78,21,1576.70,567.30,24.20,15.02,1,2,0
78,37,1778.08,568.24,99.65,26.13,1,1,0
78,40,0.45,300.66,328.05,309.84,1,1,0
78,41,1017.15,466.49,436.30,130.99,1,1,0
78,42,741.64,502.72,248.33,56.07,1,1,0
78,44,1874.17,571.61,45.83,29.87,1,1,0
78,45,1592.56,594.66,7.26,6.12,1,3,0
78,46,1763.44,581.70,21.28,7.74,1,1,0
79,21,1570.68,560.75,25.13,15.25,1,2,0
79,37,1770.64,561.78,103.55,25.70,1,1,0
79,40,0.69,289.72,289.86,308.10,1,1,0
79,41,995.55,458.68,445.48,131.96,1,1,0
79,42,730.06,496.41,248.07,55.52,1,1,0
79,44,1867.03,562.28,52.97,32.95,1,1,0
79,46,1757.31,575.02,19.03,7.90,1,1,0
80,21,1566.73,564.35,25.12,15.75,1,2,0
80,37,1766.46,565.99,101.70,25.79,1,1,0
80,40,0.00,341.10,231.37,251.67,1,1,0
80,41,984.36,460.13,439.82,133.74,1,1,0
80,42,719.93,497.98,247.23,56.42,1,1,0
80,44,1861.42,564.31,58.58,35.48,1,1,0
80,46,1646.77,597.50,6.73,5.75,1,3,0
80,45,1566.37,592.38,8.31,6.10,1,3,0
81,21,1556.50,572.51,25.99,16.32,1,2,0
81,37,1758.79,574.91,102.02,25.03,1,1,0
81,40,0.00,400.82,170.47,195.98,1,1,0
81,41,961.29,467.33,445.24,134.83,1,1,0
81,42,705.58,507.27,246.73,55.03,1,1,0
81,44,1853.21,568.79,66.79,39.01,1,1,0
81,46,1745.04,587.94,19.75,7.51,1,1,0
81,45,1548.07,600.23,9.20,6.73,1,3,0
82,21,1550.83,571.98,27.77,16.09,1,2,0
82,37,1752.97,573.78,99.54,26.54,1,1,0
82,40,0.53,433.33,116.27,157.74,1,1,0
82,41,949.54,465.93,442.23,135.17,1,1,0
82,42,696.06,505.14,246.65,56.73,1,1,0
82,44,1842.73,565.95,77.27,42.45,1,1,0
82,46,1738.15,586.64,19.67,8.15,1,1,0
82,45,1537.28,599.40,8.61,6.57,1,3,0
83,21,1544.28,567.55,26.99,16.15,1,2,0
83,37,1747.01,568.57,97.51,27.88,1,1,0
83,40,0.00,462.55,70.36,114.35,1,1,0
83,41,937.67,461.54,441.68,135.44,1,1,0
83,42,685.96,500.64,245.93,56.74,1,1,0
83,44,1836.25,560.20,83.75,44.58,1,1,0
83,45,1524.93,594.63,8.96,7.29,1,3,0
83,22,844.36,562.41,5.49,4.44,1,3,0
84,21,1539.87,567.82,26.66,16.35,1,2,0
84,37,1742.59,570.08,97.58,27.22,1,1,0
84,41,918.07,460.30,445.73,136.13,1,1,0
84,42,675.24,498.65,241.92,57.64,1,1,0
84,44,1831.85,557.63,88.15,48.74,1,1,0
84,45,1591.02,601.12,6.80,5.20,1,3,0
84,46,1728.66,583.48,17.98,8.15,1,1,0
85,21,1536.12,571.77,26.47,15.88,1,2,0
85,37,1739.66,574.05,99.33,26.52,1,1,0
85,41,904.16,459.64,444.60,139.94,1,1,0
85,42,666.25,500.47,246.67,57.81,1,1,0
85,44,1826.98,561.35,93.02,49.50,1,1,0
85,45,1499.32,598.11,8.91,7.18,1,3,0
85,46,1725.55,587.08,18.31,8.10,1,1,0
86,21,1530.79,574.19,26.22,16.11,1,2,0
86,37,1736.50,575.92,94.93,26.85,1,1,0
86,41,885.27,463.14,445.32,139.08,1,1,0
86,42,654.39,504.76,251.87,58.84,1,1,0
86,44,1820.28,561.54,99.72,51.15,1,1,0
86,45,1482.87,601.03,8.98,6.75,1,3,0
87,21,1524.10,574.24,26.20,15.95,1,2,0
87,37,1730.17,575.84,92.82,26.34,1,1,0
87,41,860.02,463.45,455.26,138.79,1,1,0
87,42,642.39,504.96,245.44,58.77,1,1,0
87,44,1812.41,561.29,107.59,51.00,1,1,0
87,45,1468.17,600.38,9.05,6.76,1,3,0
87,46,1715.04,589.29,17.66,8.54,1,1,0
88,21,1515.54,575.70,28.05,16.79,1,2,0
88,37,1721.64,577.23,98.98,25.69,1,1,0
88,41,842.51,461.88,457.05,141.02,1,1,0
88,42,628.06,506.02,243.18,56.92,1,1,0
88,44,1802.13,562.01,117.87,52.08,1,1,0
88,45,1452.54,601.25,8.99,7.06,1,3,0
88,22,825.82,571.08,6.65,4.75,1,3,0
89,21,1457.59,573.95,89.48,25.49,1,1,0
89,37,1652.33,567.17,128.57,45.87,1,1,0
89,45,1266.36,573.87,24.51,15.38,1,2,0
89,4,1199.44,599.76,8.42,6.89,1,3,0
90,21,1413.59,581.81,79.11,30.12,1,1,0
90,37,1667.33,583.38,132.91,43.97,1,1,0
90,45,1184.55,574.90,82.38,24.24,1,1,0
90,10,1000.80,573.42,23.54,16.83,1,2,0
90,22,924.95,599.63,8.82,6.89,1,3,0
91,13,840.11,485.04,234.33,58.02,1,1,0
91,46,1741.49,597.84,8.13,6.96,1,3,0
91,44,1780.43,566.54,28.88,16.85,1,2,0
92,54,1058.92,435.08,475.81,153.22,1,1,0
92,13,892.74,482.90,232.31,57.81,1,1,0
92,46,1711.85,588.76,10.38,8.60,1,3,0
92,44,1802.73,596.75,8.91,7.46,1,3,0
93,54,1060.96,433.37,475.25,153.77,1,1,0
93,13,901.79,482.00,242.87,57.24,1,1,0
93,46,1717.23,587.83,10.10,8.00,1,3,0
93,44,1807.56,596.22,8.24,6.79,1,3,0
93,55,1869.60,564.63,30.87,17.48,1,2,0
94,54,1047.69,429.60,473.70,153.52,1,1,0
94,13,895.02,479.32,242.49,57.69,1,1,0
94,46,1704.97,584.60,9.88,7.52,1,3,0
94,55,1867.03,561.67,31.55,17.27,1,2,0
94,22,961.87,538.78,5.82,4.55,1,3,0
95,54,1030.68,423.28,477.23,155.00,1,1,0
95,13,888.84,474.68,237.74,56.85,1,1,0
95,55,1863.52,558.58,31.35,17.02,1,2,0
95,44,1782.28,589.29,8.51,6.42,1,3,0
96,54,1026.21,409.30,470.17,157.67,1,1,0
96,13,888.97,460.52,214.88,58.04,1,1,0
96,55,1870.84,550.92,29.35,16.09,1,2,0
96,44,1774.98,578.73,8.46,7.36,1,3,0
96,21,1493.91,527.87,53.34,16.82,1,2,0
96,46,1684.68,570.82,10.38,8.02,1,3,0
97,54,1028.21,395.50,472.38,159.11,1,1,0
97,13,899.06,446.40,195.47,58.00,1,1,0
97,55,1889.49,540.80,29.32,15.83,1,2,0
97,21,1492.20,514.68,67.69,17.89,1,2,0
97,46,1689.97,558.91,10.46,8.29,1,3,0
97,22,941.35,505.11,5.32,5.06,1,3,0
98,54,1068.13,391.04,473.77,161.11,1,1,0
98,13,946.16,446.09,183.19,56.37,1,1,0
98,21,1537.88,510.96,80.89,18.83,1,2,0
98,44,1830.27,564.90,8.06,6.34,1,3,0
99,54,1096.59,403.42,481.28,157.80,1,1,0
99,13,984.55,457.59,173.58,56.72,1,1,0
99,21,1571.40,519.45,95.03,20.50,1,2,0
99,44,1777.02,564.65,10.59,7.40,1,3,0
99,22,1010.86,515.45,5.80,4.98,1,3,0
100,54,1117.83,416.58,479.39,159.77,1,1,0
100,13,1014.15,472.75,161.01,57.50,1,1,0
100,21,1597.84,533.19,102.93,21.63,1,2,0
100,55,1898.23,587.63,7.83,6.18,1,3,0
101,54,1133.38,431.50,483.37,159.29,1,1,0
101,13,1037.55,488.56,153.92,58.56,1,1,0
101,21,1625.36,547.60,105.18,20.92,1,2,0
102,54,1147.22,445.92,489.71,158.97,1,1,0
102,13,1061.09,503.63,144.38,59.08,1,1,0
102,21,1654.82,560.37,107.10,20.97,1,2,0
103,54,1159.97,451.77,493.28,158.41,1,1,0
103,13,1079.65,511.39,135.99,58.75,1,1,0
103,21,1678.80,565.62,109.60,21.01,1,2,0
103,55,1867.04,608.39,11.61,8.72,1,3,0
104,54,1167.98,450.70,490.95,160.14,1,1,0
104,13,1093.23,512.72,127.82,57.65,1,1,0
104,21,1695.93,565.99,113.27,21.20,1,2,0
104,55,1877.40,608.34,11.89,8.53,1,3,0
105,54,1169.48,444.73,489.49,164.00,1,1,0
105,13,1100.70,510.49,123.54,56.20,1,1,0
105,21,1704.36,563.63,116.53,21.21,1,2,0
105,55,1881.19,606.89,12.51,9.68,1,3,0
105,46,1640.10,557.87,50.12,25.59,1,2,0
106,54,1162.38,436.87,489.42,165.24,1,1,0
106,13,1103.72,504.00,120.08,55.71,1,1,0
106,21,1706.59,558.97,122.06,21.91,1,2,0
106,46,1639.42,551.42,56.27,26.73,1,2,0
107,54,1148.73,431.86,488.05,166.13,1,1,0
107,13,1099.28,499.28,114.51,53.60,1,1,0
107,21,1703.26,554.80,122.22,22.04,1,2,0
107,46,1628.92,546.05,63.94,27.91,1,2,0
107,55,1865.56,599.10,12.14,8.47,1,3,0
108,54,1129.57,423.25,484.36,166.49,1,1,0
108,21,1692.11,547.31,125.09,22.92,1,2,0
108,46,1614.55,538.31,67.23,27.75,1,2,0
109,54,1098.08,418.49,487.74,167.65,1,1,0
109,21,1673.90,543.99,128.38,23.04,1,2,0
109,46,1596.26,535.25,68.59,27.33,1,2,0
109,44,1815.52,588.47,12.06,8.41,1,3,0
109,55,1910.35,597.56,9.65,7.14,1,3,0
110,54,1075.04,414.84,485.83,170.19,1,1,0
110,21,1657.65,544.53,128.60,23.10,1,2,0
110,46,1582.68,535.05,67.71,27.36,1,2,0
110,44,1791.70,587.97,11.98,8.84,1,3,0
110,55,1884.39,596.56,10.59,8.16,1,3,0
111,54,1047.37,415.29,487.44,170.13,1,1,0
111,21,1652.89,544.63,119.62,22.71,1,2,0
111,46,1569.14,535.92,67.65,27.10,1,2,0
111,44,1765.70,587.59,12.79,9.16,1,3,0
111,55,1859.10,596.21,10.68,8.66,1,3,0
112,54,1022.06,409.92,484.47,171.53,1,1,0
112,21,1634.09,541.93,124.31,23.09,1,2,0
112,46,1555.54,532.24,66.92,27.71,1,2,0
112,44,1740.48,583.99,11.78,9.52,1,3,0
112,55,1832.72,593.42,10.11,8.60,1,3,0
113,54,996.32,400.91,476.66,173.70,1,1,0
113,21,1627.20,536.13,117.85,22.96,1,2,0
113,46,1542.21,526.37,67.94,28.08,1,2,0
113,55,1801.83,588.59,10.46,8.12,1,3,0
114,54,976.73,394.89,477.43,177.97,1,1,0
114,21,1618.78,534.93,119.35,22.78,1,2,0
114,46,1534.79,524.53,70.42,28.52,1,2,0
114,44,1693.08,576.13,12.86,9.78,1,3,0
115,21,1471.86,539.35,176.37,57.73,1,1,0
115,46,1439.29,555.41,59.02,25.79,1,1,0
115,34,917.65,575.67,9.43,7.45,1,3,0
115,5,783.50,527.76,110.44,21.03,1,2,0
115,4,1224.98,552.40,28.20,15.96,1,2,0
115,37,1687.13,566.26,97.86,33.44,1,1,0
115,45,603.52,521.19,71.75,16.87,1,2,0
116,46,1473.39,568.23,93.90,32.14,1,1,0
116,58,624.69,571.00,12.02,10.41,1,3,0
116,5,579.42,532.09,118.28,22.58,1,2,0
116,4,1237.31,559.58,51.28,23.90,1,1,0
116,37,1749.00,570.74,154.65,50.59,1,1,0
116,45,496.14,523.15,70.62,27.93,1,2,0
116,10,1031.32,556.07,26.51,15.74,1,2,0
116,13,1269.06,542.72,168.00,56.01,1,1,0
117,46,1465.62,570.69,93.86,31.96,1,1,0
117,58,600.93,572.91,11.76,9.36,1,3,0
117,5,569.04,533.58,117.18,22.58,1,2,0
117,4,1230.69,561.53,50.95,23.87,1,1,0
117,37,1739.42,572.87,154.42,50.90,1,1,0
117,45,482.75,524.28,70.14,27.89,1,2,0
117,59,0.24,394.69,357.78,177.72,1,1,0
117,60,363.77,524.71,90.34,18.54,1,2,0
117,10,1022.64,557.96,26.18,15.90,1,2,0
117,13,1259.51,544.95,166.85,55.78,1,1,0
117,21,1397.38,530.62,152.15,73.42,1,5,0
118,46,1502.76,578.89,96.55,32.15,1,1,0
118,58,617.18,582.23,12.66,10.30,1,3,0
118,5,597.86,543.67,118.47,21.94,1,2,0
118,4,1262.30,570.66,61.78,23.28,1,1,0
118,37,1782.59,581.19,137.41,49.79,1,1,0
118,45,516.08,533.84,67.57,28.26,1,2,0
118,59,0.37,397.61,369.18,185.49,1,1,0
118,60,400.69,535.65,88.66,17.91,1,2,0
118,10,1055.32,566.19,27.36,16.64,1,2,0
118,13,1295.30,553.86,166.98,55.85,1,1,0
118,21,1433.98,549.04,152.33,62.82,1,5,0
119,58,628.88,587.85,12.16,9.80,1,3,0
119,5,621.31,549.43,116.66,20.97,1,2,0
119,4,1285.62,574.11,62.17,22.96,1,1,0
119,37,1811.01,580.95,108.99,50.75,1,1,0
119,45,536.04,539.21,69.25,28.48,1,2,0
119,59,0.44,400.40,379.42,188.51,1,1,0
119,60,421.70,541.89,88.01,17.90,1,2,0
119,10,1077.13,570.26,28.80,16.50,1,2,0
119,13,1318.37,555.72,167.44,56.70,1,1,0
119,21,1459.14,559.30,159.21,54.37,1,1,0
119,61,710.01,594.78,10.24,8.91,1,3,0
120,58,640.38,588.55,12.01,9.76,1,3,0
120,5,644.74,549.88,116.05,21.01,1,2,0
120,4,1316.10,572.91,57.33,22.08,1,1,0
120,37,1846.88,581.98,73.12,43.16,1,1,0
120,45,560.07,540.20,70.11,28.39,1,2,0
120,59,0.72,411.95,386.53,178.45,1,1,0
120,60,447.62,543.30,88.13,18.17,1,2,0
120,10,1104.98,569.46,28.28,16.44,1,2,0
120,13,1348.02,554.52,169.90,55.42,1,1,0
120,21,1488.12,556.43,155.46,54.72,1,1,0
120,61,721.19,595.20,10.21,8.97,1,3,0
121,5,659.88,553.15,115.80,20.45,1,2,0
121,4,1337.40,576.82,28.81,19.40,1,1,0
121,37,1870.28,590.80,49.72,34.18,1,1,0
121,45,577.26,543.56,66.88,27.96,1,2,0
121,59,0.81,407.94,390.32,186.95,1,1,0
121,60,462.10,547.27,86.48,18.24,1,2,0
121,10,1123.63,572.31,29.11,16.33,1,2,0
121,13,1364.85,555.40,174.12,55.61,1,1,0
121,21,1508.58,537.71,156.49,75.11,1,5,0
121,22,1323.77,584.22,20.19,10.58,1,1,0
121,46,1579.64,579.44,101.83,31.57,1,1,0
122,5,714.79,559.68,115.06,20.60,1,2,0
122,4,1396.44,582.31,28.35,19.61,1,1,0
122,45,630.72,551.07,68.50,27.94,1,2,0
122,59,0.14,407.21,427.77,194.27,1,1,0
122,60,517.51,554.76,85.84,17.35,1,2,0
122,10,1180.56,578.03,28.72,16.01,1,2,0
122,13,1423.74,560.42,177.88,55.88,1,1,0
122,21,1568.73,543.42,158.57,73.41,1,5,0
122,46,1641.45,584.10,105.42,31.55,1,1,0
122,58,684.67,597.99,13.22,10.55,1,3,0
123,5,747.77,562.15,117.49,20.18,1,2,0
123,4,1434.79,583.22,29.36,18.79,1,1,0
123,45,665.05,554.05,68.46,27.90,1,2,0
123,59,1.36,412.25,448.08,194.18,1,1,0
123,60,553.54,557.77,84.35,17.46,1,2,0
123,10,1217.38,579.35,29.19,15.91,1,2,0
123,13,1461.82,560.01,180.23,56.17,1,1,0
123,21,1609.41,543.18,161.01,73.83,1,5,0
123,46,1683.25,583.34,106.98,32.07,1,1,0
123,58,707.15,600.90,12.98,10.71,1,3,0
123,61,785.87,607.51,10.13,8.88,1,3,0
123,22,1422.52,592.00,18.97,9.03,1,1,0
124,5,778.51,565.41,118.48,19.21,1,2,0
124,4,1472.07,584.36,28.13,17.58,1,1,0
124,45,697.16,556.61,67.33,27.97,1,2,0
124,59,0.87,410.01,464.34,199.88,1,1,0
124,60,586.97,560.19,85.17,18.49,1,2,0
124,10,1250.59,579.13,31.03,16.50,1,2,0
124,13,1498.38,559.05,184.54,56.17,1,1,0
124,21,1647.75,539.35,168.22,76.33,1,5,0
124,46,1723.20,581.88,108.67,32.05,1,1,0
124,61,806.00,609.65,10.13,9.57,1,3,0
124,34,897.56,579.96,41.78,8.66,1,2,0
125,5,814.70,571.05,90.71,18.27,1,2,0
125,4,1512.86,589.24,27.43,17.50,1,1,0
125,45,731.79,561.46,69.29,28.51,1,2,0
125,59,0.86,415.96,482.25,200.34,1,1,0
125,60,622.72,567.32,83.38,17.92,1,2,0
125,10,1289.97,584.24,30.32,16.38,1,2,0
125,13,1539.32,563.09,187.58,56.79,1,1,0
125,21,1690.19,542.69,172.51,77.64,1,5,0
125,46,1769.82,585.59,108.52,32.99,1,1,0
125,61,826.62,615.84,10.09,9.04,1,3,0
125,34,931.91,585.43,47.41,9.59,1,2,0
125,58,749.26,609.17,12.96,10.56,1,3,0
125,22,1501.00,595.47,18.44,10.31,1,1,0
126,5,833.60,577.48,83.78,18.00,1,2,0
126,4,1503.14,595.58,29.28,17.04,1,1,0
126,45,718.06,567.05,70.17,29.32,1,2,0
126,59,1.01,420.43,452.49,202.85,1,1,0
126,60,610.27,573.18,82.87,18.75,1,2,0
126,10,1283.12,590.96,29.07,15.79,1,2,0
126,13,1531.23,568.14,187.22,57.04,1,1,0
126,21,1682.85,552.05,169.49,73.10,1,5,0
126,46,1761.45,591.30,109.06,32.48,1,1,0
126,61,801.34,622.48,10.48,9.53,1,3,0
126,34,921.89,591.69,45.18,9.33,1,2,0
126,63,890.01,574.27,102.97,23.96,1,1,0
126,58,723.63,615.86,13.93,11.09,1,3,0
126,22,1491.43,601.53,20.02,9.70,1,1,0
