1,1,552.23,499.87,159.21,44.06,1,0,0
1,2,0.43,518.92,37.25,31.55,1,0,0
1,3,330.01,527.88,81.00,14.61,1,0,0
1,4,222.56,531.63,69.84,11.14,1,0,0
1,5,838.87,524.88,21.60,10.13,1,0,0
1,6,1434.66,524.44,6.33,6.65,1,3,0
2,1,543.67,500.47,158.78,43.96,1,0,0
2,2,0.15,519.08,17.61,30.13,1,0,0
2,3,321.42,528.79,78.70,14.47,1,0,0
2,4,209.64,532.17,72.64,12.00,1,0,0
2,5,833.36,524.22,21.62,10.18,1,0,0
3,1,540.38,506.18,153.22,45.48,1,0,0
3,2,0.56,508.01,8.50,30.86,1,0,0
3,3,315.78,528.62,81.03,15.15,1,0,0
3,4,203.99,529.69,73.52,12.19,1,0,0
3,5,830.13,538.15,20.56,9.86,1,0,0
4,1,527.58,497.27,155.55,45.32,1,0,0
4,3,302.27,516.94,76.59,15.06,1,0,0
4,4,188.09,517.11,71.00,11.72,1,0,0
4,5,819.13,531.27,21.86,10.11,1,0,0
5,1,518.79,475.61,156.59,44.74,1,0,0
5,3,293.41,499.36,78.50,14.69,1,0,0
5,4,179.44,500.59,71.74,10.78,1,0,0
5,5,815.09,506.60,19.18,9.67,1,0,0
6,1,519.07,491.59,156.71,47.17,1,0,0
6,3,294.86,519.69,77.58,13.70,1,0,0
6,4,184.37,521.65,68.12,10.52,1,0,0
7,1,513.99,509.07,158.50,45.41,1,0,0
7,3,286.03,534.54,81.99,14.61,1,0,0
7,4,174.53,536.35,71.85,11.20,1,0,0
7,5,814.51,539.03,21.25,9.93,1,0,0
8,1,502.80,488.42,158.72,44.01,1,0,0
8,3,276.23,514.90,77.23,13.58,1,0,0
8,4,158.09,516.16,73.96,11.27,1,0,0
8,5,806.98,516.63,19.80,9.59,1,0,0
9,1,496.46,485.85,161.40,45.33,1,0,0
9,3,269.79,512.51,79.06,15.05,1,0,0
9,4,151.65,513.99,73.74,12.23,1,0,0
9,5,802.25,515.37,20.94,10.34,1,0,0
10,1,499.81,489.10,162.79,50.37,1,0,0
10,3,271.00,512.50,81.59,16.01,1,0,0
10,4,163.19,513.58,68.14,11.77,1,0,0
10,5,807.10,526.88,25.58,11.65,1,0,0
11,1,507.47,498.78,165.79,48.99,1,0,0
11,3,281.02,518.12,82.76,15.43,1,0,0
11,4,174.19,516.83,73.53,12.17,1,0,0
11,5,816.98,536.82,21.21,10.19,1,0,0
12,1,520.28,483.79,161.00,46.09,1,0,0
12,3,293.78,505.64,82.36,14.95,1,0,0
12,4,186.02,506.24,72.80,11.20,1,0,0
12,5,831.08,517.31,18.85,9.70,1,0,0
13,1,528.33,498.65,160.37,48.69,1,0,0
13,3,305.43,529.79,78.99,14.75,1,0,0
13,4,198.17,532.50,69.29,11.85,1,0,0
13,5,835.69,527.77,24.22,10.56,1,0,0
13,6,1440.86,528.93,6.55,6.03,1,3,0
14,1,528.99,518.15,164.72,46.53,1,0,0
14,3,307.25,547.78,81.87,14.35,1,0,0
14,4,200.32,550.82,73.35,11.52,1,0,0
14,5,842.85,544.51,20.07,9.68,1,0,0
15,1,529.05,490.97,160.81,47.19,1,0,0
15,3,309.80,515.84,75.78,14.88,1,0,0
15,4,197.29,516.74,74.48,11.42,1,0,0
16,1,526.91,487.66,164.33,47.76,1,0,0
16,3,304.85,509.11,80.76,15.21,1,0,0
16,4,196.31,509.74,73.59,11.95,1,0,0
16,5,842.54,522.47,22.69,9.99,1,0,0
17,1,530.14,497.81,165.91,47.56,1,0,0
17,3,313.21,524.38,77.79,13.97,1,0,0
17,4,203.81,525.44,72.55,10.96,1,0,0
17,5,847.81,531.35,21.43,10.05,1,0,0
17,6,1452.86,544.93,6.40,6.59,1,3,0
18,1,535.82,493.12,163.52,45.64,1,0,0
18,3,318.77,522.06,79.08,13.82,1,0,0
18,4,209.98,524.22,72.81,11.48,1,0,0
18,5,856.51,520.26,19.82,9.41,1,0,0
19,1,536.99,488.77,168.63,48.03,1,0,0
19,3,318.51,518.83,81.99,14.70,1,0,0
19,4,212.16,521.79,74.45,11.52,1,0,0
19,5,858.73,518.42,21.19,9.60,1,0,0
20,1,542.05,496.16,168.87,47.41,1,0,0
20,3,328.46,521.08,76.32,14.14,1,0,0
20,4,221.61,521.97,69.40,11.02,1,0,0
20,5,865.59,529.77,21.21,9.72,1,0,0
21,1,541.16,482.57,168.08,48.02,1,0,0
21,3,325.19,504.54,78.07,14.89,1,0,0
21,4,221.81,504.59,69.97,11.24,1,0,0
21,5,865.45,518.60,20.92,10.12,1,0,0
21,6,1473.09,537.98,6.29,6.20,1,3,0
22,1,532.11,487.57,170.39,47.88,1,0,0
22,3,314.04,517.11,82.07,14.07,1,0,0
22,4,208.28,519.16,71.50,11.14,1,0,0
22,5,859.31,517.67,22.78,10.49,1,0,0
23,1,525.72,508.46,170.42,47.25,1,0,0
23,3,308.36,540.52,79.48,13.76,1,0,0
23,4,201.68,543.96,70.78,10.90,1,0,0
23,5,856.55,534.91,21.15,10.36,1,0,0
23,6,1464.79,532.97,6.58,6.53,1,3,0
24,1,518.75,505.23,174.03,47.50,1,0,0
24,3,302.72,532.13,78.67,15.25,1,0,0
24,4,193.81,532.92,73.64,11.77,1,0,0
24,5,852.61,537.40,21.03,9.70,1,0,0
25,1,504.81,487.01,176.02,49.00,1,0,0
25,3,284.50,512.75,80.90,14.92,1,0,0
25,4,175.80,514.10,66.10,11.00,1,0,0
25,5,841.95,521.56,20.35,9.69,1,0,0
25,6,1449.22,534.62,7.33,6.94,1,3,0
26,1,493.50,475.91,180.60,49.65,1,0,0
26,3,271.36,502.36,84.86,15.02,1,0,0
26,4,166.24,503.45,74.30,11.83,1,0,0
26,5,835.45,510.85,21.97,9.89,1,0,0
27,1,491.72,496.63,175.48,48.54,1,0,0
27,3,267.38,522.36,84.03,15.07,1,0,0
27,4,155.97,523.69,76.55,11.91,1,0,0
27,5,834.10,530.28,20.93,9.86,1,0,0
28,1,482.91,500.53,181.80,49.72,1,0,0
28,3,256.28,528.12,89.96,15.69,1,0,0
28,4,146.74,530.26,81.75,12.00,1,0,0
29,1,478.54,495.17,182.01,49.21,1,0,0
29,3,253.35,522.37,86.50,15.70,1,0,0
29,4,142.50,524.04,80.33,11.67,1,0,0
29,5,827.83,529.34,21.79,9.92,1,0,0
30,1,468.58,486.04,185.56,49.29,1,0,0
30,3,240.71,512.31,89.86,15.81,1,0,0
30,4,129.97,513.59,81.79,12.29,1,0,0
30,5,822.13,521.54,22.10,9.85,1,0,0
31,1,458.87,488.61,189.77,50.88,1,0,0
31,3,231.96,517.15,91.34,15.66,1,0,0
31,4,119.32,519.34,83.01,11.83,1,0,0
32,1,450.81,491.82,192.75,50.37,1,0,0
32,3,223.17,522.30,91.25,15.47,1,0,0
32,4,111.59,525.01,83.51,11.52,1,0,0
32,5,812.95,523.70,22.59,10.22,1,0,0
33,1,449.09,490.12,192.18,50.51,1,0,0
33,3,220.36,518.75,92.32,15.82,1,0,0
33,4,106.71,521.30,86.68,12.19,1,0,0
33,5,812.59,524.05,21.74,9.98,1,0,0
34,1,452.88,490.93,192.20,52.02,1,0,0
34,3,226.22,518.28,89.84,15.82,1,0,0
34,4,113.22,519.96,84.82,11.97,1,0,0
34,5,818.64,528.69,22.46,10.26,1,0,0
35,1,453.18,491.51,192.70,51.76,1,0,0
35,3,226.36,522.83,90.86,15.60,1,0,0
35,4,118.60,525.43,79.52,11.90,1,0,0
35,5,820.13,526.50,22.32,10.10,1,0,0
36,1,454.29,495.18,193.73,50.51,1,0,0
36,3,229.28,526.79,92.33,15.72,1,0,0
36,4,120.06,529.68,84.68,12.11,1,0,0
36,5,825.22,526.02,22.34,10.15,1,0,0
37,1,457.06,499.98,191.41,52.30,1,0,0
37,3,233.77,528.91,88.99,15.65,1,0,0
37,4,123.07,530.65,83.52,11.91,1,0,0
37,5,827.84,537.45,22.44,10.05,1,0,0
38,1,449.88,486.92,191.07,52.35,1,0,0
38,3,224.92,514.42,89.36,15.60,1,0,0
38,4,114.21,514.66,75.36,11.74,1,0,0
38,5,824.97,525.97,20.79,9.26,1,0,0
39,1,448.44,467.28,193.86,55.73,1,0,0
39,3,225.07,499.68,93.23,16.08,1,0,0
39,4,115.32,500.78,82.47,12.58,1,0,0
39,5,825.52,508.77,22.44,10.58,1,0,0
40,1,448.17,498.65,197.22,54.90,1,0,0
40,3,225.61,530.10,92.42,16.40,1,0,0
40,4,117.65,531.68,82.71,12.64,1,0,0
40,5,827.91,537.65,22.41,9.56,1,0,0
41,1,441.13,506.60,197.51,51.56,1,0,0
41,3,218.90,537.40,89.00,15.41,1,0,0
41,4,111.94,539.75,76.79,12.08,1,0,0
41,5,824.09,540.50,22.30,9.50,1,0,0
42,1,437.50,488.48,199.68,52.21,1,0,0
42,3,212.54,520.58,91.99,15.56,1,0,0
42,4,102.36,523.44,83.99,11.72,1,0,0
42,5,824.24,521.36,22.33,9.15,1,0,0
43,1,432.73,491.92,203.70,53.03,1,0,0
43,3,211.06,522.73,93.02,15.84,1,0,0
43,4,99.26,525.13,84.78,12.32,1,0,0
43,5,824.11,528.21,22.08,9.32,1,0,0
44,1,419.52,485.75,209.26,53.07,1,0,0
44,3,195.51,515.06,96.14,16.30,1,0,0
44,4,84.68,516.67,86.31,12.66,1,0,0
45,1,413.47,492.52,208.77,53.73,1,0,0
45,3,185.03,522.69,98.02,16.41,1,0,0
45,4,74.43,524.49,87.81,12.00,1,0,0
45,5,812.54,530.82,22.09,9.93,1,0,0
46,1,418.20,477.39,205.10,54.40,1,0,0
46,3,192.34,504.58,95.36,16.71,1,0,0
46,4,79.86,505.02,88.08,12.39,1,0,0
46,5,818.73,520.45,20.69,9.30,1,0,0
47,1,421.41,473.76,208.80,55.78,1,0,0
47,3,200.42,503.13,92.75,15.99,1,0,0
47,4,97.95,503.44,73.31,11.87,1,0,0
47,5,824.20,517.18,22.87,9.71,1,0,0
48,1,425.72,500.14,205.38,53.80,1,0,0
48,3,206.70,532.96,91.08,16.06,1,0,0
48,4,97.57,535.54,81.71,12.44,1,0,0
48,5,829.83,536.01,22.62,9.62,1,0,0
49,1,421.63,495.29,207.07,53.04,1,0,0
49,3,204.31,528.14,90.06,16.21,1,0,0
49,4,95.19,531.72,80.90,12.23,1,0,0
49,5,831.11,528.26,21.17,9.08,1,0,0
50,1,410.96,474.55,214.02,54.46,1,0,0
50,3,189.73,506.67,95.38,16.40,1,0,0
50,4,79.41,508.40,88.70,12.71,1,0,0
50,5,824.23,512.37,23.08,9.63,1,0,0
51,1,409.82,487.33,213.97,57.18,1,0,0
51,3,187.60,514.80,97.33,17.06,1,0,0
51,4,78.45,514.30,91.70,13.57,1,0,0
51,5,826.12,534.18,22.10,10.27,1,0,0
52,1,413.32,493.01,216.69,58.44,1,0,0
52,3,192.97,518.57,99.18,17.49,1,0,0
52,4,88.10,517.57,90.27,13.61,1,0,0
52,5,831.37,542.60,23.30,9.61,1,0,0
52,6,1453.95,568.70,6.56,5.88,1,3,0
53,1,419.33,479.02,212.23,53.89,1,0,0
53,3,201.15,509.55,95.62,16.17,1,0,0
53,4,95.82,510.42,88.24,12.41,1,0,0
53,5,839.37,519.09,20.81,9.38,1,0,0
54,1,412.22,489.07,216.33,54.21,1,0,0
54,3,192.91,524.52,98.20,16.18,1,0,0
54,4,91.93,528.05,81.54,12.23,1,0,0
54,5,835.22,520.67,23.54,9.79,1,0,0
55,1,401.69,493.23,222.04,56.26,1,0,0
55,3,183.15,529.10,100.56,16.36,1,0,0
55,4,77.46,532.81,88.73,12.58,1,0,0
55,5,832.06,528.58,21.67,9.64,1,0,0
55,6,1451.65,531.69,7.71,6.78,1,2,0
56,1,412.67,480.25,220.60,58.14,1,0,0
56,3,197.71,507.82,97.41,17.40,1,0,0
56,4,91.91,507.76,85.40,12.67,1,0,0
56,5,841.54,528.44,22.31,10.09,1,0,0
57,1,417.22,483.19,221.89,61.51,1,0,0
57,3,204.45,511.04,98.51,17.55,1,0,0
57,4,106.15,510.17,86.28,13.54,1,0,0
57,5,848.56,536.66,24.35,9.81,1,0,0
58,1,418.60,489.26,223.17,55.15,1,0,0
58,3,207.25,520.80,97.66,16.60,1,0,0
58,4,107.36,523.50,87.21,12.03,1,0,0
58,5,856.61,527.18,21.31,9.42,1,0,0
59,1,424.17,474.32,221.50,55.64,1,0,0
59,3,214.85,512.12,94.54,15.90,1,0,0
59,4,118.77,516.54,79.25,11.38,1,0,0
59,5,860.49,504.59,21.87,9.30,1,0,0
60,1,423.70,481.78,221.37,58.72,1,0,0
60,3,212.13,518.56,95.12,16.23,1,0,0
60,4,114.21,521.87,80.13,12.02,1,0,0
60,5,861.88,521.12,21.49,9.45,1,0,0
60,6,1486.81,525.42,6.48,7.52,1,3,0
61,1,416.77,515.96,223.06,58.21,1,0,0
61,3,204.37,546.04,98.72,17.10,1,0,0
61,4,110.21,547.33,82.61,12.53,1,0,0
61,5,858.08,560.53,23.22,10.12,1,0,0
62,1,412.39,489.10,225.73,56.81,1,0,0
62,3,202.84,520.25,98.22,18.65,1,0,0
62,4,99.26,521.95,89.08,13.63,1,0,0
62,5,858.37,532.72,22.60,9.56,1,0,0
63,1,405.46,461.24,229.39,56.49,1,0,0
63,3,194.68,495.68,100.32,16.52,1,0,0
63,4,98.31,498.26,82.74,12.60,1,0,0
64,1,397.09,488.55,231.73,58.42,1,0,0
64,3,186.66,526.85,101.54,16.62,1,0,0
64,4,87.93,529.77,85.73,12.63,1,0,0
64,5,851.40,525.05,23.09,10.11,1,0,0
65,1,395.63,495.12,234.33,57.63,1,0,0
65,3,189.27,529.45,98.93,17.34,1,0,0
65,4,92.79,532.58,83.03,11.99,1,0,0
65,5,854.38,535.67,23.08,9.68,1,0,0
66,1,394.72,484.80,236.08,59.08,1,0,0
66,3,184.00,516.41,102.82,17.06,1,0,0
66,4,85.68,517.80,90.31,12.53,1,0,0
66,5,855.75,531.20,23.01,9.66,1,0,0
67,1,392.73,484.51,238.50,60.01,1,0,0
67,3,186.56,518.51,100.00,17.44,1,0,0
67,4,91.66,520.49,85.56,12.08,1,0,0
67,5,857.04,530.42,22.50,9.55,1,0,0
68,1,392.38,484.50,240.22,59.38,1,0,0
68,3,183.67,521.24,104.02,16.41,1,0,0
68,4,90.68,524.49,87.74,12.24,1,0,0
68,5,860.85,524.09,22.85,9.65,1,0,0
68,6,1491.39,528.96,7.44,6.84,1,2,0
69,1,382.54,498.28,240.75,60.10,1,0,0
69,3,176.60,537.37,101.45,16.71,1,0,0
69,4,80.28,541.34,86.15,12.94,1,0,0
69,5,855.39,533.73,22.80,9.85,1,0,0
70,1,373.14,497.43,244.42,59.32,1,0,0
70,3,164.66,533.85,102.91,16.67,1,0,0
70,4,63.78,537.28,89.64,12.77,1,0,0
70,5,851.18,537.81,22.94,9.63,1,0,0
71,1,373.24,475.47,245.45,61.11,1,0,0
71,3,167.10,507.89,102.11,17.81,1,0,0
71,4,66.36,509.03,94.18,13.10,1,0,0
71,5,853.87,524.45,23.02,9.92,1,0,0
72,1,369.04,471.42,251.34,61.74,1,0,0
72,3,162.11,504.92,108.70,18.06,1,0,0
72,4,68.44,506.40,91.42,12.92,1,0,0
72,5,855.22,518.63,23.12,9.81,1,0,0
73,1,357.71,483.14,254.18,60.80,1,0,0
73,3,154.01,522.33,105.14,17.21,1,0,0
73,4,59.70,526.55,85.80,12.15,1,0,0
73,5,850.15,519.15,22.72,10.00,1,0,0
74,1,346.30,482.45,260.66,62.31,1,0,0
74,3,136.88,523.13,110.66,17.57,1,0,0
74,4,36.64,527.10,98.04,13.10,1,0,0
74,5,844.72,519.27,24.52,10.77,1,0,0
75,1,339.24,469.11,260.00,63.03,1,0,0
75,3,131.26,503.57,108.97,18.49,1,0,0
75,4,31.33,505.66,92.66,12.65,1,0,0
75,5,841.60,517.66,24.08,10.21,1,0,0
76,1,336.14,478.86,261.32,64.99,1,0,0
76,3,127.01,512.89,111.68,19.38,1,0,0
76,4,32.93,515.47,91.26,13.44,1,0,0
76,5,841.18,530.27,23.76,9.59,1,0,0
77,1,330.98,474.61,263.43,62.35,1,0,0
77,3,123.85,510.59,111.20,18.29,1,0,0
77,4,27.70,513.73,92.39,12.75,1,0,0
77,5,841.94,520.67,22.23,9.34,1,0,0
78,1,319.31,478.41,268.43,63.40,1,0,0
78,3,110.20,519.11,113.83,18.31,1,0,0
78,4,13.63,523.29,92.47,13.10,1,0,0
78,5,836.09,518.61,23.97,10.03,1,0,0
79,1,305.65,488.12,272.77,64.84,1,0,0
79,3,94.95,530.76,115.06,17.95,1,0,0
79,4,1.33,534.82,88.55,12.92,1,0,0
79,5,827.98,528.62,24.65,10.42,1,0,0
80,1,299.01,494.60,274.14,64.49,1,0,0
80,3,86.16,532.52,119.25,17.99,1,0,0
80,4,0.83,536.19,84.14,11.49,1,0,0
80,5,826.98,542.10,23.69,9.83,1,0,0
81,1,298.42,465.28,273.90,67.27,1,0,0
81,3,87.77,500.44,119.10,19.43,1,0,0
81,4,1.31,502.06,83.18,13.13,1,0,0
81,5,831.30,521.32,23.44,9.39,1,0,0
81,6,1465.33,542.18,7.61,6.97,1,2,0
82,1,292.65,467.99,280.65,65.71,1,0,0
82,3,87.50,507.31,115.15,18.92,1,0,0
82,4,0.73,511.57,84.72,13.16,1,0,0
82,5,831.06,514.49,23.93,10.04,1,0,0
83,1,284.36,483.88,280.18,66.04,1,0,0
83,3,75.13,526.24,120.97,18.54,1,0,0
83,4,0.47,530.99,70.66,12.54,1,0,0
83,5,827.48,526.55,23.86,9.74,1,0,0
83,6,1463.17,529.26,7.79,6.88,1,2,0
84,1,271.25,490.17,287.22,66.87,1,0,0
84,3,58.97,531.20,125.32,18.46,1,0,0
84,4,0.30,535.87,57.76,11.53,1,0,0
84,5,822.45,536.70,23.90,10.03,1,0,0
84,6,1456.60,543.93,7.36,6.94,1,3,0
85,1,266.01,476.79,287.54,67.27,1,0,0
85,3,61.19,516.22,117.93,19.03,1,0,0
85,4,0.98,519.66,60.39,11.16,1,0,0
85,5,822.26,529.47,23.02,9.31,1,0,0
86,1,258.94,459.70,292.48,67.86,1,0,0
86,3,50.75,499.01,124.83,19.15,1,0,0
86,4,0.52,503.88,51.05,11.06,1,0,0
86,5,820.90,510.41,24.36,9.59,1,0,0
87,1,254.22,471.39,294.77,67.91,1,0,0
87,3,50.10,512.87,123.75,19.46,1,0,0
87,4,0.58,516.41,53.25,13.56,1,0,0
87,5,821.74,517.63,23.34,10.08,1,0,0
88,1,243.18,477.61,304.08,68.25,1,0,0
88,3,35.80,520.35,128.34,18.67,1,0,0
88,4,0.53,526.41,38.36,10.43,1,0,0
88,5,819.09,524.36,24.90,10.31,1,0,0
88,6,1454.23,531.23,8.03,6.95,1,2,0
89,1,221.05,476.57,310.88,69.37,1,0,0
89,3,12.40,519.09,131.03,19.45,1,0,0
89,4,0.43,527.08,17.57,8.61,1,0,0
89,5,805.57,527.14,24.38,9.76,1,0,0
90,1,212.52,475.12,313.90,70.67,1,0,0
90,3,0.98,517.40,132.91,19.92,1,0,0
90,5,803.05,528.03,24.06,9.88,1,0,0
91,1,219.76,457.55,307.84,72.23,1,0,0
91,3,9.36,494.92,133.10,20.55,1,0,0
91,5,811.22,517.94,23.80,9.51,1,0,0
91,4,0.53,500.29,15.72,10.58,1,0,0
92,1,213.24,450.41,314.99,71.20,1,0,0
92,3,11.40,490.91,128.55,20.56,1,0,0
92,5,811.72,507.65,24.43,10.16,1,0,0
93,1,213.92,461.51,315.55,71.13,1,0,0
93,3,19.01,505.89,125.63,19.80,1,0,0
93,5,817.41,511.49,24.95,10.44,1,0,0
93,4,0.25,514.11,21.53,8.14,1,0,0
94,1,218.45,485.61,316.51,71.78,1,0,0
94,3,24.09,529.47,127.18,19.77,1,0,0
94,5,823.45,538.95,25.34,10.43,1,0,0
94,4,0.19,536.36,30.11,9.89,1,0,0
95,1,213.78,470.51,318.23,71.21,1,0,0
95,3,23.43,512.94,124.79,19.42,1,0,0
95,5,825.27,525.43,23.52,9.55,1,0,0
95,4,0.28,520.35,28.04,8.66,1,0,0
96,1,209.46,453.42,324.20,73.85,1,0,0
96,3,13.67,498.28,135.15,19.71,1,0,0
96,5,826.73,508.36,24.38,10.02,1,0,0
96,4,0.20,505.27,23.67,8.84,1,0,0
96,6,1467.63,518.91,7.86,7.03,1,2,0
97,1,204.05,472.34,323.70,72.89,1,0,0
97,3,13.67,517.18,128.82,20.80,1,0,0
97,5,826.48,526.03,24.39,9.94,1,0,0
97,6,1468.85,536.20,7.92,6.88,1,2,0
98,1,193.92,476.44,333.92,73.91,1,0,0
98,3,2.57,521.75,137.47,20.38,1,0,0
98,5,825.74,531.35,24.55,9.93,1,0,0
98,6,1467.34,541.06,7.96,6.68,1,2,0
99,1,194.23,467.68,332.85,72.89,1,0,0
99,3,4.89,510.72,135.43,20.62,1,0,0
99,5,830.42,525.16,23.84,9.70,1,0,0
100,1,195.38,465.81,337.86,74.00,1,0,0
100,3,12.04,510.52,135.65,20.10,1,0,0
100,6,1672.97,539.26,6.36,11.03,1,3,0
101,1,200.05,468.97,337.30,74.80,1,0,0
101,3,26.87,514.30,127.02,20.50,1,0,0
101,6,1683.68,542.04,7.54,11.74,1,3,0
101,4,0.26,521.21,27.54,9.27,1,0,0
101,5,843.05,526.19,24.50,9.99,1,0,0
102,1,192.76,478.44,341.68,75.32,1,0,0
102,3,13.88,524.61,135.31,19.79,1,0,0
102,4,0.20,531.32,21.63,9.44,1,0,0
102,5,841.85,535.20,24.68,10.03,1,0,0
103,1,180.62,470.24,347.02,74.67,1,0,0
103,3,2.18,517.47,137.75,20.18,1,0,0
103,5,839.45,521.25,23.95,9.45,1,0,0
104,1,175.51,464.45,350.93,75.67,1,0,0
104,3,6.73,511.26,130.20,20.26,1,0,0
104,5,840.02,520.24,24.14,9.62,1,0,0
104,6,1690.27,532.93,6.85,10.92,1,3,0
105,1,174.50,464.95,351.83,78.70,1,0,0
105,3,4.41,509.43,134.36,21.97,1,0,0
105,5,843.01,529.94,24.82,9.98,1,0,0
106,1,166.71,473.51,358.94,77.74,1,0,0
106,3,1.51,519.61,131.78,22.19,1,0,0
106,5,841.80,534.46,24.85,10.14,1,0,0
107,1,161.36,471.98,361.94,78.06,1,0,0
107,3,1.38,522.33,129.75,20.32,1,0,0
107,5,843.61,522.44,24.26,9.63,1,0,0
107,6,1704.93,524.59,6.70,11.80,1,3,0
108,1,155.62,468.13,366.35,77.64,1,0,0
108,3,0.69,517.44,128.63,20.63,1,0,0
108,5,844.97,521.33,25.01,9.62,1,0,0
108,6,1711.11,526.31,6.85,14.42,1,3,0
109,1,149.90,463.06,369.30,78.75,1,0,0
109,3,0.39,509.51,124.89,21.37,1,0,0
109,5,844.51,525.83,25.06,9.81,1,0,0
110,1,138.30,447.74,374.06,79.97,1,0,0
110,3,0.08,494.92,118.49,22.31,1,0,0
110,5,843.99,511.08,24.36,10.12,1,0,0
110,6,1716.53,530.18,7.40,14.03,1,3,0
111,1,128.32,462.52,380.40,81.51,1,0,0
111,3,0.30,514.46,112.18,21.04,1,0,0
111,5,840.97,519.03,26.24,10.60,1,0,0
111,6,1718.30,528.12,6.52,11.59,1,3,0
112,1,120.53,492.83,384.14,81.13,1,0,0
112,3,0.60,546.93,105.66,18.54,1,0,0
113,1,115.06,457.52,388.22,81.33,1,0,0
113,3,0.69,509.92,103.84,18.68,1,0,0
113,5,843.47,519.90,24.14,9.65,1,0,0
113,6,1728.99,537.26,6.81,12.44,1,3,0
114,1,110.20,437.38,391.31,85.40,1,0,0
114,3,0.30,493.15,103.55,18.44,1,0,0
114,5,842.92,505.83,25.48,10.53,1,0,0
114,6,1730.58,525.97,6.47,10.70,1,3,0
115,1,106.26,478.27,394.63,83.15,1,0,0
115,3,0.48,533.71,100.32,17.98,1,0,0
115,5,844.62,541.12,25.54,10.12,1,0,0
115,6,1737.56,553.90,8.01,14.15,1,3,0
116,1,93.68,478.60,402.12,82.66,1,0,0
116,3,0.10,536.72,94.38,16.08,1,0,0
116,5,844.41,538.45,23.86,9.71,1,0,0
116,6,1743.19,548.62,6.79,12.61,1,3,0
117,1,76.80,447.11,409.05,84.83,1,0,0
117,3,0.47,507.49,79.90,15.05,1,0,0
117,5,840.25,508.40,23.78,9.67,1,0,0
118,1,63.64,442.22,418.96,85.87,1,0,0
118,3,0.22,502.51,75.35,15.13,1,0,0
118,5,837.27,511.00,25.81,10.77,1,0,0
118,6,1736.78,529.63,8.84,17.17,1,3,0
119,1,61.09,457.05,422.62,90.26,1,0,0
119,3,0.16,517.44,75.57,15.29,1,0,0
119,5,841.31,535.11,25.58,10.70,1,0,0
120,1,61.21,463.52,424.49,87.17,1,0,0
120,3,0.21,523.64,75.53,14.78,1,0,0
120,5,846.86,536.22,24.51,10.38,1,0,0
120,6,1760.77,559.02,6.16,12.56,1,3,0
121,1,56.37,451.71,426.43,85.80,1,0,0
121,3,0.22,512.87,69.11,14.58,1,0,0
121,5,847.69,514.12,24.29,9.70,1,0,0
121,12,1502.86,520.05,9.12,7.78,1,2,0
121,6,1764.68,524.91,7.01,11.72,1,3,0
122,1,35.78,464.06,442.50,89.24,1,0,0
122,3,0.41,529.00,52.78,14.87,1,0,0
122,5,844.38,518.31,25.10,10.29,1,0,0
122,12,1501.61,517.84,6.65,6.11,1,3,0
122,6,1765.43,516.59,8.84,13.73,1,3,0
123,1,19.38,468.17,450.59,88.55,1,0,0
123,3,0.00,533.11,35.76,13.01,1,0,0
123,5,841.11,526.89,25.15,9.98,1,0,0
123,6,1764.31,529.74,7.28,14.26,1,3,0
124,1,14.95,436.58,451.17,92.65,1,0,0
124,3,0.00,500.74,27.89,9.99,1,0,0
124,5,841.10,518.17,25.21,9.62,1,0,0
124,6,1768.74,545.08,7.97,15.21,1,3,0
124,12,1497.50,537.82,8.54,7.51,1,2,0
125,1,17.00,427.74,457.27,97.34,1,0,0
125,3,0.22,493.08,34.02,12.41,1,0,0
125,5,849.04,515.60,26.60,10.59,1,0,0
126,1,22.95,461.55,456.42,92.08,1,0,0
126,3,0.60,526.64,36.89,15.51,1,0,0
126,5,857.46,533.85,26.12,10.44,1,0,0
127,1,11.19,481.02,467.32,91.89,1,0,0
127,3,0.53,548.33,27.42,14.59,1,0,0
127,5,858.56,535.00,26.14,10.25,1,0,0
127,6,1808.96,527.90,8.83,16.28,1,3,0
128,1,3.94,466.01,469.38,91.75,1,0,0
128,3,0.18,537.63,16.79,9.89,1,0,0
128,5,858.44,516.40,26.06,10.09,1,0,0
128,6,1813.59,505.37,8.32,14.73,1,3,0
128,12,1522.06,509.49,7.36,7.38,1,2,0
129,1,0.19,445.94,469.35,92.92,1,0,0
129,5,858.76,520.45,25.75,10.01,1,0,0
129,12,1521.77,536.15,7.05,6.55,1,2,0
130,1,0.53,437.55,464.07,98.49,1,0,0
130,5,854.40,528.08,26.25,10.07,1,0,0
130,6,1818.18,564.00,7.33,14.32,1,3,0
131,1,0.52,445.59,458.65,93.28,1,0,0
131,5,852.11,525.81,26.21,9.99,1,0,0
131,6,1820.55,549.94,10.51,19.13,1,3,0
131,12,1514.40,543.27,7.38,6.98,1,2,0
132,1,0.06,467.44,450.66,96.29,1,0,0
132,5,850.58,533.15,26.16,10.17,1,0,0
133,1,0.70,458.02,437.81,93.85,1,0,0
133,5,846.11,517.69,24.95,9.79,1,0,0
133,6,1819.54,518.11,8.07,13.49,1,3,0
134,1,0.18,458.12,432.55,95.95,1,0,0
134,5,842.96,531.97,26.43,10.13,1,0,0
135,1,0.23,455.01,435.84,99.90,1,0,0
135,5,848.17,542.24,25.49,9.89,1,0,0
135,6,1834.37,568.91,10.00,15.01,1,3,0
136,1,0.67,431.91,441.32,98.90,1,0,0
136,5,857.07,518.42,25.33,10.15,1,0,0
137,1,0.64,441.88,444.71,98.65,1,0,0
137,5,861.96,515.08,27.42,10.59,1,0,0
137,12,1533.38,523.34,7.61,7.28,1,2,0
137,6,1869.87,526.22,9.67,15.47,1,3,0
138,1,0.70,457.43,444.30,97.47,1,0,0
138,5,865.92,516.85,26.42,10.50,1,0,0
138,12,1535.85,515.70,8.36,7.31,1,2,0
138,6,1877.63,514.50,8.40,14.67,1,3,0
139,1,0.41,471.50,436.67,95.91,1,0,0
139,5,863.68,535.07,26.18,10.70,1,0,0
139,6,1881.07,536.61,8.36,15.38,1,3,0
140,1,0.93,452.03,433.55,96.53,1,0,0
140,5,866.67,533.66,25.63,10.05,1,0,0
141,1,0.31,428.01,435.93,102.73,1,0,0
141,5,869.77,518.68,25.93,9.90,1,0,0
141,12,1540.25,539.35,8.40,7.36,1,2,0
141,6,1902.17,552.41,8.13,14.78,1,3,0
142,1,0.16,437.22,433.91,98.19,1,0,0
142,5,869.66,514.84,26.88,10.42,1,0,0
142,12,1540.99,527.55,8.34,7.39,1,2,0
142,6,1908.97,533.60,8.40,15.49,1,3,0
143,1,0.03,461.72,430.39,99.85,1,0,0
143,5,870.49,527.93,26.38,10.41,1,0,0
143,6,1912.13,527.59,7.74,19.58,1,3,0
144,1,0.00,461.90,428.24,98.82,1,0,0
144,5,871.88,530.82,26.27,10.60,1,0,0
144,12,1544.96,536.23,8.08,7.80,1,2,0
145,1,0.07,457.10,424.33,92.92,1,0,0
145,5,872.95,531.43,26.83,10.27,1,0,0
146,1,0.41,442.83,420.73,93.05,1,0,0
146,5,874.05,518.93,26.11,10.04,1,0,0
146,12,1548.11,533.00,8.62,8.06,1,2,0
147,1,0.87,434.73,412.62,105.94,1,0,0
147,5,871.49,516.91,26.75,10.64,1,0,0
148,1,0.36,502.15,406.29,60.15,1,0,0
148,5,869.72,534.10,26.71,11.21,1,0,0
149,1,0.31,496.12,395.08,56.49,1,0,0
149,5,864.70,529.33,26.63,10.34,1,0,0
149,12,1540.86,539.63,8.00,7.51,1,2,0
150,1,0.29,485.18,384.89,56.04,1,0,0
150,5,860.28,518.31,26.33,10.26,1,0,0
150,12,1536.05,528.05,8.29,7.47,1,2,0
151,1,0.11,488.44,390.26,56.54,1,0,0
151,5,867.54,526.03,27.57,10.38,1,0,0
151,12,1544.65,539.44,7.50,7.53,1,2,0
152,1,1.41,484.10,393.82,64.47,1,0,0
152,5,873.71,531.78,26.99,10.59,1,0,0
153,1,0.14,487.37,388.93,56.49,1,0,0
153,5,874.66,521.08,26.46,10.46,1,0,0
154,1,0.00,485.67,377.26,63.23,1,0,0
154,5,870.59,512.72,28.03,11.13,1,0,0
154,12,1550.95,516.36,7.13,7.46,1,2,0
155,1,0.32,507.71,376.38,60.20,1,0,0
155,5,872.87,537.10,26.98,10.85,1,0,0
156,1,0.08,481.60,370.24,63.24,1,0,0
156,5,872.12,527.21,26.52,10.19,1,0,0
156,12,1552.16,542.25,8.22,8.02,1,2,0
157,1,0.83,468.85,366.68,55.47,1,0,0
157,5,871.64,508.56,26.84,10.46,1,0,0
158,1,0.28,479.41,360.96,58.92,1,0,0
158,5,873.62,518.50,26.74,10.70,1,0,0
159,1,0.90,502.89,354.04,61.35,1,0,0
159,5,872.26,537.16,27.40,10.66,1,0,0
160,1,0.55,495.05,339.23,61.80,1,0,0
160,5,864.59,525.01,26.84,9.91,1,0,0
161,1,0.48,493.92,332.65,62.47,1,0,0
161,5,862.77,523.61,25.85,10.57,1,0,0
162,1,0.26,496.05,330.37,61.67,1,0,0
162,5,865.31,534.41,27.58,10.73,1,0,0
163,1,0.21,490.52,321.09,60.94,1,0,0
163,5,863.01,529.99,26.48,10.50,1,0,0
163,12,1547.19,543.56,8.04,7.27,1,2,0
164,1,0.26,487.19,308.06,61.50,1,0,0
164,5,857.54,524.53,27.27,10.59,1,0,0
164,12,1541.58,535.13,7.78,7.63,1,2,0
165,1,0.33,494.38,301.78,60.37,1,0,0
165,5,856.64,534.88,27.94,10.91,1,0,0
166,1,0.50,500.36,298.27,61.84,1,0,0
166,5,857.71,541.98,27.85,10.87,1,0,0
167,1,0.38,479.84,287.86,65.57,1,0,0
167,5,857.47,515.08,26.72,10.39,1,0,0
168,1,0.51,478.85,272.94,66.65,1,0,0
168,5,853.24,509.17,27.84,10.77,1,0,0
169,1,0.62,497.49,261.04,66.24,1,0,0
169,5,847.05,536.19,28.21,10.89,1,0,0
170,1,0.36,495.47,259.60,62.62,1,0,0
170,5,850.97,544.44,26.85,10.88,1,0,0
171,1,0.41,466.39,264.15,64.37,1,0,0
171,5,858.59,510.32,27.46,11.47,1,0,0
172,1,0.39,466.07,261.65,67.56,1,0,0
172,5,861.02,501.68,27.41,10.65,1,0,0
173,1,0.25,489.91,245.27,69.58,1,0,0
173,5,856.68,523.11,27.31,10.88,1,0,0
174,1,0.34,502.92,237.14,67.52,1,0,0
174,5,853.07,543.06,27.45,10.67,1,0,0
175,1,0.47,473.82,233.47,65.79,1,0,0
175,5,858.21,522.03,26.84,10.90,1,0,0
176,1,0.14,477.80,229.90,68.29,1,0,0
176,5,859.19,521.45,27.97,11.00,1,0,0
177,1,0.34,504.33,220.01,70.97,1,0,0
177,5,857.90,538.77,28.33,10.96,1,0,0
177,12,1550.43,540.98,8.64,7.84,1,2,0
178,1,0.47,486.28,210.68,70.81,1,0,0
178,5,857.80,525.55,27.51,10.76,1,0,0
178,12,1549.88,530.12,8.37,7.64,1,2,0
179,1,0.66,465.47,194.83,68.17,1,0,0
179,5,849.58,514.50,33.17,12.49,1,0,0
180,1,0.23,481.51,184.74,70.22,1,0,0
180,5,850.03,534.15,28.19,11.38,1,0,0
181,1,0.54,489.51,183.90,69.26,1,0,0
181,5,854.58,537.91,28.36,11.06,1,0,0
182,1,0.16,476.37,176.61,72.76,1,0,0
182,5,853.65,518.25,28.70,10.65,1,0,0
183,1,0.49,488.86,159.97,74.60,1,0,0
183,5,850.37,527.40,28.69,11.10,1,0,0
184,1,0.41,490.31,152.49,72.25,1,0,0
184,5,850.19,535.24,28.69,11.09,1,0,0
185,1,0.43,465.14,137.85,72.88,1,0,0
185,5,847.48,518.30,28.41,11.05,1,0,0
185,12,1541.59,533.39,8.05,7.81,1,2,0
186,1,0.39,483.07,119.49,74.45,1,0,0
186,5,842.47,533.41,29.01,11.16,1,0,0
187,1,0.33,498.16,112.76,75.52,1,0,0
187,5,842.90,544.38,28.82,11.05,1,0,0
187,12,1538.46,551.61,7.89,7.21,1,2,0
188,1,0.38,465.98,101.47,75.75,1,0,0
188,5,843.87,517.44,28.63,10.95,1,0,0
188,12,1539.08,528.58,9.38,8.07,1,2,0
189,1,0.61,462.68,84.96,76.86,1,0,0
189,5,839.97,514.76,28.66,11.12,1,0,0
190,1,0.73,494.86,75.67,77.56,1,0,0
190,12,1537.63,556.42,8.01,7.22,1,2,0
191,1,0.43,468.93,57.40,76.96,1,0,0
191,5,837.60,523.25,28.58,10.78,1,0,0
192,1,0.35,474.76,57.94,77.84,1,0,0
192,5,843.04,526.99,30.09,10.94,1,0,0
193,1,0.11,495.14,32.10,75.05,1,0,0
193,5,836.08,541.88,30.11,11.65,1,0,0
194,1,0.05,480.53,21.70,76.27,1,0,0
194,5,834.21,532.61,31.35,12.49,1,0,0
195,5,833.35,512.49,29.76,11.17,1,0,0
196,5,833.82,528.83,30.01,11.29,1,0,0
197,5,830.92,531.85,29.54,11.39,1,0,0
198,5,828.83,524.55,30.56,11.21,1,0,0
199,5,835.81,525.78,30.08,10.90,1,0,0
199,12,1539.58,539.97,8.20,7.39,1,2,0
200,5,841.57,528.26,29.77,10.92,1,0,0
201,5,844.71,520.89,30.25,10.92,1,0,0
201,12,1547.74,529.97,7.97,7.63,1,2,0
202,5,849.10,531.33,29.57,11.30,1,0,0
203,5,849.93,537.73,30.07,11.28,1,0,0
204,5,846.45,518.24,29.82,11.60,1,0,0
205,5,845.79,514.39,30.31,11.22,1,0,0
206,5,844.24,523.24,29.97,11.64,1,0,0
207,5,838.49,524.47,32.18,11.78,1,0,0
208,5,835.31,526.34,31.04,11.54,1,0,0
209,5,841.85,530.42,30.06,11.57,1,0,0
210,5,851.60,521.31,29.02,11.29,1,0,0
211,5,854.84,513.37,30.63,11.47,1,0,0
212,5,858.66,544.78,31.53,11.73,1,0,0
213,5,861.81,554.39,30.84,11.48,1,0,0
213,12,1576.65,556.10,8.21,8.01,1,2,0
214,5,864.15,531.13,28.91,11.09,1,0,0
215,5,862.25,508.77,31.01,11.46,1,0,0
215,12,1576.82,518.09,9.06,8.83,1,2,0
216,5,861.87,533.36,31.26,12.17,1,0,0
217,5,858.11,544.27,31.85,11.81,1,0,0
218,5,851.88,519.93,30.70,11.15,1,0,0
218,12,1567.94,535.58,8.72,8.11,1,2,0
219,5,853.28,517.98,31.16,11.63,1,0,0
219,12,1570.40,532.90,8.09,8.71,1,2,0
220,5,856.84,523.81,31.45,11.89,1,0,0
221,5,858.66,523.03,30.69,11.88,1,0,0
222,5,858.79,523.84,30.89,11.81,1,0,0
223,5,861.03,535.02,32.00,12.31,1,0,0
224,5,863.54,532.99,31.46,11.88,1,0,0
225,5,865.38,535.23,31.63,12.39,1,0,0
226,5,866.52,521.36,31.13,11.21,1,0,0
227,5,865.57,514.92,31.52,12.39,1,0,0
228,5,865.06,534.77,31.11,12.35,1,0,0
229,5,862.31,536.33,31.71,11.79,1,0,0
229,12,1586.07,555.89,7.53,8.03,1,2,0
230,5,859.77,523.80,31.93,11.76,1,0,0
230,12,1584.50,531.64,7.93,8.10,1,2,0
231,5,858.79,512.14,31.80,11.73,1,0,0
232,5,864.39,519.07,32.15,11.64,1,0,0
233,5,870.23,538.36,31.96,12.18,1,0,0
234,5,874.50,535.08,31.98,12.04,1,0,0
235,5,875.89,528.40,33.10,11.80,1,0,0
235,12,1608.69,532.62,8.39,8.24,1,2,0
236,5,876.89,524.35,33.02,11.70,1,0,0
237,5,875.97,517.73,32.38,11.88,1,0,0
237,12,1608.03,526.69,9.06,8.59,1,2,0
238,5,869.57,529.81,32.80,12.42,1,0,0
239,5,866.00,532.21,32.52,11.81,1,0,0
239,12,1598.41,543.82,8.34,8.44,1,2,0
240,5,863.36,521.34,32.45,11.38,1,0,0
240,12,1595.36,531.83,9.01,8.38,1,2,0
241,5,863.78,524.97,32.33,11.71,1,0,0
241,12,1596.45,543.34,8.77,8.33,1,2,0
242,5,866.66,515.04,32.23,11.79,1,0,0
243,5,869.27,542.14,33.14,11.59,1,0,0
244,5,872.00,548.12,32.35,11.93,1,0,0
245,5,867.85,509.44,31.90,12.03,1,0,0
246,5,867.67,536.08,34.39,11.83,1,0,0
247,5,871.16,554.23,33.86,11.94,1,0,0
248,5,872.54,513.15,33.21,11.41,1,0,0
249,5,873.18,519.79,33.08,12.08,1,0,0
250,5,876.48,538.07,33.70,11.83,1,0,0
250,12,1619.54,552.44,9.24,8.14,1,2,0
251,5,883.10,520.84,33.04,11.65,1,0,0
252,5,891.53,525.10,33.45,12.13,1,0,0
252,12,1641.91,537.33,7.80,8.46,1,2,0
253,5,900.06,532.95,33.79,12.02,1,0,0
254,5,908.12,517.55,32.28,11.66,1,0,0
255,5,913.30,520.32,33.45,12.17,1,0,0
255,12,1668.15,538.49,9.59,8.89,1,2,0
256,5,913.67,538.56,33.63,12.27,1,0,0
257,5,911.94,523.75,31.97,11.59,1,0,0
258,5,909.90,514.30,33.17,12.39,1,0,0
259,5,912.15,535.88,33.36,12.18,1,0,0
260,5,910.04,528.96,32.30,11.82,1,0,0
261,5,897.66,511.39,35.11,12.39,1,0,0
262,5,888.89,531.71,34.11,12.31,1,0,0
262,12,1641.84,536.73,10.54,9.16,1,2,0
263,5,888.07,532.72,35.34,13.04,1,0,0
263,12,1644.33,540.22,9.79,8.47,1,2,0
264,5,883.36,520.69,34.24,11.93,1,0,0
264,12,1640.52,536.24,9.31,8.84,1,2,0
265,5,875.25,517.68,34.50,12.20,1,0,0
266,5,864.76,527.66,35.92,12.20,1,0,0
266,12,1620.96,542.67,8.98,7.60,1,2,0
267,5,860.01,526.98,35.37,12.60,1,0,0
268,5,860.09,516.52,35.30,12.18,1,0,0
269,5,853.07,517.60,36.02,12.63,1,0,0
269,12,1608.91,528.72,10.52,8.00,1,2,0
270,5,845.86,521.95,34.83,12.78,1,0,0
271,5,844.60,533.10,34.94,12.92,1,0,0
272,5,844.92,523.30,35.13,12.34,1,0,0
272,12,1596.64,543.34,8.29,8.45,1,2,0
273,5,843.76,514.73,35.52,12.71,1,0,0
273,12,1596.17,527.27,9.31,8.19,1,2,0
274,5,847.90,526.51,35.33,12.36,1,0,0
275,5,852.99,526.10,35.52,12.42,1,0,0
276,5,855.56,529.81,35.20,12.71,1,0,0
276,12,1612.18,544.44,9.60,8.41,1,2,0
277,5,856.95,532.49,36.09,12.81,1,0,0
278,5,855.29,510.46,35.99,12.90,1,0,0
279,5,849.35,523.77,36.20,12.98,1,0,0
279,12,1605.77,529.97,9.70,8.63,1,2,0
280,5,849.75,532.28,36.49,12.77,1,0,0
280,12,1608.28,544.52,9.56,8.80,1,2,0
281,5,856.42,521.62,35.53,12.68,1,0,0
282,5,859.25,524.13,35.76,12.14,1,0,0
283,5,862.28,529.82,36.97,12.57,1,0,0
284,5,874.41,521.25,35.39,12.12,1,0,0
285,5,886.38,525.67,36.44,11.91,1,0,0
285,12,1658.17,528.38,9.37,8.21,1,2,0
286,5,894.27,540.65,35.76,12.10,1,0,0
286,12,1669.04,554.27,10.08,9.10,1,2,0
287,5,895.17,524.94,35.15,11.88,1,0,0
288,5,894.71,520.15,36.72,13.27,1,0,0
289,5,896.42,530.80,36.45,13.24,1,0,0
290,5,891.32,527.72,36.54,12.79,1,0,0
291,5,889.11,529.57,37.35,13.15,1,0,0
291,12,1664.53,536.13,10.41,9.27,1,2,0
292,5,889.82,524.93,37.40,13.05,1,0,0
293,5,887.90,520.85,38.28,12.81,1,0,0
294,5,881.29,520.27,38.25,12.98,1,0,0
294,12,1658.01,528.30,9.83,9.13,1,2,0
295,5,883.43,536.30,39.89,12.87,1,0,0
296,5,888.78,534.86,36.62,12.92,1,0,0
296,12,1671.33,556.21,9.38,9.49,1,2,0
297,5,893.82,518.48,37.28,12.96,1,0,0
298,5,895.34,517.80,38.53,13.48,1,0,0
298,12,1681.06,526.83,8.69,8.87,1,2,0
299,5,894.86,518.69,38.02,13.68,1,0,0
300,5,891.88,531.48,37.93,13.20,1,0,0
300,12,1677.13,541.30,10.51,9.11,1,2,0
301,5,896.66,530.99,38.35,13.08,1,0,0
302,5,905.17,523.60,38.60,13.11,1,0,0
303,5,912.85,523.37,38.91,13.16,1,0,0
303,12,1708.49,533.80,9.52,8.84,1,2,0
304,5,915.87,524.02,39.49,13.55,1,0,0
304,12,1712.59,527.10,10.86,9.33,1,2,0
305,5,915.54,529.83,39.25,13.60,1,0,0
305,12,1712.37,538.23,10.13,9.08,1,2,0
306,5,913.16,527.85,39.00,13.85,1,0,0
307,5,914.63,525.22,39.45,13.46,1,0,0
307,12,1714.08,543.12,10.08,8.99,1,2,0
308,5,914.66,524.17,39.62,13.37,1,0,0
308,12,1713.40,532.77,9.70,9.07,1,2,0
309,5,911.87,530.25,39.40,13.85,1,0,0
309,12,1711.36,533.14,10.25,9.29,1,2,0
310,5,906.86,512.12,37.25,12.72,1,0,0
310,12,1704.16,520.00,11.17,10.16,1,2,0
311,5,897.80,513.16,39.88,13.67,1,0,0
311,12,1695.19,528.02,9.85,9.28,1,2,0
312,5,893.12,545.63,38.87,13.70,1,0,0
312,12,1690.06,560.12,10.68,9.17,1,2,0
313,5,901.63,541.03,38.82,13.21,1,0,0
314,5,903.14,496.53,38.96,13.29,1,0,0
315,5,893.35,526.48,40.53,13.75,1,0,0
315,12,1692.14,533.06,11.24,9.52,1,2,0
316,5,890.07,554.57,39.72,13.78,1,0,0
316,12,1688.30,556.25,10.55,8.92,1,2,0
317,5,886.81,519.45,39.72,13.48,1,0,0
318,5,880.41,533.11,41.35,13.19,1,0,0
319,5,885.08,544.82,39.13,13.33,1,0,0
320,5,883.57,522.78,41.26,13.64,1,0,0
320,12,1683.68,535.08,10.47,9.07,1,2,0
321,5,881.69,517.86,40.95,14.18,1,0,0
321,12,1682.31,532.28,11.12,9.62,1,2,0
322,5,881.28,532.61,41.18,14.66,1,0,0
322,12,1682.15,550.27,11.26,9.44,1,2,0
323,5,880.29,538.21,41.23,13.97,1,0,0
323,12,1681.99,552.24,10.10,9.11,1,2,0
324,5,886.66,524.11,41.02,14.32,1,0,0
324,12,1690.14,534.71,10.66,9.39,1,2,0
325,5,890.54,511.29,41.08,14.21,1,0,0
326,5,893.32,520.87,41.54,14.35,1,0,0
327,5,902.72,513.48,41.75,14.11,1,0,0
327,12,1715.36,529.19,10.49,9.31,1,2,0
328,5,907.19,537.56,41.32,14.26,1,0,0
329,5,902.75,541.35,40.67,14.01,1,0,0
329,12,1716.37,543.61,10.51,9.17,1,2,0
330,5,900.54,499.90,41.65,14.13,1,0,0
330,12,1714.99,507.92,10.79,9.17,1,2,0
331,5,900.09,513.82,41.70,14.48,1,0,0
331,12,1714.55,533.37,10.35,9.23,1,2,0
332,5,896.44,545.98,41.94,14.77,1,0,0
332,12,1712.49,567.72,11.60,9.41,1,2,0
333,5,892.84,529.67,41.20,14.02,1,0,0
333,12,1706.99,544.16,11.21,9.35,1,2,0
334,5,892.11,508.26,42.20,14.21,1,0,0
334,12,1706.82,519.38,11.12,9.72,1,2,0
335,5,891.47,540.88,41.97,14.15,1,0,0
336,5,886.18,559.61,42.34,14.28,1,0,0
336,12,1702.66,567.46,11.57,9.24,1,2,0
337,5,879.63,524.27,41.99,13.83,1,0,0
338,5,882.33,520.97,42.68,14.67,1,0,0
339,5,888.23,527.61,43.08,14.65,1,0,0
339,12,1707.75,550.73,10.88,9.51,1,2,0
340,5,887.54,522.01,43.09,14.34,1,0,0
340,12,1706.68,537.88,10.07,8.98,1,2,0
341,5,888.10,548.46,42.91,14.86,1,0,0
341,12,1708.17,555.55,10.73,8.88,1,2,0
342,5,884.48,536.37,42.39,14.50,1,0,0
342,12,1704.49,544.66,9.56,8.97,1,2,0
343,5,880.04,505.94,43.37,14.51,1,0,0
344,5,886.32,521.42,43.12,14.74,1,0,0
344,12,1707.95,543.19,12.07,9.55,1,2,0
345,5,890.80,533.12,44.05,15.40,1,0,0
345,12,1717.99,550.21,9.53,9.66,1,2,0
346,5,896.87,533.88,44.36,15.12,1,0,0
346,12,1725.85,542.22,11.42,9.81,1,2,0
347,5,906.33,523.33,43.72,14.74,1,0,0
348,5,906.50,517.72,44.20,14.52,1,0,0
348,12,1738.88,533.18,11.60,9.71,1,2,0
349,5,914.59,536.51,43.10,14.72,1,0,0
350,5,920.10,534.00,43.99,14.84,1,0,0
351,5,918.25,514.61,44.39,14.49,1,0,0
351,12,1760.07,529.13,12.05,10.01,1,2,0
352,5,921.96,529.99,43.92,14.92,1,0,0
352,12,1765.37,543.36,11.03,9.47,1,2,0
353,5,923.29,537.10,44.40,15.02,1,0,0
353,12,1768.39,551.82,12.24,9.96,1,2,0
354,5,918.97,526.35,44.72,14.81,1,0,0
354,12,1763.16,538.49,11.85,9.81,1,2,0
355,5,920.47,528.55,45.00,15.15,1,0,0
355,12,1766.36,539.78,12.81,10.32,1,2,0
356,5,921.49,530.91,45.74,15.67,1,0,0
357,5,919.94,530.64,45.05,15.22,1,0,0
357,12,1767.65,545.14,11.42,9.75,1,2,0
358,5,915.25,521.77,45.85,14.96,1,0,0
358,12,1763.16,532.54,11.35,9.58,1,2,0
359,5,913.15,520.05,46.47,15.76,1,0,0
359,12,1761.12,534.56,12.42,9.88,1,2,0
360,5,921.76,534.40,46.14,15.61,1,0,0
360,12,1775.01,552.52,12.51,10.10,1,2,0
361,5,925.59,540.27,47.29,15.91,1,0,0
361,12,1781.21,556.11,13.13,10.66,1,2,0
362,5,918.83,517.65,45.30,15.42,1,0,0
362,12,1771.48,523.61,10.29,9.67,1,2,0
363,5,915.34,520.49,46.42,15.91,1,0,0
363,12,1768.11,527.20,12.95,9.89,1,2,0
364,5,915.51,533.38,46.97,15.94,1,0,0
364,12,1768.48,553.24,12.58,10.18,1,2,0
365,5,911.18,525.26,47.50,15.48,1,0,0
366,5,912.23,530.99,47.44,16.20,1,0,0
367,5,906.31,534.26,48.65,15.88,1,0,0
368,5,900.54,522.24,47.99,15.66,1,0,0
368,12,1754.07,528.57,11.48,9.72,1,2,0
369,5,905.06,533.58,47.32,16.38,1,0,0
369,12,1761.10,549.64,12.04,9.71,1,2,0
370,5,905.99,536.50,48.46,16.00,1,0,0
370,12,1763.04,554.89,12.14,9.79,1,2,0
371,5,902.88,523.87,47.52,15.65,1,0,0
371,12,1757.44,531.17,13.42,9.85,1,2,0
372,5,903.86,522.59,49.14,15.86,1,0,0
373,5,901.24,522.53,50.20,16.18,1,0,0
374,5,892.39,528.96,49.44,15.88,1,0,0
375,5,891.30,530.59,49.07,16.14,1,0,0
375,12,1747.30,541.96,13.04,10.41,1,2,0
376,5,887.31,506.33,48.43,16.11,1,0,0
377,5,882.70,529.61,50.26,16.27,1,0,0
378,5,876.60,525.82,48.85,16.51,1,0,0
379,5,877.54,512.32,49.60,16.34,1,0,0
379,12,1732.65,535.29,11.79,10.08,1,2,0
380,5,883.23,543.17,50.32,17.16,1,0,0
380,12,1742.67,566.15,13.58,9.99,1,2,0
381,5,890.93,541.20,49.63,16.36,1,0,0
381,12,1753.59,554.54,10.54,9.32,1,2,0
382,5,894.48,525.49,50.30,16.20,1,0,0
382,12,1759.17,533.01,12.96,9.81,1,2,0
383,5,894.27,521.99,51.29,16.65,1,0,0
384,5,894.89,528.12,51.04,17.13,1,0,0
384,12,1763.19,544.01,12.93,9.95,1,2,0
385,5,900.79,538.71,52.00,16.83,1,0,0
386,5,901.10,524.97,50.76,16.40,1,0,0
386,12,1772.88,544.80,12.79,9.85,1,2,0
387,5,895.97,513.24,52.00,16.74,1,0,0
387,12,1767.06,521.93,11.84,9.64,1,2,0
388,5,899.47,525.00,51.73,16.93,1,0,0
389,5,899.16,530.99,53.15,17.60,1,0,0
390,5,897.40,517.95,51.90,17.09,1,0,0
391,5,901.83,516.96,52.65,17.77,1,0,0
391,12,1778.70,538.31,13.96,10.00,1,2,0
392,5,903.06,522.64,53.37,17.48,1,0,0
392,12,1782.73,540.61,12.90,10.30,1,2,0
393,5,900.19,519.39,53.97,17.31,1,0,0
394,5,896.01,521.66,53.66,18.15,1,0,0
395,5,897.60,534.42,53.77,17.89,1,0,0
395,12,1778.44,559.04,12.94,9.96,1,2,0
396,5,905.05,528.69,52.90,16.84,1,0,0
396,12,1788.83,551.04,13.27,10.76,1,2,0
397,5,907.12,513.26,53.25,16.71,1,0,0
397,12,1793.76,524.58,14.03,10.92,1,2,0
398,5,904.27,533.01,54.17,17.40,1,0,0
398,12,1789.87,538.14,11.83,9.98,1,2,0
399,5,899.76,541.96,55.29,17.84,1,0,0
399,12,1785.67,557.53,13.55,10.38,1,2,0
400,5,904.19,528.31,54.34,17.86,1,0,0
401,5,907.47,519.34,55.41,18.61,1,0,0
401,12,1797.61,549.78,12.74,10.03,1,2,0
402,5,912.72,532.83,55.30,17.92,1,0,0
402,12,1809.79,541.03,12.36,10.03,1,2,0
403,5,916.91,528.72,55.80,17.53,1,0,0
403,12,1815.00,529.23,13.47,10.93,1,2,0
404,5,913.46,506.23,54.61,17.96,1,0,0
405,5,911.04,528.93,54.41,18.13,1,0,0
406,5,913.17,543.78,56.13,18.66,1,0,0
406,12,1813.41,565.96,13.66,10.59,1,2,0
407,5,918.64,526.15,55.47,17.44,1,0,0
407,12,1822.27,549.69,10.65,10.30,1,2,0
408,5,917.78,505.49,56.05,17.69,1,0,0
409,5,921.23,520.35,55.70,18.37,1,0,0
410,5,921.63,529.21,57.37,18.99,1,0,0
410,12,1829.05,544.23,15.45,10.52,1,2,0
411,5,916.11,525.63,57.21,18.65,1,0,0
411,12,1823.51,543.07,13.28,10.41,1,2,0
412,5,920.58,520.94,57.87,18.84,1,0,0
413,5,926.65,522.06,57.09,18.70,1,0,0
413,12,1841.22,544.06,15.55,10.87,1,2,0
414,5,932.45,533.12,57.85,18.81,1,0,0
415,5,939.60,545.09,59.14,19.06,1,0,0
416,5,942.10,521.38,56.87,17.90,1,0,0
416,12,1867.77,536.61,13.91,10.36,1,2,0
417,5,939.89,514.78,57.33,18.74,1,0,0
417,12,1863.71,531.35,15.68,11.04,1,2,0
418,5,941.13,540.94,59.23,19.57,1,0,0
419,5,945.55,518.41,57.01,19.11,1,0,0
420,5,942.18,490.46,58.81,19.35,1,0,0
420,12,1872.32,505.86,14.41,11.05,1,2,0
421,5,941.84,538.98,58.42,18.20,1,0,0
421,12,1873.32,545.00,13.67,10.41,1,2,0
422,5,943.80,553.79,59.91,19.25,1,0,0
422,12,1879.03,568.58,14.37,9.99,1,2,0
423,5,941.23,510.69,59.25,18.48,1,0,0
423,12,1873.49,530.95,14.90,10.65,1,2,0
424,5,941.29,513.32,58.82,19.17,1,0,0
424,12,1873.77,531.22,15.32,10.47,1,2,0
425,5,938.14,530.83,60.42,20.09,1,0,0
425,12,1872.72,544.35,13.84,10.25,1,2,0
426,5,931.41,522.35,60.04,18.97,1,0,0
427,5,930.67,522.57,59.77,19.46,1,0,0
427,12,1862.02,540.09,15.08,10.64,1,2,0
428,5,937.05,532.83,61.24,20.26,1,0,0
429,5,942.89,516.60,59.70,18.29,1,0,0
429,12,1884.94,540.02,14.17,10.09,1,2,0
430,5,944.28,523.55,60.09,18.68,1,0,0
431,5,940.57,538.35,61.08,19.45,1,0,0
431,12,1883.87,545.10,14.96,11.02,1,2,0
432,5,942.18,519.63,59.80,18.99,1,0,0
433,5,945.19,496.11,60.98,19.66,1,0,0
434,5,947.39,535.85,61.50,19.75,1,0,0
434,12,1897.00,565.14,16.87,10.98,1,2,0
435,5,952.71,553.13,62.43,20.07,1,0,0
435,12,1908.14,566.35,11.28,11.41,1,2,0
436,5,953.80,502.11,60.17,18.89,1,0,0
437,5,954.05,512.67,61.18,20.35,1,0,0
437,12,1910.79,528.14,9.02,9.63,1,2,0
438,5,956.89,539.88,62.13,20.48,1,0,0
439,5,952.16,522.36,61.75,19.91,1,0,0
439,12,1910.12,544.85,9.49,10.49,1,2,0
440,5,949.65,514.89,62.72,20.34,1,0,0
441,5,953.86,529.90,62.71,21.12,1,0,0
442,5,956.94,534.49,64.33,21.17,1,0,0
443,5,958.84,521.60,62.98,19.97,1,0,0
444,5,954.85,518.24,64.46,20.66,1,0,0
445,5,951.78,522.01,64.50,20.97,1,0,0
446,5,958.67,524.93,66.12,20.98,1,0,0
447,5,961.36,523.83,65.66,21.11,1,0,0
448,5,955.86,514.30,64.22,20.01,1,0,0
449,5,955.03,507.56,63.52,22.06,1,0,0
450,5,958.35,525.66,65.20,21.29,1,0,0
451,5,954.31,522.73,64.98,20.54,1,0,0
452,5,952.54,524.89,65.44,21.33,1,0,0
453,5,958.85,531.89,66.70,21.05,1,0,0
454,5,956.91,510.98,65.06,20.58,1,0,0
454,12,1890.52,536.91,15.06,22.29,1,3,0
455,5,951.97,518.12,65.76,21.07,1,0,0
456,5,949.95,531.20,66.02,21.79,1,0,0
457,5,948.26,537.27,68.33,21.45,1,0,0
458,5,941.14,524.93,66.64,21.21,1,0,0
459,5,934.50,522.71,68.31,21.80,1,0,0
460,5,934.45,528.44,68.30,22.19,1,0,0
461,5,932.17,527.81,68.70,22.38,1,0,0
461,12,1905.12,555.08,13.47,10.72,1,2,0
462,5,927.90,521.13,69.74,22.16,1,0,0
463,5,928.65,522.71,70.21,22.26,1,0,0
463,12,1903.66,531.03,14.85,11.78,1,2,0
464,5,934.39,520.33,70.65,23.07,1,0,0
465,5,939.51,508.06,70.85,23.04,1,0,0
466,5,941.75,521.91,70.11,22.25,1,0,0
467,5,943.77,524.75,71.67,22.35,1,0,0
468,5,944.53,513.04,70.22,21.45,1,0,0
469,5,938.72,509.10,73.57,22.94,1,0,0
470,5,937.73,532.23,71.01,22.77,1,0,0
471,5,949.76,533.60,71.21,21.36,1,0,0
472,5,953.84,504.56,72.66,22.92,1,0,0
473,5,954.13,510.03,73.31,22.93,1,0,0
474,5,957.69,524.80,72.76,23.30,1,0,0
475,5,963.65,531.84,76.06,23.93,1,0,0
476,5,968.07,522.91,74.15,22.94,1,0,0
477,5,970.32,521.71,76.32,23.21,1,0,0
478,5,975.05,529.70,75.60,23.17,1,0,0
479,5,973.03,503.57,74.48,22.31,1,0,0
480,5,972.71,518.25,74.94,23.25,1,0,0
481,5,977.82,555.65,76.21,23.26,1,0,0
482,5,979.90,526.19,74.76,23.19,1,0,0
483,5,982.02,497.40,76.49,22.66,1,0,0
484,5,980.04,518.74,78.02,23.94,1,0,0
485,5,976.96,527.73,78.67,23.40,1,0,0
486,5,975.00,523.66,78.50,23.91,1,0,0
487,5,984.41,518.20,78.29,23.22,1,0,0
488,5,989.82,501.71,79.36,23.91,1,0,0
489,5,995.04,526.77,81.16,24.17,1,0,0
490,5,999.03,544.85,80.71,24.02,1,0,0
491,5,1000.72,518.03,79.23,22.49,1,0,0
492,5,1002.32,494.64,80.63,24.36,1,0,0
493,5,1005.38,523.97,80.61,24.63,1,0,0
494,5,1005.66,545.84,82.69,25.17,1,0,0
495,5,1005.83,534.07,81.73,22.92,1,0,0
496,5,1003.28,506.80,82.51,24.17,1,0,0
497,5,1001.88,496.04,85.12,25.61,1,0,0
498,5,1000.25,527.00,83.98,25.61,1,0,0
499,5,993.73,550.02,85.91,25.06,1,0,0
