1,1,625.06,513.57,37.24,17.08,1,0,0
1,2,319.90,509.73,78.02,20.40,1,0,0
1,3,736.15,513.39,24.55,16.41,1,0,0
1,4,239.69,506.82,47.26,21.22,1,0,0
1,5,571.24,515.70,34.65,13.43,1,0,0
1,6,1860.01,522.38,59.99,11.70,1,0,0
1,7,451.76,521.41,27.72,8.26,1,0,0
2,1,617.80,525.70,36.60,15.33,1,0,0
2,2,310.49,521.69,78.50,19.25,1,0,0
2,3,729.69,524.17,23.90,16.12,1,0,0
2,4,227.81,517.60,50.93,21.03,1,0,0
2,5,563.10,525.88,36.63,14.56,1,0,0
2,6,1851.26,532.96,68.63,11.81,1,0,0
2,7,443.10,532.96,28.11,8.16,1,0,0
3,1,611.42,523.03,38.24,15.40,1,0,0
3,2,302.72,518.68,78.97,19.19,1,0,0
3,3,724.29,521.60,24.56,16.40,1,0,0
3,4,221.61,518.02,48.33,18.24,1,0,0
3,5,556.84,523.87,36.98,13.97,1,0,0
3,7,437.35,530.40,27.81,8.32,1,0,0
4,1,612.82,514.29,37.70,15.50,1,0,0
4,2,303.88,508.70,78.50,19.23,1,0,0
4,3,726.75,513.88,23.37,15.59,1,0,0
4,4,222.98,507.11,47.89,17.76,1,0,0
4,5,559.02,515.38,35.37,13.54,1,0,0
4,7,438.96,520.93,28.15,8.26,1,0,0
5,1,609.88,509.81,38.61,15.41,1,0,0
5,2,299.92,503.76,79.55,19.56,1,0,0
5,3,724.04,509.21,24.57,16.25,1,0,0
5,4,219.33,502.33,48.60,17.66,1,0,0
5,5,556.61,510.65,35.97,13.64,1,0,0
5,7,435.78,515.89,28.73,8.47,1,0,0
6,1,606.71,515.08,38.57,16.47,1,0,0
6,2,295.32,510.23,80.32,19.31,1,0,0
6,3,721.01,514.43,25.19,17.24,1,0,0
6,4,215.15,506.52,49.07,20.44,1,0,0
6,5,553.90,515.10,35.98,15.17,1,0,0
6,6,1843.68,530.45,75.88,12.64,1,0,0
7,1,615.33,511.08,37.56,16.57,1,0,0
7,2,304.36,501.29,79.69,20.32,1,0,0
7,3,728.59,512.61,24.48,15.64,1,0,0
7,4,225.81,499.47,47.32,18.44,1,0,0
7,5,560.94,510.70,36.61,14.21,1,0,0
7,6,1854.77,539.59,65.22,11.74,1,0,0
7,7,442.13,515.82,27.97,8.26,1,0,0
8,1,621.30,501.75,39.12,16.18,1,0,0
8,2,312.95,492.00,80.41,21.00,1,0,0
8,3,736.00,502.85,25.64,16.32,1,0,0
8,4,235.92,490.33,47.19,17.71,1,0,0
8,5,570.50,501.49,35.24,14.42,1,0,0
8,6,1867.80,535.32,52.20,11.34,1,0,0
8,7,451.08,506.36,28.84,8.24,1,0,0
9,1,623.83,520.09,38.96,16.73,1,0,0
9,2,313.31,514.67,80.28,22.23,1,0,0
9,3,738.51,520.83,25.27,16.15,1,0,0
9,4,235.70,515.92,49.74,18.12,1,0,0
9,5,572.88,521.32,34.73,14.62,1,0,0
9,6,1874.83,534.17,44.99,11.63,1,0,0
9,7,452.80,527.76,28.38,8.20,1,0,0
10,1,625.18,525.29,39.83,15.90,1,0,0
10,2,315.72,525.61,80.32,19.45,1,0,0
10,3,741.05,522.33,25.13,16.77,1,0,0
10,4,238.70,526.03,48.80,17.91,1,0,0
10,5,574.13,526.85,35.40,14.50,1,0,0
10,6,1884.08,515.97,35.81,11.00,1,0,0
10,7,456.26,535.63,27.90,8.44,1,0,0
11,1,624.53,508.37,38.72,16.09,1,0,0
11,2,311.71,505.94,80.83,20.00,1,0,0
11,3,741.00,507.78,24.02,15.63,1,0,0
11,4,234.83,506.57,49.70,16.95,1,0,0
11,5,573.45,509.84,35.03,14.08,1,0,0
11,6,1883.36,510.36,36.45,10.27,1,0,0
11,7,453.03,516.86,29.28,8.84,1,0,0
12,1,619.88,510.57,38.38,15.74,1,0,0
12,2,304.14,500.68,82.94,20.98,1,0,0
12,3,734.63,508.91,25.74,19.37,1,0,0
12,4,227.36,499.15,50.87,17.83,1,0,0
12,5,567.88,509.30,35.64,14.59,1,0,0
12,6,1876.61,544.28,43.36,10.56,1,0,0
12,7,446.82,515.00,30.11,8.51,1,0,0
13,1,623.06,513.41,39.16,16.14,1,0,0
13,2,309.10,498.24,83.05,22.31,1,0,0
13,3,735.95,513.83,28.02,18.20,1,0,0
13,4,233.64,495.42,50.81,18.86,1,0,0
13,5,570.39,511.39,35.93,15.16,1,0,0
13,6,1886.76,563.78,33.11,10.85,1,0,0
13,7,451.65,515.21,28.73,8.41,1,0,0
14,1,635.33,513.36,40.63,15.79,1,0,0
14,2,325.05,501.77,81.42,22.92,1,0,0
14,3,752.55,514.20,25.85,16.15,1,0,0
14,4,254.82,503.05,46.83,17.10,1,0,0
14,5,585.60,512.87,35.91,14.52,1,0,0
14,6,1911.82,541.86,8.00,11.10,1,0,0
14,7,468.79,517.63,26.93,8.52,1,0,0
15,1,641.13,513.81,39.35,15.37,1,0,0
15,2,329.71,517.82,80.67,20.10,1,0,0
15,3,756.27,511.60,26.28,16.12,1,0,0
15,4,256.91,518.28,48.71,18.30,1,0,0
15,5,591.31,514.38,35.47,15.57,1,0,0
15,7,474.26,525.51,26.73,8.16,1,0,0
16,1,641.31,518.17,39.87,15.81,1,0,0
16,2,328.78,524.24,81.32,19.74,1,0,0
16,3,758.85,512.52,24.83,17.02,1,0,0
16,4,255.65,526.28,50.27,18.00,1,0,0
16,5,591.19,519.31,35.73,15.65,1,0,0
16,7,473.63,531.49,28.48,8.53,1,0,0
17,1,645.92,510.43,38.12,15.43,1,0,0
17,2,334.60,504.43,79.74,20.04,1,0,0
17,3,760.76,509.30,25.68,16.41,1,0,0
17,4,260.99,503.39,49.98,17.02,1,0,0
17,5,594.49,511.08,35.40,13.71,1,0,0
17,7,478.10,516.33,27.81,8.21,1,0,0
18,1,649.42,505.93,39.94,16.45,1,0,0
18,2,338.19,487.48,81.18,22.72,1,0,0
18,3,766.77,508.60,25.60,17.75,1,0,0
18,4,267.95,484.72,48.74,17.40,1,0,0
18,5,598.76,503.51,36.69,15.59,1,0,0
18,7,482.49,505.91,28.26,7.99,1,0,0
19,1,654.53,513.15,39.74,16.47,1,0,0
19,2,343.26,500.03,81.08,24.15,1,0,0
19,3,771.08,514.26,25.44,18.09,1,0,0
19,4,274.30,500.56,48.57,17.56,1,0,0
19,5,606.26,511.42,34.61,15.75,1,0,0
19,7,489.18,516.70,28.23,8.22,1,0,0
20,1,659.73,522.90,40.21,16.24,1,0,0
20,2,348.39,527.12,80.19,20.43,1,0,0
20,3,777.57,519.64,25.17,16.27,1,0,0
20,4,280.10,528.49,49.61,17.90,1,0,0
20,5,610.95,524.17,35.56,15.28,1,0,0
20,7,495.46,535.48,27.68,8.31,1,0,0
21,1,660.31,525.64,40.65,15.76,1,0,0
21,2,348.46,530.23,79.93,21.07,1,0,0
21,3,779.00,520.37,25.11,16.63,1,0,0
21,4,280.36,533.46,48.92,17.36,1,0,0
21,5,613.21,527.19,34.36,14.59,1,0,0
21,7,496.75,538.60,26.86,8.13,1,0,0
22,1,660.18,513.53,39.88,15.49,1,0,0
22,2,346.20,507.80,80.87,20.76,1,0,0
22,3,778.59,511.09,25.24,16.83,1,0,0
22,4,278.29,508.99,48.67,16.61,1,0,0
22,5,610.73,514.12,35.71,14.48,1,0,0
22,7,494.44,520.62,29.05,8.67,1,0,0
23,1,656.06,511.25,40.31,15.74,1,0,0
23,2,338.45,499.44,83.70,21.14,1,0,0
23,3,774.13,511.66,26.96,16.98,1,0,0
23,4,269.98,498.00,50.44,17.45,1,0,0
23,5,607.20,510.71,34.56,14.29,1,0,0
23,7,489.34,515.12,27.84,8.20,1,0,0
24,1,644.70,519.82,38.40,16.02,1,0,0
24,2,321.38,511.90,86.04,20.66,1,0,0
24,3,762.47,520.40,26.06,16.49,1,0,0
24,4,254.75,509.68,53.22,18.79,1,0,0
24,5,594.39,517.71,36.47,16.31,1,0,0
24,7,475.07,525.04,29.67,8.37,1,0,0
25,1,636.63,520.04,40.24,15.81,1,0,0
25,2,314.20,514.46,84.17,21.30,1,0,0
25,3,756.46,519.00,26.43,16.75,1,0,0
25,4,245.93,514.20,53.08,18.13,1,0,0
25,5,587.40,520.23,36.10,14.40,1,0,0
25,7,469.66,527.33,29.40,8.70,1,0,0
26,1,635.31,503.67,39.15,16.17,1,0,0
26,2,310.68,497.23,84.59,20.69,1,0,0
26,3,755.08,504.13,25.50,15.66,1,0,0
26,4,242.61,497.14,50.25,17.58,1,0,0
26,5,585.68,503.44,34.64,14.77,1,0,0
26,7,467.64,510.70,28.15,9.00,1,0,0
27,1,630.84,513.93,40.73,16.11,1,0,0
27,2,304.69,507.42,85.38,20.71,1,0,0
27,3,751.66,514.33,26.17,16.12,1,0,0
27,4,237.28,505.62,52.59,18.61,1,0,0
27,5,582.53,512.96,35.33,15.52,1,0,0
27,7,463.51,520.15,29.21,8.46,1,0,0
28,1,625.18,521.83,41.47,15.91,1,0,0
28,2,297.79,516.46,85.90,21.61,1,0,0
28,3,747.87,520.34,25.59,16.91,1,0,0
28,4,230.79,517.05,52.05,18.08,1,0,0
28,5,576.52,521.12,36.43,15.38,1,0,0
28,7,458.85,529.07,28.06,8.39,1,0,0
29,1,623.09,514.23,40.09,15.81,1,0,0
29,2,292.27,510.84,86.16,21.28,1,0,0
29,3,745.21,514.16,25.43,15.35,1,0,0
29,4,224.75,511.86,52.38,18.00,1,0,0
29,5,574.66,514.96,34.04,14.28,1,0,0
29,7,454.18,522.85,30.54,9.15,1,0,0
30,1,615.22,508.95,42.38,15.85,1,0,0
30,2,282.84,504.00,87.57,20.95,1,0,0
30,3,739.07,507.79,26.59,16.82,1,0,0
30,4,214.37,503.18,55.35,18.82,1,0,0
30,5,567.54,508.26,35.71,15.53,1,0,0
30,7,447.12,516.31,30.03,8.71,1,0,0
31,1,609.19,521.52,41.72,16.50,1,0,0
31,2,273.53,514.78,87.99,21.52,1,0,0
31,3,732.07,520.53,26.73,17.99,1,0,0
31,4,205.11,512.35,55.38,19.77,1,0,0
31,5,559.82,520.55,36.50,15.66,1,0,0
31,7,439.40,527.81,29.48,8.28,1,0,0
31,6,1909.08,540.44,10.55,10.53,1,0,0
32,1,602.35,522.67,41.35,15.91,1,0,0
32,2,263.59,513.61,88.85,21.93,1,0,0
32,3,727.12,523.52,25.63,15.87,1,0,0
32,4,196.30,513.37,53.80,18.47,1,0,0
32,5,553.04,522.06,37.06,14.63,1,0,0
32,7,433.71,528.48,28.32,8.44,1,0,0
32,6,1899.27,544.98,19.87,10.62,1,0,0
33,1,600.35,494.52,40.24,16.39,1,0,0
33,2,259.25,489.46,89.20,20.44,1,0,0
33,3,723.89,495.90,25.81,15.23,1,0,0
33,4,192.53,489.45,53.25,17.45,1,0,0
33,5,550.46,494.80,35.62,14.80,1,0,0
33,7,430.67,502.28,29.00,8.65,1,0,0
33,6,1895.70,512.44,23.89,11.34,1,0,0
34,1,600.17,503.81,41.39,16.83,1,0,0
34,2,257.98,498.40,89.49,22.56,1,0,0
34,3,724.10,504.59,27.24,16.70,1,0,0
34,4,192.56,498.76,54.43,18.02,1,0,0
34,5,551.25,501.75,36.05,17.58,1,0,0
34,7,431.59,511.40,29.51,8.76,1,0,0
34,6,1904.04,518.86,15.41,10.38,1,0,0
35,1,599.27,523.39,40.86,17.09,1,0,0
35,2,255.32,516.75,91.87,20.24,1,0,0
35,3,723.77,524.05,26.93,16.95,1,0,0
35,4,188.98,514.57,57.66,18.79,1,0,0
35,5,550.14,522.33,36.06,15.81,1,0,0
35,7,429.74,529.74,29.40,8.44,1,0,0
35,6,1904.00,544.06,15.74,12.43,1,0,0
36,1,598.84,505.23,40.86,17.76,1,0,0
36,2,253.79,499.41,90.54,21.26,1,0,0
36,3,724.56,506.94,25.54,15.09,1,0,0
36,4,189.14,498.77,54.61,18.24,1,0,0
36,5,550.26,505.65,34.59,15.12,1,0,0
36,7,431.20,512.85,27.81,8.55,1,0,0
36,6,1904.51,523.97,14.26,13.19,1,0,0
37,1,596.37,510.79,42.74,16.66,1,0,0
37,2,251.54,507.96,91.71,20.14,1,0,0
37,3,722.76,509.39,27.99,17.60,1,0,0
37,4,186.26,507.39,58.33,18.25,1,0,0
37,5,548.67,508.49,36.92,17.13,1,0,0
37,7,429.06,518.72,30.13,8.55,1,0,0
37,6,1907.67,515.92,11.29,11.02,1,0,0
38,1,591.56,520.30,42.70,16.19,1,0,0
38,2,242.49,518.09,93.58,20.32,1,0,0
38,3,718.70,517.51,27.20,18.03,1,0,0
38,4,178.12,516.27,59.22,19.28,1,0,0
38,5,543.34,519.91,37.79,15.80,1,0,0
38,7,421.97,528.70,29.13,8.41,1,0,0
39,1,586.27,517.71,43.77,16.09,1,0,0
39,2,236.36,511.50,93.15,20.12,1,0,0
39,3,714.12,516.90,28.46,17.20,1,0,0
39,4,171.99,509.47,58.59,19.28,1,0,0
39,5,538.33,516.55,37.72,16.00,1,0,0
39,7,417.61,524.70,30.55,9.07,1,0,0
39,6,1895.58,532.16,24.23,11.54,1,0,0
40,1,589.95,514.40,45.08,16.79,1,0,0
40,2,243.61,500.28,93.24,22.29,1,0,0
40,3,717.44,514.85,29.37,18.26,1,0,0
40,4,178.74,499.19,57.79,18.28,1,0,0
40,5,543.97,512.76,36.79,15.82,1,0,0
40,7,423.44,517.33,29.57,8.78,1,0,0
40,6,1909.72,555.98,9.76,14.30,1,0,0
41,1,600.66,504.96,43.28,17.05,1,0,0
41,2,252.01,492.98,93.03,21.67,1,0,0
41,3,729.08,508.12,26.58,15.92,1,0,0
41,4,190.03,489.69,59.61,19.49,1,0,0
41,5,551.97,503.49,37.82,16.09,1,0,0
41,7,433.37,509.03,28.59,8.31,1,0,0
42,1,604.69,509.82,43.76,17.69,1,0,0
42,2,254.42,508.29,94.48,22.06,1,0,0
42,3,732.63,506.51,28.38,19.22,1,0,0
42,4,195.00,508.40,57.95,19.34,1,0,0
42,5,557.53,507.97,36.39,18.10,1,0,0
42,7,439.17,519.12,29.13,8.79,1,0,0
43,1,604.60,532.38,43.14,17.43,1,0,0
43,2,252.94,535.42,93.95,22.77,1,0,0
43,3,732.40,529.32,27.50,17.51,1,0,0
43,4,192.69,536.25,58.36,20.19,1,0,0
43,5,556.06,532.79,36.90,16.91,1,0,0
43,7,437.46,544.63,29.69,8.24,1,0,0
44,1,604.31,528.89,41.17,17.32,1,0,0
44,2,251.56,523.33,91.92,22.27,1,0,0
44,3,732.58,530.19,27.42,17.71,1,0,0
44,4,193.48,522.36,55.96,19.72,1,0,0
44,5,555.80,528.76,36.09,16.21,1,0,0
44,7,435.60,535.70,31.33,8.97,1,0,0
45,1,609.79,489.45,42.18,17.96,1,0,0
45,2,257.39,472.64,94.43,25.50,1,0,0
45,3,739.08,494.93,26.08,15.16,1,0,0
45,4,201.93,470.34,54.56,20.54,1,0,0
45,5,563.15,487.38,35.13,16.26,1,0,0
45,7,443.71,491.59,27.48,8.15,1,0,0
46,1,614.32,497.48,44.33,17.82,1,0,0
46,2,261.86,484.92,95.52,23.90,1,0,0
46,3,743.92,499.58,28.55,17.77,1,0,0
46,4,208.29,483.23,54.87,20.52,1,0,0
46,5,567.55,496.38,37.14,17.20,1,0,0
46,7,449.81,502.19,30.10,8.43,1,0,0
47,1,616.16,527.56,44.35,17.39,1,0,0
47,2,266.65,526.85,93.00,23.33,1,0,0
47,3,747.44,525.77,27.21,16.71,1,0,0
47,4,210.02,527.61,55.99,20.33,1,0,0
47,5,570.91,528.50,36.87,16.23,1,0,0
47,7,451.39,538.23,30.35,8.41,1,0,0
48,1,618.25,522.57,43.07,16.31,1,0,0
48,2,265.26,524.95,94.54,22.50,1,0,0
48,3,748.99,520.30,27.04,16.85,1,0,0
48,4,211.13,526.24,54.28,18.70,1,0,0
48,5,572.48,523.11,36.19,15.71,1,0,0
48,7,455.00,533.86,30.04,8.80,1,0,0
49,1,608.91,514.42,45.66,16.34,1,0,0
49,2,253.39,507.52,97.21,21.76,1,0,0
49,3,743.55,513.23,25.78,17.10,1,0,0
49,4,199.67,506.56,54.43,19.22,1,0,0
49,5,563.74,513.93,38.32,15.95,1,0,0
49,7,446.21,521.55,32.22,8.72,1,0,0
50,1,598.40,510.16,43.78,16.81,1,0,0
50,2,236.63,496.94,97.94,23.23,1,0,0
50,3,730.47,512.51,27.75,16.98,1,0,0
50,4,183.47,495.79,53.99,19.52,1,0,0
50,5,551.13,509.10,37.89,15.80,1,0,0
50,7,434.12,514.35,28.82,8.47,1,0,0
51,1,602.83,492.70,45.29,17.13,1,0,0
51,2,245.02,482.30,96.13,21.72,1,0,0
51,3,736.65,495.14,27.25,16.53,1,0,0
51,4,190.27,480.53,55.46,18.54,1,0,0
51,5,558.74,491.78,36.44,15.68,1,0,0
52,1,610.88,506.06,45.09,17.80,1,0,0
52,2,254.70,495.21,94.96,23.29,1,0,0
52,3,744.21,508.13,28.00,16.98,1,0,0
52,4,202.12,495.06,52.26,18.80,1,0,0
52,5,566.27,502.93,37.73,18.47,1,0,0
52,7,449.20,511.55,30.44,8.13,1,0,0
53,1,613.36,527.47,45.49,17.11,1,0,0
53,2,257.05,519.02,95.37,22.83,1,0,0
53,3,747.70,526.99,27.43,17.71,1,0,0
53,4,205.17,518.28,52.63,19.60,1,0,0
53,5,568.93,527.21,37.39,15.50,1,0,0
53,7,451.27,533.93,30.98,8.68,1,0,0
54,1,619.37,520.43,44.44,16.60,1,0,0
54,2,262.62,518.83,94.42,20.67,1,0,0
54,3,752.87,520.26,26.89,15.21,1,0,0
54,4,209.91,517.96,53.47,19.23,1,0,0
54,5,574.55,521.33,36.81,14.92,1,0,0
54,7,457.93,530.20,28.60,8.24,1,0,0
55,1,625.05,520.95,45.59,16.50,1,0,0
55,2,270.66,520.28,94.17,21.41,1,0,0
55,3,760.01,518.83,27.01,16.83,1,0,0
55,4,220.13,520.92,51.47,18.82,1,0,0
55,5,581.96,520.93,37.12,15.45,1,0,0
55,7,466.25,530.49,28.80,8.67,1,0,0
56,1,624.26,512.95,45.25,16.73,1,0,0
56,2,267.49,512.78,96.08,20.85,1,0,0
56,3,758.77,511.35,28.19,16.89,1,0,0
56,4,216.63,513.61,51.20,18.38,1,0,0
56,5,579.92,513.02,37.92,16.26,1,0,0
56,7,465.84,523.51,28.99,8.51,1,0,0
57,1,621.76,520.36,46.06,17.08,1,0,0
57,2,262.65,514.88,97.00,22.30,1,0,0
57,3,757.41,520.45,27.57,16.20,1,0,0
57,4,213.66,514.20,50.25,19.31,1,0,0
57,5,578.09,519.23,38.17,17.00,1,0,0
57,7,462.33,528.12,29.53,8.58,1,0,0
58,1,614.21,520.82,46.60,16.81,1,0,0
58,2,252.15,510.36,97.58,22.69,1,0,0
58,3,751.51,521.79,27.43,17.03,1,0,0
58,4,204.82,509.89,47.90,17.91,1,0,0
58,5,571.44,519.91,37.33,15.78,1,0,0
58,7,454.01,526.63,29.66,8.70,1,0,0
58,16,1087.85,538.98,5.69,6.10,1,3,0
59,1,608.50,499.93,45.89,17.20,1,0,0
59,2,242.06,489.13,99.33,22.59,1,0,0
59,3,744.47,501.63,28.47,17.16,1,0,0
59,4,194.34,487.51,48.63,18.58,1,0,0
59,5,564.39,498.88,38.55,16.04,1,0,0
59,7,448.08,505.17,30.14,8.76,1,0,0
59,16,1081.80,520.39,5.74,5.87,1,3,0
60,1,594.54,518.68,45.87,17.11,1,0,0
60,2,219.67,514.69,103.20,22.47,1,0,0
60,3,731.99,517.98,28.44,17.85,1,0,0
60,4,173.04,513.96,48.46,18.74,1,0,0
60,5,551.29,517.65,38.66,16.98,1,0,0
60,7,432.56,527.23,29.62,8.45,1,0,0
60,16,1072.72,531.10,5.44,5.59,1,3,0
61,1,585.10,527.19,48.39,17.16,1,0,0
61,2,208.42,526.41,104.85,22.09,1,0,0
61,3,724.08,524.70,29.77,17.73,1,0,0
61,4,159.90,525.23,50.28,20.24,1,0,0
61,5,541.95,526.93,40.64,17.09,1,0,0
61,7,424.88,537.69,31.15,8.75,1,0,0
61,16,1065.35,535.01,5.75,6.26,1,3,0
62,1,589.44,510.82,48.81,18.20,1,0,0
62,2,217.29,504.02,100.86,24.60,1,0,0
62,3,730.69,513.04,28.71,16.03,1,0,0
62,4,170.21,502.05,48.39,20.65,1,0,0
62,5,551.24,511.19,35.14,15.39,1,0,0
62,7,431.10,518.08,30.79,8.91,1,0,0
63,1,590.48,491.78,48.28,17.96,1,0,0
63,2,214.17,480.58,103.85,22.66,1,0,0
63,3,731.57,495.16,28.28,16.37,1,0,0
63,4,169.33,478.10,45.94,18.92,1,0,0
63,5,549.33,491.64,37.26,15.63,1,0,0
63,7,432.08,497.33,29.13,8.41,1,0,0
64,1,584.01,512.57,48.60,17.98,1,0,0
64,2,204.57,506.99,103.57,23.36,1,0,0
64,3,725.43,512.59,29.11,17.46,1,0,0
64,4,158.71,504.20,47.21,22.51,1,0,0
64,5,541.69,510.90,39.05,17.60,1,0,0
64,7,425.65,520.80,30.83,8.50,1,0,0
65,1,583.06,525.60,48.47,17.92,1,0,0
65,2,201.50,521.10,105.43,22.49,1,0,0
65,3,724.67,525.03,29.23,17.89,1,0,0
65,4,155.87,520.26,47.06,20.24,1,0,0
65,5,539.93,524.87,39.59,17.56,1,0,0
65,7,424.07,534.69,29.93,8.98,1,0,0
65,16,1066.17,538.46,5.03,5.62,1,3,0
66,1,585.13,523.11,47.59,17.91,1,0,0
66,2,201.40,513.19,105.82,22.96,1,0,0
66,3,726.17,524.68,28.76,17.00,1,0,0
66,4,158.26,514.22,43.96,17.32,1,0,0
66,5,541.80,522.97,38.86,16.21,1,0,0
66,7,424.71,529.44,30.79,9.03,1,0,0
67,1,581.73,512.57,49.07,18.32,1,0,0
67,2,198.12,504.78,105.15,21.77,1,0,0
67,3,724.67,514.27,28.81,16.51,1,0,0
67,4,155.17,504.86,44.15,18.09,1,0,0
67,5,540.42,512.29,38.26,16.27,1,0,0
67,7,423.11,519.88,31.11,8.90,1,0,0
68,1,580.65,499.94,49.30,17.74,1,0,0
68,2,194.51,495.14,107.34,22.10,1,0,0
68,3,724.23,500.04,28.83,16.81,1,0,0
68,4,153.23,495.14,43.23,19.18,1,0,0
68,5,538.29,500.05,40.34,16.62,1,0,0
68,7,421.51,509.04,30.96,9.28,1,0,0
69,1,577.85,512.67,48.14,17.91,1,0,0
69,2,187.11,508.01,108.12,22.34,1,0,0
69,3,720.28,512.27,29.67,17.93,1,0,0
69,4,145.02,506.26,44.33,20.50,1,0,0
69,5,530.08,511.77,43.66,17.62,1,0,0
69,7,416.83,521.08,31.48,8.75,1,0,0
70,1,567.69,525.49,51.09,18.54,1,0,0
70,2,175.36,521.52,109.68,22.85,1,0,0
70,3,714.78,524.14,28.23,18.52,1,0,0
70,4,134.47,521.15,42.56,20.61,1,0,0
70,5,524.86,526.46,41.32,16.68,1,0,0
70,7,408.76,536.02,31.73,8.93,1,0,0
71,1,566.27,515.26,47.45,18.67,1,0,0
71,2,167.36,508.70,111.51,22.76,1,0,0
71,3,711.56,516.46,28.34,16.32,1,0,0
71,4,128.99,507.88,40.98,19.56,1,0,0
71,5,522.34,514.99,39.56,16.54,1,0,0
71,7,404.83,523.86,32.34,9.52,1,0,0
72,1,572.85,492.01,49.43,18.71,1,0,0
72,2,179.26,479.79,108.94,23.35,1,0,0
72,3,718.45,495.64,29.32,16.44,1,0,0
72,4,141.46,479.62,39.07,18.10,1,0,0
72,5,529.82,491.70,40.78,16.38,1,0,0
72,7,413.95,497.22,31.11,8.81,1,0,0
73,1,578.40,493.99,50.17,19.29,1,0,0
73,2,185.84,479.58,109.22,25.80,1,0,0
73,3,724.15,497.05,29.85,18.21,1,0,0
73,4,147.66,479.38,39.96,20.29,1,0,0
73,5,536.80,492.34,40.57,18.50,1,0,0
74,1,578.37,504.91,50.54,18.37,1,0,0
74,2,183.25,502.51,110.33,24.14,1,0,0
74,3,725.91,502.87,29.07,18.48,1,0,0
74,4,146.90,503.53,39.98,19.70,1,0,0
74,5,536.46,503.99,41.22,18.61,1,0,0
74,16,1070.62,517.56,5.79,5.83,1,3,0
74,7,421.67,514.90,31.23,8.68,1,0,0
75,1,573.64,534.51,51.04,18.51,1,0,0
75,2,175.62,536.81,110.84,23.03,1,0,0
75,3,721.82,531.72,29.96,18.59,1,0,0
75,4,139.53,537.96,38.85,18.96,1,0,0
75,5,532.16,533.72,41.09,18.80,1,0,0
76,1,573.73,529.71,50.61,20.52,1,0,0
76,2,176.24,518.90,109.20,27.22,1,0,0
76,3,721.43,533.66,29.51,17.23,1,0,0
76,4,138.07,520.36,39.17,18.55,1,0,0
76,5,533.72,530.01,39.48,18.76,1,0,0
76,7,416.03,535.64,32.82,9.46,1,0,0
77,1,580.44,477.57,48.98,19.67,1,0,0
77,2,182.56,459.17,108.81,25.80,1,0,0
77,3,727.41,484.12,29.40,16.63,1,0,0
77,4,147.60,457.77,35.15,19.59,1,0,0
77,5,540.44,477.14,38.13,16.54,1,0,0
77,7,422.76,480.75,30.61,9.11,1,0,0
78,1,587.13,487.94,48.16,20.77,1,0,0
78,2,186.41,475.14,112.01,26.93,1,0,0
78,3,732.00,491.60,30.89,20.32,1,0,0
78,4,152.58,478.19,35.33,17.03,1,0,0
78,5,543.19,487.43,43.19,19.59,1,0,0
78,7,430.70,496.12,30.08,8.78,1,0,0
79,1,592.09,536.18,47.61,18.12,1,0,0
79,2,190.37,532.49,109.35,24.74,1,0,0
79,3,737.37,533.12,30.32,19.46,1,0,0
79,4,160.10,537.09,32.15,17.03,1,0,0
79,5,548.71,532.89,43.32,20.60,1,0,0
79,7,433.97,545.47,31.78,9.00,1,0,0
80,1,589.59,525.45,50.41,20.25,1,0,0
80,2,189.66,529.63,110.66,24.64,1,0,0
80,3,739.97,523.89,28.86,15.92,1,0,0
80,4,160.63,530.45,33.03,19.92,1,0,0
80,5,550.60,526.93,39.11,18.45,1,0,0
80,7,435.29,538.12,32.96,9.45,1,0,0
81,1,587.17,507.47,50.39,18.56,1,0,0
81,2,183.59,504.59,113.58,23.42,1,0,0
81,3,736.42,506.68,30.20,17.57,1,0,0
81,4,153.75,506.87,33.39,18.01,1,0,0
81,5,546.34,507.04,41.20,18.04,1,0,0
81,7,433.23,517.86,31.29,9.14,1,0,0
82,1,584.29,512.34,50.28,18.88,1,0,0
82,2,178.01,499.37,112.82,24.13,1,0,0
82,3,734.18,512.95,30.57,19.41,1,0,0
82,4,149.94,499.95,30.67,18.29,1,0,0
82,5,543.20,511.38,41.25,18.02,1,0,0
82,7,429.85,518.97,31.38,9.03,1,0,0
83,1,580.96,504.74,51.15,19.46,1,0,0
83,2,170.78,492.98,116.72,24.40,1,0,0
83,3,731.38,508.24,30.81,17.38,1,0,0
83,4,144.20,492.43,32.72,20.21,1,0,0
83,5,540.10,503.18,41.20,18.81,1,0,0
83,7,426.65,511.85,34.06,9.21,1,0,0
84,1,577.30,520.39,50.12,18.30,1,0,0
84,2,161.47,516.93,118.20,24.17,1,0,0
84,3,728.25,518.86,30.29,18.57,1,0,0
84,4,134.76,516.43,31.94,21.21,1,0,0
84,5,536.15,520.49,41.50,17.40,1,0,0
84,7,422.27,530.52,31.39,9.08,1,0,0
85,1,572.73,523.07,51.33,17.96,1,0,0
85,2,155.85,520.72,120.02,23.89,1,0,0
85,3,725.02,520.48,30.44,18.37,1,0,0
85,4,129.66,522.84,31.20,18.80,1,0,0
85,5,532.25,522.94,41.26,17.42,1,0,0
85,7,417.85,533.61,32.93,9.43,1,0,0
86,1,563.78,518.68,53.01,18.57,1,0,0
86,2,142.59,511.64,120.26,24.80,1,0,0
86,3,717.98,519.05,30.74,17.62,1,0,0
86,4,118.71,514.22,28.25,18.47,1,0,0
86,5,523.20,519.68,41.62,16.73,1,0,0
86,7,409.78,527.96,32.84,9.12,1,0,0
86,16,1071.20,532.58,5.79,5.69,1,3,0
87,1,558.11,509.67,52.35,18.41,1,0,0
87,2,132.46,500.70,121.62,23.65,1,0,0
87,3,713.08,511.48,30.62,16.98,1,0,0
87,4,110.16,501.98,26.02,17.82,1,0,0
87,5,517.09,509.50,41.86,17.46,1,0,0
87,7,403.60,517.53,32.73,8.90,1,0,0
88,1,553.56,502.76,52.57,18.21,1,0,0
88,2,123.13,494.00,125.56,24.94,1,0,0
88,3,708.56,503.08,31.22,17.85,1,0,0
88,4,101.66,497.70,25.31,17.15,1,0,0
88,5,512.50,502.19,41.80,17.42,1,0,0
88,7,400.27,511.13,33.32,9.22,1,0,0
89,1,539.10,525.31,52.62,19.19,1,0,0
89,2,99.82,521.62,127.57,24.07,1,0,0
89,3,696.30,525.22,30.33,18.00,1,0,0
89,4,80.25,524.33,24.34,17.72,1,0,0
89,5,497.89,524.24,42.52,19.16,1,0,0
89,7,382.57,534.84,34.81,9.69,1,0,0
90,1,532.41,523.00,51.63,18.48,1,0,0
90,2,89.76,515.93,125.55,24.09,1,0,0
90,3,691.05,524.12,29.26,16.94,1,0,0
90,4,70.19,517.93,25.11,18.39,1,0,0
90,5,492.07,523.54,40.51,16.42,1,0,0
90,7,375.15,532.35,34.63,9.84,1,0,0
91,1,535.08,496.71,52.68,19.38,1,0,0
91,2,88.67,482.55,131.02,25.87,1,0,0
91,3,693.24,500.89,30.72,17.43,1,0,0
91,4,73.15,485.83,20.53,15.80,1,0,0
91,5,494.44,496.31,40.63,17.06,1,0,0
91,7,377.84,503.36,33.89,9.13,1,0,0
92,1,538.48,496.99,52.85,19.98,1,0,0
92,2,93.88,475.95,129.86,28.44,1,0,0
92,3,695.93,501.85,31.69,18.85,1,0,0
92,4,77.90,478.81,20.70,17.82,1,0,0
92,5,498.77,494.53,40.30,18.84,1,0,0
92,7,384.69,502.07,31.48,8.57,1,0,0
92,16,1052.85,526.44,5.23,5.97,1,3,0
93,1,536.95,508.13,52.85,19.74,1,0,0
93,2,89.92,499.94,130.08,25.48,1,0,0
93,3,696.49,508.60,30.77,19.55,1,0,0
93,4,73.13,504.00,19.58,16.14,1,0,0
93,5,496.52,507.20,40.94,19.06,1,0,0
93,7,382.12,517.36,32.96,8.79,1,0,0
93,16,1053.22,527.26,5.22,5.98,1,3,0
94,1,534.96,513.92,53.97,19.06,1,0,0
94,2,85.24,514.94,131.28,27.15,1,0,0
94,3,695.22,510.40,31.27,18.47,1,0,0
94,4,69.30,521.83,18.10,16.71,1,0,0
94,5,496.09,512.94,39.99,19.62,1,0,0
94,7,381.19,526.88,32.16,8.70,1,0,0
95,1,538.52,522.05,53.16,18.81,1,0,0
95,2,90.67,519.51,130.30,25.37,1,0,0
95,3,698.55,519.91,31.51,18.27,1,0,0
95,4,74.62,524.41,19.54,17.80,1,0,0
95,5,498.96,521.89,40.76,18.39,1,0,0
95,7,386.14,533.41,30.90,8.54,1,0,0
96,1,548.08,504.92,52.41,19.71,1,0,0
96,2,105.22,487.30,125.47,29.01,1,0,0
96,3,707.05,509.18,31.83,17.37,1,0,0
96,4,90.47,492.71,15.95,14.04,1,0,0
96,5,508.75,504.45,40.66,17.19,1,0,0
96,7,395.18,510.24,32.21,9.12,1,0,0
97,1,553.84,504.62,53.26,20.30,1,0,0
97,2,111.51,484.08,126.19,30.09,1,0,0
97,3,713.37,508.28,32.50,20.13,1,0,0
97,4,98.26,489.70,16.30,15.08,1,0,0
97,5,515.00,501.43,39.67,19.96,1,0,0
97,7,402.78,510.55,32.73,8.45,1,0,0
97,16,1072.56,533.14,5.31,5.51,1,3,0
98,1,550.82,523.83,54.42,19.04,1,0,0
98,2,102.51,522.04,130.66,28.31,1,0,0
98,3,712.87,521.61,31.52,18.51,1,0,0
98,4,92.75,528.11,16.21,16.88,1,0,0
98,5,511.52,522.57,40.23,19.12,1,0,0
98,7,399.21,535.64,34.41,9.36,1,0,0
98,16,1071.55,531.58,5.24,5.50,1,3,0
99,1,550.56,524.68,53.70,18.94,1,0,0
99,2,99.52,528.58,130.79,27.19,1,0,0
99,3,713.00,520.81,31.13,17.90,1,0,0
99,4,91.39,536.00,14.43,16.23,1,0,0
99,5,511.90,524.32,40.38,19.31,1,0,0
99,7,401.00,539.11,32.74,8.79,1,0,0
100,1,556.85,511.09,52.01,18.91,1,0,0
100,2,105.56,497.33,130.63,27.60,1,0,0
100,3,716.10,514.55,33.49,17.46,1,0,0
100,5,518.16,510.06,39.12,17.63,1,0,0
100,7,405.90,517.70,33.51,8.80,1,0,0
101,1,556.52,499.48,54.16,20.45,1,0,0
101,2,104.89,475.31,132.61,29.09,1,0,0
101,3,718.44,505.47,31.76,18.77,1,0,0
101,5,519.02,497.82,38.83,17.90,1,0,0
101,7,407.27,503.82,33.88,8.74,1,0,0
102,1,557.78,521.20,52.66,18.82,1,0,0
102,2,105.59,506.12,131.00,30.00,1,0,0
102,3,720.14,523.23,31.52,18.23,1,0,0
102,5,519.64,519.08,38.69,18.46,1,0,0
102,7,407.30,528.90,33.69,8.81,1,0,0
103,1,565.02,519.44,54.02,19.47,1,0,0
103,2,111.18,518.46,134.98,26.79,1,0,0
103,3,729.07,518.40,31.65,16.88,1,0,0
103,5,526.85,520.28,39.56,17.38,1,0,0
103,7,418.48,531.84,32.00,9.05,1,0,0
104,1,569.14,503.77,54.07,19.38,1,0,0
104,2,117.52,502.75,133.05,25.95,1,0,0
104,3,733.34,502.77,31.58,17.90,1,0,0
104,5,532.28,504.37,38.11,17.66,1,0,0
104,7,422.54,515.93,33.26,8.92,1,0,0
105,1,567.85,517.04,54.21,19.86,1,0,0
105,2,113.23,507.62,133.41,27.15,1,0,0
105,3,731.79,518.09,32.28,18.51,1,0,0
105,5,530.44,515.42,38.36,19.19,1,0,0
105,7,421.02,526.84,33.07,8.89,1,0,0
106,1,564.43,505.71,53.30,19.91,1,0,0
106,2,106.87,495.88,132.69,25.64,1,0,0
106,3,729.77,509.17,31.01,17.29,1,0,0
106,5,527.00,505.29,38.77,17.93,1,0,0
106,7,417.17,514.74,32.32,8.83,1,0,0
107,1,562.34,502.09,53.97,19.59,1,0,0
107,2,102.03,495.51,134.90,26.84,1,0,0
107,3,727.95,502.23,31.86,18.86,1,0,0
107,5,525.06,498.95,38.17,20.30,1,0,0
107,7,415.04,512.04,34.32,9.34,1,0,0
108,1,558.72,520.14,54.23,19.83,1,0,0
108,2,93.32,515.57,138.53,26.57,1,0,0
108,3,724.19,520.30,32.59,18.21,1,0,0
108,5,520.44,519.55,39.08,19.10,1,0,0
108,7,411.01,531.19,36.16,9.34,1,0,0
109,1,549.17,512.32,54.94,19.63,1,0,0
109,2,77.47,503.77,139.43,24.66,1,0,0
109,3,717.98,515.24,31.29,17.12,1,0,0
109,5,512.75,512.57,37.82,17.05,1,0,0
109,7,401.03,521.87,33.49,8.87,1,0,0
109,16,1082.55,530.23,5.76,5.69,1,3,0
110,1,546.39,500.84,55.51,20.32,1,0,0
110,2,73.32,483.72,140.42,28.26,1,0,0
110,3,715.35,505.78,32.44,17.84,1,0,0
110,5,510.63,499.66,36.40,17.76,1,0,0
110,7,401.34,508.19,32.29,8.30,1,0,0
111,1,545.47,499.38,57.49,20.84,1,0,0
111,2,70.42,482.71,143.23,28.65,1,0,0
111,3,714.65,504.38,33.21,18.47,1,0,0
111,5,510.50,497.63,36.34,19.31,1,0,0
111,7,400.99,507.18,32.54,8.52,1,0,0
112,1,549.03,510.07,54.43,19.33,1,0,0
112,2,71.38,501.91,142.26,28.13,1,0,0
112,3,717.89,509.89,32.69,18.90,1,0,0
112,5,512.89,509.45,37.97,18.24,1,0,0
112,7,404.21,520.16,32.47,8.32,1,0,0
113,1,548.96,524.76,55.55,19.09,1,0,0
113,2,69.57,519.72,143.69,29.28,1,0,0
113,3,719.07,523.92,32.93,17.86,1,0,0
113,5,512.87,523.79,37.55,18.87,1,0,0
113,7,403.42,535.74,34.28,8.83,1,0,0
114,1,542.11,525.27,58.21,19.93,1,0,0
114,2,58.67,517.26,148.13,28.67,1,0,0
114,3,715.88,525.81,33.37,17.96,1,0,0
114,5,508.31,526.97,35.96,16.96,1,0,0
114,7,399.91,536.56,33.48,9.26,1,0,0
115,1,534.91,502.13,55.73,20.86,1,0,0
115,2,43.84,492.74,147.80,27.42,1,0,0
115,3,708.15,505.95,32.03,17.20,1,0,0
115,5,499.82,502.14,36.49,17.70,1,0,0
115,7,390.24,512.18,32.83,9.01,1,0,0
116,1,533.18,499.03,57.02,21.04,1,0,0
116,2,39.85,485.61,151.04,28.93,1,0,0
116,3,707.42,502.29,33.25,19.11,1,0,0
116,5,498.40,498.13,35.36,19.37,1,0,0
116,7,390.51,508.14,32.80,8.40,1,0,0
117,1,537.05,502.96,59.83,20.71,1,0,0
117,2,47.79,484.19,150.78,30.55,1,0,0
117,3,712.04,506.79,33.12,19.14,1,0,0
117,5,503.50,502.52,34.77,18.02,1,0,0
117,7,396.00,511.27,32.30,8.54,1,0,0
118,1,541.22,501.53,59.27,20.88,1,0,0
118,2,50.92,483.91,151.74,30.69,1,0,0
118,3,716.59,506.09,34.16,18.58,1,0,0
118,5,507.53,501.07,35.43,18.08,1,0,0
118,7,401.39,509.79,34.46,9.01,1,0,0
119,1,539.07,506.64,59.32,20.72,1,0,0
119,2,44.20,499.21,152.12,28.61,1,0,0
119,3,716.64,507.96,33.33,18.50,1,0,0
119,5,506.24,506.40,34.23,19.10,1,0,0
119,7,398.09,517.83,33.10,8.85,1,0,0
120,1,531.65,521.56,58.70,19.91,1,0,0
120,2,28.36,522.33,154.80,29.87,1,0,0
120,3,707.99,518.07,34.15,19.11,1,0,0
120,5,497.99,521.57,35.38,18.82,1,0,0
120,7,390.99,534.69,35.50,9.21,1,0,0
121,1,530.33,517.05,60.11,21.03,1,0,0
121,2,26.35,511.48,155.97,31.68,1,0,0
121,3,709.29,517.89,33.65,18.02,1,0,0
121,5,498.58,518.59,31.51,16.85,1,0,0
121,7,392.39,528.90,32.91,8.95,1,0,0
122,1,535.94,504.16,59.98,21.63,1,0,0
122,2,34.30,485.42,154.82,30.17,1,0,0
122,3,713.21,508.90,33.62,18.41,1,0,0
122,5,503.35,504.20,33.48,17.65,1,0,0
122,7,398.89,512.16,33.44,8.97,1,0,0
122,16,1084.28,529.99,4.81,5.46,1,3,0
123,1,536.10,504.24,60.77,22.25,1,0,0
123,2,31.49,480.76,156.50,31.87,1,0,0
123,3,715.06,511.16,33.80,19.44,1,0,0
123,5,504.25,503.45,32.81,18.92,1,0,0
123,7,397.84,511.88,34.31,9.10,1,0,0
124,1,532.75,499.15,59.60,20.81,1,0,0
124,2,22.18,480.17,160.66,32.00,1,0,0
124,3,712.05,503.91,34.58,18.05,1,0,0
124,5,500.41,499.39,33.32,17.54,1,0,0
124,7,394.32,507.77,32.83,8.62,1,0,0
125,1,533.69,511.33,57.70,20.41,1,0,0
125,2,18.31,505.65,159.14,32.12,1,0,0
125,3,712.74,509.73,33.79,19.24,1,0,0
125,5,499.91,512.04,34.37,18.23,1,0,0
126,1,529.86,526.38,60.77,19.96,1,0,0
126,2,13.62,523.00,161.47,30.57,1,0,0
126,3,711.85,523.32,34.21,19.63,1,0,0
126,5,498.14,527.34,33.10,17.71,1,0,0
126,7,392.97,538.92,33.20,8.39,1,0,0
127,1,528.15,515.69,59.49,20.64,1,0,0
127,2,7.69,501.67,162.42,30.33,1,0,0
127,3,710.66,517.65,33.99,19.34,1,0,0
127,5,495.85,515.63,33.02,17.35,1,0,0
127,7,390.70,525.72,33.90,8.88,1,0,0
128,1,525.28,509.70,60.38,20.87,1,0,0
128,2,7.20,492.26,157.76,30.48,1,0,0
128,3,708.23,515.17,34.90,17.78,1,0,0
128,5,494.27,510.40,31.31,16.48,1,0,0
128,7,386.29,518.51,35.76,8.98,1,0,0
129,1,523.51,501.58,60.96,20.64,1,0,0
129,2,4.31,488.58,157.63,30.92,1,0,0
129,3,708.43,503.69,33.71,19.24,1,0,0
129,5,492.67,501.44,31.22,17.78,1,0,0
129,7,387.36,511.54,35.34,9.27,1,0,0
129,16,1084.34,520.89,5.29,5.53,1,3,0
130,1,517.61,525.50,60.53,20.46,1,0,0
130,2,0.00,517.10,150.83,31.30,1,0,0
130,3,702.29,526.14,35.17,18.85,1,0,0
130,5,484.98,525.23,33.75,19.23,1,0,0
130,7,378.45,536.52,38.19,9.40,1,0,0
131,1,508.80,520.40,61.47,21.86,1,0,0
131,2,0.19,513.50,138.46,28.60,1,0,0
131,3,698.53,522.81,32.51,17.53,1,0,0
131,5,479.11,520.77,29.75,18.10,1,0,0
131,7,373.83,531.88,34.27,9.21,1,0,0
132,1,513.42,497.09,61.60,21.42,1,0,0
132,2,0.03,483.46,144.06,29.95,1,0,0
132,3,700.86,500.83,34.29,18.52,1,0,0
132,5,482.66,497.59,30.91,17.19,1,0,0
132,7,380.95,507.25,30.97,8.25,1,0,0
133,1,512.63,507.43,61.66,22.37,1,0,0
133,2,0.00,487.70,141.92,34.25,1,0,0
133,3,701.01,512.62,34.56,18.89,1,0,0
133,5,482.42,506.57,30.48,19.58,1,0,0
133,7,380.76,517.08,33.23,8.63,1,0,0
134,1,507.58,510.27,62.14,20.85,1,0,0
134,2,0.11,499.96,134.35,28.58,1,0,0
134,3,696.61,512.26,35.68,19.20,1,0,0
134,5,478.03,509.47,29.82,18.71,1,0,0
134,7,374.26,520.42,35.22,8.70,1,0,0
135,1,509.94,512.04,62.03,20.57,1,0,0
135,2,0.26,500.93,135.05,29.38,1,0,0
135,3,698.33,512.58,36.15,19.99,1,0,0
135,5,479.83,511.72,29.30,18.25,1,0,0
135,7,376.22,522.20,33.21,8.39,1,0,0
135,16,939.02,531.98,4.55,6.50,1,3,0
136,1,511.40,508.72,63.72,20.73,1,0,0
136,2,0.00,496.96,138.78,30.31,1,0,0
136,3,702.35,509.87,36.01,19.41,1,0,0
136,5,482.11,507.56,29.32,19.11,1,0,0
136,7,379.50,519.31,35.73,8.98,1,0,0
137,1,513.86,509.31,63.30,21.34,1,0,0
137,2,0.05,499.01,138.64,31.46,1,0,0
137,3,705.52,510.14,34.83,19.66,1,0,0
137,5,485.54,508.69,28.73,19.22,1,0,0
137,7,385.07,521.02,32.31,8.35,1,0,0
138,1,512.35,510.94,63.91,20.75,1,0,0
138,2,0.02,503.68,137.22,28.58,1,0,0
138,3,705.29,511.69,35.31,18.92,1,0,0
138,5,485.13,509.84,27.57,18.95,1,0,0
138,7,382.96,522.36,33.29,8.41,1,0,0
139,1,507.49,505.96,63.50,20.57,1,0,0
139,2,0.27,501.50,126.20,23.64,1,0,0
139,3,702.57,508.42,34.70,18.37,1,0,0
139,5,479.74,506.40,27.53,17.44,1,0,0
139,7,380.41,516.69,32.37,8.59,1,0,0
140,1,502.66,506.41,64.45,21.59,1,0,0
140,2,0.26,497.57,120.18,26.13,1,0,0
140,3,697.84,509.19,35.65,19.95,1,0,0
140,5,476.48,507.31,26.71,17.42,1,0,0
140,7,373.97,516.11,32.83,8.18,1,0,0
141,1,505.33,508.40,64.44,21.83,1,0,0
141,2,0.00,499.39,121.24,23.76,1,0,0
141,3,699.23,512.26,36.94,20.03,1,0,0
141,5,478.24,508.95,27.20,17.75,1,0,0
141,7,375.06,517.66,36.85,8.63,1,0,0
141,16,1083.16,533.06,5.78,5.55,1,3,0
142,1,509.80,511.39,63.70,22.42,1,0,0
142,2,0.19,508.13,123.22,21.00,1,0,0
142,3,705.35,513.28,36.33,21.09,1,0,0
142,5,482.50,509.89,26.96,19.18,1,0,0
142,7,382.55,522.71,33.91,8.82,1,0,0
143,1,507.33,511.56,65.31,21.34,1,0,0
143,2,0.02,508.74,120.59,22.46,1,0,0
143,3,705.03,513.17,35.28,19.14,1,0,0
143,5,480.69,511.10,27.14,18.75,1,0,0
143,7,380.23,522.95,35.25,8.76,1,0,0
144,1,503.51,503.86,66.18,21.86,1,0,0
144,2,0.37,499.25,114.58,24.31,1,0,0
144,3,703.12,505.61,35.72,19.37,1,0,0
144,5,478.14,503.63,26.23,18.70,1,0,0
144,7,376.56,514.81,37.53,8.46,1,0,0
145,1,498.73,508.45,66.78,22.25,1,0,0
145,2,0.00,505.83,106.38,22.08,1,0,0
145,3,699.37,510.73,35.95,20.00,1,0,0
145,5,474.13,508.28,25.08,18.99,1,0,0
145,7,371.15,519.71,37.38,8.96,1,0,0
146,1,494.02,518.35,67.04,22.01,1,0,0
146,2,0.15,517.76,97.04,22.85,1,0,0
146,3,695.80,518.27,35.90,20.55,1,0,0
146,5,469.20,517.74,25.28,19.41,1,0,0
146,7,366.87,529.81,36.66,9.31,1,0,0
147,1,490.38,520.72,66.85,21.64,1,0,0
147,2,0.20,521.54,92.48,22.76,1,0,0
147,3,692.60,520.98,36.21,19.60,1,0,0
147,5,464.92,520.17,25.96,19.29,1,0,0
147,7,363.38,533.17,37.12,8.84,1,0,0
148,1,484.83,513.14,65.05,21.62,1,0,0
148,2,0.36,512.75,78.70,21.50,1,0,0
148,3,688.30,515.38,35.67,18.52,1,0,0
148,5,459.36,513.44,25.53,18.05,1,0,0
148,7,357.45,524.72,33.74,8.57,1,0,0
149,1,478.94,507.51,67.29,21.31,1,0,0
149,2,0.42,505.13,71.78,20.52,1,0,0
149,3,683.87,511.35,37.00,18.74,1,0,0
149,5,455.15,507.59,24.20,17.63,1,0,0
149,7,353.59,518.42,34.46,8.75,1,0,0
150,1,476.36,503.69,66.66,22.80,1,0,0
150,2,0.30,502.04,67.90,19.68,1,0,0
150,3,681.52,506.86,36.69,20.32,1,0,0
150,5,450.99,501.61,25.86,21.66,1,0,0
150,7,350.34,515.05,34.62,8.51,1,0,0
151,1,471.70,517.77,67.29,22.01,1,0,0
151,2,0.34,519.78,59.88,20.15,1,0,0
151,3,677.73,519.27,37.56,19.20,1,0,0
151,5,447.52,516.84,24.28,20.42,1,0,0
151,7,344.58,529.78,36.93,8.49,1,0,0
152,1,468.72,519.09,64.87,20.91,1,0,0
152,2,0.49,521.92,49.10,19.44,1,0,0
152,3,675.63,519.92,35.53,18.15,1,0,0
152,5,441.68,519.41,26.29,17.73,1,0,0
152,7,340.05,531.01,39.80,9.58,1,0,0
153,1,462.01,495.07,67.16,22.07,1,0,0
153,2,0.65,497.15,32.57,19.21,1,0,0
153,3,672.15,498.10,35.75,18.59,1,0,0
153,5,438.25,495.08,23.82,19.01,1,0,0
153,7,336.25,506.74,35.83,8.50,1,0,0
153,4,32.55,501.13,12.84,12.63,1,0,0
154,1,463.85,499.16,67.47,22.56,1,0,0
154,2,0.55,496.15,33.94,18.80,1,0,0
154,3,673.05,504.08,37.99,19.39,1,0,0
154,5,439.98,495.64,24.44,21.72,1,0,0
154,7,336.54,509.31,40.13,8.82,1,0,0
154,4,34.22,499.66,14.19,12.13,1,0,0
155,1,464.19,519.93,67.49,21.44,1,0,0
155,2,0.51,517.22,33.40,19.10,1,0,0
155,3,673.97,523.60,37.65,18.41,1,0,0
155,5,440.52,519.47,24.14,18.58,1,0,0
155,7,338.57,529.41,37.71,8.61,1,0,0
155,4,33.61,520.91,14.41,11.65,1,0,0
156,1,462.53,521.19,69.16,21.89,1,0,0
156,2,0.41,525.32,31.07,19.55,1,0,0
156,3,674.29,522.07,37.61,19.27,1,0,0
156,5,440.35,520.23,22.79,19.51,1,0,0
156,7,338.58,533.44,40.08,9.23,1,0,0
156,4,30.40,528.11,17.42,12.89,1,0,0
157,1,464.38,513.52,68.49,22.37,1,0,0
157,2,0.48,519.70,30.16,19.68,1,0,0
157,3,676.65,514.80,37.59,19.12,1,0,0
157,5,441.83,513.20,22.90,18.76,1,0,0
157,7,341.45,526.68,36.41,8.68,1,0,0
157,4,29.81,522.64,20.74,11.95,1,0,0
158,1,465.00,503.19,68.70,23.42,1,0,0
158,2,0.57,499.26,30.33,19.42,1,0,0
158,3,677.94,508.79,37.66,19.33,1,0,0
158,5,442.98,503.99,22.35,17.29,1,0,0
158,7,342.42,513.79,39.64,8.85,1,0,0
158,4,30.21,504.03,19.81,11.42,1,0,0
159,1,462.42,500.67,68.30,23.81,1,0,0
159,2,0.62,490.33,22.55,19.50,1,0,0
159,3,676.06,509.16,38.25,19.74,1,0,0
159,5,440.70,500.19,22.07,19.02,1,0,0
159,7,341.57,510.23,37.15,8.88,1,0,0
159,4,22.41,495.12,23.48,11.15,1,0,0
160,1,457.65,502.29,69.80,23.74,1,0,0
160,2,0.15,503.15,14.54,17.22,1,0,0
160,3,672.64,505.58,38.68,20.64,1,0,0
160,5,435.28,500.76,23.11,20.73,1,0,0
160,7,337.71,513.71,37.70,9.02,1,0,0
160,4,14.30,505.29,25.76,11.30,1,0,0
161,1,457.28,520.18,68.79,22.52,1,0,0
161,2,0.00,525.69,12.73,17.19,1,0,0
161,3,673.35,521.75,37.79,19.64,1,0,0
161,5,434.60,519.67,22.87,19.91,1,0,0
161,7,336.88,532.58,39.42,8.65,1,0,0
161,4,12.34,527.58,27.26,11.23,1,0,0
162,1,459.51,515.17,70.20,23.22,1,0,0
162,2,0.24,521.50,14.66,17.20,1,0,0
162,3,676.90,517.42,38.07,19.12,1,0,0
162,5,439.50,516.02,20.64,17.98,1,0,0
162,7,340.46,528.27,39.31,9.01,1,0,0
162,4,15.47,523.43,28.78,11.27,1,0,0
163,1,459.73,519.14,69.62,22.84,1,0,0
163,2,0.04,523.82,12.33,16.92,1,0,0
163,3,677.30,521.54,37.66,19.64,1,0,0
163,5,438.83,518.01,20.99,20.59,1,0,0
163,7,339.51,531.54,39.49,8.48,1,0,0
163,4,12.37,525.35,31.72,11.73,1,0,0
164,1,458.40,514.67,67.35,22.17,1,0,0
164,3,675.24,520.25,37.75,19.27,1,0,0
164,5,436.36,515.33,22.03,16.85,1,0,0
164,4,2.76,515.65,34.57,10.98,1,0,0
165,1,455.27,495.45,70.52,23.85,1,0,0
165,3,675.70,502.64,38.19,18.66,1,0,0
165,5,436.12,496.03,19.94,18.93,1,0,0
165,4,1.54,497.08,36.22,10.54,1,0,0
165,7,338.44,507.16,39.11,8.57,1,0,0
166,1,460.96,513.11,69.16,22.55,1,0,0
166,3,680.31,514.37,39.05,19.84,1,0,0
166,5,441.38,514.40,20.10,18.04,1,0,0
166,4,7.46,522.58,37.12,12.04,1,0,0
166,7,343.25,525.75,40.19,9.26,1,0,0
166,2,0.29,521.15,8.64,14.71,1,0,0
167,1,460.97,522.58,71.85,22.51,1,0,0
167,3,683.34,519.96,38.42,20.36,1,0,0
167,5,443.52,521.90,17.99,20.98,1,0,0
167,4,10.57,536.85,38.84,11.64,1,0,0
167,7,349.70,536.59,36.32,9.12,1,0,0
167,2,0.00,535.28,10.24,17.45,1,0,0
167,16,1084.24,529.88,5.62,6.14,1,3,0
168,1,461.46,507.00,71.04,23.13,1,0,0
168,3,684.93,510.88,37.73,18.51,1,0,0
168,5,443.49,507.81,18.41,17.88,1,0,0
168,4,8.48,515.10,38.77,11.75,1,0,0
168,7,347.76,519.15,37.52,8.71,1,0,0
168,2,0.28,512.37,7.64,17.82,1,0,0
169,1,458.89,497.51,71.63,24.30,1,0,0
169,3,682.07,504.05,38.91,20.30,1,0,0
169,5,440.33,497.49,19.33,20.50,1,0,0
169,4,0.33,496.46,42.90,11.13,1,0,0
169,7,345.05,508.38,39.55,8.80,1,0,0
170,1,453.68,490.71,72.22,24.52,1,0,0
170,3,679.18,498.91,38.32,20.25,1,0,0
170,5,436.39,491.05,18.08,19.66,1,0,0
170,4,0.45,490.09,35.96,9.77,1,0,0
170,7,342.66,501.73,35.99,8.73,1,0,0
171,1,444.94,501.23,73.18,24.76,1,0,0
171,3,671.61,502.71,40.35,22.28,1,0,0
171,5,428.21,501.94,17.62,19.78,1,0,0
171,7,335.02,514.89,35.52,8.82,1,0,0
171,2,0.33,509.12,22.38,13.93,1,0,0
172,1,435.25,529.98,74.01,22.88,1,0,0
172,3,665.62,530.19,39.02,19.77,1,0,0
172,5,417.94,529.46,17.55,19.89,1,0,0
172,7,323.04,544.13,39.72,8.67,1,0,0
172,2,0.40,541.44,8.88,13.01,1,0,0
172,16,1070.64,541.39,6.19,5.48,1,3,0
173,1,445.55,508.55,71.71,27.53,1,0,0
173,3,674.77,516.11,39.05,19.32,1,0,0
173,5,429.94,510.32,15.28,15.46,1,0,0
173,7,332.43,519.62,42.28,9.34,1,0,0
173,4,0.88,508.30,23.91,18.75,1,0,0
174,1,455.66,482.39,74.63,24.96,1,0,0
174,3,685.67,491.21,39.85,20.89,1,0,0
174,5,442.06,485.68,14.50,15.70,1,0,0
174,7,350.45,492.41,35.05,8.74,1,0,0
174,4,0.17,476.02,45.42,11.47,1,0,0
175,1,462.93,519.39,71.08,23.40,1,0,0
175,3,690.79,523.17,39.94,19.08,1,0,0
175,5,447.31,520.73,16.05,16.93,1,0,0
175,7,355.42,532.07,36.05,8.60,1,0,0
175,4,0.20,526.14,51.71,12.15,1,0,0
176,1,457.64,530.74,74.96,23.52,1,0,0
176,3,690.79,526.64,39.63,20.28,1,0,0
176,5,446.98,530.37,13.30,20.15,1,0,0
176,4,0.02,552.56,48.45,11.94,1,0,0
177,1,437.81,509.99,86.24,23.79,1,0,0
177,3,682.84,511.20,40.71,19.65,1,0,0
177,4,0.42,519.66,35.44,11.34,1,0,0
178,1,429.09,489.05,85.80,26.01,1,0,0
178,3,675.08,501.79,40.39,21.25,1,0,0
178,4,0.63,479.25,19.45,11.51,1,0,0
179,1,432.76,483.46,88.18,27.44,1,0,0
179,3,676.88,498.88,43.12,21.19,1,0,0
179,4,0.86,472.27,28.06,11.36,1,0,0
179,7,341.70,493.98,41.15,9.23,1,0,0
180,1,437.40,502.49,86.60,25.38,1,0,0
180,3,684.82,505.24,40.47,21.20,1,0,0
180,4,0.49,513.11,31.99,11.88,1,0,0
180,7,346.09,517.11,39.48,9.15,1,0,0
181,1,438.22,520.41,86.39,24.57,1,0,0
181,3,687.34,515.69,39.60,20.82,1,0,0
181,4,0.53,543.27,35.21,12.22,1,0,0
181,7,349.75,537.40,39.04,8.90,1,0,0
182,1,437.31,518.79,87.65,24.23,1,0,0
182,3,685.84,516.10,41.16,20.78,1,0,0
182,4,0.76,534.74,31.21,11.90,1,0,0
182,7,349.87,534.53,35.13,9.02,1,0,0
183,1,432.72,502.18,86.47,25.09,1,0,0
183,3,683.57,508.64,40.32,20.36,1,0,0
183,4,0.63,505.05,24.14,11.17,1,0,0
183,7,344.48,515.14,37.26,8.76,1,0,0
183,16,1096.07,528.84,5.71,5.72,1,3,0
184,1,433.52,497.58,85.58,25.25,1,0,0
184,3,681.98,503.72,41.33,20.82,1,0,0
184,4,0.61,500.73,23.92,11.68,1,0,0
184,7,343.03,510.35,40.22,9.40,1,0,0
184,20,1546.45,533.39,4.99,8.89,1,3,0
185,1,428.11,514.86,86.02,25.33,1,0,0
185,3,679.28,519.70,40.62,19.79,1,0,0
185,4,0.45,521.30,16.48,12.65,1,0,0
185,7,337.27,528.53,39.50,8.79,1,0,0
186,1,422.26,517.63,87.47,25.67,1,0,0
186,3,674.28,521.73,42.79,21.22,1,0,0
186,4,0.58,524.37,9.67,12.06,1,0,0
186,7,332.68,531.98,40.71,9.24,1,0,0
187,1,416.75,507.22,87.06,25.41,1,0,0
187,3,672.50,513.44,40.52,19.81,1,0,0
187,7,330.08,520.81,37.59,8.59,1,0,0
188,1,415.59,506.20,88.22,25.27,1,0,0
188,3,671.44,511.48,41.35,20.64,1,0,0
188,7,327.15,519.80,41.78,9.02,1,0,0
188,20,1545.42,537.74,5.52,10.13,1,3,0
189,1,415.25,502.88,87.93,25.34,1,0,0
189,3,672.22,505.03,41.81,21.32,1,0,0
189,7,329.08,517.76,37.23,8.62,1,0,0
190,1,412.09,508.95,87.21,25.77,1,0,0
190,3,670.00,511.62,41.18,21.04,1,0,0
190,7,324.63,523.74,37.52,8.75,1,0,0
190,20,1551.67,528.64,4.51,6.57,1,3,0
191,1,406.50,511.13,88.87,24.72,1,0,0
191,3,666.70,513.10,41.97,22.35,1,0,0
191,7,321.00,524.85,37.74,8.84,1,0,0
191,16,1084.98,530.89,5.56,5.74,1,3,0
192,1,407.05,503.51,87.73,25.51,1,0,0
192,3,668.32,509.92,41.66,20.51,1,0,0
192,7,322.66,516.59,37.99,8.62,1,0,0
193,1,402.61,501.75,90.02,25.90,1,0,0
193,3,665.09,506.64,42.80,22.12,1,0,0
193,7,318.88,515.08,42.75,9.13,1,0,0
194,1,395.03,510.23,90.17,25.65,1,0,0
194,3,660.03,512.19,42.68,24.08,1,0,0
194,7,312.01,524.14,40.24,8.90,1,0,0
194,20,1552.42,538.12,5.13,8.82,1,3,0
195,1,391.38,503.49,88.34,25.32,1,0,0
195,3,656.69,509.29,42.76,20.61,1,0,0
195,7,309.11,517.23,40.05,8.61,1,0,0
196,1,390.31,509.27,88.24,25.15,1,0,0
196,3,656.19,512.39,42.98,22.53,1,0,0
196,7,308.25,522.55,39.29,8.66,1,0,0
196,16,1081.16,532.66,5.70,5.50,1,3,0
197,1,385.95,515.21,90.59,25.87,1,0,0
197,3,654.72,515.89,43.72,23.56,1,0,0
197,7,305.36,529.88,37.69,8.88,1,0,0
198,1,375.95,516.58,92.59,25.33,1,0,0
198,3,650.22,518.49,41.64,20.62,1,0,0
198,7,298.96,531.58,37.62,8.76,1,0,0
199,1,369.37,496.30,91.87,25.94,1,0,0
199,3,643.71,502.40,42.72,20.97,1,0,0
199,7,289.75,510.47,38.38,9.43,1,0,0
199,20,1550.57,527.36,5.11,8.85,1,3,0
200,1,372.18,494.76,91.73,26.84,1,0,0
200,3,645.72,504.63,43.95,22.49,1,0,0
200,7,294.55,506.54,42.19,8.85,1,0,0
200,20,1560.69,549.60,5.95,9.74,1,3,0
201,1,375.87,503.40,89.05,26.86,1,0,0
201,3,647.13,511.31,45.03,23.93,1,0,0
201,7,295.96,516.19,39.68,8.52,1,0,0
201,20,1560.95,556.10,5.99,10.78,1,3,0
202,1,368.87,516.41,93.33,26.88,1,0,0
202,3,646.92,520.85,43.78,21.09,1,0,0
202,7,296.66,531.69,36.84,8.53,1,0,0
203,1,359.96,520.59,96.34,26.10,1,0,0
203,3,642.34,520.57,43.46,21.85,1,0,0
203,7,286.66,535.93,42.44,9.19,1,0,0
203,16,1071.34,532.94,6.10,5.87,1,3,0
204,1,356.48,504.54,95.93,26.19,1,0,0
204,3,640.86,508.14,43.57,21.57,1,0,0
204,7,285.53,519.38,37.77,8.96,1,0,0
204,20,1561.74,527.75,5.44,9.91,1,3,0
205,1,363.52,499.09,97.73,26.88,1,0,0
205,3,645.83,506.42,45.75,23.07,1,0,0
205,7,293.60,512.68,41.27,9.18,1,0,0
206,1,380.05,494.67,91.68,27.01,1,0,0
206,3,657.60,504.17,44.62,22.46,1,0,0
206,7,306.78,507.90,39.88,8.53,1,0,0
207,1,383.46,505.08,94.56,26.59,1,0,0
207,3,662.73,506.09,46.40,24.27,1,0,0
207,7,319.41,520.58,36.61,8.35,1,0,0
207,20,1600.09,531.95,5.16,8.87,1,3,0
208,1,381.88,519.58,96.27,26.91,1,0,0
208,3,666.22,518.81,44.55,22.19,1,0,0
208,7,318.02,535.68,39.61,9.38,1,0,0
209,1,377.49,500.95,96.18,26.34,1,0,0
209,3,664.29,503.62,43.49,21.97,1,0,0
209,7,314.19,516.20,42.39,9.67,1,0,0
209,16,1095.87,517.38,6.26,5.80,1,3,0
210,1,370.26,500.57,98.87,27.44,1,0,0
210,3,659.93,507.68,44.03,23.55,1,0,0
210,7,308.28,514.90,40.62,8.77,1,0,0
210,5,467.26,519.05,17.77,6.91,1,0,0
211,1,364.92,508.52,99.31,26.84,1,0,0
211,3,656.20,514.15,46.18,23.08,1,0,0
211,7,301.94,522.50,43.13,8.77,1,0,0
211,5,463.61,526.21,18.13,7.06,1,0,0
211,16,1090.59,537.86,5.50,5.92,1,3,0
212,1,349.63,514.73,101.92,27.38,1,0,0
212,3,645.71,514.66,48.34,23.14,1,0,0
212,7,288.71,531.11,41.07,8.78,1,0,0
212,5,450.51,530.87,20.91,6.76,1,0,0
212,16,1081.71,529.51,6.18,5.77,1,3,0
213,1,334.88,507.91,104.36,26.98,1,0,0
213,3,635.66,508.58,45.10,21.65,1,0,0
213,7,277.00,524.01,38.86,8.71,1,0,0
213,16,1072.82,520.37,6.23,6.05,1,3,0
213,20,1586.89,518.04,6.34,10.06,1,3,0
214,1,335.91,493.57,102.29,28.81,1,0,0
214,3,633.75,505.81,46.89,22.68,1,0,0
214,7,276.37,507.66,40.52,8.78,1,0,0
214,16,1072.54,533.09,5.59,5.70,1,3,0
214,5,436.09,513.12,22.38,7.55,1,0,0
215,1,336.74,498.63,99.75,29.24,1,0,0
215,3,633.79,509.10,47.21,24.45,1,0,0
215,7,276.03,511.90,42.09,9.46,1,0,0
215,5,434.08,517.48,24.39,7.96,1,0,0
215,20,1594.45,560.36,5.21,10.20,1,3,0
216,1,333.58,504.92,102.99,27.65,1,0,0
216,3,637.16,507.48,45.84,21.77,1,0,0
216,7,278.12,520.66,42.08,8.72,1,0,0
216,5,434.14,520.98,23.28,7.59,1,0,0
217,1,330.92,510.59,105.97,28.77,1,0,0
217,3,638.22,507.66,45.65,22.80,1,0,0
217,7,283.80,528.78,37.74,8.53,1,0,0
218,1,322.81,528.09,110.47,28.74,1,0,0
218,3,632.37,531.28,46.01,21.87,1,0,0
218,7,270.81,544.86,43.48,8.73,1,0,0
218,5,429.58,544.50,19.36,7.05,1,0,0
219,1,306.12,517.80,106.53,27.97,1,0,0
219,3,620.52,528.34,45.26,21.58,1,0,0
219,7,254.26,532.99,41.85,9.08,1,0,0
219,5,410.01,536.71,21.56,7.33,1,0,0
219,20,1591.67,560.44,6.22,11.35,1,3,0
220,1,308.23,483.60,101.96,29.68,1,0,0
220,3,618.50,495.71,46.62,22.04,1,0,0
220,5,409.06,503.74,27.02,7.50,1,0,0
220,20,1593.28,537.49,4.75,7.93,1,3,0
221,1,312.16,475.81,101.05,29.38,1,0,0
221,3,620.29,488.31,47.61,22.59,1,0,0
221,5,411.22,494.78,30.52,8.57,1,0,0
221,7,257.47,490.07,42.98,9.23,1,0,0
222,1,310.33,497.69,101.38,28.43,1,0,0
222,3,620.70,503.33,47.52,23.09,1,0,0
222,5,409.69,515.46,29.97,8.17,1,0,0
222,7,256.28,512.83,42.00,9.16,1,0,0
223,1,308.57,512.56,102.58,28.48,1,0,0
223,3,621.41,517.87,46.84,22.07,1,0,0
223,5,410.22,529.69,31.35,8.54,1,0,0
223,7,256.66,528.30,43.01,9.13,1,0,0
224,1,313.29,510.00,103.93,29.09,1,0,0
224,3,626.73,517.85,48.31,21.80,1,0,0
224,5,416.29,526.93,31.93,8.69,1,0,0
224,7,264.88,525.64,39.57,8.91,1,0,0
225,1,313.79,500.74,108.16,28.95,1,0,0
225,3,631.18,508.29,47.69,22.33,1,0,0
225,5,419.90,518.13,31.63,8.90,1,0,0
225,7,270.88,516.73,39.34,8.55,1,0,0
225,20,1624.14,537.70,6.16,11.52,1,3,0
226,1,316.55,508.31,108.14,29.63,1,0,0
226,3,633.97,511.77,48.37,23.15,1,0,0
226,5,423.18,525.58,32.95,9.04,1,0,0
226,7,275.15,525.39,39.27,8.75,1,0,0
226,16,1081.34,529.35,6.05,6.10,1,3,0
227,1,322.29,510.19,106.09,28.66,1,0,0
227,3,638.30,513.72,49.79,23.18,1,0,0
227,5,427.81,526.52,33.47,8.93,1,0,0
227,7,279.73,526.45,40.29,8.56,1,0,0
228,1,322.17,510.52,107.23,29.38,1,0,0
228,3,639.34,518.92,49.12,23.69,1,0,0
228,5,428.27,528.59,34.55,8.98,1,0,0
228,7,280.43,526.44,39.78,8.38,1,0,0
228,20,1648.97,556.04,6.27,12.19,1,3,0
229,1,323.00,508.67,105.59,28.37,1,0,0
229,3,642.40,515.64,47.77,22.71,1,0,0
229,5,428.10,525.91,34.82,9.30,1,0,0
229,7,280.51,524.95,40.92,8.77,1,0,0
230,1,319.52,506.74,107.58,29.63,1,0,0
230,3,640.42,511.81,48.43,22.03,1,0,0
230,5,427.24,522.85,37.18,10.11,1,0,0
230,7,280.29,524.29,38.22,8.47,1,0,0
230,20,1655.47,526.83,7.77,15.70,1,3,0
231,1,312.38,515.87,108.79,29.12,1,0,0
231,3,636.85,517.60,48.39,23.58,1,0,0
231,5,421.67,531.80,35.13,9.54,1,0,0
231,7,274.35,532.47,38.03,8.79,1,0,0
231,16,1088.91,533.93,6.18,6.46,1,3,0
232,1,310.30,502.41,106.15,29.78,1,0,0
232,3,634.58,511.55,47.58,22.16,1,0,0
232,5,418.55,519.88,35.20,9.34,1,0,0
232,7,270.51,518.55,37.62,9.33,1,0,0
232,20,1655.57,537.36,7.16,13.68,1,3,0
233,1,310.26,482.41,105.75,29.76,1,0,0
233,3,634.94,492.67,48.26,23.10,1,0,0
233,5,418.90,500.16,38.00,10.40,1,0,0
233,7,272.16,497.23,37.06,9.23,1,0,0
233,20,1658.45,532.36,6.61,11.64,1,3,0
234,1,309.77,497.85,105.96,30.28,1,0,0
234,3,635.64,508.12,48.93,21.70,1,0,0
234,5,419.19,515.72,36.96,10.14,1,0,0
234,7,273.38,514.22,36.46,8.77,1,0,0
235,1,305.99,510.86,106.57,29.27,1,0,0
235,3,633.08,514.09,50.14,23.60,1,0,0
235,5,416.39,526.88,37.38,9.98,1,0,0
235,7,267.49,527.64,37.12,8.43,1,0,0
235,20,1666.65,532.81,7.16,15.04,1,3,0
236,1,293.71,515.37,110.53,30.36,1,0,0
236,3,625.86,515.78,50.11,24.27,1,0,0
236,5,406.96,531.24,38.61,10.02,1,0,0
236,7,258.37,533.92,34.43,8.41,1,0,0
236,16,1082.12,529.53,6.83,6.14,1,3,0
237,1,280.42,512.49,111.26,30.86,1,0,0
237,3,617.56,518.48,50.58,23.64,1,0,0
237,5,398.29,530.06,37.57,10.97,1,0,0
237,7,247.38,530.19,32.73,8.69,1,0,0
237,20,1657.18,540.46,6.43,12.46,1,3,0
238,1,283.19,481.43,111.67,31.38,1,0,0
238,3,620.25,496.71,48.99,23.51,1,0,0
238,5,402.49,500.28,35.38,10.84,1,0,0
238,7,247.99,497.41,33.63,8.75,1,0,0
238,20,1657.75,545.05,7.67,12.85,1,3,0
239,1,291.94,474.18,113.47,34.66,1,0,0
239,3,629.54,493.79,49.84,25.12,1,0,0
239,5,410.85,496.29,36.84,11.19,1,0,0
239,7,266.79,492.13,26.81,7.21,1,0,0
240,1,296.48,510.68,110.43,29.07,1,0,0
240,3,632.26,518.75,49.97,22.73,1,0,0
240,5,414.61,525.88,37.29,11.43,1,0,0
240,7,266.67,525.52,30.02,8.00,1,0,0
240,20,1687.88,554.68,5.78,11.52,1,3,0
241,1,295.54,536.44,114.28,31.00,1,0,0
241,3,636.26,534.90,49.36,22.49,1,0,0
241,5,419.54,550.58,39.21,10.94,1,0,0
241,7,272.60,555.21,27.52,8.77,1,0,0
241,20,1695.22,534.80,7.21,14.78,1,3,0
241,16,1094.44,543.02,6.14,5.82,1,3,0
242,1,296.03,516.38,110.82,31.81,1,0,0
242,3,636.58,515.60,48.43,22.91,1,0,0
242,5,418.91,530.22,37.29,11.25,1,0,0
242,7,268.72,535.01,29.10,8.92,1,0,0
243,1,274.95,487.03,123.15,35.02,1,0,0
243,3,631.01,499.35,52.18,23.58,1,0,0
243,5,414.53,506.72,34.01,11.96,1,0,0
243,16,1096.26,520.74,6.45,6.00,1,3,0
244,1,275.01,494.83,118.22,36.58,1,0,0
244,3,627.01,511.44,49.54,24.79,1,0,0
244,5,407.55,515.79,38.13,13.33,1,0,0
245,1,263.85,504.71,120.85,34.13,1,0,0
245,3,620.92,517.02,50.64,22.96,1,0,0
245,5,400.82,523.27,37.83,12.93,1,0,0
245,20,1695.15,547.69,7.83,16.54,1,3,0
246,1,252.09,498.26,127.67,32.56,1,0,0
246,3,619.44,503.45,50.20,22.93,1,0,0
246,5,398.71,513.64,37.36,12.64,1,0,0
246,20,1696.67,518.97,7.73,13.30,1,3,0
246,16,1084.68,518.91,5.77,5.97,1,3,0
247,1,241.41,507.31,128.06,35.66,1,0,0
247,3,612.38,515.26,50.83,24.62,1,0,0
247,5,390.66,526.10,37.89,13.48,1,0,0
247,20,1695.12,535.03,7.56,14.27,1,3,0
248,1,233.82,511.74,130.36,32.96,1,0,0
248,3,606.58,519.78,52.14,24.43,1,0,0
248,5,384.75,529.14,35.87,12.64,1,0,0
248,20,1690.76,545.16,8.22,14.43,1,3,0
249,1,243.14,490.51,127.61,34.31,1,0,0
249,3,615.08,505.34,51.21,22.60,1,0,0
249,5,393.72,509.65,35.77,13.45,1,0,0
249,20,1705.22,544.42,7.07,11.84,1,3,0
249,16,1081.83,530.20,5.48,6.15,1,3,0
250,1,249.98,487.65,128.73,34.83,1,0,0
250,3,623.92,502.00,50.61,25.12,1,0,0
250,5,403.76,507.69,38.34,13.08,1,0,0
250,20,1719.81,547.86,7.40,13.06,1,3,0
251,1,246.94,520.59,131.23,32.78,1,0,0
251,3,623.40,527.30,51.53,22.95,1,0,0
251,5,400.64,536.40,38.98,13.23,1,0,0
251,20,1725.91,547.26,9.41,14.35,1,3,0
251,16,1093.35,544.08,5.53,5.42,1,3,0
252,1,242.86,528.82,134.46,32.95,1,0,0
252,3,622.49,529.77,51.45,23.37,1,0,0
252,5,402.01,542.12,39.57,13.21,1,0,0
253,1,251.82,497.96,130.30,34.33,1,0,0
253,3,630.23,505.49,51.29,23.04,1,0,0
253,5,410.68,513.99,35.31,12.18,1,0,0
253,20,1736.52,522.47,10.49,16.48,1,3,0
254,1,257.81,478.67,131.34,33.44,1,0,0
254,3,634.57,491.38,53.68,23.90,1,0,0
254,5,416.68,496.10,37.73,13.85,1,0,0
254,20,1756.99,528.43,7.21,13.78,1,3,0
255,1,320.54,507.84,82.20,28.43,1,0,0
255,3,633.72,515.33,52.64,23.99,1,0,0
255,5,413.59,523.09,35.21,12.45,1,0,0
256,1,240.62,523.34,137.02,32.14,1,0,0
256,3,628.86,528.28,51.62,22.28,1,0,0
256,5,407.37,538.43,35.04,12.07,1,0,0
256,20,1760.28,539.04,8.61,15.85,1,3,0
257,1,244.45,496.39,134.33,32.72,1,0,0
257,3,632.60,502.91,51.73,23.33,1,0,0
257,5,411.86,512.53,36.82,12.42,1,0,0
257,20,1768.22,524.25,8.76,15.51,1,3,0
257,16,1106.11,520.54,6.08,5.84,1,3,0
258,1,237.44,494.86,137.95,34.54,1,0,0
258,3,629.86,505.11,52.92,24.38,1,0,0
258,5,407.09,512.34,41.11,13.90,1,0,0
259,1,227.82,499.92,139.16,34.40,1,0,0
259,3,623.92,509.01,54.01,25.65,1,0,0
259,5,401.56,517.65,40.39,13.25,1,0,0
260,1,225.27,492.60,139.96,33.33,1,0,0
260,3,624.12,505.64,53.03,24.77,1,0,0
260,5,399.64,511.82,40.57,12.58,1,0,0
260,20,1778.89,546.58,7.76,14.27,1,3,0
261,1,212.83,498.60,144.55,34.09,1,0,0
261,3,619.16,505.16,53.45,26.80,1,0,0
261,5,393.88,515.61,39.06,13.83,1,0,0
261,20,1778.46,536.92,8.39,15.74,1,3,0
261,16,1097.00,529.71,6.20,6.13,1,3,0
262,1,199.69,510.95,146.39,34.56,1,0,0
262,3,609.72,514.58,56.02,24.60,1,0,0
262,5,385.33,525.86,40.56,13.63,1,0,0
262,20,1774.95,525.28,8.84,16.78,1,3,0
262,7,286.51,511.85,89.32,29.30,1,0,0
263,1,189.40,498.34,146.29,33.31,1,0,0
263,3,605.18,503.46,53.31,24.10,1,0,0
263,5,377.48,514.46,40.60,12.75,1,0,0
263,20,1773.34,515.46,7.41,15.12,1,3,0
263,7,278.54,501.30,86.18,27.10,1,0,0
264,1,178.56,485.35,149.70,34.85,1,0,0
264,3,598.49,499.54,54.62,23.97,1,0,0
264,5,370.45,504.99,43.41,13.34,1,0,0
264,7,270.05,489.73,87.49,28.91,1,0,0
265,1,170.61,495.64,152.80,38.30,1,0,0
265,3,593.78,511.99,55.70,26.72,1,0,0
265,5,368.91,519.68,38.73,12.91,1,0,0
265,7,262.03,501.55,88.61,30.59,1,0,0
266,1,161.11,522.48,155.12,37.24,1,0,0
266,3,591.07,531.31,55.15,25.12,1,0,0
266,5,361.83,541.14,40.22,13.48,1,0,0
266,7,256.93,527.29,90.29,28.90,1,0,0
267,1,153.98,517.60,155.68,34.67,1,0,0
267,3,588.06,517.99,54.16,25.30,1,0,0
267,5,357.41,531.41,40.86,12.97,1,0,0
267,7,254.67,519.46,86.72,28.03,1,0,0
268,1,147.86,487.51,156.27,34.81,1,0,0
268,3,583.98,492.56,56.15,25.29,1,0,0
268,5,355.01,504.11,40.38,12.97,1,0,0
268,7,249.70,490.31,87.84,28.43,1,0,0
268,16,1072.69,508.28,6.19,5.86,1,3,0
268,20,1774.24,504.61,8.66,15.61,1,3,0
269,1,135.64,496.17,160.60,36.62,1,0,0
269,3,579.62,514.73,54.95,24.62,1,0,0
269,5,346.27,518.60,40.71,13.74,1,0,0
269,7,239.25,501.24,92.04,30.08,1,0,0
270,1,126.91,496.97,162.54,37.47,1,0,0
270,3,573.18,514.74,55.83,26.06,1,0,0
270,5,338.67,520.12,44.87,13.40,1,0,0
270,7,233.08,503.10,95.06,29.64,1,0,0
271,1,121.81,510.65,164.68,36.14,1,0,0
271,3,574.13,511.18,56.22,26.69,1,0,0
271,5,340.99,524.93,42.75,14.98,1,0,0
271,7,230.75,512.44,92.73,28.99,1,0,0
271,20,1780.06,523.07,8.09,14.97,1,3,0
272,1,116.70,523.25,166.66,37.13,1,0,0
272,3,573.33,521.84,57.24,25.77,1,0,0
272,5,340.02,537.05,43.41,13.72,1,0,0
272,7,230.28,525.52,93.89,28.04,1,0,0
273,1,108.01,502.73,166.65,37.47,1,0,0
273,3,569.39,512.26,55.99,25.65,1,0,0
273,5,333.60,522.65,42.49,12.68,1,0,0
273,7,223.07,506.90,91.31,29.67,1,0,0
273,20,1785.99,533.28,8.33,16.17,1,3,0
274,1,93.15,472.12,171.15,36.98,1,0,0
274,3,561.50,491.18,57.44,26.00,1,0,0
274,5,326.12,495.59,42.86,12.80,1,0,0
274,7,212.02,478.41,93.27,29.28,1,0,0
275,1,84.96,488.53,174.17,38.59,1,0,0
275,3,558.66,504.24,57.48,26.06,1,0,0
275,5,323.88,512.24,43.38,12.57,1,0,0
275,7,202.92,494.16,98.33,30.66,1,0,0
275,16,1056.47,532.56,6.18,5.69,1,3,0
276,1,77.46,528.93,177.79,37.82,1,0,0
276,3,558.46,531.37,57.23,25.65,1,0,0
276,5,321.16,544.13,44.23,14.44,1,0,0
276,7,202.15,530.21,97.45,30.24,1,0,0
276,20,1791.49,543.55,8.56,16.48,1,3,0
277,1,66.93,519.70,178.04,35.68,1,0,0
277,3,552.63,519.84,56.92,25.31,1,0,0
277,5,314.09,534.17,42.62,12.47,1,0,0
277,7,194.38,520.85,95.34,28.91,1,0,0
277,20,1791.02,521.56,8.27,15.07,1,3,0
278,1,57.45,483.47,181.55,37.51,1,0,0
278,3,546.67,497.64,59.56,27.38,1,0,0
278,5,307.15,506.49,45.83,12.82,1,0,0
278,7,189.62,488.23,97.91,30.49,1,0,0
279,1,51.56,481.84,185.10,39.96,1,0,0
279,3,547.56,505.27,58.01,27.49,1,0,0
279,5,307.25,508.78,45.86,13.99,1,0,0
279,7,189.84,487.51,96.79,32.63,1,0,0
279,20,1793.31,568.64,9.80,16.27,1,3,0
280,1,42.40,491.68,189.46,39.61,1,0,0
280,3,545.24,510.74,60.01,26.04,1,0,0
280,5,303.59,517.17,46.73,12.52,1,0,0
280,7,182.36,497.05,102.07,32.60,1,0,0
280,20,1799.54,554.61,8.49,19.36,1,3,0
281,1,42.26,506.34,188.36,38.24,1,0,0
281,3,546.31,509.60,59.21,26.21,1,0,0
281,5,307.66,524.06,42.75,12.71,1,0,0
281,7,183.33,507.79,99.36,30.90,1,0,0
281,16,1051.88,526.71,5.65,6.42,1,3,0
282,1,40.89,510.79,189.62,39.24,1,0,0
282,3,547.42,516.88,59.78,26.21,1,0,0
282,5,306.41,530.92,47.30,12.37,1,0,0
282,7,185.31,514.15,101.06,30.14,1,0,0
283,1,34.47,497.20,190.45,39.39,1,0,0
283,3,547.20,516.56,58.21,25.95,1,0,0
283,5,305.91,523.29,43.17,11.98,1,0,0
283,7,182.50,503.94,98.68,31.39,1,0,0
284,1,31.97,480.63,193.92,39.55,1,0,0
284,3,546.75,501.06,60.06,27.70,1,0,0
284,5,307.23,508.86,45.15,11.33,1,0,0
284,7,184.65,486.19,99.26,32.76,1,0,0
284,20,1829.05,553.28,9.36,16.69,1,3,0
285,1,35.67,492.63,192.76,41.79,1,0,0
285,3,551.57,506.74,58.93,27.54,1,0,0
285,5,312.15,518.50,44.04,12.34,1,0,0
285,7,187.31,499.30,99.27,32.08,1,0,0
285,16,1058.18,532.18,6.56,6.27,1,3,0
286,1,31.79,510.97,195.72,39.51,1,0,0
286,3,551.33,513.26,62.40,27.31,1,0,0
286,5,312.76,530.11,46.17,11.45,1,0,0
286,7,185.82,512.62,102.58,31.07,1,0,0
287,1,27.09,507.40,197.79,39.09,1,0,0
287,3,552.18,511.96,61.11,26.01,1,0,0
287,5,312.23,527.77,45.57,10.94,1,0,0
287,7,186.88,509.35,100.44,31.00,1,0,0
287,20,1858.91,520.06,10.64,18.38,1,3,0
288,1,10.34,500.49,203.63,39.31,1,0,0
288,3,546.39,514.39,62.14,27.04,1,0,0
288,5,303.69,526.45,47.51,10.96,1,0,0
288,7,175.66,504.24,103.87,32.58,1,0,0
288,20,1857.46,552.36,9.59,18.43,1,3,0
288,16,1057.76,541.32,6.28,5.74,1,3,0
289,1,8.69,481.28,202.65,40.48,1,0,0
289,3,545.47,502.02,60.37,26.39,1,0,0
289,5,305.31,509.16,44.03,11.88,1,0,0
289,7,176.38,486.87,98.44,33.63,1,0,0
289,20,1862.77,555.71,9.71,16.74,1,3,0
289,16,1059.13,532.74,5.82,5.24,1,3,0
290,1,27.01,471.74,202.23,43.65,1,0,0
290,3,557.75,490.69,63.74,29.24,1,0,0
290,5,323.53,501.91,42.40,11.17,1,0,0
290,7,176.83,477.69,115.05,35.79,1,0,0
291,1,31.80,498.33,203.00,40.78,1,0,0
291,3,564.56,511.58,62.11,27.53,1,0,0
291,5,328.41,523.75,45.21,11.29,1,0,0
291,7,184.07,500.46,117.06,35.66,1,0,0
292,1,31.50,497.79,204.09,41.39,1,0,0
292,3,567.08,505.20,61.55,26.88,1,0,0
292,5,329.75,520.48,45.92,11.21,1,0,0
292,7,183.56,499.04,120.06,34.24,1,0,0
292,16,1082.61,521.32,6.23,5.96,1,3,0
293,1,29.76,493.83,204.61,40.19,1,0,0
293,3,567.15,506.49,63.45,27.15,1,0,0
293,5,330.10,519.70,47.64,10.80,1,0,0
293,7,184.05,495.17,121.29,35.98,1,0,0
294,1,33.09,490.42,203.98,41.39,1,0,0
294,3,569.87,511.32,63.57,28.48,1,0,0
294,5,331.85,519.72,48.69,11.24,1,0,0
294,7,189.79,494.32,117.66,36.27,1,0,0
295,1,38.65,487.25,204.07,40.83,1,0,0
295,3,577.96,505.35,62.84,27.38,1,0,0
295,5,344.63,515.85,44.57,10.58,1,0,0
295,7,198.14,490.43,116.20,35.11,1,0,0
296,1,32.74,501.13,209.45,41.19,1,0,0
296,3,577.92,511.46,63.36,28.20,1,0,0
296,5,345.66,525.93,39.47,10.29,1,0,0
296,7,197.66,501.90,113.97,36.44,1,0,0
297,1,31.85,500.44,209.24,40.51,1,0,0
297,3,580.73,510.96,61.46,26.96,1,0,0
297,5,346.70,524.73,45.22,11.44,1,0,0
297,7,199.54,500.56,114.73,36.02,1,0,0
298,1,28.57,488.56,210.33,41.94,1,0,0
298,3,581.31,506.26,62.63,27.32,1,0,0
298,5,343.11,517.66,48.44,10.91,1,0,0
298,7,198.84,492.65,114.80,35.60,1,0,0
299,1,17.01,500.31,215.20,43.72,1,0,0
299,3,579.11,514.87,62.23,29.79,1,0,0
299,5,341.83,529.18,45.28,11.21,1,0,0
299,7,193.67,503.22,116.05,37.99,1,0,0
300,1,9.35,505.27,219.23,41.85,1,0,0
300,3,575.93,517.26,63.02,26.54,1,0,0
300,5,335.91,530.82,49.07,10.99,1,0,0
300,7,189.21,506.99,120.79,35.67,1,0,0
301,1,8.04,495.88,217.36,42.22,1,0,0
301,3,576.05,507.51,61.21,27.83,1,0,0
301,5,337.45,521.41,47.71,11.29,1,0,0
301,7,190.98,498.22,111.73,34.21,1,0,0
301,16,1099.41,527.35,5.73,7.16,1,3,0
302,1,0.76,477.13,218.06,42.29,1,0,0
302,3,574.09,496.60,61.23,27.40,1,0,0
302,5,334.74,508.13,39.67,9.98,1,0,0
302,7,189.05,482.40,110.86,35.54,1,0,0
303,1,-0.00,475.11,210.25,44.20,1,0,0
303,3,568.24,491.69,63.75,28.31,1,0,0
303,5,328.57,504.21,45.34,11.41,1,0,0
303,7,186.31,479.03,108.39,37.96,1,0,0
303,16,1094.25,518.23,6.37,5.73,1,3,0
304,1,0.00,502.96,202.56,43.02,1,0,0
304,3,566.32,514.70,62.87,27.15,1,0,0
304,5,326.71,528.66,44.93,10.93,1,0,0
304,7,181.94,508.02,106.45,33.43,1,0,0
305,1,0.33,513.67,202.31,42.56,1,0,0
305,3,566.47,524.64,65.04,27.04,1,0,0
305,5,323.76,539.17,50.70,11.04,1,0,0
305,7,179.72,518.33,113.05,32.82,1,0,0
305,16,1095.94,544.61,7.05,6.22,1,3,0
306,1,0.00,499.58,194.62,41.93,1,0,0
306,3,563.90,511.13,63.53,28.70,1,0,0
306,5,324.04,525.27,44.51,10.34,1,0,0
306,7,173.34,504.96,110.78,32.12,1,0,0
306,16,1094.74,532.42,6.36,5.61,1,3,0
307,1,0.33,492.97,186.51,42.89,1,0,0
307,3,560.07,502.89,64.77,27.76,1,0,0
307,5,316.56,518.64,49.40,10.57,1,0,0
307,7,167.77,498.58,113.93,31.82,1,0,0
308,1,0.00,502.55,182.13,41.77,1,0,0
308,3,557.69,511.48,65.91,29.88,1,0,0
308,5,312.40,527.53,51.18,11.23,1,0,0
308,7,162.01,507.31,115.93,32.08,1,0,0
308,16,1091.21,535.54,6.20,6.10,1,3,0
309,1,0.23,494.97,172.25,43.64,1,0,0
309,3,552.43,512.65,68.61,27.81,1,0,0
309,5,309.79,525.04,47.95,10.41,1,0,0
309,7,155.66,503.10,115.77,32.53,1,0,0
310,1,0.24,517.78,161.20,28.93,1,0,0
310,3,547.90,519.86,65.69,29.29,1,0,0
310,5,301.39,532.85,49.49,11.06,1,0,0
310,7,137.94,508.53,126.87,34.95,1,0,0
311,1,0.37,516.83,148.51,28.48,1,0,0
311,3,542.44,515.14,63.38,28.63,1,0,0
311,5,296.33,529.54,46.85,10.16,1,0,0
311,7,124.06,506.52,128.83,34.53,1,0,0
312,1,0.34,508.44,143.40,29.24,1,0,0
312,3,540.89,506.11,64.00,27.38,1,0,0
312,5,293.06,521.50,44.98,10.20,1,0,0
312,7,123.28,499.64,125.04,33.68,1,0,0
313,1,0.33,503.36,135.46,27.99,1,0,0
313,3,535.05,503.01,68.99,28.49,1,0,0
313,5,286.04,516.66,49.96,10.39,1,0,0
313,7,112.51,494.86,134.08,33.03,1,0,0
314,1,0.26,505.38,121.15,28.62,1,0,0
314,3,528.16,505.16,69.60,27.64,1,0,0
314,5,277.02,518.38,53.82,10.84,1,0,0
314,7,97.98,494.36,140.03,36.66,1,0,0
314,16,1073.16,528.48,6.43,6.45,1,3,0
315,1,0.32,508.26,120.05,29.44,1,0,0
315,3,528.58,510.02,66.65,29.29,1,0,0
315,5,277.05,523.55,51.82,10.98,1,0,0
315,7,96.60,497.76,138.83,37.38,1,0,0
316,1,0.25,498.24,122.89,28.26,1,0,0
316,3,533.98,504.38,66.23,28.22,1,0,0
316,5,285.02,515.19,47.99,10.16,1,0,0
316,7,99.98,489.11,140.64,35.80,1,0,0
317,1,0.10,503.37,114.74,29.20,1,0,0
317,3,531.17,501.41,67.70,27.63,1,0,0
317,5,279.15,515.66,53.54,11.17,1,0,0
317,7,97.16,492.27,139.05,36.29,1,0,0
318,1,0.16,504.61,106.47,29.69,1,0,0
318,3,528.16,495.61,67.16,28.14,1,0,0
318,5,276.13,515.45,46.82,10.21,1,0,0
318,7,88.19,493.20,143.83,34.91,1,0,0
319,1,0.15,505.60,112.36,29.47,1,0,0
319,3,534.33,507.81,66.23,30.13,1,0,0
319,5,285.06,521.83,49.91,10.82,1,0,0
319,7,91.05,496.87,147.98,35.63,1,0,0
320,1,0.05,506.43,110.08,28.97,1,0,0
320,3,533.46,515.88,67.53,27.77,1,0,0
320,5,279.91,524.31,52.17,11.05,1,0,0
320,7,93.79,497.04,142.59,37.22,1,0,0
321,1,0.08,497.55,102.07,28.20,1,0,0
321,3,532.44,501.32,65.90,27.58,1,0,0
321,5,281.73,514.66,46.75,10.20,1,0,0
321,7,87.46,489.19,143.50,34.61,1,0,0
322,1,0.40,502.65,94.49,29.84,1,0,0
322,3,529.54,500.41,67.55,27.57,1,0,0
322,5,273.47,515.08,60.32,11.97,1,0,0
322,7,82.27,495.71,142.56,33.71,1,0,0
322,16,1081.78,520.84,6.50,5.80,1,3,0
323,1,0.42,515.36,82.79,30.49,1,0,0
323,3,523.73,512.84,68.07,28.84,1,0,0
323,5,267.37,529.04,54.24,11.09,1,0,0
323,7,73.48,507.61,146.13,34.14,1,0,0
324,1,0.39,514.47,67.14,29.45,1,0,0
324,3,516.59,512.21,69.04,28.99,1,0,0
324,5,259.78,527.50,56.59,11.55,1,0,0
324,7,55.42,505.69,154.57,35.25,1,0,0
325,1,0.42,511.32,72.58,29.21,1,0,0
325,3,520.54,516.56,66.88,28.41,1,0,0
325,5,264.11,528.57,48.80,10.42,1,0,0
325,7,68.68,505.30,143.26,34.25,1,0,0
326,1,0.44,495.33,71.28,30.86,1,0,0
326,3,522.54,504.13,66.03,28.61,1,0,0
326,5,269.11,514.40,49.76,11.32,1,0,0
326,7,68.39,488.36,143.11,37.79,1,0,0
327,1,0.49,492.09,65.06,30.40,1,0,0
327,3,520.09,492.94,69.73,28.43,1,0,0
327,5,266.27,507.51,52.51,11.00,1,0,0
327,7,60.62,484.65,150.63,35.28,1,0,0
328,1,0.51,520.17,55.14,32.13,1,0,0
328,3,511.70,515.24,73.31,27.83,1,0,0
328,5,258.67,533.64,51.14,11.50,1,0,0
328,7,53.68,508.52,150.01,39.40,1,0,0
329,1,0.42,534.48,39.96,29.35,1,0,0
329,3,507.24,529.09,71.97,28.39,1,0,0
329,7,41.58,525.76,153.12,34.48,1,0,0
330,1,0.34,489.11,40.58,30.42,1,0,0
330,3,509.80,499.61,68.83,29.69,1,0,0
330,7,44.35,484.25,149.80,37.37,1,0,0
330,16,1073.15,530.96,5.44,5.51,1,3,0
330,5,253.67,509.46,50.71,11.02,1,0,0
331,1,0.52,469.98,44.86,30.86,1,0,0
331,3,512.44,479.83,72.98,30.27,1,0,0
331,7,51.65,462.05,147.66,39.60,1,0,0
331,5,262.08,490.41,50.22,11.03,1,0,0
332,1,0.21,513.64,35.41,31.81,1,0,0
332,3,509.64,510.09,72.51,30.66,1,0,0
332,7,42.02,506.10,153.62,36.29,1,0,0
332,5,255.16,528.25,52.36,11.90,1,0,0
333,1,0.38,527.42,21.83,31.00,1,0,0
333,3,505.88,519.79,72.84,29.70,1,0,0
333,7,33.05,519.50,154.74,35.29,1,0,0
333,5,247.83,539.91,55.30,11.03,1,0,0
334,1,0.32,495.64,21.81,29.92,1,0,0
334,3,508.79,500.93,71.21,29.59,1,0,0
334,7,37.11,488.66,151.90,36.52,1,0,0
334,5,252.21,513.25,52.44,11.54,1,0,0
335,1,0.40,475.37,23.88,33.74,1,0,0
335,3,507.74,491.47,75.91,31.49,1,0,0
335,7,36.20,471.89,158.45,38.16,1,0,0
335,5,249.81,500.20,56.52,11.74,1,0,0
335,16,1080.32,530.52,6.75,6.57,1,3,0
336,1,0.49,494.67,19.20,32.96,1,0,0
336,3,511.29,498.86,71.48,32.75,1,0,0
336,7,35.56,485.74,156.41,40.75,1,0,0
336,5,256.64,514.31,50.43,11.92,1,0,0
336,16,1082.01,532.81,6.17,5.57,1,3,0
337,3,506.61,515.80,74.72,30.48,1,0,0
337,7,28.67,511.73,156.81,38.14,1,0,0
337,5,248.82,533.97,55.47,11.59,1,0,0
338,3,498.92,522.08,75.01,32.73,1,0,0
338,7,12.93,522.84,162.82,38.29,1,0,0
338,5,240.80,544.42,51.70,11.26,1,0,0
339,3,501.92,513.08,72.14,33.41,1,0,0
339,7,15.43,498.69,160.32,37.49,1,0,0
339,5,242.43,526.49,51.29,11.31,1,0,0
340,3,506.87,486.85,73.66,29.63,1,0,0
340,7,23.48,463.32,159.74,38.66,1,0,0
340,5,249.39,493.23,53.65,11.84,1,0,0
341,3,506.81,485.26,74.12,33.19,1,0,0
341,7,16.72,474.06,163.25,38.90,1,0,0
341,5,246.85,501.17,54.74,11.63,1,0,0
342,3,498.73,522.67,76.91,30.40,1,0,0
342,7,8.26,522.82,163.39,38.96,1,0,0
342,5,241.71,544.10,52.41,11.28,1,0,0
343,3,499.09,515.17,74.64,31.70,1,0,0
343,7,4.24,513.80,165.01,36.52,1,0,0
343,5,241.70,534.99,50.06,10.78,1,0,0
343,16,1081.80,533.19,6.14,6.29,1,3,0
344,3,500.16,486.77,75.54,30.70,1,0,0
344,7,6.40,469.52,164.81,37.44,1,0,0
344,5,242.71,496.46,54.22,12.31,1,0,0
345,3,499.83,495.90,76.14,34.00,1,0,0
345,7,3.28,475.34,166.45,42.29,1,0,0
345,5,240.78,506.97,56.33,12.75,1,0,0
346,3,499.62,503.44,78.48,32.86,1,0,0
346,7,2.31,491.55,167.92,40.23,1,0,0
346,5,239.94,518.60,58.89,12.27,1,0,0
346,16,1087.64,534.84,6.26,6.38,1,3,0
347,3,497.51,497.66,77.32,29.53,1,0,0
347,7,0.58,496.04,166.64,36.39,1,0,0
347,5,235.63,516.40,59.28,11.95,1,0,0
347,16,1087.01,513.59,5.76,6.26,1,3,0
348,3,491.96,507.75,77.39,33.47,1,0,0
348,7,0.03,511.26,156.60,36.80,1,0,0
348,5,227.85,530.20,58.28,12.55,1,0,0
349,3,487.08,510.09,76.20,29.87,1,0,0
349,7,0.42,498.30,144.32,36.83,1,0,0
349,5,221.00,523.36,58.37,12.27,1,0,0
350,3,490.46,501.40,78.06,30.57,1,0,0
350,7,0.12,480.49,154.07,37.15,1,0,0
350,5,229.77,508.82,56.40,12.57,1,0,0
350,16,1081.52,541.21,5.79,5.56,1,3,0
351,3,496.65,490.28,78.83,30.86,1,0,0
351,7,0.23,469.28,161.75,39.53,1,0,0
351,5,234.21,497.83,60.42,12.81,1,0,0
352,3,499.79,483.34,81.30,35.77,1,0,0
352,7,1.93,480.99,165.41,37.94,1,0,0
352,5,242.78,503.71,58.71,12.30,1,0,0
353,3,501.33,523.98,80.08,33.94,1,0,0
353,7,0.70,525.72,164.51,40.47,1,0,0
353,5,239.20,547.17,57.81,12.28,1,0,0
353,16,1097.25,542.49,5.08,4.96,1,3,0
354,3,492.22,537.20,82.15,31.40,1,0,0
354,7,0.32,537.72,151.02,37.89,1,0,0
354,5,230.18,557.63,59.68,12.36,1,0,0
354,16,1093.65,554.36,6.04,5.82,1,3,0
355,3,485.59,495.70,78.76,33.39,1,0,0
355,7,0.18,484.51,139.75,35.09,1,0,0
355,5,222.64,506.30,56.58,13.11,1,0,0
356,3,487.16,472.52,79.98,32.12,1,0,0
356,7,0.06,450.04,143.53,39.43,1,0,0
356,5,223.93,478.81,57.69,13.63,1,0,0
357,3,487.42,481.73,79.99,33.99,1,0,0
357,7,0.17,464.37,138.22,41.21,1,0,0
357,5,222.29,492.91,60.09,13.42,1,0,0
358,3,483.00,528.90,84.55,30.87,1,0,0
358,7,0.32,528.97,136.50,38.00,1,0,0
358,5,220.11,545.38,56.37,15.70,1,0,0
359,3,488.85,541.93,80.92,32.48,1,0,0
359,7,0.18,549.56,138.47,32.68,1,0,0
359,5,224.92,563.74,56.74,11.62,1,0,0
359,16,1095.25,553.77,6.53,5.85,1,3,0
360,3,489.36,480.58,80.15,32.95,1,0,0
360,7,0.44,471.38,138.99,33.99,1,0,0
360,5,227.34,492.59,56.47,13.61,1,0,0
361,3,489.33,474.60,87.55,32.02,1,0,0
361,7,0.43,451.09,140.80,39.69,1,0,0
361,5,229.91,476.28,59.60,17.54,1,0,0
362,3,486.63,495.81,84.36,35.66,1,0,0
362,7,0.24,486.06,138.23,35.16,1,0,0
362,5,223.07,507.14,65.81,15.45,1,0,0
363,3,489.78,511.02,87.02,31.22,1,0,0
363,7,0.00,512.25,143.04,32.90,1,0,0
363,5,226.05,526.88,63.79,14.57,1,0,0
364,3,490.54,512.83,86.92,31.78,1,0,0
364,7,0.09,515.37,143.38,34.37,1,0,0
364,5,227.21,529.96,63.84,14.52,1,0,0
364,16,1105.75,531.97,6.16,6.17,1,3,0
365,3,496.22,504.73,82.65,30.35,1,0,0
365,7,0.10,499.93,144.58,33.55,1,0,0
365,5,233.61,518.61,59.80,13.54,1,0,0
365,16,1108.05,529.71,6.41,6.61,1,3,0
366,3,503.74,500.76,83.06,34.21,1,0,0
366,7,0.27,486.93,154.92,40.58,1,0,0
366,5,244.84,513.72,57.81,13.36,1,0,0
367,3,501.58,510.70,84.52,33.42,1,0,0
367,7,0.12,502.17,150.44,39.13,1,0,0
367,5,240.22,523.85,60.49,15.64,1,0,0
367,16,1118.79,540.82,6.10,5.82,1,3,0
368,3,501.61,502.59,82.65,31.16,1,0,0
368,7,0.22,497.84,145.76,36.83,1,0,0
368,5,240.92,519.06,59.28,12.61,1,0,0
369,3,490.34,506.48,86.86,34.21,1,0,0
369,7,0.09,514.70,136.18,21.35,1,0,0
369,5,223.54,516.40,67.05,18.81,1,0,0
369,16,1110.91,537.37,6.53,6.14,1,3,0
370,3,477.84,508.37,85.84,32.02,1,0,0
370,7,0.11,516.91,114.12,20.09,1,0,0
370,5,209.72,518.62,61.31,17.35,1,0,0
371,3,474.14,495.30,85.38,34.83,1,0,0
371,7,0.31,502.51,108.25,19.59,1,0,0
371,5,205.52,506.16,63.91,17.47,1,0,0
371,16,1099.59,525.48,6.67,6.92,1,3,0
372,3,472.71,490.95,88.21,35.21,1,0,0
372,7,0.16,497.08,107.27,21.51,1,0,0
372,5,202.52,501.54,65.78,16.95,1,0,0
372,16,1100.09,526.06,6.31,6.64,1,3,0
373,3,471.38,497.92,86.76,35.04,1,0,0
373,7,0.23,509.28,100.88,21.54,1,0,0
373,5,203.75,512.26,61.20,17.11,1,0,0
373,16,1100.59,527.33,5.96,7.08,1,3,0
374,3,462.33,515.89,87.18,32.53,1,0,0
374,7,0.14,528.29,86.76,22.62,1,0,0
374,5,188.24,529.44,65.54,17.69,1,0,0
375,3,438.57,516.06,95.37,32.60,1,0,0
375,7,0.32,530.71,48.91,22.10,1,0,0
375,5,162.84,531.45,65.80,17.20,1,0,0
376,3,426.82,497.96,88.44,33.56,1,0,0
376,7,0.35,505.35,26.66,21.10,1,0,0
376,5,146.94,512.09,61.99,15.21,1,0,0
377,3,422.71,479.57,90.54,34.77,1,0,0
377,7,0.29,473.47,23.50,22.91,1,0,0
377,5,138.79,484.57,66.75,16.32,1,0,0
378,3,417.50,487.21,91.06,37.48,1,0,0
378,7,0.05,489.50,12.53,19.37,1,0,0
378,5,129.24,498.63,67.66,16.39,1,0,0
379,3,409.17,514.78,91.95,34.82,1,0,0
379,5,119.45,532.31,69.83,18.93,1,0,0
380,3,402.16,523.97,95.23,34.07,1,0,0
380,5,108.51,543.03,73.96,20.05,1,0,0
381,3,392.63,502.78,93.11,34.61,1,0,0
381,5,100.26,515.12,66.81,18.06,1,0,0
381,16,1048.77,528.51,6.06,6.65,1,3,0
382,3,379.49,485.13,101.15,35.98,1,0,0
382,5,83.50,488.15,73.71,19.90,1,0,0
383,3,366.57,497.66,95.46,39.84,1,0,0
383,5,63.97,506.37,73.24,21.06,1,0,0
384,3,368.32,501.70,98.12,33.93,1,0,0
384,5,64.25,509.26,79.01,21.56,1,0,0
384,16,1034.22,532.60,6.09,5.62,1,3,0
385,3,383.01,485.65,102.03,36.11,1,0,0
385,5,84.42,493.70,80.83,21.84,1,0,0
386,3,392.93,494.48,96.34,38.48,1,0,0
386,5,96.74,503.75,75.51,22.91,1,0,0
386,16,1056.67,533.23,6.29,6.37,1,3,0
387,3,399.75,512.21,99.60,36.02,1,0,0
387,5,111.77,524.94,70.29,19.65,1,0,0
387,16,1061.23,541.14,6.06,5.99,1,3,0
388,3,418.69,502.01,93.75,33.97,1,0,0
388,5,135.91,516.60,67.90,16.19,1,0,0
389,3,433.06,494.16,94.04,36.29,1,0,0
389,5,157.09,503.89,64.79,19.36,1,0,0
389,1,0.60,504.69,20.61,19.16,1,0,0
389,7,15.97,512.82,31.11,8.60,1,0,0
389,16,1093.43,528.60,6.49,6.24,1,3,0
390,3,435.50,499.46,97.04,34.74,1,0,0
390,5,158.27,509.76,70.32,18.91,1,0,0
390,1,0.52,507.95,26.29,20.49,1,0,0
390,7,20.39,516.69,32.08,9.28,1,0,0
391,3,437.84,514.98,95.67,33.04,1,0,0
391,5,160.76,526.61,69.82,18.12,1,0,0
391,1,0.25,526.39,24.45,20.06,1,0,0
391,7,21.63,534.94,33.27,9.25,1,0,0
392,3,434.56,502.40,95.70,33.42,1,0,0
392,5,160.19,514.25,66.90,17.11,1,0,0
392,1,0.57,509.38,22.16,21.23,1,0,0
392,7,18.93,521.32,38.45,8.53,1,0,0
393,3,439.85,490.49,98.03,33.63,1,0,0
393,5,162.83,497.78,72.01,18.87,1,0,0
393,1,0.50,494.26,33.42,20.76,1,0,0
393,7,27.48,503.60,35.50,8.81,1,0,0
394,3,442.73,491.19,99.39,34.19,1,0,0
394,5,167.99,499.07,70.68,18.04,1,0,0
394,1,0.07,493.44,37.96,21.90,1,0,0
394,7,30.53,503.72,38.58,9.32,1,0,0
394,23,537.69,513.58,15.99,8.58,1,0,0
395,3,441.12,502.73,96.93,34.32,1,0,0
395,5,166.08,512.91,70.03,18.59,1,0,0
395,1,0.29,509.81,28.23,21.94,1,0,0
395,7,27.74,520.85,36.32,8.23,1,0,0
395,16,1111.02,536.20,6.08,6.12,1,3,0
396,3,431.98,507.57,98.82,34.69,1,0,0
396,5,152.28,521.83,72.85,19.58,1,0,0
396,1,0.58,523.77,11.18,18.58,1,0,0
396,7,7.31,531.13,39.45,10.66,1,0,0
396,16,1105.63,531.04,5.90,6.14,1,3,0
396,23,528.59,528.06,19.10,8.53,1,0,0
397,3,428.65,504.20,96.29,34.55,1,0,0
397,5,151.04,519.73,66.76,18.89,1,0,0
397,7,1.58,529.09,33.78,9.93,1,0,0
397,16,1102.72,527.32,5.88,7.13,1,3,0
397,23,525.94,525.70,17.75,8.64,1,0,0
398,3,429.15,487.47,96.90,35.60,1,0,0
398,5,147.23,498.68,70.63,19.01,1,0,0
398,7,2.33,505.93,33.01,9.30,1,0,0
398,16,1104.36,520.14,6.76,6.17,1,3,0
398,23,525.98,509.72,20.17,9.32,1,0,0
399,3,419.52,505.09,100.39,35.31,1,0,0
399,5,136.87,513.03,72.30,19.01,1,0,0
399,7,0.41,519.08,23.18,7.96,1,0,0
399,23,517.12,527.81,22.24,9.03,1,0,0
400,3,414.00,484.83,96.28,35.62,1,0,0
400,5,130.36,497.07,68.13,18.54,1,0,0
400,7,0.36,504.13,10.49,7.79,1,0,0
400,23,512.13,507.19,21.34,8.80,1,0,0
400,16,1093.81,519.21,6.75,6.26,1,3,0
401,3,411.66,487.63,99.18,38.96,1,0,0
401,5,126.72,504.30,70.05,17.37,1,0,0
401,23,512.15,512.37,22.83,9.47,1,0,0
402,3,400.08,523.56,101.33,35.83,1,0,0
402,5,110.26,535.71,75.50,20.35,1,0,0
402,23,503.45,545.51,21.59,9.37,1,0,0
403,3,392.63,502.45,100.12,36.49,1,0,0
403,5,103.27,516.40,71.58,20.02,1,0,0
403,16,1083.43,529.87,6.49,5.82,1,3,0
404,3,383.72,495.21,103.01,37.41,1,0,0
404,5,92.01,507.22,69.66,20.66,1,0,0
404,23,489.66,518.55,25.33,9.52,1,0,0
405,3,368.75,509.47,105.45,37.05,1,0,0
405,5,73.61,521.36,76.23,20.61,1,0,0
405,23,479.62,532.59,24.69,9.71,1,0,0
405,16,1070.40,543.70,6.58,5.94,1,3,0
406,3,366.67,492.05,104.65,35.95,1,0,0
406,5,69.06,502.68,74.54,19.72,1,0,0
406,23,484.27,514.40,18.45,8.82,1,0,0
407,3,370.05,484.51,107.19,36.57,1,0,0
407,5,72.71,492.51,78.58,19.62,1,0,0
407,23,489.71,508.66,19.28,9.35,1,0,0
408,3,377.66,491.70,105.83,37.74,1,0,0
408,5,85.51,499.46,74.89,20.80,1,0,0
408,23,499.00,516.90,18.22,8.75,1,0,0
409,3,391.10,496.98,105.69,37.67,1,0,0
409,5,107.19,513.12,72.06,20.11,1,0,0
409,23,515.75,520.95,17.92,8.38,1,0,0
410,3,393.72,514.40,106.04,36.44,1,0,0
410,5,103.42,532.17,78.78,19.90,1,0,0
411,3,387.32,505.02,106.04,36.38,1,0,0
411,5,96.96,521.14,75.10,19.41,1,0,0
411,16,1094.59,529.17,6.56,6.48,1,3,0
411,23,514.09,527.34,18.49,8.50,1,0,0
412,3,389.96,495.27,107.61,36.76,1,0,0
412,5,103.85,504.64,73.87,19.46,1,0,0
412,23,517.95,519.44,18.78,8.43,1,0,0
413,3,393.97,495.74,108.15,38.27,1,0,0
413,5,105.76,501.64,78.38,19.82,1,0,0
413,23,524.12,521.42,18.06,9.24,1,0,0
414,3,397.93,502.20,105.92,39.46,1,0,0
414,5,112.22,516.33,73.16,22.02,1,0,0
414,23,526.83,527.69,20.32,9.62,1,0,0
415,3,394.42,512.01,109.18,37.01,1,0,0
415,5,103.49,530.19,79.93,20.71,1,0,0
415,23,525.70,532.93,20.70,9.36,1,0,0
415,16,1107.44,530.91,6.89,6.38,1,3,0
416,3,393.77,501.72,107.45,35.48,1,0,0
416,5,107.48,517.51,74.51,19.26,1,0,0
416,23,526.48,523.43,20.14,8.49,1,0,0
417,3,397.09,497.58,107.95,37.34,1,0,0
417,5,111.32,506.79,76.08,20.11,1,0,0
418,3,397.43,499.02,109.72,37.64,1,0,0
418,5,109.70,506.49,78.79,20.71,1,0,0
418,23,533.68,525.18,20.52,9.38,1,0,0
419,3,393.98,490.17,108.35,36.21,1,0,0
419,5,109.24,506.31,73.88,19.89,1,0,0
419,23,530.66,511.11,20.89,9.32,1,0,0
419,16,1112.74,512.47,6.21,5.85,1,3,0
420,3,385.29,498.02,111.64,38.41,1,0,0
420,5,95.61,519.41,75.92,19.62,1,0,0
420,23,525.49,519.54,21.29,9.73,1,0,0
421,3,374.13,513.28,113.33,38.44,1,0,0
421,5,76.86,528.18,86.78,19.91,1,0,0
421,23,516.66,537.19,21.85,9.81,1,0,0
422,3,368.81,491.12,110.10,39.99,1,0,0
422,5,77.29,498.63,71.91,20.67,1,0,0
422,23,513.35,517.44,19.98,8.99,1,0,0
423,3,365.69,469.82,113.06,39.88,1,0,0
423,5,76.05,479.23,77.10,21.66,1,0,0
423,23,514.52,496.55,21.67,9.20,1,0,0
424,3,358.83,500.49,116.85,39.07,1,0,0
424,5,65.16,518.95,79.76,17.43,1,0,0
424,23,511.92,523.63,20.12,10.10,1,0,0
424,16,1094.88,530.42,6.92,6.10,1,3,0
425,3,352.36,503.81,114.59,37.84,1,0,0
425,5,52.48,520.77,81.45,20.71,1,0,0
425,23,505.90,526.28,20.71,9.33,1,0,0
425,16,1091.86,529.84,6.81,6.07,1,3,0
426,3,338.37,498.14,118.82,39.65,1,0,0
426,5,31.05,514.08,84.67,20.14,1,0,0
426,16,1081.84,532.61,6.91,6.08,1,3,0
427,3,321.90,518.77,122.82,38.44,1,0,0
427,5,15.16,532.72,82.35,19.06,1,0,0
427,23,482.66,542.92,22.27,9.90,1,0,0
428,3,323.95,504.10,119.04,39.70,1,0,0
428,5,17.59,517.25,79.48,19.93,1,0,0
428,23,486.00,528.09,23.52,10.20,1,0,0
429,3,326.28,478.61,121.80,39.01,1,0,0
429,5,18.41,492.67,83.94,19.80,1,0,0
429,23,490.14,502.97,22.02,9.71,1,0,0
430,3,315.60,507.52,123.57,40.95,1,0,0
430,5,0.84,524.85,86.54,18.76,1,0,0
430,23,481.61,532.95,23.50,10.83,1,0,0
430,16,1072.77,544.52,6.27,5.68,1,3,0
431,3,303.69,520.19,125.57,38.51,1,0,0
431,5,0.00,535.68,73.29,19.79,1,0,0
431,23,477.49,544.92,19.76,9.03,1,0,0
432,3,309.65,480.82,123.14,40.10,1,0,0
432,5,0.67,493.08,79.17,20.76,1,0,0
432,23,481.11,506.56,21.53,9.54,1,0,0
433,3,308.86,472.91,124.34,41.36,1,0,0
433,5,0.24,488.41,81.35,20.65,1,0,0
433,23,483.54,499.18,22.65,11.19,1,0,0
434,3,301.42,509.21,125.13,43.17,1,0,0
434,5,0.00,530.04,73.11,20.86,1,0,0
434,23,480.53,535.19,21.93,10.15,1,0,0
435,3,306.52,510.92,127.77,38.96,1,0,0
435,5,0.27,529.10,81.18,18.85,1,0,0
435,23,487.67,534.93,22.06,9.71,1,0,0
436,3,314.80,478.31,126.37,39.87,1,0,0
436,5,6.46,488.04,84.88,20.12,1,0,0
436,23,496.38,504.76,20.18,9.52,1,0,0
437,3,315.30,494.17,125.07,43.48,1,0,0
437,5,2.34,508.86,91.19,20.91,1,0,0
437,23,497.03,524.31,24.04,10.51,1,0,0
438,3,313.58,516.80,130.24,40.73,1,0,0
438,5,1.44,535.75,90.58,18.94,1,0,0
438,23,498.58,542.74,22.30,9.99,1,0,0
439,3,312.72,481.72,126.98,41.76,1,0,0
439,5,5.93,499.06,83.86,20.24,1,0,0
439,23,500.33,505.27,21.22,9.61,1,0,0
439,16,1088.46,510.22,7.33,7.11,1,3,0
440,3,303.68,492.53,130.86,42.09,1,0,0
440,5,0.21,512.38,78.21,18.63,1,0,0
440,23,494.59,518.62,23.42,10.53,1,0,0
440,16,1082.36,529.47,6.39,6.02,1,3,0
441,3,283.73,526.85,134.76,42.99,1,0,0
441,5,0.20,549.38,51.93,15.33,1,0,0
441,23,479.59,554.00,24.03,11.04,1,0,0
441,16,1072.56,566.56,6.15,5.89,1,3,0
442,3,290.39,486.36,132.77,42.44,1,0,0
442,5,0.88,500.76,64.20,18.35,1,0,0
442,23,487.91,512.53,21.55,10.07,1,0,0
443,3,298.54,461.21,132.77,43.02,1,0,0
443,5,0.03,472.06,73.94,19.43,1,0,0
443,23,496.10,492.14,22.74,10.99,1,0,0
444,3,293.76,504.03,133.71,44.45,1,0,0
444,5,0.17,520.50,68.93,19.82,1,0,0
444,23,494.96,533.21,23.12,11.28,1,0,0
445,3,299.66,510.02,131.83,42.74,1,0,0
445,5,0.26,530.03,75.64,19.72,1,0,0
445,23,501.71,533.49,21.55,10.21,1,0,0
446,3,302.90,487.66,135.29,40.59,1,0,0
446,5,0.09,508.09,82.17,18.74,1,0,0
446,23,507.02,511.48,22.14,9.93,1,0,0
447,3,299.18,493.92,135.83,45.52,1,0,0
447,5,0.20,516.67,75.75,20.04,1,0,0
447,23,505.22,521.26,23.07,11.26,1,0,0
447,16,1096.02,529.33,7.20,6.13,1,3,0
448,3,301.51,496.23,135.83,40.75,1,0,0
448,5,0.46,510.09,80.17,19.28,1,0,0
448,23,511.70,523.42,19.96,10.51,1,0,0
449,3,304.69,477.59,135.45,42.46,1,0,0
449,5,4.98,486.76,81.12,19.89,1,0,0
449,23,515.59,508.10,21.67,9.76,1,0,0
449,16,1104.91,533.21,6.66,6.56,1,3,0
450,3,307.93,470.09,134.74,45.08,1,0,0
450,5,4.02,487.80,88.49,19.68,1,0,0
450,23,521.77,501.10,21.86,10.65,1,0,0
450,16,1108.42,519.77,6.13,6.12,1,3,0
451,3,308.80,508.46,136.03,43.98,1,0,0
451,5,1.89,532.40,93.85,19.37,1,0,0
451,23,524.58,534.64,22.29,10.14,1,0,0
451,16,1113.28,537.16,6.28,6.16,1,3,0
452,3,307.39,519.60,138.81,41.19,1,0,0
452,5,1.47,541.98,89.85,19.85,1,0,0
452,23,526.42,543.69,20.53,9.56,1,0,0
453,3,309.84,490.95,136.75,41.84,1,0,0
453,5,7.33,506.46,89.80,20.88,1,0,0
453,23,530.36,517.98,20.44,9.37,1,0,0
453,16,1118.07,528.92,6.74,6.11,1,3,0
454,3,312.18,487.08,139.43,42.75,1,0,0
454,5,12.97,501.45,88.30,18.69,1,0,0
454,23,534.82,516.66,20.86,10.01,1,0,0
455,3,312.14,494.80,141.55,41.53,1,0,0
455,5,14.54,514.12,87.36,19.11,1,0,0
455,23,535.84,521.07,22.39,10.42,1,0,0
456,3,307.44,505.79,142.82,42.31,1,0,0
456,5,1.07,530.66,94.01,18.68,1,0,0
456,23,534.85,528.57,22.83,10.83,1,0,0
457,3,294.68,506.79,143.91,43.07,1,0,0
457,5,0.17,525.81,79.36,20.50,1,0,0
457,23,526.22,533.94,21.84,10.09,1,0,0
457,16,1117.38,541.30,6.80,6.14,1,3,0
458,3,290.72,468.05,142.24,44.38,1,0,0
458,5,0.61,479.26,74.05,20.43,1,0,0
459,3,282.90,472.09,143.91,47.71,1,0,0
459,5,0.43,493.07,63.94,18.30,1,0,0
459,23,519.16,505.18,23.75,11.31,1,0,0
460,3,269.49,508.85,145.86,45.68,1,0,0
460,5,1.02,541.84,45.69,12.41,1,0,0
460,23,511.03,535.62,23.13,10.84,1,0,0
461,3,265.81,519.84,148.51,42.74,1,0,0
461,5,1.69,552.42,45.74,9.92,1,0,0
461,23,512.37,543.71,23.11,10.57,1,0,0
461,16,1105.35,542.54,6.20,5.98,1,3,0
462,3,264.67,489.70,149.56,43.48,1,0,0
462,5,1.46,518.59,42.25,8.46,1,0,0
462,23,513.83,517.68,21.85,10.05,1,0,0
463,3,256.70,494.09,152.97,46.15,1,0,0
463,5,0.00,519.76,34.87,11.81,1,0,0
463,23,508.59,526.13,22.95,10.58,1,0,0
464,3,253.31,504.57,153.63,45.14,1,0,0
464,5,0.31,534.56,31.64,8.70,1,0,0
464,23,508.80,534.81,22.16,10.52,1,0,0
465,3,255.58,495.13,150.93,42.89,1,0,0
465,5,0.25,527.08,33.07,8.61,1,0,0
465,23,512.93,520.94,21.79,10.12,1,0,0
465,16,1105.43,528.26,6.74,6.61,1,3,0
466,3,242.49,480.40,159.28,44.34,1,0,0
466,5,0.26,514.56,20.73,7.02,1,0,0
466,23,506.59,507.83,22.45,10.06,1,0,0
467,3,241.03,487.93,157.53,45.26,1,0,0
467,5,0.39,520.48,18.58,6.31,1,0,0
467,23,507.15,517.68,23.02,10.90,1,0,0
468,3,242.87,489.29,159.86,46.08,1,0,0
468,5,0.23,517.95,23.07,6.76,1,0,0
468,23,510.43,523.17,22.78,10.43,1,0,0
468,16,1105.22,542.40,5.96,5.82,1,3,0
469,3,248.74,491.42,159.61,45.35,1,0,0
469,5,0.22,519.56,31.27,8.06,1,0,0
469,23,517.09,523.43,22.61,10.06,1,0,0
470,3,273.15,479.83,155.36,43.62,1,0,0
470,5,0.12,499.79,61.71,15.37,1,0,0
470,23,540.25,509.25,22.82,10.39,1,0,0
471,3,298.12,470.04,157.70,44.77,1,0,0
471,5,6.57,487.66,91.83,18.34,1,0,0
471,23,564.56,501.22,23.20,9.96,1,0,0
472,3,316.95,497.29,152.05,44.59,1,0,0
472,5,34.47,517.66,85.06,19.28,1,0,0
472,23,581.45,526.35,24.00,10.96,1,0,0
473,3,333.38,511.03,153.80,43.67,1,0,0
473,5,54.13,531.18,91.30,20.73,1,0,0
473,23,598.04,537.68,23.27,9.86,1,0,0
473,16,1180.41,541.65,5.42,5.87,1,3,0
474,3,367.90,494.02,146.52,43.18,1,0,0
474,5,96.81,508.64,90.27,21.62,1,0,0
475,3,393.55,485.76,147.45,44.47,1,0,0
475,5,128.45,495.99,89.66,21.23,1,0,0
475,23,653.42,519.78,22.54,9.62,1,0,0
475,16,1236.87,542.88,5.84,5.74,1,3,0
476,3,418.62,471.30,142.74,43.27,1,0,0
476,5,160.23,485.28,84.10,19.51,1,0,0
476,25,21.53,488.95,80.60,12.67,1,0,0
476,23,678.23,501.03,18.87,9.75,1,0,0
477,3,438.31,478.89,144.55,49.53,1,0,0
477,5,192.87,506.07,79.63,17.56,1,0,0
477,25,49.96,508.84,78.85,12.81,1,0,0
477,23,698.08,512.11,20.62,10.72,1,0,0
478,3,461.49,504.87,143.48,47.62,1,0,0
478,5,222.07,529.31,78.59,16.55,1,0,0
478,25,89.03,532.64,72.02,11.83,1,0,0
478,23,721.61,538.35,19.98,9.51,1,0,0
479,3,491.13,499.50,139.81,44.45,1,0,0
479,5,257.69,516.00,73.77,17.65,1,0,0
479,25,134.01,517.72,60.91,11.32,1,0,0
479,23,747.48,530.19,20.65,10.03,1,0,0
480,3,505.26,474.94,142.74,43.47,1,0,0
480,5,273.57,491.99,76.30,16.72,1,0,0
480,25,154.15,494.01,67.92,11.91,1,0,0
480,23,762.72,504.41,20.95,10.27,1,0,0
481,3,524.74,498.61,139.07,43.59,1,0,0
481,5,298.85,521.55,71.41,15.16,1,0,0
481,25,180.20,524.59,65.70,11.13,1,0,0
481,23,781.40,526.48,20.64,9.65,1,0,0
482,3,533.57,505.66,144.66,43.69,1,0,0
482,5,308.88,528.85,74.59,15.36,1,0,0
482,25,193.21,531.40,69.91,11.61,1,0,0
482,23,793.38,534.93,20.70,9.91,1,0,0
482,26,0.44,517.50,50.20,29.01,1,0,0
483,3,548.41,500.00,141.88,41.72,1,0,0
483,5,325.11,519.20,73.59,15.28,1,0,0
483,25,211.17,520.00,67.46,11.49,1,0,0
483,23,805.21,528.64,21.11,10.08,1,0,0
483,26,0.35,504.38,68.19,29.05,1,0,0
484,3,561.54,492.59,139.34,42.59,1,0,0
484,5,337.82,511.70,73.72,15.39,1,0,0
484,25,229.93,512.93,63.02,11.12,1,0,0
484,23,819.54,521.45,21.51,10.96,1,0,0
484,26,0.30,495.67,84.11,29.63,1,0,0
485,3,575.55,489.26,139.46,45.05,1,0,0
485,5,365.02,512.48,52.79,13.88,1,0,0
485,25,252.71,511.41,60.16,13.35,1,0,0
485,23,832.39,516.08,24.59,12.65,1,0,0
485,26,0.00,495.12,104.57,32.25,1,0,0
486,3,585.82,506.17,140.39,44.61,1,0,0
486,5,369.13,530.05,71.89,15.10,1,0,0
486,25,265.15,531.80,57.98,11.08,1,0,0
486,23,846.88,534.73,19.94,10.32,1,0,0
486,26,0.21,517.25,119.51,30.00,1,0,0
487,3,599.48,501.49,137.93,42.47,1,0,0
487,5,385.66,525.07,67.30,13.74,1,0,0
487,25,280.09,526.92,53.95,11.44,1,0,0
487,23,860.47,527.82,19.79,10.71,1,0,0
487,26,0.36,511.65,134.92,29.68,1,0,0
488,3,605.19,494.19,138.47,44.21,1,0,0
488,5,391.15,518.57,68.50,14.50,1,0,0
488,25,287.23,520.40,61.22,11.26,1,0,0
488,26,0.38,505.52,141.79,29.91,1,0,0
489,3,606.97,496.74,142.79,43.50,1,0,0
489,5,393.18,519.83,72.27,14.67,1,0,0
489,25,288.58,521.10,63.75,11.42,1,0,0
489,26,0.35,504.51,147.49,31.22,1,0,0
489,23,869.69,525.47,21.33,9.73,1,0,0
490,3,609.33,495.17,142.52,42.91,1,0,0
490,5,396.68,516.33,70.22,14.21,1,0,0
490,25,289.29,516.43,66.37,11.70,1,0,0
490,26,0.25,500.09,147.45,29.09,1,0,0
490,23,872.52,524.66,21.31,9.92,1,0,0
491,3,608.48,501.29,141.44,43.81,1,0,0
491,5,394.31,526.83,71.26,14.06,1,0,0
491,25,293.62,528.72,60.32,10.70,1,0,0
491,26,0.33,512.42,141.92,31.07,1,0,0
491,23,874.17,529.19,19.90,10.18,1,0,0
492,3,609.19,500.20,141.37,41.31,1,0,0
492,5,398.33,525.24,68.79,13.67,1,0,0
492,25,293.78,527.38,60.80,11.23,1,0,0
492,26,0.26,514.12,141.94,30.68,1,0,0
492,23,875.99,524.79,20.98,10.46,1,0,0
493,3,606.52,497.82,143.18,43.57,1,0,0
493,5,392.95,522.77,71.15,13.68,1,0,0
493,25,288.53,523.54,65.10,11.80,1,0,0
493,26,0.33,507.58,137.02,32.63,1,0,0
493,23,875.31,524.79,20.50,10.24,1,0,0
494,3,598.96,500.65,145.80,43.46,1,0,0
494,5,385.01,524.75,72.96,14.31,1,0,0
494,25,280.89,525.55,64.81,12.14,1,0,0
494,26,0.31,511.29,121.53,29.53,1,0,0
494,23,871.95,529.38,20.24,10.21,1,0,0
495,3,589.69,491.12,148.15,42.49,1,0,0
495,5,374.74,514.61,73.74,14.28,1,0,0
495,25,268.87,515.64,66.81,12.01,1,0,0
495,26,0.00,500.18,110.31,31.58,1,0,0
495,23,864.49,519.05,20.83,10.08,1,0,0
496,3,581.27,496.32,149.47,43.73,1,0,0
496,5,363.46,520.20,73.97,14.71,1,0,0
496,25,259.57,522.49,64.96,11.45,1,0,0
496,26,0.27,507.21,93.28,30.82,1,0,0
496,23,857.40,523.82,20.54,10.46,1,0,0
496,16,1453.01,531.01,7.42,6.59,1,3,0
497,3,576.04,494.66,149.95,43.79,1,0,0
497,5,358.20,516.51,74.89,14.97,1,0,0
497,25,252.07,517.95,66.04,11.24,1,0,0
497,26,0.24,500.32,81.31,31.05,1,0,0
497,23,854.56,524.09,20.37,10.19,1,0,0
497,16,1450.53,536.40,7.66,6.91,1,3,0
498,3,574.69,498.37,149.65,44.57,1,0,0
498,5,356.24,520.44,75.51,14.89,1,0,0
498,25,249.78,521.19,67.64,11.39,1,0,0
498,26,0.28,503.04,78.55,30.88,1,0,0
498,23,854.64,529.36,20.55,10.33,1,0,0
499,3,565.39,496.42,154.64,45.16,1,0,0
499,5,348.05,519.73,75.47,15.24,1,0,0
499,25,236.99,520.97,72.47,11.83,1,0,0
499,26,0.33,504.92,65.28,30.39,1,0,0
499,23,848.89,527.07,21.55,9.85,1,0,0
499,16,1446.80,537.85,6.42,6.36,1,3,0
