1,1,600.99,537.97,145.04,38.63,1,0,0
1,2,0.28,564.56,130.63,33.16,1,0,0
1,3,286.38,572.17,63.08,11.02,1,0,0
1,4,390.25,566.97,70.64,13.23,1,0,0
1,5,872.24,553.16,20.55,9.18,1,0,0
2,1,596.70,543.16,145.49,38.78,1,0,0
2,2,0.32,565.48,125.92,33.66,1,0,0
2,3,282.98,574.73,61.99,11.51,1,0,0
2,4,386.12,570.50,70.04,13.91,1,0,0
2,5,869.73,560.48,20.79,9.19,1,0,0
3,1,590.40,541.64,146.53,38.81,1,0,0
3,2,0.09,562.13,110.85,32.12,1,0,0
3,3,272.48,571.63,62.65,11.68,1,0,0
3,4,379.45,567.30,68.91,13.86,1,0,0
3,5,865.00,558.73,20.33,9.23,1,0,0
4,1,579.30,533.50,149.85,39.37,1,0,0
4,2,0.29,555.85,96.39,32.51,1,0,0
4,3,260.48,565.43,67.81,11.55,1,0,0
4,4,364.45,559.67,74.46,15.04,1,0,0
4,5,857.69,550.64,20.93,9.15,1,0,0
5,1,571.52,540.03,149.60,39.12,1,0,0
5,2,0.25,562.92,77.27,31.70,1,0,0
5,3,250.21,572.34,65.84,11.55,1,0,0
5,4,355.57,566.84,75.41,14.87,1,0,0
5,5,850.90,557.32,21.52,9.51,1,0,0
6,1,567.64,537.24,151.53,40.16,1,0,0
6,2,0.26,556.57,72.29,31.43,1,0,0
6,3,245.49,567.85,67.27,11.37,1,0,0
6,4,350.84,563.67,75.65,14.33,1,0,0
6,5,849.48,557.20,21.47,9.39,1,0,0
7,1,565.51,542.23,152.22,40.14,1,0,0
7,2,0.09,560.10,68.16,31.14,1,0,0
7,3,242.65,571.29,67.64,11.84,1,0,0
7,4,349.17,567.86,74.16,14.33,1,0,0
7,5,849.16,562.88,21.16,9.10,1,0,0
8,1,556.20,541.01,154.37,39.75,1,0,0
8,2,0.29,562.10,51.19,30.93,1,0,0
8,3,234.96,571.63,66.05,11.46,1,0,0
8,4,339.80,566.78,75.44,14.98,1,0,0
8,5,843.59,559.61,20.57,9.18,1,0,0
9,1,543.81,544.29,154.84,39.90,1,0,0
9,2,0.36,577.89,25.72,30.27,1,0,0
9,3,216.14,582.16,67.20,12.37,1,0,0
9,4,326.05,575.59,75.00,14.53,1,0,0
9,5,832.95,557.99,21.49,9.01,1,0,0
10,1,534.95,544.00,157.68,41.03,1,0,0
10,2,0.00,575.53,10.03,28.97,1,0,0
10,3,208.87,582.17,67.16,11.67,1,0,0
10,4,315.53,576.18,77.35,14.49,1,0,0
10,5,827.99,557.95,21.02,9.44,1,0,0
11,1,530.56,550.95,157.20,40.84,1,0,0
11,3,201.02,581.19,67.39,11.00,1,0,0
11,4,309.11,576.92,77.40,14.65,1,0,0
11,5,824.29,572.19,21.21,9.74,1,0,0
12,1,518.17,540.89,157.06,41.43,1,0,0
12,3,184.63,568.48,67.54,11.34,1,0,0
12,4,294.26,565.43,77.64,14.30,1,0,0
12,5,814.12,563.95,21.02,9.86,1,0,0
13,1,510.55,520.29,159.09,41.42,1,0,0
13,3,175.65,552.47,68.83,11.36,1,0,0
13,4,288.47,547.72,77.04,13.93,1,0,0
13,5,810.46,540.16,20.88,9.16,1,0,0
14,1,511.32,538.93,158.96,41.87,1,0,0
14,3,175.07,572.69,70.13,12.64,1,0,0
14,4,288.31,568.53,76.81,14.30,1,0,0
14,5,811.44,557.81,21.59,9.57,1,0,0
15,1,505.34,553.62,160.45,41.82,1,0,0
15,3,165.89,587.29,73.42,11.83,1,0,0
15,4,279.21,582.62,79.76,14.93,1,0,0
15,5,808.85,573.70,20.77,9.22,1,0,0
16,1,493.88,529.68,161.32,41.71,1,0,0
16,3,155.59,564.60,70.57,11.50,1,0,0
16,4,270.65,559.10,77.53,14.03,1,0,0
16,5,800.97,547.10,21.35,9.88,1,0,0
17,1,486.71,530.28,163.35,43.29,1,0,0
17,3,144.53,564.55,72.00,12.44,1,0,0
17,4,261.47,559.90,76.83,14.29,1,0,0
17,5,796.78,549.08,21.19,9.86,1,0,0
18,1,493.53,538.98,163.17,42.72,1,0,0
18,3,157.51,567.20,65.87,11.53,1,0,0
18,4,266.22,564.19,82.49,15.22,1,0,0
18,5,804.20,563.18,22.50,9.71,1,0,0
19,1,502.45,542.87,165.35,43.00,1,0,0
19,3,168.35,567.38,72.29,11.66,1,0,0
19,4,277.07,565.48,82.02,14.89,1,0,0
19,5,813.90,570.17,22.15,9.88,1,0,0
20,1,511.22,527.07,164.76,42.33,1,0,0
20,3,180.19,557.28,72.17,11.09,1,0,0
20,4,289.00,553.32,81.40,14.60,1,0,0
20,5,825.34,548.68,20.46,9.82,1,0,0
21,1,516.36,548.02,164.55,43.77,1,0,0
21,3,190.39,588.06,70.35,12.40,1,0,0
21,4,301.51,582.27,75.38,14.52,1,0,0
21,5,832.60,564.67,22.34,10.04,1,0,0
22,1,521.23,561.82,165.85,42.91,1,0,0
22,3,195.99,600.45,70.87,11.59,1,0,0
22,4,303.76,595.28,78.12,14.17,1,0,0
22,5,837.78,577.21,21.66,9.68,1,0,0
23,1,519.39,532.18,166.30,41.88,1,0,0
23,3,190.64,561.79,73.28,11.95,1,0,0
23,4,302.98,558.80,77.10,13.70,1,0,0
23,5,838.78,552.91,19.95,9.27,1,0,0
24,1,517.96,533.83,166.81,42.79,1,0,0
24,3,191.66,563.07,69.89,12.11,1,0,0
24,4,298.85,560.49,78.59,14.55,1,0,0
24,5,838.29,557.96,20.70,9.49,1,0,0
25,1,522.07,543.66,168.98,43.32,1,0,0
25,3,199.90,577.08,70.26,12.12,1,0,0
25,4,305.35,573.32,79.74,14.67,1,0,0
25,5,844.60,564.71,22.37,9.97,1,0,0
26,1,526.62,534.97,167.89,43.15,1,0,0
26,3,207.82,572.81,68.44,11.48,1,0,0
26,4,310.69,567.41,79.57,13.71,1,0,0
26,5,850.91,550.34,20.97,10.06,1,0,0
27,1,530.00,534.80,169.66,43.99,1,0,0
27,3,212.81,572.56,69.35,12.26,1,0,0
27,4,314.85,567.81,80.60,14.75,1,0,0
27,5,856.58,552.45,21.17,9.37,1,0,0
28,1,534.02,536.10,170.41,45.01,1,0,0
28,3,213.59,566.92,73.42,11.66,1,0,0
28,4,322.24,564.19,76.27,13.68,1,0,0
28,5,861.14,560.88,21.66,9.59,1,0,0
29,1,530.87,522.90,171.53,45.34,1,0,0
29,3,212.51,555.02,71.94,11.78,1,0,0
29,4,315.38,551.29,80.39,14.29,1,0,0
29,5,859.89,548.52,21.41,10.18,1,0,0
30,1,520.57,535.61,173.78,45.91,1,0,0
30,3,201.94,575.43,69.53,13.09,1,0,0
30,4,307.95,570.77,79.11,14.87,1,0,0
30,5,854.23,553.41,21.18,9.79,1,0,0
31,1,516.01,553.25,174.12,45.54,1,0,0
31,3,195.08,595.09,72.59,12.91,1,0,0
31,4,300.32,589.66,82.22,14.91,1,0,0
31,5,851.62,568.71,21.97,10.06,1,0,0
32,1,508.71,547.77,176.91,45.63,1,0,0
32,3,189.25,584.47,70.47,11.24,1,0,0
32,4,293.81,579.54,80.41,14.12,1,0,0
32,5,847.75,569.42,21.82,9.79,1,0,0
33,1,495.96,529.45,176.95,46.28,1,0,0
33,3,171.93,564.06,70.84,11.56,1,0,0
33,4,277.88,560.23,80.02,13.91,1,0,0
33,5,836.99,553.21,20.39,9.66,1,0,0
34,1,486.76,522.07,177.93,46.46,1,0,0
34,3,157.62,557.78,72.32,12.27,1,0,0
34,4,265.20,554.57,84.50,14.14,1,0,0
34,5,829.67,545.61,22.89,10.18,1,0,0
35,1,481.07,540.58,179.78,46.51,1,0,0
35,3,153.60,575.54,71.82,12.23,1,0,0
35,4,258.73,572.01,84.83,14.67,1,0,0
35,5,828.01,564.21,22.08,9.73,1,0,0
36,1,473.57,545.35,183.48,45.96,1,0,0
36,3,144.71,581.84,75.70,12.07,1,0,0
36,4,253.14,577.72,86.08,14.78,1,0,0
36,5,825.23,566.64,21.83,10.03,1,0,0
37,1,467.94,539.13,184.06,46.56,1,0,0
37,3,140.66,574.77,73.44,12.17,1,0,0
37,4,246.87,570.88,84.57,14.20,1,0,0
37,5,822.24,561.78,22.14,9.77,1,0,0
38,1,458.00,531.78,187.26,46.21,1,0,0
38,3,126.08,566.93,78.08,12.23,1,0,0
38,4,234.22,562.77,89.06,14.98,1,0,0
39,1,451.55,535.36,187.70,47.22,1,0,0
39,3,116.55,573.16,79.62,12.53,1,0,0
39,4,226.16,569.21,88.41,14.91,1,0,0
39,5,811.73,557.28,22.46,9.76,1,0,0
40,1,441.72,538.39,190.83,46.72,1,0,0
40,3,106.27,577.67,79.21,12.39,1,0,0
40,4,217.24,573.14,87.59,14.72,1,0,0
40,5,807.64,557.70,22.07,9.77,1,0,0
41,1,440.96,535.72,192.59,47.92,1,0,0
41,3,106.62,572.77,80.09,12.51,1,0,0
41,4,217.85,569.16,89.15,14.83,1,0,0
41,5,809.69,558.53,21.37,9.65,1,0,0
42,1,444.95,537.11,192.81,47.84,1,0,0
42,3,111.16,572.35,80.25,12.54,1,0,0
42,4,222.38,569.01,89.00,14.99,1,0,0
42,5,813.97,562.37,22.56,9.96,1,0,0
43,1,444.27,538.16,193.16,48.42,1,0,0
43,3,112.67,578.43,76.46,12.68,1,0,0
43,4,221.51,574.55,88.62,14.46,1,0,0
43,5,815.90,559.77,22.10,10.10,1,0,0
44,1,446.33,540.28,195.23,48.98,1,0,0
44,3,119.74,582.93,76.78,12.27,1,0,0
44,4,225.56,577.93,90.38,15.06,1,0,0
44,5,821.61,559.65,22.78,10.01,1,0,0
45,1,447.15,545.41,194.28,49.37,1,0,0
45,3,119.64,583.17,76.43,12.73,1,0,0
45,4,226.74,580.15,89.32,14.77,1,0,0
45,5,824.26,570.50,21.97,10.06,1,0,0
46,1,439.19,530.99,195.20,48.59,1,0,0
46,3,109.38,565.49,80.02,12.68,1,0,0
46,4,220.50,562.33,87.38,15.12,1,0,0
46,5,820.24,558.21,20.74,10.28,1,0,0
47,1,436.89,516.32,198.75,49.87,1,0,0
47,3,112.15,554.52,76.86,12.50,1,0,0
47,4,220.24,550.80,88.35,15.53,1,0,0
47,5,821.62,542.82,22.46,9.68,1,0,0
48,1,440.92,547.28,196.38,49.89,1,0,0
48,3,111.25,585.57,75.42,12.90,1,0,0
48,4,220.75,581.75,87.86,15.49,1,0,0
48,5,821.28,572.86,22.00,9.90,1,0,0
49,1,430.79,550.12,199.97,50.32,1,0,0
49,3,96.56,592.06,79.80,13.98,1,0,0
49,4,210.61,586.66,90.06,16.05,1,0,0
49,5,819.10,572.09,22.21,10.88,1,0,0
50,1,427.86,533.33,202.27,51.38,1,0,0
50,3,100.53,576.36,78.33,12.84,1,0,0
50,4,209.93,571.78,87.91,15.17,1,0,0
51,1,422.12,537.66,205.22,50.84,1,0,0
51,3,93.19,578.49,81.57,12.81,1,0,0
51,4,204.59,573.76,89.84,15.24,1,0,0
51,5,818.73,561.66,22.26,10.09,1,0,0
52,1,409.96,532.11,207.13,51.71,1,0,0
52,3,79.65,571.60,82.21,13.14,1,0,0
52,4,189.64,567.64,92.63,15.53,1,0,0
52,5,810.87,558.34,22.34,10.25,1,0,0
53,1,403.32,537.63,209.57,52.02,1,0,0
53,3,69.58,577.67,82.99,12.71,1,0,0
53,4,182.56,573.02,92.61,15.35,1,0,0
53,5,807.64,564.39,22.59,10.05,1,0,0
54,1,410.23,518.06,209.72,53.25,1,0,0
54,3,82.34,554.50,80.99,12.38,1,0,0
54,4,190.88,551.10,92.69,16.17,1,0,0
54,5,816.89,550.95,21.47,9.91,1,0,0
55,1,414.11,527.57,208.47,52.26,1,0,0
55,3,87.99,565.79,81.32,13.69,1,0,0
55,4,198.41,562.31,90.42,16.38,1,0,0
55,5,821.71,556.43,22.89,10.20,1,0,0
56,1,415.36,547.24,209.99,52.54,1,0,0
56,3,91.45,590.83,83.39,13.80,1,0,0
56,4,200.28,586.37,90.24,15.92,1,0,0
56,5,825.41,570.14,22.67,10.13,1,0,0
57,1,410.73,536.36,211.66,52.07,1,0,0
57,3,84.79,579.77,84.32,12.86,1,0,0
57,4,196.57,574.36,89.85,15.29,1,0,0
57,5,824.94,556.42,22.21,10.61,1,0,0
58,1,401.31,519.94,215.45,53.48,1,0,0
58,3,78.04,562.09,84.41,12.68,1,0,0
58,4,185.37,558.05,93.74,15.80,1,0,0
58,5,820.39,545.80,22.32,10.39,1,0,0
59,1,400.27,532.72,215.53,53.37,1,0,0
59,3,77.89,568.52,84.05,12.99,1,0,0
59,4,183.42,565.77,94.32,16.61,1,0,0
59,5,821.18,567.93,23.17,10.54,1,0,0
60,1,405.94,537.10,217.93,54.58,1,0,0
60,3,83.49,571.39,87.39,13.45,1,0,0
60,4,190.26,569.45,95.21,16.50,1,0,0
60,5,828.30,575.34,22.98,9.87,1,0,0
61,1,409.60,522.82,216.63,53.85,1,0,0
61,3,93.63,562.51,80.80,12.40,1,0,0
61,4,196.41,558.32,93.55,15.98,1,0,0
61,5,834.75,550.37,22.12,10.44,1,0,0
62,1,401.35,534.66,219.56,55.54,1,0,0
62,3,83.47,583.25,82.20,14.48,1,0,0
62,4,186.57,577.67,94.24,17.27,1,0,0
63,1,393.30,539.81,222.55,54.64,1,0,0
63,3,75.51,586.83,85.84,13.63,1,0,0
63,4,180.86,581.37,96.05,16.22,1,0,0
63,5,827.36,562.09,22.98,10.28,1,0,0
64,1,404.40,524.20,221.05,54.78,1,0,0
64,3,87.90,559.48,85.92,13.67,1,0,0
64,4,192.86,556.51,94.87,17.42,1,0,0
64,5,837.41,560.76,23.06,10.33,1,0,0
65,1,408.29,529.32,222.59,55.41,1,0,0
65,3,96.86,562.83,84.10,13.93,1,0,0
65,4,200.53,561.01,92.74,16.97,1,0,0
65,5,843.92,569.12,23.01,10.27,1,0,0
66,1,411.08,533.46,224.19,55.06,1,0,0
66,3,104.98,575.53,84.08,13.13,1,0,0
66,4,204.99,570.93,94.46,16.37,1,0,0
66,5,852.06,558.10,22.45,10.85,1,0,0
67,1,413.65,518.86,224.58,55.44,1,0,0
67,3,110.88,568.05,81.90,13.57,1,0,0
67,4,210.92,561.72,91.97,15.92,1,0,0
67,5,855.79,536.17,21.80,10.12,1,0,0
68,1,412.39,530.00,223.80,55.89,1,0,0
68,3,110.54,575.54,81.92,14.37,1,0,0
68,4,209.67,570.74,93.19,17.33,1,0,0
69,1,407.04,560.88,226.12,55.73,1,0,0
69,3,103.77,600.52,82.18,13.56,1,0,0
69,4,204.05,597.05,91.16,16.54,1,0,0
69,5,853.97,593.38,23.53,10.50,1,0,0
70,1,401.89,531.73,229.19,55.58,1,0,0
70,3,93.59,572.60,86.46,13.66,1,0,0
70,4,198.69,569.31,92.99,16.45,1,0,0
70,5,853.18,563.56,22.77,10.27,1,0,0
71,1,397.44,506.23,230.66,58.16,1,0,0
71,3,93.00,554.28,76.71,13.16,1,0,0
71,4,193.79,549.12,95.55,17.16,1,0,0
71,5,851.07,533.57,24.26,10.73,1,0,0
72,1,386.11,531.98,234.66,58.55,1,0,0
72,3,80.26,581.03,86.50,13.78,1,0,0
72,4,181.91,575.54,96.90,18.03,1,0,0
72,5,846.38,556.70,23.96,10.50,1,0,0
73,1,386.21,541.06,237.01,57.52,1,0,0
73,3,83.14,586.20,84.80,13.77,1,0,0
73,4,184.29,580.71,98.36,17.23,1,0,0
73,5,849.78,567.55,23.37,10.83,1,0,0
74,1,384.55,528.73,239.55,58.72,1,0,0
74,3,80.05,570.90,89.96,12.96,1,0,0
74,4,183.25,566.30,96.06,16.94,1,0,0
74,5,851.32,562.77,23.24,10.26,1,0,0
75,1,383.47,530.53,240.23,58.86,1,0,0
75,3,84.27,573.76,86.35,14.28,1,0,0
75,4,184.43,569.69,95.43,17.53,1,0,0
75,5,852.93,562.76,23.56,10.32,1,0,0
76,1,381.43,531.03,241.89,58.77,1,0,0
76,3,85.21,579.07,85.65,13.97,1,0,0
76,4,181.46,573.91,100.28,17.62,1,0,0
76,5,856.19,556.43,23.41,10.52,1,0,0
77,1,370.79,544.92,245.67,59.09,1,0,0
77,3,72.27,595.40,85.61,14.30,1,0,0
77,4,170.41,590.06,99.57,17.83,1,0,0
77,5,850.49,567.06,23.11,10.82,1,0,0
78,1,362.36,542.10,248.07,59.61,1,0,0
78,3,62.87,589.17,85.51,13.89,1,0,0
78,4,163.23,583.60,97.39,17.40,1,0,0
78,5,846.56,569.97,23.67,10.43,1,0,0
79,1,363.07,519.44,249.39,59.73,1,0,0
79,3,65.26,561.88,86.99,13.27,1,0,0
79,4,165.29,557.64,98.83,17.98,1,0,0
79,5,850.30,556.09,23.30,10.64,1,0,0
80,1,359.32,516.62,252.31,61.06,1,0,0
80,3,62.94,561.29,89.14,13.53,1,0,0
80,4,159.52,556.95,103.55,17.59,1,0,0
80,5,850.81,550.61,23.23,10.46,1,0,0
81,1,348.22,529.00,254.59,61.59,1,0,0
81,3,50.50,581.18,87.33,14.09,1,0,0
81,4,150.49,575.30,99.84,18.67,1,0,0
81,5,844.70,551.64,23.71,10.27,1,0,0
82,1,336.13,529.18,259.78,61.67,1,0,0
82,3,33.06,581.10,90.61,13.17,1,0,0
82,4,130.94,574.87,107.90,17.96,1,0,0
82,5,839.27,552.42,24.17,10.32,1,0,0
83,1,329.62,515.46,260.70,61.37,1,0,0
83,3,31.28,560.13,90.48,14.00,1,0,0
83,4,131.40,555.21,101.70,18.25,1,0,0
83,5,836.36,549.73,24.10,10.59,1,0,0
84,1,325.98,526.48,262.07,61.99,1,0,0
84,3,27.05,570.88,88.75,13.40,1,0,0
84,4,123.37,566.13,107.35,18.39,1,0,0
84,5,836.70,563.07,23.84,10.40,1,0,0
85,1,321.22,519.98,263.06,62.12,1,0,0
85,3,22.11,567.41,89.79,13.51,1,0,0
85,4,116.79,561.44,110.64,19.12,1,0,0
85,5,836.82,552.19,23.77,10.62,1,0,0
86,1,307.12,525.64,271.36,62.83,1,0,0
86,3,11.63,576.46,89.29,13.89,1,0,0
86,4,108.35,571.06,108.90,18.61,1,0,0
86,5,831.63,551.23,24.33,10.63,1,0,0
87,1,295.04,535.39,274.94,64.77,1,0,0
87,3,1.02,589.21,80.83,14.11,1,0,0
87,4,89.74,583.50,115.50,19.17,1,0,0
87,5,824.52,560.64,24.30,10.91,1,0,0
88,1,288.25,542.83,276.49,63.89,1,0,0
88,3,0.42,591.96,77.05,13.30,1,0,0
88,4,80.40,586.44,116.64,18.94,1,0,0
88,5,822.43,575.34,23.91,10.65,1,0,0
88,8,1602.68,564.33,5.60,9.89,1,3,0
89,1,288.12,512.28,276.73,64.95,1,0,0
89,3,0.71,557.94,77.12,12.71,1,0,0
89,4,81.75,553.10,116.35,18.54,1,0,0
89,5,826.75,553.10,23.21,11.10,1,0,0
90,1,282.41,516.64,278.94,65.97,1,0,0
90,3,0.58,568.93,73.88,13.40,1,0,0
90,4,79.45,562.52,115.36,19.77,1,0,0
90,5,826.11,547.87,24.41,10.88,1,0,0
90,8,1612.90,535.12,5.75,9.51,1,3,0
91,1,272.10,531.99,284.16,66.18,1,0,0
91,3,0.26,586.45,67.50,12.80,1,0,0
91,4,71.94,580.08,115.56,19.00,1,0,0
91,5,822.63,559.32,24.55,11.00,1,0,0
91,8,1610.45,538.57,6.58,11.75,1,3,0
92,1,260.06,539.14,290.39,65.87,1,0,0
92,3,1.14,591.76,51.73,12.38,1,0,0
92,4,54.79,585.51,121.34,19.44,1,0,0
92,5,817.54,570.61,23.49,10.58,1,0,0
93,1,256.69,524.45,290.32,66.10,1,0,0
93,3,0.46,574.71,48.94,11.26,1,0,0
93,4,47.65,568.06,123.99,19.63,1,0,0
93,5,818.09,561.34,23.15,10.77,1,0,0
94,1,249.50,506.47,294.12,67.36,1,0,0
94,3,0.66,558.58,43.12,11.29,1,0,0
94,4,42.47,551.90,124.21,19.29,1,0,0
94,5,816.27,542.69,23.93,10.98,1,0,0
95,1,243.69,522.90,294.89,68.02,1,0,0
95,4,41.77,571.94,121.00,19.59,1,0,0
95,5,816.06,552.66,23.96,10.91,1,0,0
95,8,1612.73,535.76,6.06,11.02,1,3,0
96,1,231.72,525.86,303.19,68.76,1,0,0
96,4,33.51,574.58,120.13,19.22,1,0,0
96,5,812.30,557.89,24.52,10.61,1,0,0
96,8,1611.71,541.34,6.11,10.40,1,3,0
96,3,0.11,581.92,31.75,10.59,1,0,0
97,1,209.98,527.74,309.21,68.39,1,0,0
97,4,1.07,573.78,131.37,21.96,1,0,0
97,5,800.72,560.94,24.18,10.34,1,0,0
97,8,1602.21,546.98,5.50,9.25,1,3,0
98,1,201.48,526.30,312.70,69.39,1,0,0
98,4,0.50,571.85,125.97,21.70,1,0,0
98,5,798.48,562.08,24.32,10.55,1,0,0
99,1,208.58,505.47,311.67,70.51,1,0,0
99,4,1.46,549.51,132.37,20.89,1,0,0
99,5,806.40,550.87,24.24,10.52,1,0,0
100,1,202.82,500.48,316.78,70.59,1,0,0
100,4,0.96,545.19,130.47,22.37,1,0,0
100,5,806.75,541.00,24.58,10.78,1,0,0
101,1,205.03,512.93,319.01,71.99,1,0,0
101,4,5.11,561.26,133.52,22.23,1,0,0
101,5,813.55,545.70,24.70,10.93,1,0,0
101,8,1629.27,529.98,5.98,10.48,1,3,0
102,1,207.89,536.01,318.32,71.78,1,0,0
102,4,9.79,584.02,132.45,21.47,1,0,0
102,5,819.08,572.35,24.89,11.22,1,0,0
102,3,0.32,590.38,18.37,12.80,1,0,0
103,1,203.93,518.52,321.71,71.29,1,0,0
103,4,8.00,564.64,133.59,21.44,1,0,0
103,5,820.83,557.09,24.15,11.02,1,0,0
103,3,0.12,573.06,21.39,11.58,1,0,0
104,1,199.93,505.25,326.31,72.08,1,0,0
104,4,6.44,553.84,134.35,20.66,1,0,0
104,5,822.13,541.30,24.75,10.94,1,0,0
105,1,192.17,523.54,327.57,73.06,1,0,0
105,4,1.06,572.31,132.58,22.48,1,0,0
105,5,821.22,559.48,24.99,10.91,1,0,0
105,8,1650.24,546.03,6.64,12.60,1,3,0
106,1,183.87,527.97,335.07,73.01,1,0,0
106,4,0.51,576.21,129.77,22.10,1,0,0
106,5,820.85,564.39,24.73,11.08,1,0,0
107,1,185.88,518.24,333.77,73.01,1,0,0
107,4,0.47,565.77,132.30,21.96,1,0,0
107,5,825.54,557.60,24.38,11.43,1,0,0
108,1,187.30,515.85,338.45,74.28,1,0,0
108,4,2.20,564.56,137.40,21.39,1,0,0
108,5,831.36,555.89,25.49,10.98,1,0,0
109,1,191.69,519.30,336.78,74.67,1,0,0
109,4,13.87,568.92,132.61,21.34,1,0,0
109,5,838.42,558.59,24.75,11.22,1,0,0
109,8,1684.89,547.75,7.04,12.10,1,3,0
110,1,181.79,529.27,344.19,75.04,1,0,0
110,4,1.70,578.62,138.58,22.09,1,0,0
110,5,836.11,567.56,25.64,11.11,1,0,0
110,8,1685.30,554.43,7.36,13.14,1,3,0
111,1,171.27,520.38,347.25,75.71,1,0,0
111,4,0.52,571.52,131.06,22.88,1,0,0
111,5,834.25,553.15,24.86,10.90,1,0,0
111,8,1686.33,532.22,7.36,13.36,1,3,0
112,1,165.98,514.32,352.36,76.78,1,0,0
112,4,0.43,564.04,128.95,23.33,1,0,0
112,5,835.11,552.44,25.05,10.82,1,0,0
112,8,1690.83,540.07,6.83,13.28,1,3,0
113,1,164.41,514.77,353.45,76.91,1,0,0
113,4,0.75,562.82,129.25,22.92,1,0,0
113,5,838.11,561.41,24.41,10.90,1,0,0
114,1,153.83,525.03,361.23,76.54,1,0,0
114,4,0.39,574.11,124.26,23.51,1,0,0
114,5,836.37,566.27,25.58,11.51,1,0,0
115,1,151.26,522.88,362.21,78.35,1,0,0
115,4,0.27,575.76,123.26,23.80,1,0,0
115,5,839.27,553.48,25.22,10.98,1,0,0
116,1,146.37,518.99,366.35,78.19,1,0,0
116,4,0.22,571.37,122.29,22.67,1,0,0
116,5,840.04,553.26,25.35,11.09,1,0,0
117,1,137.52,513.30,372.10,78.84,1,0,0
117,4,0.13,563.83,116.06,22.48,1,0,0
117,5,839.62,558.10,25.33,11.17,1,0,0
118,1,128.57,498.65,376.63,79.30,1,0,0
118,4,0.11,549.80,110.73,22.15,1,0,0
118,5,839.33,542.66,24.19,11.04,1,0,0
119,1,119.38,518.30,378.86,81.32,1,0,0
119,4,0.28,575.13,102.78,21.11,1,0,0
119,5,836.36,553.24,26.19,11.58,1,0,0
119,8,1718.19,533.07,6.75,11.50,1,3,0
120,1,106.09,545.17,390.77,81.57,1,0,0
120,4,0.32,604.54,96.44,18.56,1,0,0
120,8,1721.84,553.16,6.63,12.10,1,3,0
121,1,104.63,508.34,388.10,81.41,1,0,0
121,4,0.37,565.23,94.52,17.99,1,0,0
121,5,837.77,550.94,25.17,11.57,1,0,0
122,1,99.74,493.42,390.95,81.95,1,0,0
122,4,0.28,549.67,93.14,19.39,1,0,0
122,5,837.75,539.33,25.62,11.87,1,0,0
122,8,1731.23,533.34,7.09,12.68,1,3,0
123,1,94.49,531.37,394.39,83.72,1,0,0
123,4,0.25,589.98,92.43,19.03,1,0,0
123,5,840.89,573.57,25.17,11.10,1,0,0
123,8,1739.16,558.48,7.05,14.98,1,3,0
124,1,80.93,529.61,403.52,84.68,1,0,0
124,4,0.60,592.19,84.53,16.17,1,0,0
124,5,840.21,569.06,24.39,11.25,1,0,0
124,8,1741.82,549.81,7.16,13.41,1,3,0
125,1,64.19,498.48,414.35,84.68,1,0,0
125,4,0.70,562.12,72.60,15.07,1,0,0
125,5,834.06,539.31,25.96,11.16,1,0,0
125,8,1738.23,522.50,6.24,13.08,1,3,0
126,1,52.36,497.44,422.68,85.13,1,0,0
126,4,0.18,559.99,66.25,15.17,1,0,0
126,5,833.18,544.28,25.40,11.40,1,0,0
126,8,1740.63,533.56,8.26,14.41,1,3,0
127,1,52.46,512.68,422.87,86.26,1,0,0
127,4,0.44,574.17,66.88,16.63,1,0,0
127,5,837.40,568.58,25.73,11.66,1,0,0
128,1,51.92,516.54,425.58,85.39,1,0,0
128,4,0.35,578.74,65.93,15.21,1,0,0
128,5,842.60,567.87,24.80,11.95,1,0,0
128,8,1761.56,562.82,6.37,12.23,1,3,0
129,1,42.77,503.59,432.11,88.03,1,0,0
129,4,0.64,567.96,58.60,15.61,1,0,0
129,5,842.24,544.85,25.24,11.13,1,0,0
130,1,37.15,521.39,427.56,89.04,1,0,0
130,4,0.13,586.66,43.20,17.03,1,0,0
130,5,839.22,551.47,25.48,11.83,1,0,0
130,8,1764.63,520.06,7.42,14.38,1,3,0
131,1,4.27,517.99,453.62,89.13,1,0,0
131,4,0.36,586.55,19.21,11.73,1,0,0
131,5,834.74,559.06,25.96,11.21,1,0,0
131,8,1763.44,536.07,7.88,15.67,1,3,0
132,1,5.80,487.84,452.24,88.60,1,0,0
132,5,837.00,548.22,26.00,11.31,1,0,0
133,1,6.84,485.54,460.01,90.87,1,0,0
133,5,846.76,549.69,25.66,11.15,1,0,0
133,4,0.39,554.86,23.46,11.89,1,0,0
133,8,1790.20,554.43,8.14,14.09,1,3,0
134,1,11.93,518.73,458.99,91.67,1,0,0
134,5,853.20,566.29,26.36,11.62,1,0,0
134,4,0.30,588.42,27.90,14.02,1,0,0
134,8,1805.30,552.90,7.42,12.44,1,3,0
135,1,5.85,536.86,462.82,92.29,1,0,0
135,5,854.21,565.50,26.43,11.36,1,0,0
135,4,0.46,609.65,18.08,11.48,1,0,0
136,1,0.90,516.98,462.24,93.48,1,0,0
136,5,854.53,546.98,26.55,11.35,1,0,0
137,1,0.39,498.31,459.44,91.92,1,0,0
137,5,853.09,552.66,26.52,11.04,1,0,0
137,8,1819.20,547.45,7.88,14.98,1,3,0
138,1,1.09,491.49,453.73,92.69,1,0,0
138,5,849.76,560.03,26.05,11.27,1,0,0
138,8,1818.84,567.74,7.88,15.12,1,3,0
139,1,0.50,503.67,445.08,96.99,1,0,0
139,5,847.44,559.04,26.11,11.45,1,0,0
140,1,0.58,525.56,437.20,96.99,1,0,0
140,5,845.94,564.80,25.87,11.67,1,0,0
140,8,1825.66,536.31,7.21,12.88,1,3,0
141,1,0.77,509.16,426.41,94.34,1,0,0
141,5,840.94,545.98,25.76,11.32,1,0,0
142,1,0.00,515.19,421.41,96.66,1,0,0
142,5,837.57,564.53,26.71,11.72,1,0,0
143,1,0.55,510.97,427.86,94.56,1,0,0
143,5,844.30,573.88,26.37,11.10,1,0,0
143,8,1837.39,572.10,9.58,14.78,1,3,0
144,1,0.65,488.98,433.02,94.50,1,0,0
144,5,854.08,549.33,25.53,11.19,1,0,0
144,8,1857.42,546.35,9.45,15.40,1,3,0
145,1,0.24,499.95,436.07,99.03,1,0,0
145,5,859.01,546.53,26.77,11.24,1,0,0
145,8,1870.90,526.81,7.72,13.73,1,3,0
146,1,0.00,513.91,435.08,99.05,1,0,0
146,5,861.36,548.30,26.72,11.97,1,0,0
146,8,1878.08,515.11,9.09,14.46,1,3,0
147,1,0.57,527.88,427.83,97.83,1,0,0
147,5,858.74,566.54,27.29,12.44,1,0,0
147,8,1882.27,537.62,8.80,15.87,1,3,0
148,1,0.81,505.95,427.06,96.76,1,0,0
148,5,862.26,564.24,26.47,11.58,1,0,0
149,1,0.78,484.19,427.11,97.68,1,0,0
149,5,865.37,549.23,26.72,11.54,1,0,0
149,8,1902.95,550.77,9.16,15.19,1,3,0
150,1,0.12,495.53,421.60,102.56,1,0,0
150,5,865.68,547.60,26.56,11.91,1,0,0
150,8,1909.95,532.58,8.48,16.00,1,3,0
151,1,0.00,521.64,420.62,100.27,1,0,0
151,5,866.20,560.02,26.87,11.65,1,0,0
151,8,1916.51,530.76,3.49,15.32,1,3,0
152,1,0.15,524.66,418.53,93.32,1,0,0
152,5,867.89,562.91,26.33,11.66,1,0,0
153,1,0.16,501.79,414.74,103.21,1,0,0
153,5,868.78,562.10,27.01,11.24,1,0,0
154,1,0.86,501.79,410.37,90.30,1,0,0
154,5,868.88,549.48,27.34,11.61,1,0,0
155,1,1.11,527.38,402.23,73.23,1,0,0
155,5,865.81,548.41,27.18,11.82,1,0,0
156,1,1.09,547.62,396.45,74.73,1,0,0
156,5,864.46,565.74,28.06,12.43,1,0,0
157,1,0.75,536.32,385.25,73.68,1,0,0
157,5,859.62,559.83,27.30,11.82,1,0,0
158,1,0.17,527.88,377.12,70.72,1,0,0
158,5,855.39,549.25,27.72,11.17,1,0,0
159,1,1.47,533.88,380.63,68.16,1,0,0
159,5,863.70,558.50,27.73,11.74,1,0,0
160,1,0.73,536.81,385.81,69.24,1,0,0
160,5,869.96,563.55,27.76,11.64,1,0,0
161,1,0.50,529.06,379.17,71.63,1,0,0
161,5,869.23,549.81,27.27,11.52,1,0,0
162,1,0.68,529.06,367.75,79.29,1,0,0
162,5,867.29,544.45,27.34,12.19,1,0,0
163,1,0.77,551.51,366.27,75.30,1,0,0
163,5,867.99,568.35,27.88,12.09,1,0,0
164,1,0.53,527.42,359.07,67.06,1,0,0
164,5,867.10,553.35,26.57,11.88,1,0,0
165,1,0.67,512.54,357.32,66.41,1,0,0
165,5,867.63,539.47,27.17,11.39,1,0,0
166,1,0.43,526.35,352.16,70.63,1,0,0
166,5,868.80,550.73,27.52,11.50,1,0,0
167,1,0.49,547.36,344.29,74.04,1,0,0
167,5,866.92,568.36,27.57,11.66,1,0,0
168,1,0.21,538.64,330.49,76.36,1,0,0
168,5,860.23,556.13,27.33,11.89,1,0,0
169,1,0.08,538.66,318.87,76.73,1,0,0
169,5,856.19,556.66,29.20,11.78,1,0,0
170,1,0.34,542.16,319.30,72.68,1,0,0
170,5,860.43,565.82,28.28,12.35,1,0,0
171,1,0.18,534.58,310.72,72.84,1,0,0
171,5,857.48,560.66,27.86,11.83,1,0,0
172,1,0.49,532.05,295.55,74.97,1,0,0
172,5,852.72,556.15,28.00,11.69,1,0,0
173,1,0.31,540.54,291.02,72.25,1,0,0
173,5,851.52,566.69,27.97,12.55,1,0,0
174,1,0.42,547.03,288.30,72.58,1,0,0
174,5,852.70,574.02,28.50,11.73,1,0,0
175,1,0.34,525.48,277.64,76.43,1,0,0
175,5,851.78,545.15,27.53,11.79,1,0,0
176,1,0.50,525.44,262.43,79.66,1,0,0
176,5,845.18,540.63,29.30,12.36,1,0,0
177,1,0.49,548.02,252.45,75.65,1,0,0
177,5,842.48,570.03,28.59,12.36,1,0,0
178,1,0.40,543.07,251.01,70.67,1,0,0
178,5,847.75,575.38,26.70,12.22,1,0,0
179,1,0.00,512.94,254.54,72.50,1,0,0
179,5,854.35,540.74,27.63,12.25,1,0,0
180,1,0.15,511.17,251.58,78.20,1,0,0
180,5,855.11,533.03,28.90,11.62,1,0,0
181,1,0.48,536.38,235.99,78.76,1,0,0
182,1,0.54,549.40,226.42,78.58,1,0,0
182,5,848.29,574.89,28.45,12.10,1,0,0
183,1,0.56,524.98,222.71,71.52,1,0,0
183,5,853.23,554.77,28.04,12.10,1,0,0
184,1,0.41,530.02,215.74,76.71,1,0,0
184,5,853.79,554.73,29.16,12.49,1,0,0
185,1,0.39,553.81,209.06,81.66,1,0,0
185,5,852.12,571.11,29.49,12.16,1,0,0
186,1,0.59,533.23,198.36,79.21,1,0,0
186,5,853.04,555.65,28.17,12.07,1,0,0
187,1,0.26,512.55,185.54,75.57,1,0,0
187,5,848.35,546.63,28.91,12.30,1,0,0
188,1,0.39,534.00,174.14,75.47,1,0,0
188,5,845.36,566.73,29.21,12.59,1,0,0
189,1,0.44,539.71,173.36,76.75,1,0,0
189,5,850.76,568.48,28.11,12.23,1,0,0
190,1,0.43,527.32,163.24,81.27,1,0,0
190,5,848.16,549.88,30.11,11.93,1,0,0
191,1,0.48,541.88,147.77,80.71,1,0,0
191,5,845.29,561.49,29.11,12.11,1,0,0
192,1,0.50,539.21,137.77,76.55,1,0,0
192,5,844.81,565.83,29.82,12.65,1,0,0
193,1,0.40,514.74,125.29,76.31,1,0,0
193,5,841.90,547.66,29.41,12.18,1,0,0
194,1,0.48,539.09,107.88,78.46,1,0,0
194,5,837.11,567.31,29.82,12.78,1,0,0
195,1,0.20,550.55,102.17,80.75,1,0,0
195,5,837.91,575.54,29.92,12.09,1,0,0
196,1,0.54,516.37,86.14,78.17,1,0,0
196,5,838.33,545.87,29.63,12.31,1,0,0
197,1,0.65,522.15,70.62,77.79,1,0,0
197,5,835.23,550.49,29.61,12.55,1,0,0
198,1,0.42,550.21,64.62,79.98,1,0,0
198,5,834.96,579.14,30.30,12.25,1,0,0
199,1,0.38,526.05,46.37,76.92,1,0,0
199,5,833.39,557.50,28.62,12.43,1,0,0
200,1,0.17,524.48,35.67,79.29,1,0,0
200,5,832.24,554.49,31.32,13.04,1,0,0
201,1,0.16,548.82,21.68,73.35,1,0,0
201,5,830.23,575.97,32.36,12.62,1,0,0
202,5,830.45,549.01,29.42,12.10,1,0,0
203,5,828.80,548.19,30.26,12.58,1,0,0
204,5,828.21,564.36,30.09,12.76,1,0,0
205,5,824.46,559.69,30.30,12.35,1,0,0
206,5,826.34,557.78,30.78,12.20,1,0,0
207,5,834.12,560.32,31.38,12.46,1,0,0
208,5,839.35,551.43,30.43,12.07,1,0,0
209,5,842.15,559.17,30.73,12.48,1,0,0
210,5,845.37,570.90,30.95,12.58,1,0,0
211,5,842.77,553.33,30.48,12.60,1,0,0
212,5,840.99,545.98,31.14,12.44,1,0,0
213,5,838.90,554.95,31.26,12.23,1,0,0
214,5,833.47,556.61,31.39,12.63,1,0,0
215,5,830.63,557.96,31.71,12.30,1,0,0
216,5,837.97,563.89,31.64,12.77,1,0,0
217,5,848.99,545.90,30.78,12.36,1,0,0
218,5,852.00,561.99,31.80,12.83,1,0,0
219,5,856.87,583.11,31.02,12.62,1,0,0
220,5,859.02,580.00,31.09,13.13,1,0,0
221,5,857.71,542.96,31.90,13.03,1,0,0
222,5,857.97,553.02,31.33,12.96,1,0,0
223,5,855.11,575.52,31.56,12.64,1,0,0
224,5,848.45,556.29,31.13,12.63,1,0,0
225,5,848.68,548.89,31.35,12.33,1,0,0
226,5,851.65,555.59,32.54,12.70,1,0,0
227,5,853.89,555.15,32.01,12.56,1,0,0
228,5,854.20,557.17,32.04,12.68,1,0,0
229,5,857.15,568.20,32.35,12.60,1,0,0
230,5,859.40,563.72,32.34,12.56,1,0,0
231,5,861.58,566.79,32.53,12.96,1,0,0
232,5,861.64,546.29,31.50,12.56,1,0,0
233,5,861.66,557.66,32.45,12.12,1,0,0
234,5,859.09,570.11,32.05,12.63,1,0,0
235,5,856.68,564.37,32.11,12.92,1,0,0
236,5,854.21,547.43,32.24,12.90,1,0,0
237,5,854.52,542.70,33.22,12.97,1,0,0
238,5,863.79,563.19,32.55,12.75,1,0,0
239,5,868.47,571.26,32.99,12.84,1,0,0
240,5,871.06,562.15,33.10,12.38,1,0,0
241,5,872.01,557.56,33.34,12.58,1,0,0
242,5,871.14,546.72,33.33,13.00,1,0,0
243,5,867.06,555.82,33.42,13.00,1,0,0
244,5,862.64,565.84,33.15,13.17,1,0,0
245,5,858.94,552.17,33.88,13.06,1,0,0
246,5,857.83,556.32,34.51,13.57,1,0,0
247,5,861.34,548.48,33.24,12.96,1,0,0
248,5,863.37,562.95,33.83,13.23,1,0,0
249,5,866.41,584.60,33.70,13.10,1,0,0
250,5,866.28,548.50,32.55,12.41,1,0,0
251,5,862.87,550.88,34.26,12.83,1,0,0
252,5,866.31,585.35,33.72,13.05,1,0,0
253,5,869.18,542.73,33.36,13.12,1,0,0
254,5,868.78,551.25,33.96,13.47,1,0,0
255,5,872.74,569.24,34.26,13.05,1,0,0
256,5,879.21,552.33,33.42,13.11,1,0,0
257,5,887.72,556.39,34.33,12.72,1,0,0
258,5,896.31,562.53,34.36,13.06,1,0,0
259,5,903.79,544.47,34.11,13.25,1,0,0
260,5,909.06,554.44,35.01,13.38,1,0,0
261,5,907.91,570.64,35.08,13.29,1,0,0
262,5,905.81,543.76,34.36,12.94,1,0,0
263,5,904.95,556.42,36.18,13.10,1,0,0
264,5,904.11,568.12,34.84,12.96,1,0,0
265,5,896.38,540.48,35.11,13.14,1,0,0
266,5,885.15,558.13,35.27,13.28,1,0,0
267,5,883.17,566.66,35.39,13.72,1,0,0
268,5,881.48,558.73,35.32,13.14,1,0,0
269,5,873.84,546.82,36.10,13.31,1,0,0
270,5,865.17,554.45,35.45,13.47,1,0,0
271,5,856.37,562.23,36.03,13.46,1,0,0
272,5,856.59,549.61,35.27,13.16,1,0,0
273,5,850.76,549.16,36.37,13.50,1,0,0
274,5,843.12,550.17,35.88,13.12,1,0,0
275,5,839.26,561.83,35.96,13.48,1,0,0
276,5,839.60,562.92,37.04,13.79,1,0,0
277,5,839.12,543.58,36.55,13.61,1,0,0
278,5,840.60,555.65,36.33,13.85,1,0,0
279,5,848.15,557.42,36.98,13.66,1,0,0
280,5,850.22,561.94,36.39,13.99,1,0,0
281,5,851.83,566.61,37.02,14.05,1,0,0
282,5,851.55,542.92,36.39,13.67,1,0,0
283,5,846.07,549.34,36.59,13.75,1,0,0
284,5,844.53,563.74,36.81,13.83,1,0,0
285,5,850.69,556.84,36.80,13.88,1,0,0
286,5,852.42,552.10,37.32,13.83,1,0,0
287,5,857.25,561.49,37.98,14.01,1,0,0
288,5,869.30,551.07,36.99,13.25,1,0,0
289,5,882.93,560.74,37.29,13.66,1,0,0
290,5,889.18,571.87,37.65,13.59,1,0,0
291,5,890.25,551.92,36.96,13.69,1,0,0
292,5,890.76,554.51,37.57,13.54,1,0,0
293,5,891.08,562.66,38.02,14.10,1,0,0
294,5,885.98,556.95,38.11,13.88,1,0,0
295,5,884.20,561.38,38.19,14.08,1,0,0
296,5,885.71,553.57,38.28,13.83,1,0,0
297,5,881.12,551.73,38.58,13.74,1,0,0
298,5,875.80,550.98,38.46,13.94,1,0,0
299,5,880.28,568.93,38.99,14.26,1,0,0
300,5,886.71,562.73,37.86,13.78,1,0,0
301,5,889.25,548.34,38.48,13.94,1,0,0
302,5,890.68,548.50,39.09,14.07,1,0,0
303,5,889.99,550.95,38.72,13.97,1,0,0
304,5,886.92,562.86,39.08,14.48,1,0,0
305,5,891.41,562.30,38.87,14.32,1,0,0
306,5,900.89,553.93,40.09,14.55,1,0,0
307,5,908.61,554.09,40.33,14.24,1,0,0
308,5,911.59,553.71,40.22,14.20,1,0,0
309,5,910.14,560.75,39.94,14.67,1,0,0
310,5,908.33,557.25,40.07,14.46,1,0,0
311,5,910.18,554.92,40.68,14.33,1,0,0
312,5,909.18,555.08,40.33,14.42,1,0,0
313,5,904.83,558.69,40.44,14.59,1,0,0
314,5,899.23,534.78,41.27,14.67,1,0,0
315,5,890.21,553.30,40.80,14.92,1,0,0
316,5,888.98,580.97,40.70,14.47,1,0,0
317,5,898.51,557.14,39.29,14.18,1,0,0
318,5,896.68,526.67,40.79,14.53,1,0,0
319,5,886.28,565.93,41.80,15.17,1,0,0
320,5,885.13,586.75,41.59,14.90,1,0,0
321,5,883.45,542.54,40.17,14.41,1,0,0
322,5,880.51,567.47,43.12,14.69,1,0,0
323,5,881.60,572.85,41.47,14.78,1,0,0
324,5,878.42,549.73,41.19,14.36,1,0,0
325,5,877.22,549.08,41.62,14.73,1,0,0
326,5,876.68,563.38,41.55,15.69,1,0,0
327,5,875.37,569.16,42.36,15.24,1,0,0
328,5,881.43,555.34,41.97,14.67,1,0,0
329,5,885.23,541.25,42.56,15.16,1,0,0
330,5,887.44,551.19,42.60,15.43,1,0,0
331,5,897.80,543.62,42.62,15.34,1,0,0
332,5,901.50,567.23,42.38,15.18,1,0,0
333,5,897.71,575.13,42.60,15.18,1,0,0
334,5,896.22,533.10,42.51,14.81,1,0,0
335,5,894.79,543.50,43.49,15.58,1,0,0
336,5,891.33,577.77,43.38,15.04,1,0,0
337,5,887.29,559.02,42.68,14.95,1,0,0
338,5,886.28,537.27,43.48,15.05,1,0,0
339,5,885.85,573.11,43.44,15.43,1,0,0
340,5,880.51,590.76,44.04,15.40,1,0,0
341,5,875.30,553.57,43.26,15.28,1,0,0
342,5,879.35,554.41,43.99,15.13,1,0,0
343,5,882.97,558.86,44.20,15.52,1,0,0
344,5,882.46,552.40,44.74,15.47,1,0,0
345,5,882.55,578.93,44.39,15.58,1,0,0
346,5,879.26,569.18,43.88,15.34,1,0,0
347,5,875.60,536.94,43.76,14.87,1,0,0
348,5,879.57,548.51,44.75,15.46,1,0,0
349,5,884.97,564.62,44.24,15.52,1,0,0
350,5,888.91,563.81,45.82,15.92,1,0,0
351,5,896.62,562.47,45.48,15.48,1,0,0
352,5,902.13,547.84,44.80,15.40,1,0,0
353,5,902.57,552.53,44.70,15.76,1,0,0
354,5,910.34,569.62,46.09,15.76,1,0,0
355,5,915.22,559.44,45.35,15.77,1,0,0
356,5,913.87,544.65,45.46,15.88,1,0,0
357,5,917.13,561.08,45.57,15.97,1,0,0
358,5,917.53,565.49,46.14,16.21,1,0,0
359,5,913.75,554.79,46.24,15.78,1,0,0
360,5,915.33,559.65,47.05,16.17,1,0,0
361,5,916.66,561.93,46.66,16.04,1,0,0
362,5,913.47,556.89,46.83,15.77,1,0,0
363,5,908.87,549.19,47.38,15.76,1,0,0
364,5,908.83,551.97,46.93,16.25,1,0,0
365,5,918.25,566.24,47.60,16.47,1,0,0
366,5,921.11,569.52,48.09,16.58,1,0,0
367,5,913.80,547.82,46.99,16.08,1,0,0
368,5,910.37,551.54,47.63,16.86,1,0,0
369,5,910.27,564.30,48.18,16.60,1,0,0
370,5,907.29,554.94,47.86,16.46,1,0,0
371,5,907.37,561.49,48.50,16.74,1,0,0
372,5,900.35,564.36,49.66,16.52,1,0,0
373,5,895.97,550.99,49.26,16.82,1,0,0
374,5,900.87,565.24,48.68,17.02,1,0,0
375,5,901.08,566.25,49.85,17.02,1,0,0
376,5,897.72,553.02,49.99,16.54,1,0,0
377,5,898.71,551.92,50.27,16.79,1,0,0
378,5,895.22,553.10,50.89,16.92,1,0,0
379,5,888.00,559.82,50.26,16.64,1,0,0
380,5,885.89,560.34,50.27,16.64,1,0,0
381,5,882.39,537.28,50.82,16.46,1,0,0
382,5,877.54,562.05,49.60,16.43,1,0,0
383,5,870.92,555.33,50.21,16.58,1,0,0
384,5,873.32,550.20,50.63,17.38,1,0,0
385,5,880.33,577.87,51.12,16.87,1,0,0
386,5,886.46,570.93,50.83,16.42,1,0,0
387,5,888.92,556.27,51.19,16.56,1,0,0
388,5,888.49,552.80,52.36,16.85,1,0,0
389,5,891.43,560.86,51.48,16.89,1,0,0
390,5,896.83,569.46,53.00,17.38,1,0,0
391,5,896.12,554.75,51.70,16.81,1,0,0
392,5,890.63,543.53,53.12,17.15,1,0,0
393,5,895.29,557.56,52.44,17.39,1,0,0
394,5,893.69,562.50,54.12,17.85,1,0,0
395,5,893.20,545.50,53.08,17.49,1,0,0
396,5,897.00,549.76,53.65,17.73,1,0,0
397,5,897.37,553.91,54.43,17.54,1,0,0
398,5,895.00,549.59,54.32,17.92,1,0,0
399,5,890.47,554.77,54.36,17.83,1,0,0
400,5,893.66,566.44,55.31,17.81,1,0,0
401,5,900.40,555.31,53.90,17.37,1,0,0
402,5,902.21,545.00,54.88,17.65,1,0,0
403,5,897.90,568.43,54.66,17.28,1,0,0
404,5,895.73,572.78,55.77,17.71,1,0,0
405,5,899.90,558.13,55.36,17.21,1,0,0
406,5,903.61,551.75,55.28,17.80,1,0,0
407,5,907.99,564.16,56.67,18.04,1,0,0
408,5,912.46,556.76,55.77,17.69,1,0,0
409,5,908.12,535.02,56.26,17.99,1,0,0
410,5,905.90,563.79,56.50,17.82,1,0,0
411,5,908.99,575.12,57.68,17.97,1,0,0
412,5,913.62,554.68,56.45,18.14,1,0,0
413,5,912.58,534.20,57.66,18.50,1,0,0
414,5,916.39,550.83,56.91,18.40,1,0,0
415,5,916.21,559.80,58.36,18.71,1,0,0
416,5,910.87,554.99,58.44,18.60,1,0,0
417,5,916.05,550.12,59.04,18.99,1,0,0
418,5,921.89,552.87,58.99,18.74,1,0,0
419,5,929.09,564.23,58.74,19.07,1,0,0
420,5,935.72,575.89,59.83,18.65,1,0,0
421,5,936.73,548.67,58.24,18.78,1,0,0
422,5,934.44,546.23,58.86,19.54,1,0,0
423,5,937.30,572.94,59.23,19.29,1,0,0
424,5,940.48,539.46,58.34,18.70,1,0,0
425,5,937.16,524.63,59.22,20.32,1,0,0
426,5,938.08,576.61,59.28,19.32,1,0,0
427,5,938.80,577.65,60.37,19.21,1,0,0
428,5,935.46,533.76,60.22,19.17,1,0,0
429,5,934.59,547.38,60.29,19.77,1,0,0
430,5,932.67,561.53,61.40,19.37,1,0,0
431,5,925.95,549.36,60.64,19.35,1,0,0
432,5,926.68,553.76,60.30,19.21,1,0,0
433,5,933.41,562.61,62.08,19.46,1,0,0
434,5,938.41,543.16,61.05,18.82,1,0,0
435,5,939.19,556.12,60.89,19.29,1,0,0
436,5,935.43,568.72,62.70,19.50,1,0,0
437,5,937.05,550.76,61.29,19.38,1,0,0
438,5,940.22,524.60,62.93,20.05,1,0,0
439,5,942.50,564.62,61.89,19.97,1,0,0
440,5,948.76,581.57,62.03,19.42,1,0,0
441,5,949.40,529.26,61.51,19.24,1,0,0
442,5,948.73,543.47,62.42,20.09,1,0,0
443,5,951.92,569.72,62.23,19.85,1,0,0
444,5,947.98,552.01,62.89,19.85,1,0,0
445,5,944.94,543.78,63.91,19.82,1,0,0
446,5,948.96,558.53,63.31,20.33,1,0,0
447,5,952.38,564.07,64.91,20.54,1,0,0
448,5,954.03,549.45,64.34,19.76,1,0,0
449,5,949.94,548.05,64.75,20.25,1,0,0
450,5,947.16,551.83,65.52,20.33,1,0,0
451,5,955.17,553.40,66.15,20.72,1,0,0
452,5,957.38,553.74,65.91,20.10,1,0,0
453,5,950.96,542.55,64.26,19.37,1,0,0
454,5,949.48,539.10,64.32,20.47,1,0,0
455,5,953.24,556.20,65.40,19.70,1,0,0
456,5,949.26,551.80,66.28,20.40,1,0,0
457,5,947.97,554.86,66.89,20.13,1,0,0
458,5,953.34,561.95,67.85,20.29,1,0,0
459,5,952.82,540.33,66.19,20.17,1,0,0
460,5,946.29,548.72,67.18,20.58,1,0,0
461,5,944.71,561.61,67.18,21.30,1,0,0
462,5,943.19,566.62,69.25,21.03,1,0,0
463,5,936.14,553.31,67.60,20.70,1,0,0
464,5,929.61,553.87,69.23,20.66,1,0,0
465,5,929.57,559.17,69.68,21.18,1,0,0
466,5,926.56,557.72,69.75,20.92,1,0,0
467,5,922.93,551.78,70.17,20.79,1,0,0
468,5,925.50,553.14,71.35,21.13,1,0,0
469,5,930.68,548.98,71.05,21.55,1,0,0
470,5,934.70,539.29,70.82,21.45,1,0,0
471,5,936.99,552.57,69.98,20.88,1,0,0
472,5,939.48,555.03,71.70,21.05,1,0,0
473,5,939.53,542.01,71.47,20.89,1,0,0
474,5,933.02,540.33,72.70,21.72,1,0,0
475,5,933.24,566.43,71.56,20.99,1,0,0
476,5,945.50,561.74,71.91,20.08,1,0,0
477,5,949.22,533.87,74.02,21.76,1,0,0
478,5,949.39,540.28,73.60,21.75,1,0,0
479,5,953.79,556.28,73.07,21.46,1,0,0
480,5,961.19,560.00,75.86,22.33,1,0,0
481,5,964.55,551.22,75.36,22.04,1,0,0
482,5,968.85,556.01,74.54,21.68,1,0,0
483,5,971.25,550.03,74.42,21.80,1,0,0
484,5,967.14,529.75,76.24,22.04,1,0,0
485,5,970.17,570.28,75.94,21.86,1,0,0
486,5,974.15,584.87,76.62,21.62,1,0,0
487,5,975.63,524.37,75.64,22.14,1,0,0
488,5,976.49,536.62,76.55,22.75,1,0,0
489,5,973.79,554.97,78.22,22.39,1,0,0
490,5,971.09,555.25,78.93,22.51,1,0,0
491,5,974.00,551.51,80.80,23.54,1,0,0
492,5,984.76,530.24,78.40,21.69,1,0,0
493,5,988.77,544.90,79.18,22.92,1,0,0
494,5,994.08,571.59,80.76,22.81,1,0,0
495,5,996.68,558.89,79.33,22.30,1,0,0
496,5,997.20,524.74,80.16,22.51,1,0,0
497,5,999.95,536.08,80.62,24.23,1,0,0
498,5,1002.04,568.23,81.32,22.99,1,0,0
499,5,1002.18,573.59,83.41,23.83,1,0,0
500,5,1000.19,542.42,82.64,23.02,1,0,0
