1,1,454.15,517.84,116.85,24.12,1,0,0
1,2,632.31,510.47,36.35,27.22,1,0,0
1,3,363.36,521.97,77.76,21.97,1,0,0
1,4,197.38,527.16,72.59,21.57,1,0,0
1,5,1738.27,497.84,12.53,19.42,1,3,0
1,6,860.37,514.08,45.55,18.07,1,0,0
1,7,1647.68,502.97,9.07,14.68,1,3,0
2,1,503.62,531.91,115.29,26.55,1,0,0
2,2,679.42,521.69,35.95,26.85,1,0,0
2,3,411.01,542.82,81.18,21.56,1,0,0
2,4,249.88,551.72,73.64,22.07,1,0,0
2,5,1790.83,469.52,12.67,19.37,1,3,0
2,6,905.27,517.03,50.12,17.79,1,0,0
2,7,1698.60,477.48,9.44,14.94,1,3,0
3,1,585.61,533.02,113.35,27.57,1,0,0
3,2,757.34,520.40,36.20,27.25,1,0,0
3,3,495.82,546.82,78.91,22.13,1,0,0
3,4,337.05,557.91,72.29,22.27,1,0,0
3,5,1884.26,447.05,12.90,19.37,1,3,0
3,6,982.46,513.27,47.52,15.40,1,0,0
3,7,1787.51,456.75,9.72,15.04,1,3,0
4,1,627.60,528.06,111.99,25.45,1,0,0
4,2,798.47,514.94,35.83,27.25,1,0,0
4,3,538.40,539.40,78.81,21.75,1,0,0
4,4,382.30,549.16,70.49,21.95,1,0,0
4,6,1024.55,509.03,53.03,16.35,1,0,0
4,7,1835.78,456.21,10.27,17.33,1,3,0
5,1,677.09,517.23,111.62,24.06,1,0,0
5,2,847.87,506.73,35.88,27.62,1,0,0
5,3,589.82,523.63,76.93,21.85,1,0,0
5,4,433.98,530.49,71.56,21.14,1,0,0
5,6,1073.39,508.09,51.96,15.28,1,0,0
5,7,1897.18,478.26,10.27,16.28,1,3,0
5,9,1010.27,523.18,17.86,7.75,1,2,0
6,1,713.62,507.86,113.44,23.81,1,0,0
6,2,885.04,501.18,34.76,26.82,1,0,0
6,3,627.60,510.73,77.10,21.74,1,0,0
6,4,475.05,512.28,67.68,21.61,1,0,0
6,6,1109.61,509.42,44.59,15.14,1,0,0
7,1,749.18,502.52,112.40,22.69,1,0,0
7,2,918.94,497.69,35.10,27.46,1,0,0
7,3,663.86,500.40,75.16,21.81,1,0,0
7,4,511.33,498.07,69.16,21.34,1,0,0
7,6,1145.14,513.66,49.69,13.85,1,0,0
7,9,1082.96,522.87,18.57,7.37,1,2,0
8,1,790.05,502.04,110.69,22.62,1,0,0
8,2,958.87,497.51,34.90,28.16,1,0,0
8,3,704.93,498.55,73.71,21.41,1,0,0
8,4,553.05,494.53,70.61,21.31,1,0,0
8,6,1184.81,514.82,52.21,14.39,1,0,0
8,9,1123.72,523.84,20.36,7.69,1,2,0
9,1,819.60,505.04,111.56,21.79,1,0,0
9,2,990.53,498.83,34.31,27.90,1,0,0
9,3,736.08,504.03,73.83,21.00,1,0,0
9,4,585.82,500.87,69.56,21.63,1,0,0
9,6,1214.68,512.01,48.22,15.58,1,0,0
9,9,1154.28,523.89,17.77,7.51,1,2,0
10,1,858.03,508.77,110.64,23.04,1,0,0
10,2,1027.70,500.09,34.02,27.71,1,0,0
10,3,773.86,512.83,73.38,20.46,1,0,0
10,4,623.06,513.51,70.12,21.60,1,0,0
10,6,1253.16,507.86,46.43,15.64,1,0,0
10,10,14.17,494.37,41.15,75.35,1,3,0
11,1,894.47,513.08,109.93,23.83,1,0,0
11,2,1062.45,501.00,35.16,27.90,1,0,0
11,3,809.55,521.78,74.65,18.96,1,0,0
11,4,659.28,525.50,70.37,21.36,1,0,0
11,6,1290.13,501.61,46.81,16.09,1,0,0
11,10,50.12,522.25,41.72,76.27,1,3,0
11,9,1231.18,516.26,23.26,9.23,1,2,0
12,1,935.40,513.37,112.76,24.83,1,0,0
12,2,1103.97,498.51,35.42,28.31,1,0,0
12,3,851.26,526.30,75.04,19.43,1,0,0
12,4,703.77,533.86,70.38,21.38,1,0,0
12,6,1333.19,494.30,51.20,15.26,1,0,0
12,10,94.23,548.10,41.19,75.40,1,3,0
12,9,1273.22,510.71,23.28,8.84,1,2,0
13,1,974.49,510.94,112.69,25.31,1,0,0
13,2,1143.27,496.79,35.48,27.83,1,0,0
13,3,890.68,524.21,73.56,19.70,1,0,0
13,4,741.99,532.21,71.89,21.45,1,0,0
13,6,1374.55,491.23,47.41,16.15,1,0,0
13,10,133.41,546.61,40.40,75.53,1,3,0
14,1,1007.29,509.70,112.10,23.93,1,0,0
14,2,1176.18,498.62,35.57,27.39,1,0,0
14,3,923.22,519.08,73.80,19.88,1,0,0
14,4,774.81,524.07,70.56,20.99,1,0,0
14,6,1407.86,498.40,51.25,16.75,1,0,0
14,10,163.19,521.61,40.68,74.95,1,3,0
14,9,1349.68,514.33,17.72,8.48,1,2,0
15,1,1034.58,511.98,112.17,22.93,1,0,0
15,2,1204.99,505.25,36.06,27.59,1,0,0
15,3,952.82,513.43,71.31,20.45,1,0,0
15,4,803.58,512.55,70.26,21.85,1,0,0
15,6,1437.96,515.32,40.62,17.40,1,0,0
15,10,188.43,478.53,42.00,78.35,1,3,0
15,9,1379.27,528.88,16.51,7.47,1,2,0
16,1,1085.07,520.58,110.40,23.66,1,0,0
16,2,1255.45,521.18,36.40,27.55,1,0,0
16,3,1002.14,512.94,71.61,23.16,1,0,0
16,4,851.97,503.93,70.66,21.12,1,0,0
16,6,1489.78,544.79,51.20,18.91,1,0,0
16,10,241.95,432.48,40.26,74.53,1,3,0
17,1,1135.10,523.59,109.67,24.06,1,0,0
17,2,1306.49,523.78,35.99,27.69,1,0,0
17,3,1050.58,518.02,72.45,21.94,1,0,0
17,4,900.46,508.93,71.59,21.20,1,0,0
17,6,1542.63,546.21,45.43,18.55,1,0,0
17,10,293.07,443.06,39.98,73.61,1,3,0
18,1,1191.42,511.38,107.62,23.19,1,0,0
18,2,1360.24,501.97,37.29,27.03,1,0,0
18,3,1103.47,517.28,73.61,21.08,1,0,0
18,4,954.51,521.20,69.88,21.28,1,0,0
18,6,1601.78,502.60,45.39,17.85,1,0,0
18,10,345.56,510.09,38.77,75.51,1,3,0
18,9,1544.75,519.38,18.40,8.13,1,2,0
19,1,1230.48,494.26,108.93,27.77,1,0,0
19,2,1401.85,476.36,35.57,28.01,1,0,0
19,3,1143.48,510.57,74.32,22.47,1,0,0
19,4,997.24,524.51,69.54,21.86,1,0,0
19,6,1644.95,458.23,62.43,18.83,1,0,0
19,10,390.86,561.83,37.88,74.77,1,3,0
19,9,1589.87,480.04,18.42,8.18,1,2,0
20,1,1267.41,484.82,109.51,29.80,1,0,0
20,2,1439.45,465.85,35.29,28.25,1,0,0
20,3,1180.29,504.92,73.64,22.05,1,0,0
20,4,1032.84,522.09,70.19,21.91,1,0,0
20,6,1683.63,442.44,63.26,19.27,1,0,0
20,10,428.03,571.38,37.65,74.90,1,3,0
20,9,1629.17,464.70,18.14,9.23,1,2,0
21,1,1307.27,490.46,111.81,27.74,1,0,0
21,2,1481.53,476.38,35.97,27.44,1,0,0
21,3,1221.02,507.85,72.73,20.05,1,0,0
21,4,1071.89,519.29,70.32,21.63,1,0,0
21,6,1730.14,461.00,62.08,19.29,1,0,0
21,10,462.80,549.05,37.91,72.94,1,3,0
21,9,1674.82,482.21,18.26,8.29,1,2,0
22,1,1355.39,523.77,114.81,23.89,1,0,0
22,2,1533.38,519.55,37.10,27.50,1,0,0
22,3,1268.94,527.11,72.95,20.72,1,0,0
22,4,1119.18,526.47,68.60,20.95,1,0,0
22,6,1786.41,527.35,46.77,19.43,1,0,0
22,10,505.84,495.92,37.93,74.48,1,3,0
22,9,1729.74,542.20,19.40,8.60,1,2,0
23,1,1393.28,556.04,114.64,24.32,1,0,0
23,2,1573.81,559.27,36.41,27.32,1,0,0
23,3,1305.02,547.49,74.00,23.28,1,0,0
23,4,1155.93,538.42,69.96,20.53,1,0,0
23,6,1828.03,583.95,63.48,21.96,1,0,0
23,10,543.74,461.93,37.21,73.34,1,3,0
23,9,1772.26,595.56,20.77,8.48,1,2,0
24,1,1414.70,558.85,115.70,24.69,1,0,0
24,2,1597.02,561.71,37.58,27.68,1,0,0
24,3,1327.57,548.24,74.52,25.06,1,0,0
24,4,1179.70,540.11,69.71,20.91,1,0,0
24,6,1856.39,587.94,58.69,21.66,1,0,0
24,10,563.43,464.10,37.88,72.85,1,3,0
24,9,1798.29,598.49,18.76,8.60,1,2,0
25,1,1431.71,545.07,114.98,23.76,1,0,0
25,2,1614.14,544.01,38.05,27.85,1,0,0
25,3,1344.08,539.83,74.63,22.69,1,0,0
25,4,1193.54,534.85,69.08,20.95,1,0,0
25,6,1874.26,562.04,45.74,20.93,1,0,0
25,10,575.95,481.11,37.42,71.55,1,3,0
25,9,1820.04,574.77,17.57,8.70,1,2,0
26,1,1463.73,507.96,116.59,25.16,1,0,0
26,2,1647.81,499.34,38.54,27.59,1,0,0
26,3,1373.92,515.18,77.83,21.70,1,0,0
26,4,1223.26,519.70,69.48,21.33,1,0,0
26,10,604.67,515.30,36.10,70.93,1,3,0
26,9,1858.26,516.44,17.29,7.86,1,2,0
27,1,1498.86,484.55,115.87,26.89,1,0,0
27,2,1684.09,470.41,38.58,28.14,1,0,0
27,3,1408.81,498.50,76.79,21.26,1,0,0
27,4,1257.68,508.53,69.11,21.26,1,0,0
27,10,637.30,529.78,36.29,71.35,1,3,0
27,9,1898.61,476.46,20.62,9.21,1,2,0
28,1,1580.59,489.34,120.71,25.79,1,0,0
28,2,1770.35,478.14,40.30,28.24,1,0,0
28,3,1488.27,499.88,78.88,21.58,1,0,0
28,4,1332.07,508.38,70.82,21.18,1,0,0
28,10,708.76,514.35,37.04,72.33,1,3,0
29,1,1662.31,520.75,124.18,23.60,1,0,0
29,2,1859.62,513.94,38.60,28.64,1,0,0
29,3,1569.03,521.62,80.42,21.88,1,0,0
29,4,1411.94,522.61,68.62,21.30,1,0,0
29,10,780.25,496.33,36.94,70.95,1,3,0
30,1,1731.25,536.36,126.19,23.55,1,0,0
30,3,1635.01,533.12,81.91,22.36,1,0,0
30,4,1476.61,531.83,69.27,20.76,1,0,0
30,10,838.33,491.34,37.26,71.02,1,3,0
31,1,1795.95,515.04,124.05,24.57,1,0,0
31,3,1697.88,516.27,84.03,23.05,1,0,0
31,4,1537.59,518.61,69.83,21.53,1,0,0
31,10,892.92,495.80,35.87,72.01,1,3,0
32,1,1842.21,485.83,77.79,17.74,1,0,0
32,3,1742.08,486.29,86.79,22.65,1,0,0
32,4,1581.58,495.26,69.11,21.00,1,0,0
32,10,929.97,501.13,36.30,71.03,1,3,0
33,1,1897.52,470.38,22.48,11.78,1,0,0
33,3,1797.30,464.84,89.33,23.70,1,0,0
33,4,1633.92,477.48,70.72,22.41,1,0,0
33,10,975.42,499.93,36.16,70.70,1,3,0
34,3,1839.98,484.33,80.02,23.21,1,0,0
34,4,1673.37,493.48,71.03,21.61,1,0,0
34,10,1005.23,497.52,36.32,70.70,1,3,0
35,3,1864.94,506.92,55.06,22.75,1,0,0
35,4,1695.94,510.37,71.36,22.55,1,0,0
35,10,1024.32,496.73,36.57,71.29,1,3,0
36,3,1875.50,512.35,44.50,22.68,1,0,0
36,4,1706.41,514.93,72.45,22.33,1,0,0
36,10,1031.18,498.19,36.99,69.42,1,3,0
37,3,1878.58,501.24,41.42,23.02,1,0,0
37,4,1711.19,506.03,71.98,21.91,1,0,0
37,10,1032.83,492.84,37.83,75.33,1,3,0
38,3,1888.35,500.19,31.65,22.49,1,0,0
38,4,1720.42,504.26,72.68,22.24,1,0,0
38,10,1038.76,492.47,37.76,74.46,1,3,0
39,3,1892.94,509.64,27.06,22.77,1,0,0
39,4,1724.04,512.12,72.92,22.79,1,0,0
39,10,1039.92,491.19,38.12,75.58,1,3,0
40,3,1893.57,515.03,26.43,21.98,1,0,0
40,4,1723.00,516.59,73.02,22.63,1,0,0
40,10,1038.42,487.84,39.16,79.88,1,3,0
41,3,1888.93,512.06,31.07,22.73,1,0,0
41,4,1719.09,513.98,73.97,23.12,1,0,0
41,10,1033.39,485.97,38.79,82.53,1,3,0
42,3,1889.16,515.08,30.84,22.06,1,0,0
42,4,1718.56,516.22,74.30,22.77,1,0,0
42,10,1031.05,485.63,39.65,82.30,1,3,0
43,3,1888.68,511.13,31.32,21.72,1,0,0
43,4,1718.87,511.96,72.92,23.45,1,0,0
43,10,1027.74,486.41,40.38,82.02,1,3,0
44,3,1885.52,498.49,34.48,21.71,1,0,0
44,4,1716.93,502.08,73.04,22.50,1,0,0
44,10,1024.35,484.87,39.73,83.38,1,3,0
45,3,1885.10,491.97,34.90,22.11,1,0,0
45,4,1716.71,496.99,72.84,22.40,1,0,0
45,10,1022.35,483.31,40.27,84.18,1,3,0
46,3,1882.76,503.33,37.24,22.17,1,0,0
46,4,1713.29,507.33,73.28,22.19,1,0,0
46,10,1018.82,481.83,40.46,85.13,1,3,0
47,3,1872.85,527.10,47.15,23.08,1,0,0
47,4,1704.01,526.45,72.96,22.59,1,0,0
47,10,1008.09,480.68,41.46,84.80,1,3,0
48,3,1834.47,518.90,85.53,23.31,1,0,0
48,4,1668.07,520.52,72.24,22.41,1,0,0
48,10,974.39,480.53,41.31,85.52,1,3,0
49,3,1816.76,512.10,88.22,23.83,1,0,0
49,4,1651.14,514.97,71.69,22.53,1,0,0
49,10,957.63,481.62,42.15,85.79,1,3,0
50,3,1800.58,504.36,88.97,23.52,1,0,0
50,4,1635.17,509.81,72.39,21.70,1,0,0
50,10,943.55,482.02,41.19,86.92,1,3,0
51,3,1779.90,488.60,89.31,23.43,1,0,0
51,4,1615.80,497.49,70.91,22.02,1,0,0
51,10,925.66,487.10,41.41,86.62,1,3,0
51,11,1883.73,495.20,36.27,12.77,1,0,0
52,3,1754.85,475.43,89.15,23.63,1,0,0
52,4,1592.33,487.14,72.98,21.95,1,0,0
52,10,903.70,492.01,42.15,85.99,1,3,0
52,11,1858.41,476.11,61.59,15.51,1,0,0
53,3,1729.02,478.01,87.29,22.28,1,0,0
53,4,1566.64,487.68,73.31,22.66,1,0,0
53,10,878.14,492.58,41.82,86.54,1,3,0
53,11,1830.39,471.66,89.61,21.47,1,0,0
54,3,1716.58,508.35,86.03,22.72,1,0,0
54,4,1554.25,511.65,71.78,22.32,1,0,0
54,10,861.90,488.49,42.88,86.22,1,3,0
54,11,1817.00,506.19,103.00,22.48,1,0,0
55,3,1706.46,534.22,84.81,23.41,1,0,0
55,4,1547.17,533.43,69.69,21.56,1,0,0
55,10,851.43,480.90,42.64,87.32,1,3,0
55,11,1807.07,537.42,112.93,23.34,1,0,0
56,3,1685.28,541.51,84.42,23.24,1,0,0
56,4,1526.48,539.02,69.86,21.36,1,0,0
56,10,831.07,480.05,43.40,85.71,1,3,0
56,11,1783.56,546.80,132.36,23.40,1,0,0
57,3,1667.37,525.49,86.01,22.26,1,0,0
57,4,1509.35,524.77,71.29,22.37,1,0,0
57,10,814.55,483.61,43.60,88.24,1,3,0
57,11,1767.10,526.44,131.82,23.12,1,0,0
58,3,1651.18,501.61,84.27,21.80,1,0,0
58,4,1492.39,507.28,71.65,21.82,1,0,0
58,10,799.00,492.56,44.12,89.03,1,3,0
58,11,1749.21,495.54,130.05,24.20,1,0,0
59,3,1636.39,502.38,84.47,21.95,1,0,0
59,4,1478.72,508.57,71.31,21.21,1,0,0
59,10,784.67,492.94,45.06,88.93,1,3,0
59,11,1734.93,496.63,129.02,24.28,1,0,0
60,3,1628.41,512.00,84.05,21.88,1,0,0
60,4,1470.06,515.56,71.18,21.68,1,0,0
60,10,775.57,489.71,44.01,89.56,1,3,0
60,11,1725.37,508.25,129.75,24.08,1,0,0
61,3,1614.84,520.49,83.04,21.47,1,0,0
61,4,1456.87,521.25,71.59,22.04,1,0,0
61,10,761.63,487.65,45.03,88.80,1,3,0
61,11,1711.64,518.90,129.14,23.26,1,0,0
62,3,1602.72,514.90,83.51,22.22,1,0,0
62,4,1443.88,518.28,71.16,21.49,1,0,0
62,10,748.24,488.60,45.46,90.49,1,3,0
62,11,1699.05,512.22,128.27,24.19,1,0,0
63,3,1586.13,507.00,83.94,21.52,1,0,0
63,4,1428.57,512.36,69.62,21.45,1,0,0
63,10,731.39,494.40,45.13,91.25,1,3,0
63,11,1682.03,500.79,127.49,24.23,1,0,0
63,12,1880.04,491.35,39.96,28.41,1,0,0
64,3,1575.27,512.52,83.56,21.59,1,0,0
64,4,1417.90,516.42,70.90,21.64,1,0,0
64,10,719.44,492.20,45.80,90.75,1,3,0
64,11,1670.97,507.96,127.68,24.25,1,0,0
64,12,1869.54,499.86,40.75,27.93,1,0,0
65,3,1564.72,524.04,81.22,21.52,1,0,0
65,4,1406.59,523.14,71.45,22.62,1,0,0
65,10,708.06,485.03,46.15,91.24,1,3,0
65,11,1657.36,522.33,128.46,23.91,1,0,0
65,12,1857.33,515.36,42.06,29.16,1,0,0
66,3,1549.98,530.85,80.34,21.30,1,0,0
66,4,1392.55,527.91,72.50,22.57,1,0,0
66,10,693.68,481.04,46.07,90.78,1,3,0
66,11,1642.81,530.81,126.30,24.27,1,0,0
66,12,1840.31,526.82,41.67,28.52,1,0,0
67,3,1535.97,530.13,80.99,20.62,1,0,0
67,4,1380.44,527.30,71.45,22.24,1,0,0
67,10,679.76,480.71,46.21,91.59,1,3,0
67,11,1629.28,529.05,124.87,23.92,1,0,0
67,12,1825.00,524.11,41.37,28.74,1,0,0
68,3,1522.21,523.03,79.87,20.74,1,0,0
68,4,1365.56,523.40,70.51,21.87,1,0,0
68,10,665.78,483.84,46.55,93.39,1,3,0
68,11,1613.63,519.50,126.87,24.26,1,0,0
68,12,1809.03,513.58,40.50,28.18,1,0,0
69,3,1518.10,523.24,79.14,21.30,1,0,0
69,4,1360.81,524.18,70.62,21.67,1,0,0
69,10,661.78,484.02,47.11,92.97,1,3,0
69,11,1609.55,520.75,126.53,23.81,1,0,0
69,12,1804.86,514.59,40.96,28.15,1,0,0
70,3,1517.67,528.22,80.88,21.42,1,0,0
70,4,1360.90,527.01,70.23,22.19,1,0,0
70,10,662.19,482.33,46.17,93.36,1,3,0
70,11,1609.50,527.02,125.96,23.58,1,0,0
70,12,1804.65,521.60,41.56,28.39,1,0,0
71,3,1513.40,525.93,80.37,20.78,1,0,0
71,4,1358.31,525.35,67.99,21.42,1,0,0
71,10,658.01,485.01,47.64,92.99,1,3,0
71,11,1605.63,523.59,125.26,23.60,1,0,0
71,12,1801.27,517.50,40.27,28.46,1,0,0
72,3,1505.25,518.37,80.73,20.25,1,0,0
72,4,1348.33,519.90,71.31,22.03,1,0,0
72,10,651.25,493.74,46.59,93.47,1,3,0
72,11,1597.98,511.32,124.62,25.28,1,0,0
72,12,1791.55,504.37,40.81,28.14,1,0,0
73,3,1491.22,507.62,81.39,19.81,1,0,0
73,4,1336.38,513.02,70.39,21.86,1,0,0
73,10,640.10,505.17,46.22,93.10,1,3,0
73,11,1584.36,496.12,123.53,26.05,1,0,0
73,12,1777.58,485.90,40.47,27.91,1,0,0
74,3,1482.50,508.22,79.16,19.45,1,0,0
74,4,1327.95,514.30,71.02,21.43,1,0,0
74,10,630.39,506.46,46.61,93.32,1,3,0
74,11,1574.11,496.44,123.27,26.11,1,0,0
74,12,1767.05,485.65,40.37,28.09,1,0,0
75,3,1468.61,521.22,75.81,20.07,1,0,0
75,4,1313.03,524.14,72.12,21.38,1,0,0
75,10,615.87,496.27,46.51,92.48,1,3,0
75,11,1559.29,513.91,122.90,25.17,1,0,0
75,12,1751.52,507.32,40.44,28.02,1,0,0
76,3,1451.25,543.87,74.28,20.34,1,0,0
76,4,1295.13,538.85,73.97,22.15,1,0,0
76,10,598.10,477.76,47.31,90.99,1,3,0
76,11,1539.94,545.12,121.61,24.57,1,0,0
76,12,1730.94,543.46,40.66,28.46,1,0,0
77,3,1434.71,550.72,74.24,20.75,1,0,0
77,4,1279.05,544.44,71.47,21.04,1,0,0
77,10,584.33,468.43,46.59,92.27,1,3,0
77,11,1524.01,554.51,120.04,25.24,1,0,0
77,12,1713.26,555.90,39.68,28.23,1,0,0
78,3,1418.47,540.77,75.49,21.22,1,0,0
78,4,1265.94,537.44,70.08,21.54,1,0,0
78,10,569.57,479.12,46.39,92.69,1,3,0
78,11,1508.89,540.17,119.41,25.35,1,0,0
78,12,1696.30,539.25,40.05,27.37,1,0,0
79,3,1413.47,526.42,75.58,20.28,1,0,0
79,4,1261.12,527.58,70.36,21.47,1,0,0
79,10,565.31,496.84,46.85,91.61,1,3,0
79,11,1502.88,519.82,120.90,25.05,1,0,0
79,12,1691.53,513.80,39.69,27.34,1,0,0
80,3,1415.42,520.42,77.50,19.43,1,0,0
80,4,1261.86,524.51,69.88,21.54,1,0,0
80,10,568.80,506.68,46.56,92.92,1,3,0
80,11,1505.91,510.85,118.56,25.29,1,0,0
80,12,1692.45,502.51,39.95,27.52,1,0,0
81,3,1416.50,522.02,77.27,20.02,1,0,0
81,4,1263.58,526.03,70.29,21.45,1,0,0
81,10,572.70,506.23,46.66,92.21,1,3,0
81,11,1507.64,513.13,119.21,25.44,1,0,0
81,12,1695.30,505.56,39.36,27.26,1,0,0
82,3,1421.90,526.81,75.29,20.10,1,0,0
82,4,1267.78,528.74,69.89,21.78,1,0,0
82,10,577.78,500.31,46.53,92.11,1,3,0
82,11,1511.60,520.52,118.51,24.45,1,0,0
82,12,1699.63,513.79,38.98,27.34,1,0,0
83,3,1424.58,528.54,77.68,20.90,1,0,0
83,4,1272.55,531.12,69.63,21.12,1,0,0
83,10,583.44,500.12,46.16,90.62,1,3,0
83,11,1513.49,522.33,122.22,25.50,1,0,0
83,12,1703.31,516.94,40.13,27.42,1,0,0
84,3,1425.73,528.66,77.95,20.37,1,0,0
84,4,1273.48,530.73,69.92,21.19,1,0,0
84,10,585.39,502.29,47.24,89.62,1,3,0
84,11,1515.99,521.38,120.37,25.66,1,0,0
84,12,1705.11,515.79,39.85,27.47,1,0,0
85,3,1424.56,528.18,78.16,20.30,1,0,0
85,4,1272.29,530.79,70.77,20.97,1,0,0
85,10,585.76,503.04,47.10,89.98,1,3,0
85,11,1515.69,520.91,119.23,24.96,1,0,0
85,12,1703.49,514.30,40.15,27.64,1,0,0
86,3,1424.48,531.02,77.85,20.24,1,0,0
86,4,1273.25,532.16,69.87,21.23,1,0,0
86,10,586.76,499.01,45.11,91.15,1,3,0
86,11,1514.14,524.67,122.84,24.97,1,0,0
86,12,1702.42,519.98,40.66,27.31,1,0,0
87,3,1425.85,538.95,77.10,20.57,1,0,0
87,4,1274.22,536.93,70.37,22.25,1,0,0
87,10,589.76,491.01,45.93,90.67,1,3,0
87,11,1516.59,535.51,120.83,25.77,1,0,0
87,12,1703.85,534.11,40.72,26.99,1,0,0
88,3,1435.47,541.56,75.48,20.32,1,0,0
88,4,1282.68,539.10,70.26,22.01,1,0,0
88,10,601.16,489.27,45.17,91.74,1,3,0
88,11,1523.98,538.84,121.14,25.33,1,0,0
88,12,1713.04,536.27,40.16,28.02,1,0,0
89,3,1442.33,537.22,77.22,19.92,1,0,0
89,4,1288.79,536.52,69.45,22.02,1,0,0
89,10,611.32,495.14,45.51,91.81,1,3,0
89,11,1532.58,534.39,121.96,23.48,1,0,0
89,12,1721.78,528.68,39.90,27.78,1,0,0
90,3,1446.92,531.87,78.14,19.74,1,0,0
90,4,1293.51,532.85,69.66,21.49,1,0,0
90,10,618.68,502.76,45.08,91.17,1,3,0
90,11,1537.90,525.45,122.73,24.79,1,0,0
90,12,1727.46,519.06,40.70,27.76,1,0,0
91,3,1450.24,528.50,78.91,20.19,1,0,0
91,4,1296.48,531.71,70.70,21.27,1,0,0
91,10,623.77,506.45,44.53,91.54,1,3,0
91,11,1542.12,521.96,119.47,24.10,1,0,0
91,12,1730.96,513.72,39.82,27.54,1,0,0
92,3,1452.78,529.70,76.11,20.35,1,0,0
92,4,1299.03,532.70,71.32,21.11,1,0,0
92,10,626.21,507.22,44.42,89.84,1,3,0
92,11,1542.32,522.86,122.05,24.96,1,0,0
92,12,1731.71,516.04,40.79,27.33,1,0,0
93,3,1458.53,534.30,74.57,20.41,1,0,0
93,4,1303.73,535.60,71.20,21.91,1,0,0
93,10,632.48,503.65,44.23,89.69,1,3,0
93,11,1546.97,529.50,121.75,24.58,1,0,0
93,12,1737.17,523.80,40.09,27.73,1,0,0
94,3,1461.50,535.35,75.25,20.40,1,0,0
94,4,1306.94,536.32,70.55,21.83,1,0,0
94,10,636.41,502.58,44.56,90.53,1,3,0
94,11,1550.08,530.38,122.16,24.79,1,0,0
94,12,1741.24,525.21,39.85,27.36,1,0,0
95,3,1463.11,535.04,78.60,20.29,1,0,0
95,4,1310.27,536.19,69.35,21.55,1,0,0
95,10,640.89,504.34,43.22,90.19,1,3,0
95,11,1552.68,530.30,122.26,24.47,1,0,0
95,12,1743.39,524.82,39.82,26.87,1,0,0
96,3,1463.42,535.50,77.88,20.30,1,0,0
96,4,1310.25,536.37,69.48,21.48,1,0,0
96,10,642.57,505.49,42.82,89.29,1,3,0
96,11,1553.09,530.41,121.85,24.52,1,0,0
96,12,1743.63,524.95,39.79,27.15,1,0,0
97,3,1460.35,537.84,77.40,20.58,1,0,0
97,4,1306.98,537.89,70.31,21.85,1,0,0
97,10,641.53,503.37,43.33,89.47,1,3,0
97,11,1551.53,533.58,120.27,24.77,1,0,0
97,12,1740.04,528.33,40.66,27.39,1,0,0
98,3,1454.10,539.02,77.17,20.70,1,0,0
98,4,1301.90,538.85,71.50,22.18,1,0,0
98,10,638.34,502.79,43.12,89.35,1,3,0
98,11,1544.70,535.01,122.83,24.45,1,0,0
98,12,1734.15,529.33,40.35,27.92,1,0,0
99,3,1452.78,538.60,77.62,20.85,1,0,0
99,4,1299.89,539.07,70.96,21.79,1,0,0
99,10,638.99,505.05,42.40,88.20,1,3,0
99,11,1544.48,534.29,121.55,24.68,1,0,0
99,12,1732.32,528.50,40.68,27.71,1,0,0
100,3,1451.36,539.07,77.18,20.67,1,0,0
100,4,1298.77,539.34,71.01,21.84,1,0,0
100,10,639.02,506.37,42.87,87.12,1,3,0
100,11,1542.76,535.24,121.55,23.91,1,0,0
100,12,1731.46,528.52,40.30,28.09,1,0,0
101,3,1450.57,540.44,76.90,20.87,1,0,0
101,4,1297.14,540.86,71.01,21.72,1,0,0
101,10,638.85,504.33,42.92,88.68,1,3,0
101,11,1540.67,535.88,122.28,24.83,1,0,0
101,12,1729.46,531.26,40.83,27.64,1,0,0
102,3,1447.49,543.81,77.40,20.45,1,0,0
102,4,1294.68,542.80,70.37,21.52,1,0,0
102,10,637.23,505.96,42.79,85.10,1,3,0
102,11,1538.09,540.23,121.23,24.46,1,0,0
102,12,1726.66,536.02,40.29,27.70,1,0,0
103,3,1444.70,544.23,75.35,20.72,1,0,0
103,4,1290.30,543.58,71.24,21.18,1,0,0
103,10,634.95,505.56,42.70,85.71,1,3,0
103,11,1533.47,540.65,121.86,24.43,1,0,0
103,12,1721.37,536.57,40.86,27.47,1,0,0
104,3,1440.66,540.89,77.48,21.01,1,0,0
104,4,1288.71,542.00,68.81,21.25,1,0,0
104,10,633.89,510.36,41.82,83.97,1,3,0
104,11,1530.81,536.38,119.85,24.88,1,0,0
104,12,1718.54,531.07,40.09,28.12,1,0,0
105,3,1434.79,537.87,77.52,20.61,1,0,0
105,4,1283.07,539.77,69.17,21.58,1,0,0
105,10,629.99,517.45,41.18,81.38,1,3,0
105,11,1525.52,532.05,119.13,24.25,1,0,0
105,12,1712.85,524.77,39.96,28.16,1,0,0
106,3,1428.93,536.74,76.79,20.47,1,0,0
106,4,1275.55,539.46,70.85,21.44,1,0,0
106,10,625.62,520.28,41.33,80.60,1,3,0
106,11,1519.18,530.22,118.20,24.32,1,0,0
106,12,1706.09,522.84,39.86,27.09,1,0,0
107,3,1421.76,536.59,75.37,20.32,1,0,0
107,4,1268.44,539.64,69.72,21.39,1,0,0
107,10,619.42,518.35,41.17,84.67,1,3,0
107,11,1511.04,529.73,118.42,24.22,1,0,0
107,12,1697.17,522.26,40.31,26.94,1,0,0
108,3,1404.50,539.09,75.58,20.71,1,0,0
108,4,1250.91,541.73,71.57,21.35,1,0,0
108,10,605.64,520.51,40.38,82.08,1,3,0
108,11,1495.14,533.29,116.38,23.98,1,0,0
108,12,1679.75,525.80,38.97,27.13,1,0,0
109,3,1389.08,542.30,75.07,19.96,1,0,0
109,4,1235.88,543.56,71.07,21.26,1,0,0
109,10,589.91,518.17,41.23,81.87,1,3,0
109,11,1477.98,537.15,117.93,23.60,1,0,0
109,12,1662.69,530.60,38.86,27.47,1,0,0
110,3,1370.00,544.80,75.16,21.15,1,0,0
110,4,1217.72,545.93,71.58,20.99,1,0,0
110,10,571.77,513.90,40.87,82.47,1,3,0
110,11,1457.22,542.46,118.60,22.74,1,0,0
110,12,1642.78,536.38,38.64,26.90,1,0,0
111,3,1345.11,547.45,75.47,20.75,1,0,0
111,4,1192.76,546.83,72.45,21.29,1,0,0
111,10,547.84,509.54,41.43,83.50,1,3,0
111,11,1432.70,545.92,117.79,22.22,1,0,0
111,12,1616.05,540.27,38.91,26.93,1,0,0
111,13,1895.44,559.28,21.64,10.16,1,2,0
112,3,1323.83,547.60,73.62,20.85,1,0,0
112,4,1171.66,547.00,70.45,20.97,1,0,0
112,10,527.50,511.36,40.47,80.90,1,3,0
112,11,1409.38,546.23,117.19,22.18,1,0,0
112,12,1592.84,540.68,38.07,26.65,1,0,0
112,13,1870.49,561.54,18.00,8.43,1,2,0
112,14,1849.60,546.47,56.62,21.54,1,0,0
113,3,1301.10,549.85,73.63,20.73,1,0,0
113,4,1150.33,548.62,69.89,21.05,1,0,0
113,10,504.68,508.82,41.23,80.43,1,3,0
113,11,1387.53,548.41,116.16,23.44,1,0,0
113,12,1567.97,544.90,38.06,26.86,1,0,0
113,14,1822.35,552.80,56.31,20.52,1,0,0
114,3,1279.16,550.96,72.58,20.75,1,0,0
114,4,1127.78,549.52,70.62,20.92,1,0,0
114,10,482.98,504.87,41.90,81.46,1,3,0
114,11,1364.30,550.18,116.46,23.63,1,0,0
114,12,1544.43,546.80,37.79,27.28,1,0,0
114,14,1797.66,556.39,54.77,20.09,1,0,0
114,13,1819.18,571.09,18.07,7.95,1,2,0
115,3,1257.03,549.17,72.82,20.39,1,0,0
115,4,1106.30,548.13,72.78,20.83,1,0,0
115,10,462.33,507.99,42.06,82.13,1,3,0
115,11,1343.01,547.31,115.70,23.80,1,0,0
115,12,1522.58,542.94,37.27,27.07,1,0,0
115,14,1772.69,551.34,54.72,20.45,1,0,0
116,3,1235.28,545.01,74.47,20.67,1,0,0
116,4,1085.86,546.55,73.06,21.01,1,0,0
116,10,442.96,520.51,42.40,80.80,1,3,0
116,11,1322.23,541.17,116.38,22.22,1,0,0
116,12,1500.05,533.98,37.81,26.59,1,0,0
116,14,1751.36,535.81,54.29,21.56,1,0,0
116,13,1771.88,551.04,20.74,8.08,1,2,0
117,3,1210.21,541.83,74.17,19.62,1,0,0
117,4,1060.75,546.46,73.33,21.48,1,0,0
117,10,418.70,540.07,41.56,79.89,1,3,0
117,11,1296.65,532.68,115.07,23.78,1,0,0
117,12,1473.67,522.61,36.10,26.78,1,0,0
117,14,1721.95,519.01,53.81,19.44,1,0,0
118,3,1169.90,544.10,74.03,20.35,1,0,0
118,4,1021.97,548.13,71.82,21.35,1,0,0
118,10,376.24,535.26,42.28,82.91,1,3,0
118,11,1257.13,536.75,112.98,23.21,1,0,0
118,12,1431.37,527.21,36.73,26.54,1,0,0
118,14,1676.29,525.39,54.30,20.40,1,0,0
118,13,1696.55,539.04,21.16,8.55,1,2,0
119,3,1135.81,549.88,71.19,19.97,1,0,0
119,4,984.15,549.79,72.19,20.12,1,0,0
119,10,336.91,514.94,42.15,82.58,1,3,0
119,11,1219.31,547.97,114.63,21.40,1,0,0
119,12,1393.25,541.25,37.58,26.51,1,0,0
119,14,1635.63,547.33,52.50,20.23,1,0,0
119,13,1657.78,560.75,18.61,9.00,1,2,0
120,3,1085.18,550.93,71.89,19.95,1,0,0
120,4,936.87,545.18,71.49,20.85,1,0,0
120,10,281.85,487.31,43.10,83.64,1,3,0
120,11,1168.27,552.84,113.33,22.32,1,0,0
120,12,1341.06,549.95,37.20,26.81,1,0,0
120,14,1578.50,564.85,52.93,19.46,1,0,0
121,3,1046.63,549.55,71.71,19.42,1,0,0
121,4,897.99,543.99,70.36,20.28,1,0,0
121,10,239.71,484.06,42.87,85.43,1,3,0
121,11,1128.14,551.01,113.79,22.61,1,0,0
121,12,1301.54,548.43,36.69,26.86,1,0,0
121,14,1537.06,563.74,52.25,20.11,1,0,0
121,13,1556.68,577.17,20.65,7.74,1,2,0
122,3,1001.10,547.12,71.51,19.21,1,0,0
122,4,853.25,545.32,70.21,20.75,1,0,0
122,10,188.33,503.53,43.51,82.37,1,3,0
122,11,1084.08,545.58,112.87,23.23,1,0,0
122,12,1255.44,541.40,36.46,26.37,1,0,0
122,14,1488.94,551.34,48.96,19.53,1,0,0
122,13,1510.21,564.73,19.13,8.04,1,2,0
123,3,956.75,547.59,71.70,19.80,1,0,0
123,4,806.74,550.06,70.18,20.74,1,0,0
123,10,138.10,525.54,44.23,83.02,1,3,0
123,11,1040.57,543.41,113.63,22.90,1,0,0
123,12,1210.88,536.27,36.63,26.24,1,0,0
123,14,1443.69,540.28,50.74,18.96,1,0,0
123,13,1464.60,552.23,21.63,8.08,1,2,0
124,3,920.83,548.34,72.32,20.23,1,0,0
124,4,770.38,551.68,70.90,21.03,1,0,0
124,10,96.79,531.98,43.51,81.75,1,3,0
124,11,1004.25,544.84,112.77,22.38,1,0,0
124,12,1174.83,536.09,35.34,26.35,1,0,0
124,14,1404.95,539.38,50.64,19.01,1,0,0
124,13,1426.52,551.32,20.84,8.61,1,2,0
125,3,883.19,547.80,71.09,19.93,1,0,0
125,4,733.42,549.18,71.72,20.35,1,0,0
125,10,52.13,517.63,44.13,83.33,1,3,0
125,11,967.92,545.25,111.46,21.71,1,0,0
125,12,1137.07,537.83,35.27,26.36,1,0,0
125,14,1366.16,543.97,49.53,19.16,1,0,0
126,3,831.53,540.92,70.81,20.36,1,0,0
126,4,682.25,537.47,70.67,21.49,1,0,0
126,10,0.41,483.42,35.33,84.26,1,3,0
126,11,918.13,542.61,107.99,22.51,1,0,0
126,12,1085.02,539.31,35.90,26.47,1,0,0
126,14,1312.61,551.96,49.81,18.62,1,0,0
126,13,1333.34,564.87,21.50,7.79,1,2,0
127,3,775.30,536.16,72.09,21.04,1,0,0
127,4,624.83,532.53,68.75,20.10,1,0,0
127,11,862.07,539.53,107.42,22.82,1,0,0
127,12,1029.30,537.75,35.22,26.51,1,0,0
127,14,1254.50,552.36,50.61,18.58,1,0,0
127,13,1277.26,566.32,17.59,7.31,1,2,0
128,3,711.78,542.19,72.01,21.08,1,0,0
128,4,558.82,543.41,67.34,20.13,1,0,0
128,11,798.01,540.80,110.30,24.05,1,0,0
128,12,966.03,537.74,35.40,25.90,1,0,0
128,14,1191.15,546.07,50.30,17.92,1,0,0
128,13,1213.82,559.10,19.81,7.78,1,2,0
129,3,658.09,553.70,73.34,20.28,1,0,0
129,4,502.58,558.81,68.81,20.69,1,0,0
129,11,744.13,548.58,108.02,23.61,1,0,0
129,12,912.98,541.58,35.94,25.83,1,0,0
129,14,1137.97,543.10,49.38,17.99,1,0,0
130,3,607.66,558.75,73.88,20.27,1,0,0
130,4,451.36,564.37,68.88,21.19,1,0,0
130,11,695.58,553.15,107.98,23.03,1,0,0
130,12,864.58,543.61,36.37,26.59,1,0,0
130,14,1090.83,543.86,49.08,17.80,1,0,0
131,3,550.88,553.77,75.25,21.07,1,0,0
131,4,391.90,558.27,71.69,20.76,1,0,0
131,11,639.08,548.43,113.27,24.08,1,0,0
131,12,811.37,541.81,35.70,25.98,1,0,0
131,14,1036.11,544.23,51.92,17.98,1,0,0
132,3,469.22,535.93,75.06,22.71,1,0,0
132,4,306.91,536.44,72.62,21.74,1,0,0
132,11,559.80,536.83,113.08,23.27,1,0,0
132,12,733.82,533.14,35.23,26.48,1,0,0
132,14,959.38,542.24,50.66,18.59,1,0,0
132,16,1887.86,549.82,12.17,20.27,1,3,0
133,3,379.79,523.62,78.60,22.43,1,0,0
133,4,214.03,522.03,71.70,21.01,1,0,0
133,11,472.32,527.27,115.28,23.72,1,0,0
133,12,650.18,526.01,34.82,26.05,1,0,0
133,14,876.36,538.96,48.79,18.66,1,0,0
133,16,1788.23,563.86,13.37,20.28,1,3,0
133,17,1683.87,565.12,10.32,14.76,1,3,0
134,3,309.41,523.58,78.60,21.91,1,0,0
134,4,138.52,520.52,73.91,22.21,1,0,0
134,11,402.66,526.41,118.06,23.86,1,0,0
134,12,582.88,524.84,37.31,26.23,1,0,0
134,14,814.44,536.98,35.42,18.60,1,0,0
134,16,1713.79,559.86,12.53,20.34,1,3,0
134,17,1611.68,561.18,10.21,14.83,1,3,0
134,13,839.28,551.35,18.14,7.38,1,2,0
135,3,213.08,532.37,81.58,22.43,1,0,0
135,4,36.42,531.50,77.90,22.33,1,0,0
135,11,309.49,532.88,121.41,24.15,1,0,0
135,12,495.01,529.72,37.44,26.60,1,0,0
135,14,729.04,539.21,36.74,18.66,1,0,0
135,16,1618.10,549.01,12.29,19.61,1,3,0
135,17,1519.14,551.77,10.97,14.45,1,3,0
135,13,756.60,553.19,17.42,7.63,1,2,0
136,3,111.09,541.37,84.87,23.45,1,0,0
136,4,0.16,547.40,15.65,18.14,1,0,0
136,11,211.24,541.39,125.30,23.28,1,0,0
136,12,402.45,535.99,37.81,26.74,1,0,0
136,14,642.37,543.96,35.74,18.04,1,0,0
136,16,1523.71,542.54,12.67,19.85,1,3,0
136,17,1428.21,546.14,10.93,15.30,1,3,0
137,3,31.35,543.25,87.78,22.75,1,0,0
137,11,131.96,542.05,131.11,24.25,1,0,0
137,12,329.30,536.53,38.68,27.63,1,0,0
137,14,575.42,544.20,35.59,17.52,1,0,0
137,16,1453.23,540.75,12.16,19.67,1,3,0
137,17,1359.62,545.63,9.45,14.42,1,3,0
138,11,1.05,543.53,135.20,23.65,1,0,0
138,12,206.15,537.40,39.71,27.82,1,0,0
138,14,459.63,545.01,38.36,18.43,1,0,0
138,16,1339.68,540.66,12.33,20.05,1,3,0
138,17,1248.68,546.07,9.48,13.98,1,3,0
139,12,117.87,540.71,41.71,27.61,1,0,0
139,14,378.87,547.43,38.80,18.68,1,0,0
139,16,1263.41,540.49,12.18,19.85,1,3,0
139,17,1174.66,545.17,9.52,15.23,1,3,0
139,13,409.34,560.71,14.80,7.50,1,2,0
139,3,0.67,549.53,46.03,20.40,1,0,0
140,12,25.18,545.43,41.35,27.74,1,0,0
140,14,293.35,550.69,39.67,18.97,1,0,0
140,16,1184.94,541.57,12.29,19.42,1,3,0
140,17,1097.39,546.83,10.01,14.86,1,3,0
140,18,1739.36,493.12,74.20,40.74,1,5,0
140,13,328.26,564.47,18.07,6.55,1,2,0
141,14,180.14,551.91,39.13,19.05,1,0,0
141,16,1085.47,542.53,12.23,19.47,1,3,0
141,17,999.10,547.86,9.84,14.46,1,3,0
141,18,1627.65,496.37,71.60,39.17,1,5,0
141,13,212.39,564.41,20.08,8.38,1,2,0
142,14,115.49,550.81,41.52,19.05,1,0,0
142,16,1031.74,541.62,12.29,20.03,1,3,0
142,17,944.56,546.50,10.70,15.33,1,3,0
142,18,1568.23,498.84,70.16,37.28,1,5,0
142,13,150.75,563.44,18.03,7.89,1,2,0
142,19,1774.84,505.97,145.16,44.10,1,5,0
143,14,0.48,537.70,39.94,20.42,1,0,0
143,16,934.22,539.43,12.27,20.43,1,3,0
143,17,847.82,543.24,9.87,15.67,1,3,0
143,18,1462.60,504.35,70.98,37.18,1,5,0
143,13,36.76,551.88,11.20,8.06,1,2,0
143,19,1661.97,515.05,213.48,43.36,1,5,0
144,16,854.73,535.82,13.47,21.11,1,3,0
144,17,767.27,538.40,11.06,16.27,1,3,0
144,18,1380.84,509.81,70.39,36.72,1,5,0
144,19,1574.80,525.70,212.63,40.71,1,5,0
145,16,763.46,529.68,13.36,20.41,1,3,0
145,17,675.80,530.61,9.82,14.62,1,3,0
145,18,1287.05,513.72,69.11,34.68,1,5,0
145,19,1476.49,530.74,205.37,40.63,1,5,0
145,20,1728.00,551.29,34.87,22.90,1,5,0
146,16,685.05,526.83,12.41,20.04,1,3,0
146,18,1209.09,506.39,69.21,37.98,1,5,0
146,19,1395.22,525.90,204.02,39.71,1,5,0
146,20,1640.40,545.23,33.71,23.71,1,5,0
146,21,1761.01,482.86,158.99,95.15,1,0,0
147,16,600.75,530.22,12.54,20.54,1,3,0
147,18,1125.67,502.27,68.19,37.29,1,5,0
147,19,1309.55,516.25,200.14,41.16,1,5,0
147,20,1551.13,535.39,31.20,21.91,1,5,0
147,21,1668.63,463.10,251.37,99.84,1,0,0
147,17,510.00,532.72,9.62,15.28,1,3,0
148,16,510.32,537.62,11.99,20.81,1,3,0
148,18,1040.56,500.29,68.81,36.11,1,5,0
148,19,1222.32,509.09,193.86,40.76,1,5,0
148,20,1458.67,523.69,30.18,21.90,1,5,0
148,21,1570.04,444.74,349.96,100.94,1,0,0
148,17,418.31,542.52,9.56,15.43,1,3,0
149,16,459.40,541.33,12.43,20.21,1,3,0
149,18,992.19,497.68,69.85,38.39,1,5,0
149,19,1175.32,507.67,193.97,40.75,1,5,0
149,20,1408.78,522.02,30.12,21.46,1,5,0
149,21,1519.50,441.13,400.50,101.65,1,0,0
149,17,365.73,545.79,10.03,15.83,1,3,0
150,16,413.32,540.89,12.16,19.79,1,3,0
150,18,950.44,498.10,71.53,37.99,1,5,0
150,19,1131.53,508.44,192.85,41.29,1,5,0
150,20,1365.44,522.66,28.53,22.23,1,5,0
150,21,1475.13,442.41,444.87,101.97,1,0,0
150,17,318.31,544.75,9.82,16.17,1,3,0
151,16,380.83,538.33,13.37,20.80,1,3,0
151,18,922.09,498.35,72.98,37.98,1,5,0
151,19,1103.45,510.07,192.48,40.63,1,5,0
151,20,1336.67,525.03,28.27,21.82,1,5,0
151,21,1443.31,447.37,476.69,100.03,1,0,0
151,17,286.46,542.64,10.05,16.15,1,3,0
152,16,361.16,536.43,12.58,20.46,1,3,0
152,18,905.38,498.19,71.82,37.79,1,5,0
152,19,1086.17,509.73,192.28,41.76,1,5,0
152,20,1319.23,526.28,28.21,21.81,1,5,0
152,21,1424.84,450.01,495.16,99.55,1,0,0
152,17,267.15,540.27,9.97,15.98,1,3,0
153,16,342.12,539.20,12.50,20.97,1,3,0
153,18,889.11,498.54,74.29,38.07,1,5,0
153,19,1069.62,506.65,191.63,44.01,1,5,0
153,20,1302.66,524.95,27.83,22.03,1,5,0
153,21,1409.45,446.64,510.55,101.68,1,0,0
153,17,245.88,542.82,10.36,17.30,1,3,0
154,16,330.39,544.85,13.10,20.87,1,3,0
154,18,879.37,499.73,73.04,38.36,1,5,0
154,19,1060.18,506.36,191.66,44.31,1,5,0
154,20,1292.75,523.96,28.09,22.03,1,5,0
154,21,1399.90,442.90,520.10,102.18,1,0,0
155,16,324.93,545.75,12.76,20.11,1,3,0
155,18,875.08,500.13,72.15,38.61,1,5,0
155,19,1056.71,505.35,190.67,45.37,1,5,0
155,20,1289.20,523.54,27.73,22.11,1,5,0
155,21,1396.93,443.52,523.07,101.40,1,0,0
155,17,229.34,549.40,10.71,16.65,1,3,0
156,16,324.14,536.54,13.03,20.72,1,3,0
156,18,876.69,498.61,71.42,36.95,1,5,0
156,19,1056.47,503.52,193.86,47.46,1,5,0
156,20,1290.89,525.26,27.90,23.14,1,5,0
156,21,1400.37,448.80,519.63,101.33,1,0,0
156,17,230.95,540.61,9.79,15.99,1,3,0
157,16,331.31,521.56,13.21,20.43,1,3,0
157,18,883.71,496.21,70.53,36.43,1,5,0
157,19,1064.00,506.72,196.28,44.90,1,5,0
157,20,1298.98,530.71,27.69,22.01,1,5,0
157,21,1409.38,459.94,510.62,101.45,1,0,0
157,17,238.27,523.63,9.67,15.58,1,3,0
158,16,344.26,517.69,13.30,20.66,1,3,0
158,18,895.96,495.12,72.16,37.90,1,5,0
158,19,1077.36,508.86,196.80,43.65,1,5,0
158,20,1312.44,532.17,28.36,22.41,1,5,0
158,21,1422.76,462.79,497.24,103.53,1,0,0
158,17,251.12,519.42,10.33,16.14,1,3,0
159,16,358.05,524.31,13.52,20.50,1,3,0
159,18,909.34,496.09,72.17,37.85,1,5,0
159,19,1092.39,509.79,197.20,43.10,1,5,0
159,20,1327.76,529.68,28.67,22.86,1,5,0
159,21,1441.18,458.40,478.82,101.22,1,0,0
159,17,266.57,526.71,10.16,15.85,1,3,0
160,16,386.40,532.21,13.18,20.46,1,3,0
160,18,935.24,497.40,71.06,37.77,1,5,0
160,19,1117.59,510.26,198.32,41.91,1,5,0
160,20,1354.79,527.70,28.61,22.06,1,5,0
160,21,1467.72,451.80,452.28,100.30,1,0,0
160,17,295.13,535.80,9.99,15.95,1,3,0
161,16,420.75,531.66,13.59,20.34,1,3,0
161,18,969.11,497.60,69.76,37.85,1,5,0
161,19,1151.44,511.33,198.16,40.56,1,5,0
161,20,1389.58,527.80,29.75,22.30,1,5,0
161,21,1504.19,451.11,415.81,102.04,1,0,0
161,17,332.06,535.35,9.81,15.66,1,3,0
162,16,453.41,530.23,13.23,19.89,1,3,0
162,18,1000.10,497.75,72.29,37.99,1,5,0
162,19,1183.06,509.09,197.68,43.30,1,5,0
162,20,1423.10,528.74,29.90,22.94,1,5,0
162,21,1539.74,452.95,380.26,102.39,1,0,0
162,17,365.74,533.19,9.41,15.11,1,3,0
163,16,504.45,535.26,13.15,20.45,1,3,0
163,18,1048.24,497.87,72.40,38.37,1,5,0
163,19,1232.22,509.46,198.77,41.32,1,5,0
163,20,1474.31,525.66,32.83,22.76,1,5,0
163,21,1592.74,446.63,327.26,103.91,1,0,0
163,17,418.84,538.96,9.99,15.52,1,3,0
164,16,537.03,540.41,13.10,20.48,1,3,0
164,18,1080.50,497.15,72.27,38.18,1,5,0
164,19,1264.85,506.02,202.09,42.62,1,5,0
164,20,1508.48,519.85,34.13,23.98,1,5,0
164,21,1629.72,438.75,290.28,104.79,1,0,0
164,17,452.98,544.36,10.15,16.26,1,3,0
165,16,569.50,542.81,12.76,20.15,1,3,0
165,18,1112.63,496.46,71.68,38.01,1,5,0
165,19,1298.18,503.61,203.37,42.85,1,5,0
165,20,1544.63,516.82,33.93,23.58,1,5,0
165,21,1669.63,433.58,250.37,106.41,1,0,0
165,17,487.07,546.94,9.72,15.95,1,3,0
166,16,603.71,541.08,12.94,20.03,1,3,0
166,18,1145.17,496.90,72.44,37.88,1,5,0
166,19,1333.03,504.16,203.69,42.74,1,5,0
166,20,1581.73,517.24,34.73,24.07,1,5,0
166,21,1707.26,441.41,212.74,100.11,1,0,0
166,17,521.55,545.61,9.77,15.62,1,3,0
167,16,628.84,538.90,13.19,20.35,1,3,0
167,18,1171.81,497.18,71.85,37.56,1,5,0
167,19,1360.39,505.77,208.12,42.35,1,5,0
167,20,1610.58,519.23,35.77,24.57,1,5,0
167,21,1742.18,442.26,177.82,102.48,1,0,0
168,16,651.10,537.85,13.33,20.43,1,3,0
168,18,1193.67,496.95,72.55,38.19,1,5,0
168,19,1383.73,505.65,209.72,42.53,1,5,0
168,20,1636.12,519.07,37.05,24.86,1,5,0
168,21,1767.90,445.67,152.10,99.99,1,0,0
168,17,569.86,541.89,9.85,15.40,1,3,0
169,16,665.75,539.01,12.85,20.93,1,3,0
169,18,1209.86,495.28,72.25,38.29,1,5,0
169,19,1400.97,503.75,208.97,42.63,1,5,0
169,20,1655.99,517.35,36.94,24.28,1,5,0
169,21,1789.12,441.02,130.88,101.45,1,0,0
169,17,585.14,543.72,10.22,16.25,1,3,0
170,16,679.97,539.38,13.32,21.46,1,3,0
170,18,1225.70,495.71,71.37,37.51,1,5,0
170,19,1417.45,501.73,213.17,43.19,1,5,0
170,20,1674.33,514.86,38.19,24.22,1,5,0
170,21,1805.26,439.88,114.74,99.38,1,0,0
170,17,600.68,545.29,9.30,14.98,1,3,0
171,16,691.91,538.42,13.10,21.25,1,3,0
171,18,1238.16,496.11,71.72,37.45,1,5,0
171,19,1430.79,502.31,212.22,43.61,1,5,0
171,20,1689.77,515.17,38.49,25.11,1,5,0
171,21,1822.95,444.61,97.05,96.09,1,0,0
171,17,612.61,543.74,9.41,15.30,1,3,0
172,16,702.53,535.11,12.93,21.60,1,3,0
172,18,1250.29,496.94,71.86,37.58,1,5,0
172,19,1442.98,505.81,213.30,43.77,1,5,0
172,20,1701.69,521.17,41.62,25.16,1,5,0
172,21,1844.38,453.27,75.62,94.27,1,0,0
172,17,623.34,539.94,9.57,15.47,1,3,0
173,16,711.30,531.08,13.58,21.26,1,3,0
173,18,1261.91,500.16,71.56,39.04,1,5,0
173,19,1455.36,512.09,212.82,44.11,1,5,0
173,20,1717.29,529.92,41.40,25.56,1,5,0
173,21,1860.53,471.66,59.47,87.73,1,0,0
173,17,633.06,534.69,9.95,14.98,1,3,0
174,16,716.66,528.98,13.15,21.40,1,3,0
174,18,1268.41,501.93,71.53,38.53,1,5,0
174,19,1463.90,516.22,214.14,43.01,1,5,0
174,20,1725.94,532.97,41.91,26.68,1,5,0
174,21,1867.32,493.27,52.68,71.41,1,0,0
174,17,638.90,531.92,9.29,15.25,1,3,0
175,16,723.60,528.10,13.34,20.50,1,3,0
175,18,1276.76,501.69,72.77,39.07,1,5,0
175,19,1472.99,514.96,216.22,44.82,1,5,0
175,20,1738.35,535.30,41.48,25.41,1,5,0
175,21,1883.77,505.60,36.23,59.55,1,0,0
175,17,646.37,531.26,9.21,14.90,1,3,0
176,16,734.04,528.87,13.62,21.15,1,3,0
176,18,1287.63,503.52,72.76,37.69,1,5,0
176,19,1485.28,516.39,218.98,43.53,1,5,0
176,20,1752.04,534.74,42.89,26.08,1,5,0
176,21,1899.44,504.56,20.56,59.92,1,0,0
177,16,743.62,529.08,13.77,20.67,1,3,0
177,18,1298.15,503.35,73.69,37.88,1,5,0
177,19,1497.49,516.87,216.42,43.54,1,5,0
177,20,1765.91,535.22,42.62,25.41,1,5,0
177,17,667.18,532.07,9.50,15.16,1,3,0
178,16,758.00,528.04,14.67,21.70,1,3,0
178,18,1315.21,503.91,74.57,38.43,1,5,0
178,19,1516.75,517.89,221.19,44.15,1,5,0
178,20,1787.81,536.76,44.37,25.62,1,5,0
178,17,681.68,530.84,10.15,15.53,1,3,0
179,16,770.22,527.83,14.02,21.56,1,3,0
179,18,1328.31,504.23,74.62,38.78,1,5,0
179,19,1529.35,518.78,223.52,43.69,1,5,0
179,20,1802.87,537.88,46.42,26.35,1,5,0
179,17,693.79,530.71,10.21,15.47,1,3,0
180,16,784.53,529.14,13.64,20.68,1,3,0
180,18,1345.14,503.77,74.64,39.88,1,5,0
180,19,1548.17,519.92,225.18,43.70,1,5,0
180,20,1822.30,538.85,47.58,26.27,1,5,0
180,17,708.88,531.31,9.85,14.94,1,3,0
181,16,798.52,528.51,13.31,21.31,1,3,0
181,18,1360.22,504.44,75.01,39.48,1,5,0
181,19,1564.68,521.15,224.47,43.30,1,5,0
181,20,1840.32,539.16,49.41,27.49,1,5,0
181,17,723.09,531.53,9.43,15.29,1,3,0
182,16,818.82,529.28,13.62,21.36,1,3,0
182,18,1382.93,505.37,75.14,38.97,1,5,0
182,19,1589.51,520.47,229.10,43.63,1,5,0
182,20,1869.15,538.46,50.81,27.51,1,5,0
182,17,744.26,532.39,9.53,14.83,1,3,0
183,16,841.53,529.81,13.59,21.50,1,3,0
183,18,1407.65,504.10,76.01,40.58,1,5,0
183,19,1616.98,520.98,231.02,44.73,1,5,0
183,20,1899.52,543.26,20.48,22.93,1,5,0
183,17,768.09,532.63,9.28,15.38,1,3,0
184,16,861.26,531.17,13.38,21.27,1,3,0
184,18,1429.50,503.54,76.07,40.98,1,5,0
184,19,1640.37,520.73,228.36,44.80,1,5,0
185,16,887.57,532.75,13.68,21.20,1,3,0
185,18,1458.50,500.72,75.63,41.13,1,5,0
185,19,1672.26,516.18,234.59,43.77,1,5,0
185,17,814.38,537.61,9.30,14.24,1,3,0
186,16,917.72,533.85,13.51,22.15,1,3,0
186,18,1491.92,497.65,75.74,41.25,1,5,0
186,19,1708.24,511.03,211.76,44.27,1,5,0
186,23,15.31,529.07,50.17,20.93,1,0,0
186,17,843.91,539.52,10.04,15.34,1,3,0
187,16,941.45,533.17,13.83,22.35,1,3,0
187,18,1518.36,495.27,77.82,42.41,1,5,0
187,19,1738.28,509.56,181.72,45.43,1,5,0
187,23,48.64,530.90,46.16,20.46,1,0,0
187,17,867.94,539.44,9.83,15.73,1,3,0
188,16,982.10,534.43,13.75,21.49,1,3,0
188,18,1563.10,494.51,78.55,40.88,1,5,0
188,19,1789.15,509.08,130.85,44.14,1,5,0
188,23,97.93,533.63,46.23,20.61,1,0,0
188,17,909.39,540.52,10.22,15.11,1,3,0
189,16,1016.58,535.87,13.42,21.66,1,3,0
189,18,1601.28,488.53,79.82,42.47,1,5,0
189,19,1832.16,507.45,87.84,39.19,1,5,0
189,23,140.72,541.73,43.85,20.47,1,0,0
189,17,944.07,541.78,10.01,15.32,1,3,0
190,16,1041.83,535.42,13.51,21.86,1,3,0
190,18,1630.48,485.23,83.12,42.82,1,5,0
190,19,1864.07,512.10,55.93,31.17,1,5,0
190,23,170.36,545.12,44.25,20.85,1,0,0
190,17,970.08,542.48,9.40,16.19,1,3,0
191,16,1073.01,535.43,13.31,21.90,1,3,0
191,18,1667.19,487.44,82.07,42.93,1,5,0
191,23,206.27,541.56,44.49,19.99,1,0,0
191,17,1000.71,541.88,9.85,15.76,1,3,0
192,16,1092.23,534.46,14.14,22.77,1,3,0
192,18,1691.36,492.15,81.24,44.23,1,5,0
192,23,230.30,534.25,42.65,20.66,1,0,0
192,17,1020.05,541.59,10.35,15.38,1,3,0
193,16,1112.74,536.51,13.15,21.99,1,3,0
193,18,1714.43,496.64,84.23,44.88,1,5,0
193,23,253.66,528.29,41.81,19.50,1,0,0
193,17,1038.90,541.56,9.65,13.98,1,3,0
193,26,289.92,543.36,16.23,6.91,1,2,0
194,16,1124.36,537.01,13.11,21.78,1,3,0
194,18,1730.20,496.15,82.62,43.31,1,5,0
194,23,267.20,532.10,41.58,19.49,1,0,0
194,17,1050.29,542.83,9.92,13.86,1,3,0
194,26,303.27,547.48,14.99,7.25,1,2,0
194,27,0.36,522.96,26.21,29.16,1,0,0
195,16,1127.65,536.58,13.48,22.07,1,3,0
195,18,1735.93,487.29,85.52,43.60,1,5,0
195,23,272.10,541.69,41.72,19.34,1,0,0
195,17,1055.25,542.86,8.79,13.84,1,3,0
195,27,0.14,535.77,32.10,28.57,1,0,0
196,16,1126.54,534.67,14.34,22.69,1,3,0
196,18,1735.22,481.14,83.85,45.04,1,5,0
196,23,270.58,546.45,42.17,20.19,1,0,0
196,17,1054.90,542.79,9.13,14.24,1,3,0
196,27,0.61,542.69,29.11,29.34,1,0,0
196,26,306.43,560.28,18.65,7.47,1,2,0
197,16,1122.80,535.79,13.99,22.04,1,3,0
197,18,1731.98,482.95,83.22,43.88,1,5,0
197,23,265.12,546.83,41.81,19.91,1,0,0
197,17,1049.76,543.63,9.14,14.35,1,3,0
197,27,0.69,542.76,23.92,29.14,1,0,0
197,26,299.40,560.95,16.20,7.90,1,2,0
198,16,1118.67,538.30,13.80,22.11,1,3,0
198,18,1728.90,497.43,84.56,44.48,1,5,0
198,23,261.00,532.71,41.55,19.48,1,0,0
198,17,1046.11,544.02,9.30,14.65,1,3,0
198,27,0.15,523.09,19.52,28.75,1,0,0
198,26,295.49,546.61,17.55,7.18,1,2,0
199,16,1117.20,539.00,14.00,22.35,1,3,0
199,18,1728.32,508.10,83.70,44.65,1,5,0
199,23,256.06,520.64,44.66,19.59,1,0,0
199,17,1043.59,543.86,9.98,15.07,1,3,0
199,27,0.31,507.14,16.30,28.53,1,0,0
199,26,294.70,536.41,15.79,6.62,1,2,0
200,16,1111.01,541.05,13.08,21.41,1,3,0
200,18,1721.85,513.88,84.33,43.21,1,5,0
200,23,249.68,517.62,43.37,20.08,1,0,0
200,17,1036.41,544.18,10.18,15.03,1,3,0
200,27,0.24,502.43,9.86,28.61,1,0,0
201,16,1098.60,540.58,13.65,21.50,1,3,0
201,18,1706.75,495.66,83.74,44.05,1,5,0
201,23,234.80,538.30,44.13,20.41,1,0,0
201,17,1023.95,546.03,9.19,14.30,1,3,0
201,26,271.25,553.62,17.18,7.16,1,2,0
202,16,1081.19,539.86,13.89,21.50,1,3,0
202,18,1687.76,476.80,84.72,44.56,1,5,0
202,23,215.39,563.41,44.17,19.82,1,0,0
202,17,1008.14,546.95,10.15,15.27,1,3,0
202,26,253.97,577.55,15.16,7.27,1,2,0
203,16,1054.55,541.61,13.80,21.08,1,3,0
203,18,1658.16,474.78,83.92,43.97,1,5,0
203,23,184.78,569.94,43.97,20.03,1,0,0
203,26,222.70,584.08,16.44,6.83,1,2,0
204,16,1042.66,542.88,13.76,21.40,1,3,0
204,18,1646.78,492.01,83.60,43.77,1,5,0
204,23,169.42,549.95,43.47,20.59,1,0,0
204,26,209.51,565.28,17.45,6.77,1,2,0
204,21,1895.61,528.02,24.39,22.09,1,5,0
205,16,1033.65,542.95,13.72,21.93,1,3,0
205,18,1637.88,508.00,83.25,44.55,1,5,0
205,23,159.15,528.53,44.76,20.49,1,0,0
205,26,198.30,543.89,17.28,7.29,1,2,0
205,21,1887.27,547.67,32.73,26.35,1,5,0
205,17,960.49,547.17,9.93,15.19,1,3,0
206,16,1018.14,543.53,13.83,21.42,1,3,0
206,18,1620.60,512.00,83.35,42.98,1,5,0
206,23,140.38,524.06,45.19,20.81,1,0,0
206,26,178.89,540.54,16.80,7.14,1,2,0
206,21,1868.91,547.03,51.09,30.68,1,5,0
206,17,944.86,547.39,9.36,14.31,1,3,0
207,16,1004.84,543.68,13.85,21.21,1,3,0
207,18,1604.81,503.86,84.41,45.15,1,5,0
207,23,124.39,534.65,45.20,20.45,1,0,0
207,26,163.95,550.04,17.00,7.04,1,2,0
207,21,1853.72,531.30,66.28,36.88,1,5,0
207,17,930.52,548.82,9.59,13.67,1,3,0
208,16,975.49,543.98,14.91,23.17,1,3,0
208,18,1573.92,492.42,83.48,43.90,1,5,0
208,23,88.66,556.77,47.77,20.71,1,0,0
208,26,130.17,572.00,17.77,7.26,1,2,0
208,21,1818.61,510.53,101.39,39.81,1,5,0
208,17,901.53,551.67,9.71,15.09,1,3,0
209,16,951.99,545.60,14.78,22.99,1,3,0
209,18,1548.44,490.37,81.60,43.36,1,5,0
209,23,59.64,562.41,48.24,20.99,1,0,0
209,26,102.04,577.20,17.58,7.53,1,2,0
209,21,1790.75,499.97,129.25,46.77,1,5,0
209,17,877.78,553.56,9.54,14.30,1,3,0
210,16,931.58,545.79,14.29,22.47,1,3,0
210,18,1527.41,492.46,82.05,44.78,1,5,0
210,23,35.22,559.13,48.83,21.35,1,0,0
210,26,75.40,575.94,15.16,6.47,1,2,0
210,21,1767.94,502.02,152.06,47.50,1,5,0
210,17,858.05,553.67,9.59,14.01,1,3,0
211,16,910.29,546.51,14.49,22.19,1,3,0
211,18,1504.13,496.49,82.77,43.92,1,5,0
211,23,9.18,556.10,47.49,21.41,1,0,0
211,26,49.44,573.20,14.82,6.40,1,2,0
211,21,1743.38,503.80,176.62,50.06,1,5,0
212,16,891.54,547.04,14.51,22.46,1,3,0
212,18,1483.76,496.49,82.77,44.71,1,5,0
212,23,0.35,557.18,35.19,20.78,1,0,0
212,26,26.37,573.55,13.24,6.66,1,2,0
212,21,1721.93,505.75,198.07,49.25,1,5,0
212,17,816.93,554.42,9.52,14.27,1,3,0
213,16,868.79,548.52,14.89,22.21,1,3,0
213,18,1459.31,498.07,82.51,44.26,1,5,0
213,26,0.56,574.20,14.12,6.66,1,2,0
213,21,1696.60,507.45,223.40,48.76,1,5,0
213,17,794.15,555.79,9.72,14.19,1,3,0
214,16,850.02,548.29,14.73,21.78,1,3,0
214,18,1441.85,500.26,81.90,45.21,1,5,0
214,21,1676.77,512.34,243.23,48.68,1,5,0
215,16,834.32,546.40,14.48,22.32,1,3,0
215,18,1424.76,504.69,81.45,44.62,1,5,0
215,21,1658.97,518.91,244.37,47.56,1,5,0
215,17,758.86,552.37,9.92,14.41,1,3,0
216,16,816.31,545.00,14.73,21.95,1,3,0
216,18,1406.06,508.87,81.63,44.42,1,5,0
216,21,1638.78,525.92,243.38,46.59,1,5,0
217,16,799.35,544.42,14.49,21.80,1,3,0
217,18,1388.02,512.26,80.95,43.25,1,5,0
217,21,1620.47,529.34,245.12,45.92,1,5,0
217,17,723.52,548.67,9.29,14.02,1,3,0
218,16,772.11,545.79,13.99,22.08,1,3,0
218,18,1360.47,512.28,81.13,43.65,1,5,0
218,21,1590.03,528.39,245.32,46.54,1,5,0
218,17,695.76,550.43,9.69,14.91,1,3,0
219,16,746.81,547.53,14.53,21.75,1,3,0
219,18,1335.29,509.15,79.66,44.12,1,5,0
219,21,1563.72,524.68,241.06,45.93,1,5,0
219,17,671.21,552.75,9.59,14.64,1,3,0
219,28,1853.95,535.66,66.05,32.96,1,5,0
220,16,723.87,548.16,14.28,21.79,1,3,0
220,18,1312.08,509.56,79.57,43.91,1,5,0
220,21,1538.89,524.77,239.75,46.22,1,5,0
220,17,647.04,552.30,9.91,14.89,1,3,0
220,28,1826.81,536.28,82.35,32.85,1,5,0
221,16,695.88,544.55,13.86,21.24,1,3,0
221,18,1283.84,512.58,78.68,41.94,1,5,0
221,21,1509.51,528.44,235.74,46.10,1,5,0
221,28,1793.85,544.24,82.02,31.13,1,5,0
222,16,667.81,540.54,13.93,20.88,1,3,0
222,18,1256.58,514.14,78.83,43.08,1,5,0
222,21,1480.42,534.33,235.63,45.79,1,5,0
222,28,1761.75,552.48,82.31,31.87,1,5,0
222,17,589.78,543.28,9.25,14.43,1,3,0
223,16,625.95,540.31,13.75,20.67,1,3,0
223,18,1215.97,514.22,78.01,43.16,1,5,0
223,21,1438.01,535.27,232.23,44.10,1,5,0
223,28,1715.77,551.29,80.78,32.54,1,5,0
224,16,603.65,547.30,15.00,21.22,1,3,0
224,18,1194.03,512.68,77.82,42.18,1,5,0
224,21,1415.74,528.77,228.67,44.29,1,5,0
224,28,1690.89,541.04,81.24,31.88,1,5,0
225,16,581.37,558.53,14.57,21.67,1,3,0
225,18,1170.99,508.29,78.48,43.47,1,5,0
225,21,1393.24,519.20,227.23,44.88,1,5,0
225,28,1666.47,526.68,80.80,31.23,1,5,0
225,29,1862.37,459.95,57.63,97.46,1,0,0
225,17,502.54,564.31,10.18,15.73,1,3,0
226,16,567.05,564.26,14.94,20.74,1,3,0
226,18,1157.78,507.78,78.03,43.49,1,5,0
226,21,1379.47,515.77,228.50,45.00,1,5,0
226,28,1651.85,522.31,79.39,30.36,1,5,0
226,29,1845.70,448.12,74.30,101.11,1,0,0
226,17,488.84,570.25,9.63,15.52,1,3,0
227,16,546.98,559.80,14.33,21.92,1,3,0
227,18,1139.00,508.63,78.88,43.49,1,5,0
227,21,1358.89,519.50,227.36,46.58,1,5,0
227,28,1630.11,527.90,80.42,32.41,1,5,0
227,29,1824.47,454.01,95.53,104.56,1,0,0
227,17,467.14,565.16,10.85,15.69,1,3,0
228,16,526.72,546.82,14.05,21.68,1,3,0
228,18,1120.14,512.36,79.02,42.88,1,5,0
228,21,1340.66,530.66,224.93,43.86,1,5,0
228,28,1610.16,543.69,78.72,31.40,1,5,0
228,29,1803.06,473.02,116.94,107.90,1,0,0
228,17,446.79,549.92,10.75,15.67,1,3,0
229,16,512.98,540.31,13.69,21.21,1,3,0
229,18,1107.81,513.27,78.06,43.37,1,5,0
229,21,1326.83,535.26,226.99,43.87,1,5,0
229,28,1597.03,551.32,77.27,31.84,1,5,0
229,29,1788.36,480.74,131.64,111.60,1,0,0
229,17,432.20,541.64,10.79,15.71,1,3,0
230,16,497.86,536.52,14.01,21.48,1,3,0
230,18,1092.78,512.14,79.25,44.34,1,5,0
230,21,1312.46,536.84,226.57,43.85,1,5,0
230,28,1581.04,553.50,78.54,32.16,1,5,0
230,29,1772.72,483.37,147.28,113.25,1,0,0
230,17,416.51,537.41,10.43,16.85,1,3,0
231,16,484.20,539.15,14.19,21.23,1,3,0
231,18,1080.37,513.35,79.03,43.40,1,5,0
231,21,1300.15,535.55,223.53,42.91,1,5,0
231,28,1568.27,551.51,77.17,31.67,1,5,0
231,29,1758.57,479.42,161.43,113.75,1,0,0
232,16,470.18,548.15,14.25,21.12,1,3,0
232,18,1067.79,513.30,78.02,42.57,1,5,0
232,21,1286.90,531.14,224.53,43.31,1,5,0
232,28,1553.75,543.60,77.89,31.59,1,5,0
232,29,1743.95,467.40,176.05,113.97,1,0,0
232,17,388.44,551.07,10.13,15.74,1,3,0
233,16,454.12,561.32,14.79,21.30,1,3,0
233,18,1052.96,512.71,78.90,43.76,1,5,0
233,21,1272.40,524.92,221.05,45.09,1,5,0
233,28,1538.37,534.20,76.82,31.24,1,5,0
233,29,1726.59,453.44,193.41,111.60,1,0,0
233,17,372.72,566.08,9.92,15.71,1,3,0
234,16,445.68,567.51,14.77,20.65,1,3,0
234,18,1045.31,513.65,77.62,42.74,1,5,0
234,21,1263.75,522.20,220.57,45.57,1,5,0
234,28,1529.95,529.26,76.69,31.09,1,5,0
234,29,1717.11,444.36,202.89,114.10,1,0,0
234,17,364.09,573.11,9.80,15.57,1,3,0
235,16,439.75,565.81,15.03,20.85,1,3,0
235,18,1040.40,513.72,78.03,43.08,1,5,0
235,21,1258.68,523.28,220.16,45.76,1,5,0
235,28,1524.59,530.59,76.73,31.40,1,5,0
235,29,1712.27,446.35,207.73,114.12,1,0,0
235,17,358.72,571.13,10.01,15.73,1,3,0
236,16,434.97,558.50,14.62,21.79,1,3,0
236,18,1035.56,513.39,77.93,44.03,1,5,0
236,21,1254.34,526.19,221.64,46.00,1,5,0
236,28,1519.58,536.30,76.51,30.93,1,5,0
236,29,1707.37,455.22,212.63,113.84,1,0,0
236,17,352.88,563.44,9.75,15.88,1,3,0
237,16,425.72,544.01,14.81,21.46,1,3,0
237,18,1027.19,514.37,78.64,44.02,1,5,0
237,21,1245.25,534.91,221.26,43.91,1,5,0
237,28,1510.71,549.63,76.22,31.55,1,5,0
237,29,1700.78,475.88,219.22,113.70,1,0,0
237,17,343.31,546.45,9.92,16.07,1,3,0
238,16,414.39,536.48,14.39,21.43,1,3,0
238,18,1016.83,514.49,78.37,44.39,1,5,0
238,21,1235.75,539.04,222.00,43.30,1,5,0
238,28,1500.14,556.37,76.11,31.79,1,5,0
238,29,1688.07,485.16,231.93,115.70,1,0,0
239,16,404.49,538.62,14.47,21.73,1,3,0
239,18,1007.76,513.95,78.31,44.95,1,5,0
239,21,1227.17,538.17,220.78,43.46,1,5,0
239,28,1490.02,554.72,76.91,31.30,1,5,0
239,29,1677.72,482.80,242.28,115.21,1,0,0
239,17,320.75,540.13,9.71,16.73,1,3,0
240,16,392.23,554.29,14.46,21.37,1,3,0
240,18,997.02,516.05,76.97,43.17,1,5,0
240,21,1216.12,532.31,220.03,44.09,1,5,0
240,28,1479.54,544.06,76.33,31.16,1,5,0
240,29,1665.51,460.37,254.49,119.19,1,0,0
240,17,309.13,557.72,9.80,15.41,1,3,0
241,16,385.60,568.25,14.11,21.47,1,3,0
241,18,990.65,516.73,77.01,43.45,1,5,0
241,21,1209.94,527.96,218.63,44.54,1,5,0
241,28,1472.55,535.33,76.73,30.88,1,5,0
241,29,1658.75,444.47,261.25,120.62,1,0,0
241,17,301.73,572.83,9.67,15.99,1,3,0
242,16,381.24,569.85,13.99,21.23,1,3,0
242,18,985.58,515.68,78.97,44.57,1,5,0
242,21,1205.53,525.89,219.10,45.73,1,5,0
242,28,1467.72,533.76,77.06,31.64,1,5,0
242,29,1654.88,442.74,265.12,120.81,1,0,0
242,17,297.27,574.60,9.98,16.65,1,3,0
243,16,367.87,553.12,14.43,22.00,1,3,0
243,18,974.52,515.92,77.75,43.38,1,5,0
243,21,1193.83,531.79,220.78,44.41,1,5,0
243,28,1455.89,544.33,77.11,30.99,1,5,0
243,29,1643.26,463.49,276.74,116.77,1,0,0
244,16,359.18,542.93,15.10,21.34,1,3,0
244,18,967.93,515.12,77.51,43.84,1,5,0
244,21,1186.43,535.86,221.50,43.50,1,5,0
244,28,1448.96,551.44,76.67,31.14,1,5,0
244,29,1634.94,476.10,285.06,116.43,1,0,0
244,17,274.89,544.72,9.69,16.19,1,3,0
245,16,352.04,544.08,15.57,20.77,1,3,0
245,18,961.54,514.52,79.10,45.12,1,5,0
245,21,1181.30,537.19,219.14,42.73,1,5,0
245,28,1443.49,552.33,76.04,31.37,1,5,0
245,29,1629.79,476.89,290.21,117.39,1,0,0
245,17,267.87,545.28,10.28,15.88,1,3,0
246,16,348.97,557.61,14.81,20.86,1,3,0
246,18,958.94,516.23,78.07,44.86,1,5,0
246,21,1178.01,534.56,217.38,43.28,1,5,0
246,28,1438.87,545.05,77.42,30.75,1,5,0
246,29,1625.73,459.81,294.27,120.05,1,0,0
246,17,263.93,561.30,9.63,15.09,1,3,0
247,16,344.88,570.36,15.28,21.33,1,3,0
247,18,954.68,519.15,79.38,43.24,1,5,0
247,21,1174.56,530.55,217.20,44.70,1,5,0
247,28,1435.07,538.07,77.60,31.05,1,5,0
247,29,1620.79,448.20,299.21,120.26,1,0,0
248,16,338.29,569.13,14.73,21.07,1,3,0
248,18,947.81,519.30,77.58,43.29,1,5,0
248,21,1167.61,531.08,218.27,45.41,1,5,0
248,28,1428.62,540.37,76.98,30.64,1,5,0
248,29,1615.02,450.79,304.98,120.76,1,0,0
248,17,252.49,573.02,9.67,16.27,1,3,0
249,16,327.00,553.94,15.07,21.39,1,3,0
249,18,939.10,517.98,77.99,43.38,1,5,0
249,21,1158.21,535.74,218.98,43.67,1,5,0
249,28,1419.33,548.19,76.75,31.99,1,5,0
249,29,1605.74,466.72,314.26,119.26,1,0,0
249,17,240.97,556.92,9.60,15.69,1,3,0
250,16,314.60,542.42,14.11,21.88,1,3,0
250,18,927.08,516.71,79.57,43.63,1,5,0
250,21,1147.29,538.63,218.70,43.83,1,5,0
250,28,1408.27,554.78,76.56,31.24,1,5,0
250,29,1592.33,480.76,327.67,117.07,1,0,0
250,17,228.05,543.61,9.67,15.84,1,3,0
251,16,303.32,539.11,15.11,22.18,1,3,0
251,18,918.86,514.79,78.07,45.77,1,5,0
251,21,1136.92,539.87,220.85,43.34,1,5,0
251,28,1398.02,556.16,76.65,31.18,1,5,0
251,29,1582.94,483.26,337.06,117.44,1,0,0
251,17,216.49,540.93,10.19,15.85,1,3,0
252,16,294.01,547.61,14.77,21.39,1,3,0
252,18,911.07,516.79,77.33,44.63,1,5,0
252,21,1130.25,537.55,218.29,43.40,1,5,0
252,28,1389.02,552.57,76.96,31.42,1,5,0
252,29,1574.04,476.06,345.96,116.13,1,0,0
252,17,206.86,549.90,10.09,15.69,1,3,0
253,16,291.55,559.92,14.38,21.47,1,3,0
253,18,907.98,518.50,78.73,44.51,1,5,0
253,21,1127.08,535.87,216.98,43.15,1,5,0
253,28,1386.47,546.60,76.65,31.11,1,5,0
253,29,1571.07,464.56,348.93,116.59,1,0,0
253,17,204.51,564.03,9.58,15.21,1,3,0
254,16,295.00,567.12,14.92,22.08,1,3,0
254,18,911.48,520.01,77.80,44.24,1,5,0
254,21,1129.91,534.28,216.08,44.76,1,5,0
254,28,1389.47,543.49,77.88,31.54,1,5,0
254,29,1574.22,458.05,345.78,118.01,1,0,0
254,17,208.23,572.28,9.75,16.17,1,3,0
255,16,304.31,569.86,14.87,22.01,1,3,0
255,18,918.40,520.82,78.34,44.17,1,5,0
255,21,1138.12,533.44,217.75,45.34,1,5,0
255,28,1398.19,542.66,77.14,30.85,1,5,0
255,29,1582.62,454.57,337.38,119.39,1,0,0
255,17,217.11,575.03,9.66,15.94,1,3,0
256,16,314.91,566.41,15.18,21.89,1,3,0
256,18,928.27,522.28,77.52,43.68,1,5,0
256,21,1146.93,535.96,218.27,44.73,1,5,0
256,28,1407.36,547.00,77.94,30.18,1,5,0
256,29,1592.43,460.81,327.57,118.38,1,0,0
256,17,228.72,570.51,9.36,15.50,1,3,0
257,16,323.53,562.78,14.64,21.79,1,3,0
257,18,937.36,522.68,76.15,43.37,1,5,0
257,21,1155.74,539.22,216.00,44.30,1,5,0
257,28,1414.59,550.05,78.52,31.51,1,5,0
257,29,1602.09,465.98,317.91,119.21,1,0,0
257,17,237.46,566.05,9.72,16.06,1,3,0
258,16,333.87,557.43,14.95,20.90,1,3,0
258,18,945.16,522.62,77.14,43.45,1,5,0
258,21,1164.64,541.20,217.31,43.90,1,5,0
258,28,1424.10,553.02,78.05,32.02,1,5,0
258,29,1610.70,474.10,309.30,117.45,1,0,0
258,17,247.60,560.35,9.41,15.30,1,3,0
259,16,341.03,556.86,14.77,20.82,1,3,0
259,18,950.80,522.82,77.36,44.08,1,5,0
259,21,1170.01,542.30,217.34,43.69,1,5,0
259,28,1429.56,554.54,78.18,32.01,1,5,0
259,29,1616.37,476.83,303.63,116.29,1,0,0
259,17,254.58,559.95,9.48,15.31,1,3,0
260,16,347.46,558.82,14.05,21.43,1,3,0
260,18,953.95,523.10,78.72,44.23,1,5,0
260,21,1174.62,542.27,217.27,43.97,1,5,0
260,28,1436.46,554.23,76.86,32.05,1,5,0
260,29,1621.55,474.13,298.45,117.19,1,0,0
260,17,260.56,561.61,10.61,16.50,1,3,0
261,16,355.02,562.29,13.84,21.27,1,3,0
261,18,961.12,523.89,77.25,44.49,1,5,0
261,21,1181.02,542.34,215.54,43.99,1,5,0
261,28,1441.52,553.83,77.63,31.20,1,5,0
261,29,1628.00,471.02,292.00,118.52,1,0,0
261,17,266.92,565.04,10.61,16.71,1,3,0
262,16,362.41,563.85,13.91,21.19,1,3,0
262,18,966.96,524.59,77.17,44.32,1,5,0
262,21,1186.76,542.30,216.27,43.91,1,5,0
262,28,1446.65,553.35,78.86,31.40,1,5,0
262,29,1634.18,471.16,285.82,117.90,1,0,0
262,17,274.20,566.59,10.53,16.76,1,3,0
263,16,370.27,562.66,14.43,21.91,1,3,0
263,18,974.50,524.72,77.28,43.51,1,5,0
263,21,1193.60,542.88,215.53,43.96,1,5,0
263,28,1453.98,554.25,77.88,31.44,1,5,0
263,29,1640.94,473.96,279.06,116.21,1,0,0
264,16,378.00,561.34,14.41,22.39,1,3,0
264,18,980.26,526.47,78.71,43.55,1,5,0
264,21,1200.73,544.98,216.60,44.33,1,5,0
264,28,1460.10,557.43,78.93,31.28,1,5,0
264,29,1647.11,478.96,272.89,116.19,1,0,0
264,17,291.13,563.86,10.23,16.40,1,3,0
265,16,386.14,564.43,14.21,21.97,1,3,0
265,18,988.18,527.18,76.81,43.44,1,5,0
265,21,1206.64,545.09,216.63,44.25,1,5,0
265,28,1467.39,556.54,78.00,31.22,1,5,0
265,29,1654.28,475.57,265.72,117.18,1,0,0
265,17,298.38,566.78,10.20,16.79,1,3,0
266,16,395.37,570.53,14.19,21.11,1,3,0
266,18,994.72,528.19,77.97,43.48,1,5,0
266,21,1215.35,544.22,215.40,44.29,1,5,0
266,28,1475.20,554.59,78.68,31.22,1,5,0
266,29,1662.76,471.67,257.24,116.89,1,0,0
266,17,308.91,573.52,9.99,16.11,1,3,0
267,16,404.59,574.25,14.18,21.60,1,3,0
267,18,1003.04,529.07,77.24,44.12,1,5,0
267,21,1222.26,543.45,215.10,45.02,1,5,0
267,28,1483.35,552.74,77.47,30.75,1,5,0
267,29,1671.57,469.35,248.43,115.71,1,0,0
267,17,316.90,577.98,9.91,15.97,1,3,0
268,16,412.45,573.63,13.92,21.17,1,3,0
268,18,1010.04,530.03,76.63,43.24,1,5,0
268,21,1229.12,543.58,215.36,45.02,1,5,0
268,28,1489.45,553.01,78.23,30.95,1,5,0
268,29,1677.54,471.25,242.46,114.21,1,0,0
268,17,325.61,577.63,9.45,15.12,1,3,0
269,16,418.58,568.65,14.16,21.13,1,3,0
269,18,1014.49,529.89,77.42,43.24,1,5,0
269,21,1234.05,545.75,217.37,44.74,1,5,0
269,28,1495.70,557.20,77.52,30.81,1,5,0
269,29,1682.10,480.85,237.90,111.09,1,0,0
269,17,331.66,572.15,9.51,15.07,1,3,0
270,16,425.02,563.75,13.76,21.87,1,3,0
270,18,1020.47,528.66,76.43,44.49,1,5,0
270,21,1239.47,547.74,216.64,44.10,1,5,0
270,28,1500.39,560.89,77.13,31.15,1,5,0
270,29,1686.21,486.19,233.79,112.09,1,0,0
270,17,337.85,566.72,9.30,15.55,1,3,0
271,16,433.15,562.36,13.44,21.54,1,3,0
271,18,1026.36,529.57,77.46,44.54,1,5,0
271,21,1245.39,549.50,216.89,44.06,1,5,0
271,28,1505.76,563.21,77.58,31.33,1,5,0
271,29,1693.44,490.72,226.56,111.52,1,0,0
271,17,344.66,564.28,9.56,16.26,1,3,0
272,16,439.42,563.91,13.71,21.89,1,3,0
272,18,1032.27,530.10,76.83,44.69,1,5,0
272,21,1251.29,549.31,216.29,44.11,1,5,0
272,28,1510.75,562.78,78.45,31.55,1,5,0
272,29,1699.46,489.35,220.54,111.77,1,0,0
272,17,351.66,566.78,9.61,15.83,1,3,0
273,16,457.34,574.73,13.83,21.27,1,3,0
273,18,1048.25,532.62,75.92,43.30,1,5,0
273,21,1266.16,547.24,216.38,44.49,1,5,0
273,28,1525.92,557.61,78.98,30.85,1,5,0
273,29,1712.60,480.49,207.40,110.53,1,0,0
273,17,369.66,578.90,9.58,15.43,1,3,0
274,16,469.58,580.05,14.06,21.12,1,3,0
274,18,1058.36,532.75,76.46,43.37,1,5,0
274,21,1276.37,546.19,217.42,44.04,1,5,0
274,28,1537.73,553.73,77.63,31.38,1,5,0
274,29,1724.41,474.21,195.59,111.28,1,0,0
274,17,381.67,584.33,10.32,16.17,1,3,0
275,16,477.54,580.44,14.00,20.39,1,3,0
275,18,1065.19,530.93,76.39,45.12,1,5,0
275,21,1283.89,545.17,216.43,45.18,1,5,0
275,28,1545.36,554.78,76.96,30.66,1,5,0
275,29,1730.80,476.00,189.20,110.11,1,0,0
275,17,389.02,584.92,9.80,15.03,1,3,0
276,16,483.32,572.82,13.60,20.32,1,3,0
276,18,1069.57,534.28,76.05,42.75,1,5,0
276,21,1288.42,549.46,218.67,44.04,1,5,0
276,28,1549.25,561.08,77.01,31.31,1,5,0
276,29,1734.62,485.80,185.38,110.88,1,0,0
276,17,394.60,575.82,10.17,15.63,1,3,0
277,16,486.34,563.42,13.72,21.12,1,3,0
277,18,1071.64,534.79,77.55,43.67,1,5,0
277,21,1290.50,555.09,217.86,43.54,1,5,0
277,28,1551.43,570.70,76.29,31.05,1,5,0
277,29,1736.79,500.70,183.21,109.34,1,0,0
277,17,397.05,564.63,10.49,16.20,1,3,0
278,16,488.82,563.63,13.68,21.30,1,3,0
278,18,1072.32,535.00,77.95,43.67,1,5,0
278,21,1290.88,555.72,218.35,44.13,1,5,0
278,28,1551.70,570.04,77.14,31.16,1,5,0
278,29,1738.24,500.66,181.76,108.91,1,0,0
278,17,400.75,565.98,9.87,15.64,1,3,0
279,16,492.32,573.86,14.97,21.58,1,3,0
279,18,1076.37,535.67,77.98,43.15,1,5,0
279,21,1295.16,552.22,216.33,43.69,1,5,0
279,28,1556.17,561.96,75.96,31.19,1,5,0
279,29,1740.79,487.75,179.21,110.07,1,0,0
279,17,405.36,577.51,9.95,15.69,1,3,0
280,16,498.51,584.35,13.41,20.97,1,3,0
280,18,1080.25,536.00,76.60,43.01,1,5,0
280,21,1298.51,547.87,215.51,44.42,1,5,0
280,28,1559.29,554.58,76.25,31.38,1,5,0
280,29,1743.73,476.65,176.27,109.21,1,0,0
280,17,409.84,588.55,10.03,16.21,1,3,0
281,16,502.72,588.15,13.52,19.95,1,3,0
281,18,1083.41,535.13,77.62,42.58,1,5,0
281,21,1301.40,544.34,218.53,45.85,1,5,0
281,28,1563.23,550.93,75.61,31.84,1,5,0
281,29,1746.89,471.26,173.11,109.29,1,0,0
281,17,414.29,592.51,10.20,16.34,1,3,0
282,16,505.39,580.53,13.92,19.93,1,3,0
282,18,1085.67,535.38,78.12,42.86,1,5,0
282,21,1303.42,549.49,218.55,44.89,1,5,0
282,28,1565.56,558.45,75.50,31.89,1,5,0
282,29,1748.87,482.95,171.13,109.62,1,0,0
282,17,417.26,583.86,10.44,15.94,1,3,0
283,16,505.89,566.58,13.90,20.69,1,3,0
283,18,1085.02,535.97,78.53,43.25,1,5,0
283,21,1303.19,557.46,218.50,43.61,1,5,0
283,28,1564.99,571.44,74.92,31.88,1,5,0
283,29,1748.57,502.78,171.43,108.58,1,0,0
283,17,416.55,567.23,10.85,17.45,1,3,0
284,16,507.19,561.03,14.03,21.01,1,3,0
284,18,1085.55,536.11,78.88,44.71,1,5,0
284,21,1303.25,560.05,218.06,43.72,1,5,0
284,28,1563.63,575.65,76.04,31.92,1,5,0
284,29,1747.83,509.36,172.17,108.69,1,0,0
284,17,417.45,561.44,10.54,16.88,1,3,0
285,16,509.36,566.77,14.58,21.30,1,3,0
285,18,1088.04,536.12,78.67,44.48,1,5,0
285,21,1305.98,558.17,216.03,42.94,1,5,0
285,28,1566.66,570.95,75.04,31.26,1,5,0
285,29,1749.53,501.77,170.47,108.54,1,0,0
285,17,420.07,568.55,10.49,16.38,1,3,0
286,16,513.78,579.47,14.53,20.48,1,3,0
286,18,1092.31,536.94,76.99,43.88,1,5,0
286,21,1308.84,552.69,217.35,43.38,1,5,0
286,28,1570.10,561.40,75.27,31.51,1,5,0
286,29,1752.09,487.16,167.91,108.40,1,0,0
286,17,424.96,582.40,10.46,16.02,1,3,0
287,16,518.33,583.54,13.66,21.29,1,3,0
287,18,1095.27,535.77,76.81,44.53,1,5,0
287,21,1311.62,549.59,215.20,44.24,1,5,0
287,28,1572.83,556.11,75.29,31.84,1,5,0
287,29,1754.31,480.04,165.69,109.59,1,0,0
287,17,428.07,587.46,10.93,16.15,1,3,0
288,16,519.31,583.03,14.45,21.97,1,3,0
288,18,1095.80,536.57,77.34,43.65,1,5,0
288,21,1313.19,549.55,217.48,44.05,1,5,0
288,28,1574.68,556.54,74.25,31.69,1,5,0
288,29,1754.94,480.34,165.06,109.29,1,0,0
288,17,430.04,587.79,10.30,15.81,1,3,0
289,16,521.09,581.51,14.10,21.53,1,3,0
289,18,1097.00,537.07,77.78,43.59,1,5,0
289,21,1314.74,551.88,216.47,43.82,1,5,0
289,28,1575.55,559.40,74.55,32.00,1,5,0
289,29,1755.46,483.91,164.54,109.55,1,0,0
289,17,432.12,585.33,9.94,15.00,1,3,0
290,16,523.47,576.07,14.22,20.98,1,3,0
290,18,1098.62,537.12,79.32,43.41,1,5,0
290,21,1316.91,553.99,216.65,43.64,1,5,0
290,28,1577.10,564.21,74.60,32.03,1,5,0
290,29,1757.97,491.23,162.03,109.84,1,0,0
290,17,434.37,579.10,9.98,15.71,1,3,0
291,16,524.99,572.97,14.10,20.17,1,3,0
291,18,1100.26,537.43,78.88,43.37,1,5,0
291,21,1318.59,555.42,216.57,44.00,1,5,0
291,28,1578.64,568.66,73.90,30.33,1,5,0
291,29,1759.41,495.83,160.59,109.49,1,0,0
291,17,436.46,575.70,9.46,15.04,1,3,0
292,16,527.34,571.33,14.47,20.13,1,3,0
292,18,1102.35,537.49,77.96,43.83,1,5,0
292,21,1320.60,557.19,216.64,43.51,1,5,0
292,28,1580.54,570.72,73.63,30.57,1,5,0
292,29,1760.63,499.01,159.37,109.40,1,0,0
292,17,437.89,573.50,9.76,15.00,1,3,0
293,16,531.67,572.40,14.17,20.24,1,3,0
293,18,1105.90,537.49,77.40,44.15,1,5,0
293,21,1324.46,557.45,214.72,43.30,1,5,0
293,28,1583.72,571.02,74.00,30.47,1,5,0
293,29,1764.08,499.41,155.92,108.36,1,0,0
293,17,442.60,574.67,9.88,15.34,1,3,0
294,16,533.91,573.57,13.85,20.52,1,3,0
294,18,1107.01,537.47,78.35,43.62,1,5,0
294,21,1323.66,555.26,214.82,43.77,1,5,0
294,28,1585.36,566.56,73.57,31.52,1,5,0
294,29,1765.86,495.86,154.14,108.26,1,0,0
294,17,444.76,576.85,9.76,15.42,1,3,0
295,16,539.34,581.19,13.86,20.77,1,3,0
295,18,1112.56,537.95,77.39,42.96,1,5,0
295,21,1329.27,552.09,215.84,43.73,1,5,0
295,28,1589.73,560.14,73.73,31.55,1,5,0
295,29,1770.66,485.69,149.34,108.10,1,0,0
295,17,449.55,584.92,10.33,15.52,1,3,0
296,16,545.56,585.09,13.80,20.83,1,3,0
296,18,1119.17,537.33,75.57,43.21,1,5,0
296,21,1334.81,549.33,215.22,44.44,1,5,0
296,28,1595.80,556.61,74.22,31.29,1,5,0
296,29,1776.20,480.37,143.80,108.36,1,0,0
296,17,456.43,589.12,9.97,15.54,1,3,0
297,16,554.94,581.41,14.55,21.23,1,3,0
297,18,1127.35,536.82,76.36,43.80,1,5,0
297,21,1344.73,551.04,216.31,44.65,1,5,0
297,28,1605.18,559.17,74.97,31.93,1,5,0
297,29,1786.98,485.71,133.02,107.34,1,0,0
297,17,467.16,587.18,8.67,13.95,1,3,0
298,16,566.85,573.97,14.27,20.34,1,3,0
298,18,1137.91,538.97,76.64,42.73,1,5,0
298,21,1356.67,557.08,217.18,43.73,1,5,0
298,28,1618.55,568.63,74.22,31.11,1,5,0
298,29,1800.09,499.85,119.91,105.91,1,0,0
298,17,478.18,576.37,8.74,15.04,1,3,0
299,16,579.73,566.43,13.98,20.66,1,3,0
299,18,1151.08,540.66,76.29,43.06,1,5,0
299,21,1369.66,563.03,219.27,42.21,1,5,0
299,28,1632.44,577.51,74.47,31.83,1,5,0
299,29,1814.85,516.46,105.15,101.08,1,0,0
299,17,491.24,568.25,9.99,15.77,1,3,0
300,16,596.53,561.67,13.16,20.98,1,3,0
300,18,1167.42,542.14,77.16,43.08,1,5,0
300,21,1385.47,567.83,222.29,43.34,1,5,0
300,28,1649.79,584.46,76.09,32.09,1,5,0
300,29,1835.58,526.61,84.42,99.34,1,0,0
300,17,508.37,562.38,9.65,15.47,1,3,0
301,16,623.76,561.65,13.27,21.02,1,3,0
301,18,1194.27,543.79,76.93,42.80,1,5,0
301,21,1413.13,569.51,224.94,43.94,1,5,0
301,28,1680.04,586.24,77.02,32.50,1,5,0
301,29,1866.99,555.07,53.01,72.58,1,0,0
301,17,535.56,561.75,9.74,15.76,1,3,0
302,16,658.07,568.25,13.44,21.04,1,3,0
302,18,1229.97,541.49,75.08,44.28,1,5,0
302,21,1449.55,565.07,225.92,42.68,1,5,0
302,28,1719.01,578.75,78.44,31.72,1,5,0
302,17,570.82,570.14,9.70,15.24,1,3,0
303,16,704.87,576.59,13.94,20.06,1,3,0
303,18,1276.02,539.48,76.29,42.53,1,5,0
303,21,1499.63,555.58,226.76,45.03,1,5,0
303,28,1774.01,567.57,79.86,31.22,1,5,0
303,17,619.02,580.01,9.05,14.01,1,3,0
304,16,750.09,579.16,14.16,21.13,1,3,0
304,18,1321.98,537.80,76.72,42.43,1,5,0
304,21,1548.42,551.37,233.18,44.99,1,5,0
304,28,1826.94,560.73,82.23,32.00,1,5,0
304,17,664.27,583.59,9.64,14.21,1,3,0
305,16,793.02,579.84,13.59,20.86,1,3,0
305,18,1365.35,536.51,78.33,43.01,1,5,0
305,21,1595.52,549.61,236.82,45.08,1,5,0
305,28,1879.22,561.24,40.78,28.23,1,5,0
305,17,708.57,584.74,8.97,13.78,1,3,0
306,16,836.50,577.90,13.71,21.00,1,3,0
306,18,1410.01,535.64,81.58,43.89,1,5,0
306,21,1645.06,550.30,238.59,46.39,1,5,0
306,17,752.29,583.03,9.98,14.30,1,3,0
307,16,894.33,576.36,13.68,20.70,1,3,0
307,18,1472.42,538.51,81.68,44.03,1,5,0
307,21,1710.82,555.88,209.18,45.63,1,5,0
307,17,810.90,581.04,9.67,13.69,1,3,0
308,16,966.95,575.36,13.81,20.68,1,3,0
308,18,1552.02,538.86,83.32,43.92,1,5,0
308,21,1799.49,558.40,120.51,43.27,1,5,0
309,16,1005.59,575.34,14.26,21.22,1,3,0
309,18,1595.16,536.37,83.72,44.00,1,5,0
309,21,1846.55,564.09,73.45,34.63,1,5,0
309,30,100.40,566.93,44.24,19.75,1,0,0
309,17,923.35,580.78,9.04,12.93,1,3,0
310,16,1054.34,576.05,14.24,21.09,1,3,0
310,18,1648.63,535.26,86.57,42.08,1,5,0
310,30,158.34,572.61,43.51,20.20,1,0,0
310,17,972.55,581.34,8.92,13.41,1,3,0
311,16,1108.97,575.90,14.08,21.22,1,3,0
311,18,1712.11,526.40,88.17,44.90,1,5,0
311,30,223.05,580.15,42.94,19.12,1,0,0
311,17,1026.40,582.29,9.34,13.19,1,3,0
312,16,1150.90,575.06,14.47,21.59,1,3,0
312,18,1763.97,519.08,85.81,46.03,1,5,0
312,30,270.30,584.16,43.86,19.68,1,0,0
312,17,1069.57,582.16,8.50,12.81,1,3,0
313,16,1203.85,574.56,14.26,21.31,1,3,0
313,18,1826.47,520.27,88.27,44.34,1,5,0
313,30,329.66,583.25,43.55,19.30,1,0,0
313,17,1121.05,581.14,9.12,13.27,1,3,0
313,33,53.89,576.90,40.66,28.99,1,0,0
313,34,410.03,598.88,11.72,6.63,1,2,0
314,16,1237.06,574.75,14.68,21.24,1,3,0
314,18,1865.44,522.50,54.56,45.20,1,5,0
314,30,367.13,578.38,42.29,19.32,1,0,0
314,17,1153.61,580.93,9.31,13.26,1,3,0
314,33,93.29,570.96,41.38,28.40,1,0,0
315,16,1279.19,576.52,13.71,20.51,1,3,0
315,30,410.85,572.00,43.07,19.80,1,0,0
315,17,1195.34,580.71,9.65,13.86,1,3,0
315,33,142.01,562.94,41.29,27.90,1,0,0
315,35,0.43,568.83,71.22,22.22,1,0,0
315,34,489.33,588.67,12.36,6.54,1,2,0
316,16,1312.27,576.90,14.37,20.99,1,3,0
316,30,445.76,569.88,42.88,19.01,1,0,0
316,17,1227.40,581.23,9.58,14.10,1,3,0
316,33,179.80,558.16,40.96,28.64,1,0,0
316,35,0.59,565.00,109.13,21.55,1,0,0
316,34,525.04,585.59,11.29,5.87,1,2,0
317,16,1346.62,577.92,14.09,20.54,1,3,0
317,30,481.62,569.65,42.26,18.98,1,0,0
317,17,1260.90,582.02,9.20,13.40,1,3,0
317,33,217.94,557.71,40.49,28.37,1,0,0
317,35,11.61,563.75,137.95,21.65,1,0,0
318,16,1388.53,580.39,13.75,20.49,1,3,0
318,30,524.11,566.70,41.88,19.22,1,0,0
318,17,1300.87,583.73,9.31,13.97,1,3,0
318,33,263.75,554.13,40.04,28.90,1,0,0
318,35,60.70,559.63,134.95,22.34,1,0,0
319,16,1415.25,581.20,14.50,21.15,1,3,0
319,30,550.75,564.92,41.21,19.30,1,0,0
319,17,1326.93,585.12,9.22,14.03,1,3,0
319,33,292.23,551.31,39.94,28.12,1,0,0
319,35,92.36,556.47,133.04,22.41,1,0,0
319,36,0.23,551.25,77.72,23.05,1,0,0
320,16,1443.79,580.47,14.70,21.20,1,3,0
320,30,578.31,565.48,41.10,19.04,1,0,0
320,17,1354.57,584.11,9.14,14.35,1,3,0
320,33,321.90,552.71,40.31,28.27,1,0,0
320,35,124.57,558.38,130.90,22.28,1,0,0
320,36,15.90,552.85,93.89,23.43,1,0,0
321,16,1468.93,577.90,14.67,20.71,1,3,0
321,30,601.91,569.62,41.02,18.61,1,0,0
321,17,1379.39,582.04,8.90,14.00,1,3,0
321,33,347.65,558.11,39.48,28.07,1,0,0
321,35,150.36,564.76,132.04,21.93,1,0,0
321,36,44.38,560.48,92.76,23.78,1,0,0
321,34,677.06,585.14,12.10,6.03,1,2,0
322,16,1501.40,574.99,14.02,20.32,1,3,0
322,30,633.10,571.72,40.09,19.00,1,0,0
322,17,1409.99,579.75,9.55,13.81,1,3,0
322,33,379.99,562.84,38.75,28.16,1,0,0
322,35,184.69,569.91,130.09,22.04,1,0,0
322,36,77.65,567.33,93.96,23.69,1,0,0
322,34,710.86,587.85,10.81,5.86,1,2,0
323,16,1541.26,572.05,13.65,20.27,1,3,0
323,30,670.74,573.26,38.98,18.62,1,0,0
323,33,418.99,565.15,38.75,28.37,1,0,0
323,35,226.21,573.72,129.63,21.71,1,0,0
323,36,121.24,570.67,92.21,24.12,1,0,0
324,16,1571.70,568.30,13.70,20.18,1,3,0
324,30,698.37,575.34,39.42,19.00,1,0,0
324,33,448.27,569.68,38.54,28.19,1,0,0
324,35,258.04,578.77,127.97,21.65,1,0,0
324,36,154.57,576.11,90.85,24.50,1,0,0
324,37,0.28,582.25,48.14,21.23,1,0,0
324,17,1478.21,573.91,9.21,13.53,1,3,0
324,34,773.70,591.11,10.85,6.04,1,2,0
325,16,1609.44,560.57,14.26,21.48,1,3,0
325,30,732.50,577.91,39.41,18.99,1,0,0
325,33,483.02,575.18,38.89,28.00,1,0,0
325,35,295.45,585.42,125.54,22.06,1,0,0
325,36,192.57,585.45,92.11,23.97,1,0,0
325,37,9.42,592.45,78.58,22.57,1,0,0
325,17,1514.53,567.79,9.26,14.09,1,3,0
326,16,1645.24,557.33,14.22,21.22,1,3,0
326,30,764.07,578.74,37.92,18.36,1,0,0
326,33,516.58,577.08,37.86,27.93,1,0,0
326,35,330.18,587.32,124.58,22.61,1,0,0
326,36,228.37,587.62,89.77,24.62,1,0,0
326,37,47.03,595.46,78.63,23.31,1,0,0
326,17,1547.78,564.00,10.15,14.91,1,3,0
327,16,1673.20,558.72,14.41,21.73,1,3,0
327,30,787.97,577.60,38.77,18.81,1,0,0
327,33,541.62,575.12,38.84,27.79,1,0,0
327,35,357.27,585.03,123.50,22.66,1,0,0
327,36,256.99,585.78,87.44,23.79,1,0,0
327,37,75.36,591.94,79.07,23.74,1,0,0
327,17,1574.77,564.73,10.14,15.63,1,3,0
328,16,1708.92,564.00,14.76,21.55,1,3,0
328,30,816.72,574.38,38.72,18.30,1,0,0
328,33,572.41,568.91,38.84,27.98,1,0,0
328,35,390.28,577.12,119.78,21.70,1,0,0
328,36,289.01,577.28,89.07,23.02,1,0,0
328,37,111.03,580.94,77.56,22.78,1,0,0
328,17,1607.61,569.77,9.86,15.14,1,3,0
329,16,1729.31,569.43,15.10,21.84,1,3,0
329,30,832.81,571.59,38.26,18.13,1,0,0
329,33,589.46,563.06,37.95,28.21,1,0,0
329,35,407.82,570.60,120.22,21.54,1,0,0
329,36,307.69,569.11,87.91,22.91,1,0,0
329,37,130.33,570.44,78.10,24.06,1,0,0
329,17,1626.62,574.15,10.25,15.53,1,3,0
329,34,912.04,586.18,12.40,6.11,1,2,0
330,16,1740.14,573.92,15.02,21.03,1,3,0
330,30,841.56,570.50,39.47,18.09,1,0,0
330,33,597.81,561.15,38.00,27.66,1,0,0
330,35,416.56,567.28,120.80,21.76,1,0,0
330,36,316.87,564.55,87.77,23.32,1,0,0
330,37,140.53,565.81,77.88,23.60,1,0,0
330,17,1636.44,578.23,9.86,14.73,1,3,0
331,16,1748.80,577.34,13.97,20.64,1,3,0
331,30,846.00,569.79,40.59,17.92,1,0,0
331,33,603.62,559.02,37.73,28.24,1,0,0
331,35,422.28,565.06,121.45,21.65,1,0,0
331,36,322.97,561.39,89.45,24.19,1,0,0
331,37,147.17,561.56,79.25,23.83,1,0,0
331,17,1643.88,580.94,9.33,14.63,1,3,0
331,34,923.29,585.63,10.84,5.62,1,2,0
332,16,1750.80,570.88,14.35,20.98,1,3,0
332,30,847.39,571.75,40.74,17.95,1,0,0
332,33,604.42,562.95,37.95,27.73,1,0,0
332,35,423.50,569.15,119.10,22.19,1,0,0
332,36,324.60,567.74,88.52,23.54,1,0,0
332,37,147.63,569.53,77.86,23.05,1,0,0
332,17,1645.53,575.71,9.74,14.74,1,3,0
332,34,924.28,585.64,11.34,5.82,1,2,0
333,16,1750.16,562.69,15.41,21.56,1,3,0
333,30,846.94,572.61,40.41,17.88,1,0,0
333,33,603.24,566.70,37.71,27.64,1,0,0
333,35,422.42,575.23,118.82,21.41,1,0,0
333,36,323.54,574.02,88.38,23.52,1,0,0
333,37,145.85,577.93,78.74,23.02,1,0,0
333,17,1644.95,568.42,9.88,15.54,1,3,0
333,34,922.86,586.28,11.01,5.94,1,2,0
334,16,1742.56,557.72,15.70,22.93,1,3,0
334,30,839.68,573.98,39.29,18.68,1,0,0
334,33,595.38,570.04,38.37,28.36,1,0,0
334,35,414.80,579.46,120.48,21.92,1,0,0
334,36,314.74,579.72,88.89,23.24,1,0,0
334,37,137.25,584.44,78.40,23.65,1,0,0
334,17,1638.30,565.68,9.59,13.83,1,3,0
334,34,916.71,588.50,11.42,5.59,1,2,0
335,16,1724.26,562.85,14.99,22.13,1,3,0
335,30,821.18,573.35,38.07,18.47,1,0,0
335,33,576.44,567.33,38.44,28.21,1,0,0
335,35,394.73,575.94,121.40,22.01,1,0,0
335,36,294.39,575.43,88.12,23.44,1,0,0
335,37,114.91,579.39,79.18,22.71,1,0,0
335,17,1619.00,568.52,10.25,15.01,1,3,0
335,34,898.57,587.66,11.20,6.07,1,2,0
336,16,1707.71,567.33,15.05,21.92,1,3,0
336,30,806.49,572.09,38.98,18.17,1,0,0
336,33,560.57,564.02,38.91,28.52,1,0,0
336,35,378.08,572.31,121.92,21.59,1,0,0
336,36,276.13,569.96,88.53,24.18,1,0,0
336,37,95.50,573.58,80.86,23.24,1,0,0
336,17,1602.45,573.38,9.88,14.57,1,3,0
337,16,1695.67,565.70,14.86,21.71,1,3,0
337,30,793.07,572.14,40.86,18.75,1,0,0
337,33,548.00,565.83,38.17,27.79,1,0,0
337,35,363.41,574.83,124.22,21.11,1,0,0
337,36,262.10,571.14,88.99,24.83,1,0,0
337,37,80.32,576.39,80.75,23.14,1,0,0
337,17,1590.30,571.80,9.50,14.86,1,3,0
337,34,873.21,586.94,12.25,6.37,1,2,0
338,16,1676.93,564.97,14.41,21.35,1,3,0
338,30,776.57,572.82,40.48,18.09,1,0,0
338,33,529.94,566.20,38.75,27.61,1,0,0
338,35,344.28,574.64,122.70,21.75,1,0,0
338,36,242.68,571.43,89.09,25.00,1,0,0
338,37,58.92,576.31,81.88,23.47,1,0,0
338,17,1572.30,570.49,10.65,15.82,1,3,0
338,34,857.04,586.89,11.08,6.16,1,2,0
339,16,1659.61,566.05,14.49,21.54,1,3,0
339,30,759.85,572.50,40.30,18.16,1,0,0
339,33,512.95,565.21,38.41,27.95,1,0,0
339,35,327.03,573.94,123.11,21.39,1,0,0
339,36,224.77,570.46,89.97,24.73,1,0,0
339,37,40.63,575.43,81.48,23.22,1,0,0
339,17,1554.85,571.89,10.35,15.14,1,3,0
339,34,841.61,586.79,11.89,5.95,1,2,0
340,16,1629.50,565.01,14.79,21.79,1,3,0
340,30,733.33,573.07,39.90,18.55,1,0,0
340,33,483.56,566.36,38.96,28.23,1,0,0
340,35,295.18,575.01,124.12,21.87,1,0,0
340,36,191.94,571.81,91.55,25.21,1,0,0
340,37,6.61,577.74,81.67,22.65,1,0,0
340,17,1525.54,571.40,10.56,15.52,1,3,0
340,34,813.61,587.64,10.95,5.96,1,2,0
341,16,1591.74,563.52,14.83,21.60,1,3,0
341,30,699.43,574.53,40.04,18.09,1,0,0
341,33,446.16,568.94,39.90,27.78,1,0,0
341,35,256.89,577.09,126.76,22.42,1,0,0
341,36,152.07,575.74,90.54,23.81,1,0,0
341,37,0.67,580.95,43.26,22.74,1,0,0
341,17,1489.21,570.52,9.31,13.98,1,3,0
341,34,779.83,588.61,11.49,5.72,1,2,0
342,16,1542.89,560.72,14.61,21.51,1,3,0
342,30,653.28,577.39,39.00,18.14,1,0,0
342,33,396.93,573.59,40.20,27.80,1,0,0
342,35,204.96,582.44,127.19,23.22,1,0,0
342,36,97.83,582.33,92.17,24.55,1,0,0
342,17,1440.97,568.12,9.56,14.38,1,3,0
343,16,1493.63,562.89,14.32,21.58,1,3,0
343,30,605.19,576.21,39.43,18.40,1,0,0
343,33,346.10,571.48,40.54,27.98,1,0,0
343,35,149.33,580.31,128.75,23.26,1,0,0
343,36,40.82,579.54,94.52,24.14,1,0,0
343,17,1393.35,569.49,9.69,15.12,1,3,0
344,16,1452.92,569.94,14.16,21.07,1,3,0
344,30,564.94,569.61,38.57,17.50,1,0,0
344,33,301.53,559.50,40.85,28.69,1,0,0
344,35,102.60,567.31,131.55,21.71,1,0,0
344,36,0.11,563.51,87.86,24.77,1,0,0
345,16,1405.91,577.34,15.08,21.34,1,3,0
345,30,517.19,560.48,39.07,18.04,1,0,0
345,33,250.16,545.91,41.78,28.57,1,0,0
345,35,46.66,550.42,134.65,22.47,1,0,0
345,37,0.19,547.60,31.70,22.09,1,0,0
345,34,602.62,577.01,9.55,5.54,1,2,0
345,17,1306.76,580.52,10.46,14.49,1,3,0
346,16,1364.40,576.92,14.84,21.77,1,3,0
346,30,473.33,557.57,41.22,18.53,1,0,0
346,33,203.99,543.01,41.28,28.80,1,0,0
346,35,0.47,547.47,131.72,22.21,1,0,0
346,17,1265.70,580.30,10.38,14.31,1,3,0
347,16,1327.05,573.22,13.67,21.16,1,3,0
347,30,432.74,562.77,42.82,19.25,1,0,0
347,33,160.24,551.16,42.19,28.44,1,0,0
347,17,1227.86,578.74,9.73,13.32,1,3,0
347,36,0.34,557.32,89.20,21.48,1,0,0
347,34,522.26,579.75,9.35,5.55,1,2,0
348,16,1275.90,567.27,13.98,21.61,1,3,0
348,30,379.81,580.40,41.77,18.55,1,0,0
348,33,100.27,575.44,42.75,28.69,1,0,0
348,17,1177.36,574.20,10.04,14.45,1,3,0
348,37,0.38,586.03,28.22,20.21,1,0,0
349,16,1249.53,565.90,14.11,21.82,1,3,0
349,30,350.36,584.42,43.26,18.83,1,0,0
349,33,68.99,581.63,42.54,27.93,1,0,0
349,17,1152.65,574.02,9.97,14.27,1,3,0
349,34,441.08,598.77,11.12,5.51,1,2,0
350,16,1221.66,566.44,14.79,22.89,1,3,0
350,30,320.90,578.01,42.04,18.93,1,0,0
350,33,35.22,571.25,42.80,29.04,1,0,0
350,38,1867.38,508.63,52.62,47.33,1,5,0
350,34,412.86,593.46,12.35,5.54,1,2,0
351,16,1194.26,569.18,14.45,22.70,1,3,0
351,30,288.89,565.26,42.71,19.22,1,0,0
351,33,1.54,553.79,43.56,29.95,1,0,0
351,38,1835.13,524.14,84.87,46.16,1,5,0
351,34,381.82,581.05,11.55,5.69,1,2,0
351,17,1097.39,575.12,10.25,15.17,1,3,0
352,16,1159.62,570.91,13.99,22.18,1,3,0
352,30,249.07,549.41,42.40,19.48,1,0,0
352,38,1792.88,541.32,93.73,45.33,1,5,0
352,34,342.27,567.69,12.29,5.99,1,2,0
352,17,1061.94,574.77,10.28,15.24,1,3,0
353,16,1090.71,569.87,14.13,22.06,1,3,0
353,30,167.18,538.73,45.82,20.45,1,0,0
353,38,1715.96,543.24,91.95,47.50,1,5,0
353,17,994.38,572.79,10.15,14.30,1,3,0
354,16,1049.27,568.67,14.40,22.25,1,3,0
354,30,118.32,547.20,45.96,20.45,1,0,0
354,38,1669.97,535.96,91.16,46.87,1,5,0
354,17,953.39,572.46,10.19,14.48,1,3,0
354,34,218.38,565.67,11.72,6.15,1,2,0
355,16,1019.74,568.52,14.82,22.33,1,3,0
355,30,81.80,559.03,46.94,20.91,1,0,0
355,38,1635.85,526.90,90.21,46.63,1,5,0
355,17,923.89,573.27,10.41,13.90,1,3,0
355,34,183.02,577.14,11.59,5.80,1,2,0
356,16,995.82,568.57,14.43,22.10,1,3,0
356,30,54.22,564.85,47.08,21.05,1,0,0
356,38,1606.20,523.23,91.06,45.23,1,5,0
356,17,899.60,574.44,10.30,13.42,1,3,0
357,16,981.54,566.98,14.54,22.49,1,3,0
357,30,38.21,558.85,45.15,20.33,1,0,0
357,38,1590.48,524.62,91.24,47.44,1,5,0
357,17,886.09,572.33,9.95,14.45,1,3,0
358,16,973.08,565.31,14.09,22.26,1,3,0
358,30,26.33,548.11,46.13,19.65,1,0,0
358,38,1582.27,530.50,89.98,46.21,1,5,0
358,17,876.98,569.94,10.18,14.44,1,3,0
358,39,1875.15,566.93,44.85,30.68,1,5,0
359,16,977.35,566.03,14.01,22.17,1,3,0
359,30,32.72,552.87,46.66,20.08,1,0,0
359,38,1587.56,528.64,87.39,46.33,1,5,0
359,17,881.22,571.28,9.74,14.10,1,3,0
359,39,1879.68,564.61,40.32,30.15,1,5,0
360,16,987.70,567.21,14.71,22.31,1,3,0
360,30,44.62,562.83,46.51,20.30,1,0,0
360,38,1596.11,524.77,91.15,46.23,1,5,0
360,17,891.36,574.19,10.57,13.31,1,3,0
360,39,1891.40,558.82,28.60,28.67,1,5,0
361,16,1003.50,567.69,14.13,22.10,1,3,0
361,30,62.60,566.53,48.47,20.17,1,0,0
361,38,1613.04,521.81,90.83,46.60,1,5,0
361,17,907.14,574.81,10.01,13.37,1,3,0
362,16,1019.73,567.61,14.30,21.83,1,3,0
362,30,82.82,560.03,47.67,20.38,1,0,0
362,38,1632.64,524.57,89.95,48.15,1,5,0
362,17,923.77,573.56,10.32,13.35,1,3,0
363,16,1043.00,567.71,13.72,21.45,1,3,0
363,30,110.60,550.23,44.53,20.53,1,0,0
363,38,1655.71,530.96,95.47,48.26,1,5,0
363,17,946.70,571.93,9.91,14.42,1,3,0
364,16,1064.60,568.42,14.07,22.09,1,3,0
364,30,136.95,555.31,44.57,20.04,1,0,0
364,38,1682.99,529.15,90.33,48.00,1,5,0
365,16,1085.82,568.80,14.63,22.28,1,3,0
365,30,162.71,567.50,43.83,19.68,1,0,0
365,38,1706.40,522.19,91.53,46.80,1,5,0
365,17,989.01,575.40,10.08,13.70,1,3,0
366,16,1113.02,567.96,14.12,21.34,1,3,0
366,30,193.59,577.03,45.22,20.27,1,0,0
366,38,1735.39,512.42,92.16,46.26,1,5,0
367,16,1135.90,567.41,14.46,21.63,1,3,0
367,30,221.10,574.67,43.08,19.77,1,0,0
367,38,1761.96,513.74,91.67,47.25,1,5,0
367,17,1038.38,575.62,10.57,13.10,1,3,0
368,16,1171.19,569.95,13.74,21.48,1,3,0
368,30,260.20,562.22,43.51,19.86,1,0,0
368,38,1802.82,526.10,89.86,46.94,1,5,0
368,17,1073.06,575.46,10.62,14.29,1,3,0
369,16,1198.91,571.52,14.13,22.45,1,3,0
369,30,290.43,554.79,44.41,19.16,1,0,0
369,38,1832.15,534.52,87.85,48.66,1,5,0
369,17,1100.87,576.18,9.77,14.76,1,3,0
369,37,4.36,539.47,44.56,30.08,1,0,0
370,16,1220.49,572.69,13.71,21.61,1,3,0
370,30,315.48,555.92,43.08,18.78,1,0,0
370,38,1858.13,534.90,61.87,45.99,1,5,0
370,17,1122.49,576.48,10.08,14.58,1,3,0
370,37,31.94,540.05,44.10,30.13,1,0,0
371,16,1246.08,570.99,14.21,21.80,1,3,0
371,30,343.65,564.13,42.92,19.16,1,0,0
371,17,1147.69,576.44,9.65,14.56,1,3,0
371,37,64.26,551.89,42.42,29.26,1,0,0
371,39,1887.15,541.92,32.85,27.89,1,5,0
372,16,1271.63,569.56,15.13,21.72,1,3,0
372,30,373.70,572.33,40.70,18.42,1,0,0
372,37,96.05,564.22,41.53,28.20,1,0,0
372,36,0.19,573.30,21.66,20.29,1,0,0
373,16,1315.12,567.97,14.56,21.49,1,3,0
373,30,419.37,573.61,40.09,18.83,1,0,0
373,37,145.71,566.50,41.49,28.83,1,0,0
373,42,516.74,588.36,13.05,6.51,1,2,0
373,36,0.39,575.07,74.50,21.09,1,0,0
373,17,1216.18,574.43,9.25,13.70,1,3,0
374,16,1341.87,570.18,14.57,21.77,1,3,0
374,30,447.13,570.03,40.97,18.24,1,0,0
374,37,177.61,560.72,40.98,28.62,1,0,0
374,42,543.89,584.92,13.17,6.26,1,2,0
374,36,0.11,568.38,106.08,21.00,1,0,0
374,17,1242.15,575.15,10.10,14.82,1,3,0
375,16,1368.24,572.86,13.80,20.67,1,3,0
375,30,476.38,566.51,39.60,18.17,1,0,0
375,37,207.28,553.86,41.15,29.40,1,0,0
375,42,572.11,582.07,12.43,5.60,1,2,0
375,36,0.72,561.09,137.58,21.96,1,0,0
376,16,1399.47,574.11,14.60,21.45,1,3,0
376,30,508.73,564.68,39.76,18.47,1,0,0
376,37,243.12,551.62,40.70,29.10,1,0,0
376,36,39.10,558.26,135.94,22.37,1,0,0
376,17,1299.10,578.64,9.69,13.97,1,3,0
377,16,1431.26,572.72,14.17,20.87,1,3,0
377,30,540.86,568.29,40.45,18.48,1,0,0
377,37,278.57,556.72,40.66,29.53,1,0,0
377,36,75.71,564.64,135.43,21.97,1,0,0
377,43,0.21,561.10,61.72,23.98,1,0,0
377,17,1330.35,577.48,9.95,14.23,1,3,0
378,16,1470.36,569.39,14.59,21.68,1,3,0
378,30,578.09,572.32,40.56,18.34,1,0,0
378,37,320.41,564.05,40.48,28.39,1,0,0
378,36,123.03,572.11,131.79,21.95,1,0,0
378,43,12.06,570.39,96.98,23.14,1,0,0
378,17,1368.42,574.98,9.81,14.91,1,3,0
378,42,676.05,587.24,12.31,6.31,1,2,0
379,16,1504.81,569.66,14.51,21.66,1,3,0
379,30,612.88,571.97,39.92,18.11,1,0,0
379,37,356.63,563.07,39.04,28.15,1,0,0
379,36,160.60,570.67,131.71,22.15,1,0,0
379,43,53.62,568.53,92.47,23.39,1,0,0
379,17,1402.06,575.05,10.15,14.95,1,3,0
379,42,709.52,586.69,11.88,6.20,1,2,0
380,16,1535.22,572.00,14.07,21.03,1,3,0
380,30,642.90,570.84,39.05,17.78,1,0,0
380,37,388.61,560.20,38.05,28.43,1,0,0
380,36,195.33,568.28,129.42,21.72,1,0,0
380,43,88.33,564.96,92.28,23.87,1,0,0
380,17,1431.60,577.36,9.60,14.16,1,3,0
381,16,1564.88,574.38,13.89,20.55,1,3,0
381,30,669.74,568.94,41.17,17.91,1,0,0
381,37,418.38,557.99,39.14,28.70,1,0,0
381,36,226.91,565.07,127.43,21.66,1,0,0
381,43,121.16,561.09,92.62,24.34,1,0,0
382,16,1600.75,575.61,14.22,20.69,1,3,0
382,30,704.44,568.99,39.50,17.82,1,0,0
382,37,454.86,557.52,38.74,28.95,1,0,0
382,36,266.00,564.91,126.02,21.24,1,0,0
382,43,161.77,560.80,92.49,23.96,1,0,0
382,44,0.52,562.90,55.62,22.10,1,0,0
383,16,1639.37,569.53,14.00,21.21,1,3,0
383,30,739.84,572.40,39.67,18.13,1,0,0
383,37,492.92,564.10,38.75,28.14,1,0,0
383,36,305.41,572.98,124.57,20.73,1,0,0
383,43,202.37,570.86,90.88,22.95,1,0,0
383,44,17.24,573.25,82.35,23.00,1,0,0
383,42,837.48,586.58,11.14,6.29,1,2,0
383,17,1532.73,574.65,9.70,14.64,1,3,0
384,16,1670.19,563.50,14.58,22.45,1,3,0
384,30,768.32,574.53,40.31,18.08,1,0,0
384,37,522.36,567.48,38.96,28.93,1,0,0
384,36,338.05,577.82,122.19,21.00,1,0,0
384,43,234.48,576.67,92.32,23.36,1,0,0
384,44,54.81,580.62,78.48,22.45,1,0,0
384,42,864.79,587.97,12.65,6.32,1,2,0
384,17,1563.66,571.04,9.70,14.34,1,3,0
385,16,1705.95,568.12,14.40,21.04,1,3,0
385,30,800.02,573.41,41.33,18.10,1,0,0
385,37,556.10,565.13,38.06,28.25,1,0,0
385,36,374.41,574.95,120.48,20.65,1,0,0
385,43,271.37,573.34,92.12,22.30,1,0,0
385,44,92.78,575.01,78.62,23.27,1,0,0
385,42,896.75,586.98,12.79,6.29,1,2,0
385,17,1597.13,573.25,10.44,14.84,1,3,0
386,16,1736.67,576.07,14.63,20.81,1,3,0
386,30,827.38,570.49,40.84,17.64,1,0,0
386,37,585.06,558.20,37.75,28.72,1,0,0
386,36,403.84,567.40,120.18,20.46,1,0,0
386,43,303.62,563.56,88.07,22.41,1,0,0
386,44,127.38,562.73,76.93,23.81,1,0,0
386,42,925.23,585.30,11.60,5.85,1,2,0
386,17,1627.68,579.31,10.40,15.58,1,3,0
387,16,1772.96,583.35,14.70,21.46,1,3,0
387,30,860.05,568.98,40.22,17.76,1,0,0
387,37,619.29,554.66,36.58,28.34,1,0,0
387,36,439.12,561.98,118.85,20.85,1,0,0
387,43,339.22,556.88,87.20,22.36,1,0,0
387,44,165.32,554.79,76.98,22.96,1,0,0
387,17,1661.94,586.86,10.62,14.72,1,3,0
388,16,1822.36,588.71,15.16,21.12,1,3,0
388,30,903.31,568.64,39.93,17.34,1,0,0
388,37,663.99,553.77,37.20,27.37,1,0,0
388,36,485.44,560.48,119.58,20.45,1,0,0
388,43,389.46,554.24,85.06,22.32,1,0,0
388,44,215.42,551.42,79.38,22.55,1,0,0
388,17,1711.40,591.41,9.99,14.63,1,3,0
389,16,1866.97,581.30,15.00,21.78,1,3,0
389,30,942.11,570.27,38.19,17.06,1,0,0
389,37,703.57,557.40,35.60,27.90,1,0,0
389,36,525.55,565.52,119.03,20.14,1,0,0
389,43,429.53,561.00,85.75,22.04,1,0,0
389,44,259.70,559.44,77.70,22.72,1,0,0
389,17,1754.63,586.09,9.59,13.67,1,3,0
389,42,1037.65,585.69,12.03,5.60,1,2,0
390,16,1906.36,568.88,13.64,20.55,1,3,0
390,30,974.10,572.17,39.80,17.41,1,0,0
390,37,736.49,563.16,36.67,28.26,1,0,0
390,36,560.27,572.54,119.24,20.29,1,0,0
390,43,465.64,570.32,81.30,22.09,1,0,0
390,44,298.14,572.20,78.24,22.48,1,0,0
390,17,1792.00,572.58,10.65,17.21,1,3,0
390,42,1070.15,585.84,12.14,6.02,1,2,0
391,30,1016.83,572.62,38.97,17.08,1,0,0
391,37,780.11,567.20,37.31,28.38,1,0,0
391,36,606.81,579.60,115.93,20.07,1,0,0
391,43,511.59,580.45,80.96,21.86,1,0,0
391,44,347.22,583.97,76.78,22.30,1,0,0
391,17,1843.37,558.43,10.44,17.02,1,3,0
391,42,1114.13,585.27,11.69,5.80,1,2,0
392,30,1063.76,571.80,39.48,16.99,1,0,0
392,37,826.69,567.03,37.01,28.52,1,0,0
392,36,655.16,579.79,115.65,20.62,1,0,0
392,43,561.62,581.91,80.83,21.78,1,0,0
392,44,398.23,585.77,75.69,22.02,1,0,0
392,17,1899.32,555.07,10.26,15.65,1,3,0
393,30,1114.44,571.83,39.49,17.37,1,0,0
393,37,878.48,564.21,35.86,27.82,1,0,0
393,36,705.62,574.60,114.57,19.70,1,0,0
393,43,614.77,574.02,79.52,21.96,1,0,0
393,44,453.44,576.15,73.93,21.79,1,0,0
393,42,1200.89,585.99,13.87,6.05,1,2,0
394,30,1153.12,572.35,39.25,18.12,1,0,0
394,37,916.89,560.61,34.91,27.76,1,0,0
394,36,746.35,568.95,112.63,20.10,1,0,0
394,43,655.33,565.27,78.44,21.07,1,0,0
394,44,495.99,563.99,72.59,21.52,1,0,0
394,42,1253.15,588.39,10.76,5.60,1,2,0
395,30,1186.33,574.46,39.30,18.21,1,0,0
395,37,950.74,557.51,35.01,29.46,1,0,0
395,36,780.92,565.48,111.17,20.41,1,0,0
395,43,690.83,560.72,78.53,20.43,1,0,0
395,44,531.17,556.43,74.30,21.02,1,0,0
396,30,1221.89,575.98,41.02,17.78,1,0,0
396,37,986.70,558.76,34.63,28.79,1,0,0
396,36,817.64,566.49,109.16,19.79,1,0,0
396,43,726.79,562.28,78.58,19.69,1,0,0
396,44,570.42,557.97,72.72,20.32,1,0,0
396,42,1325.42,593.99,11.73,5.68,1,2,0
397,30,1273.74,572.73,40.12,17.85,1,0,0
397,37,1036.73,559.87,35.27,28.58,1,0,0
397,36,867.55,569.73,109.05,19.02,1,0,0
397,43,777.13,568.28,78.36,19.12,1,0,0
397,44,621.61,565.46,73.27,21.12,1,0,0
398,30,1330.06,566.17,41.94,17.99,1,0,0
398,37,1091.35,559.14,36.34,28.27,1,0,0
398,36,922.77,571.41,109.54,18.54,1,0,0
398,43,831.78,573.06,76.86,19.33,1,0,0
398,44,677.70,574.17,72.14,20.13,1,0,0
398,42,1435.59,580.67,11.02,5.28,1,2,0
399,30,1378.97,560.58,40.27,17.60,1,0,0
399,37,1137.78,556.63,35.59,28.43,1,0,0
399,36,969.30,570.01,110.24,19.35,1,0,0
399,43,878.40,574.31,76.40,19.63,1,0,0
399,44,725.46,576.98,72.32,20.23,1,0,0
400,30,1413.87,558.82,40.01,17.28,1,0,0
400,37,1171.59,555.09,35.16,28.84,1,0,0
400,36,1002.65,569.06,111.08,20.20,1,0,0
400,43,911.48,574.79,76.63,18.80,1,0,0
400,44,759.85,577.67,71.35,20.08,1,0,0
400,42,1519.99,571.35,10.49,5.08,1,2,0
401,30,1468.24,560.76,40.93,17.67,1,0,0
401,37,1224.45,554.98,35.61,28.88,1,0,0
401,36,1054.11,567.86,111.41,19.77,1,0,0
401,43,964.11,572.63,76.22,18.56,1,0,0
401,44,812.78,573.59,72.06,20.37,1,0,0
401,42,1576.20,573.85,11.13,5.77,1,2,0
402,30,1514.40,570.38,41.86,17.90,1,0,0
402,37,1268.00,558.56,35.80,29.18,1,0,0
402,36,1097.42,568.52,111.66,19.78,1,0,0
402,43,1007.37,569.23,75.59,18.65,1,0,0
402,44,857.05,567.08,73.37,19.99,1,0,0
402,42,1623.59,585.64,12.36,5.86,1,2,0
403,30,1563.93,583.62,43.52,18.29,1,0,0
403,37,1316.98,566.31,36.00,28.43,1,0,0
403,36,1145.60,571.79,112.12,20.70,1,0,0
403,43,1056.70,569.78,74.86,17.72,1,0,0
403,44,904.88,562.69,72.02,20.37,1,0,0
404,30,1619.90,585.93,42.10,18.59,1,0,0
404,37,1368.75,569.00,36.50,28.06,1,0,0
404,36,1195.92,573.98,112.29,20.46,1,0,0
404,43,1107.17,570.77,75.85,18.68,1,0,0
404,44,955.32,564.63,71.56,19.79,1,0,0
405,30,1676.38,572.09,43.77,18.84,1,0,0
405,37,1420.44,561.01,36.79,27.72,1,0,0
405,36,1246.61,569.21,113.21,19.41,1,0,0
405,43,1155.07,568.81,77.42,18.85,1,0,0
405,44,1005.30,565.56,68.88,19.93,1,0,0
406,30,1740.38,552.12,42.83,19.02,1,0,0
406,37,1479.76,548.27,38.12,27.59,1,0,0
406,36,1303.25,559.52,113.27,20.09,1,0,0
406,43,1213.20,563.18,75.85,18.74,1,0,0
406,44,1060.87,564.83,72.09,20.04,1,0,0
407,30,1827.02,535.01,42.16,18.60,1,0,0
407,37,1559.47,536.98,38.55,27.82,1,0,0
407,36,1380.49,550.25,115.49,21.38,1,0,0
407,43,1288.22,556.63,78.90,18.23,1,0,0
407,44,1135.93,561.57,69.79,19.98,1,0,0
408,30,1912.69,538.62,7.31,19.63,1,0,0
408,37,1637.77,539.34,39.00,28.47,1,0,0
408,36,1455.81,551.83,117.77,20.82,1,0,0
408,43,1361.51,557.11,79.51,18.52,1,0,0
408,44,1206.86,560.18,70.80,20.24,1,0,0
409,37,1695.34,547.98,40.77,28.24,1,0,0
409,36,1511.09,558.03,118.91,20.89,1,0,0
409,43,1417.58,560.21,77.17,19.80,1,0,0
409,44,1262.58,561.19,68.10,21.07,1,0,0
410,37,1766.37,560.68,41.06,28.53,1,0,0
410,36,1577.31,568.79,119.57,20.67,1,0,0
410,43,1482.32,568.80,82.32,18.56,1,0,0
410,44,1325.59,565.48,67.99,20.73,1,0,0
411,37,1822.92,567.47,41.39,29.26,1,0,0
411,36,1629.79,574.80,122.28,21.19,1,0,0
411,43,1534.23,572.59,80.51,19.77,1,0,0
411,44,1375.70,569.27,69.47,20.82,1,0,0
411,46,44.75,507.32,43.41,81.65,1,3,0
412,37,1880.14,570.04,39.86,30.47,1,0,0
412,36,1683.36,577.33,123.74,21.51,1,0,0
412,43,1584.15,573.17,85.38,21.67,1,0,0
412,44,1425.74,571.23,69.25,21.03,1,0,0
412,46,106.67,504.66,43.96,83.51,1,3,0
413,36,1765.97,570.40,127.54,21.66,1,0,0
413,43,1663.59,569.32,89.44,20.45,1,0,0
413,44,1501.22,567.31,69.76,21.39,1,0,0
413,46,200.30,516.65,41.72,82.46,1,3,0
414,36,1819.76,563.32,100.24,20.47,1,0,0
414,43,1716.88,562.55,89.63,21.61,1,0,0
414,44,1551.28,562.26,72.15,22.19,1,0,0
414,46,258.21,524.93,41.43,81.24,1,3,0
415,36,1910.00,550.33,10.00,20.62,1,0,0
415,43,1803.17,551.04,92.81,22.72,1,0,0
415,44,1631.79,553.49,73.95,22.55,1,0,0
415,46,348.74,533.08,40.43,82.02,1,3,0
416,43,1875.99,544.39,44.01,21.73,1,0,0
416,44,1704.00,547.78,73.79,22.89,1,0,0
416,46,421.29,536.34,40.68,83.48,1,3,0
417,44,1789.96,545.78,75.46,21.85,1,0,0
417,46,506.96,537.52,39.75,80.40,1,3,0
417,47,0.33,585.41,121.41,26.02,1,1,0
418,44,1906.40,561.28,13.60,13.20,1,0,0
418,46,615.74,529.24,37.80,80.55,1,3,0
418,47,105.71,572.95,136.27,24.34,1,1,0
419,46,687.61,525.94,38.43,79.14,1,3,0
419,47,196.98,562.33,127.22,23.23,1,1,0
420,46,770.94,524.57,37.46,79.90,1,3,0
420,47,292.29,557.02,122.38,23.42,1,1,0
421,46,843.31,525.69,38.37,79.35,1,3,0
421,47,377.67,558.06,116.74,22.57,1,1,0
