1,1,256.33,509.64,173.60,37.92,1,0,0
1,2,1791.16,483.93,128.61,37.32,1,0,0
1,3,921.88,516.03,68.03,13.19,1,0,0
2,1,265.13,508.94,173.04,37.68,1,0,0
2,2,1805.00,483.93,114.91,36.40,1,0,0
2,3,928.05,515.93,67.39,13.26,1,0,0
3,1,270.19,520.93,169.17,37.31,1,0,0
3,2,1813.98,472.56,106.02,36.48,1,0,0
3,3,932.43,516.41,66.91,14.03,1,0,0
3,4,1677.42,494.47,47.74,11.42,1,1,0
3,5,1798.11,492.36,16.86,10.36,1,1,0
4,1,271.61,531.66,169.17,37.39,1,0,0
4,2,1817.23,468.28,102.77,35.86,1,0,0
4,3,930.55,520.96,69.05,14.62,1,0,0
4,4,1679.09,491.09,45.35,11.91,1,1,0
4,5,1799.30,488.48,17.86,9.72,1,1,0
4,6,1325.26,513.04,20.63,4.42,1,0,0
5,1,265.41,520.33,172.00,36.60,1,0,0
5,2,1815.99,470.55,104.01,37.87,1,0,0
5,3,927.78,517.40,68.76,13.56,1,0,0
5,4,1677.20,493.95,42.85,11.58,1,1,0
5,5,1795.56,492.59,18.53,9.58,1,1,0
5,6,1316.92,512.94,23.81,4.50,1,0,0
5,7,725.46,533.84,4.61,8.27,1,3,0
6,1,258.31,508.40,171.30,37.03,1,0,0
6,2,1813.66,479.99,106.34,41.66,1,0,0
6,3,924.09,514.51,68.83,13.72,1,0,0
6,4,1672.46,502.61,43.21,12.38,1,1,0
6,5,1789.75,502.80,22.99,11.15,1,1,0
6,7,718.63,528.01,4.57,8.57,1,3,0
7,1,256.37,511.15,173.37,37.19,1,0,0
7,2,1814.52,493.17,105.39,36.19,1,0,0
7,3,916.06,519.83,72.01,13.97,1,0,0
7,4,1668.93,511.78,45.36,11.76,1,1,0
7,5,1786.91,512.42,25.99,9.73,1,1,0
7,7,716.95,532.39,4.69,8.86,1,3,0
8,1,261.48,518.05,172.86,36.85,1,0,0
8,2,1824.28,484.94,95.66,36.74,1,0,0
8,3,919.95,521.39,72.64,14.09,1,0,0
8,4,1677.14,506.57,44.34,11.15,1,1,0
8,6,1316.46,521.19,22.94,4.30,1,0,0
9,1,262.23,526.48,172.30,37.24,1,0,0
9,2,1827.08,471.10,92.84,37.05,1,0,0
9,3,919.48,520.22,73.18,14.29,1,0,0
9,4,1679.20,495.69,44.00,10.87,1,1,0
9,5,1796.52,492.21,28.57,10.20,1,1,0
10,1,254.03,530.84,174.25,37.07,1,0,0
10,2,1821.14,470.46,98.83,34.58,1,0,0
10,3,914.00,521.10,73.40,14.89,1,0,0
10,4,1667.59,492.56,49.27,11.88,1,1,0
10,5,1791.20,489.89,25.69,9.82,1,1,0
10,6,1311.68,513.80,22.61,4.69,1,0,0
11,1,245.97,521.36,174.07,37.12,1,0,0
11,2,1818.43,480.40,101.38,38.26,1,0,0
11,3,909.64,521.76,72.03,14.23,1,0,0
11,4,1664.04,503.14,46.22,11.73,1,1,0
11,5,1783.89,501.23,23.85,11.09,1,1,0
11,6,1304.49,518.98,23.71,4.68,1,0,0
11,7,703.86,537.51,5.20,9.47,1,3,0
12,1,248.05,503.77,173.96,36.95,1,0,0
12,2,1821.99,491.37,97.85,41.25,1,0,0
12,3,910.39,517.30,71.68,13.39,1,0,0
12,4,1667.23,512.73,43.45,11.85,1,1,0
12,5,1785.12,513.72,25.42,10.71,1,1,0
13,1,257.84,500.63,176.52,36.92,1,0,0
13,2,1839.55,499.01,80.19,37.29,1,0,0
13,3,919.23,517.14,71.03,13.10,1,0,0
13,4,1675.16,515.93,49.90,12.02,1,1,0
13,5,1801.23,517.48,25.03,11.51,1,1,0
13,7,710.10,527.24,5.04,9.36,1,3,0
14,1,289.86,509.91,172.06,35.91,1,0,0
14,2,1874.74,494.38,44.97,38.69,1,0,0
14,3,934.28,519.49,78.74,14.06,1,0,0
14,4,1703.04,514.03,54.09,12.34,1,1,0
14,5,1835.04,515.17,24.96,10.33,1,1,0
14,6,1340.35,524.12,22.68,4.41,1,0,0
15,1,332.33,515.93,164.72,35.28,1,0,0
15,2,1885.75,511.09,30.72,11.36,1,1,0
15,3,969.59,523.01,71.27,12.91,1,0,0
16,1,373.72,511.44,161.89,35.67,1,0,0
16,3,1004.25,519.41,71.16,13.00,1,0,0
16,6,1396.05,521.17,25.48,4.75,1,0,0
17,1,423.73,504.38,156.90,35.37,1,0,0
17,3,1045.60,515.35,71.98,12.40,1,0,0
17,6,1454.91,517.94,31.25,5.41,1,0,0
18,1,479.09,507.36,155.45,33.17,1,0,0
18,3,1089.74,517.67,67.68,12.16,1,0,0
19,1,526.62,515.58,154.32,32.72,1,0,0
19,3,1132.25,521.87,70.81,12.44,1,0,0
20,1,570.49,520.32,152.90,31.88,1,0,0
20,3,1176.14,524.47,73.09,12.15,1,0,0
21,1,625.43,510.89,142.96,32.36,1,0,0
21,3,1219.70,514.68,74.86,13.09,1,0,0
21,4,1659.87,514.81,25.36,4.66,1,0,0
22,1,661.16,505.09,142.43,32.32,1,0,0
22,3,1255.31,508.47,74.18,13.05,1,0,0
23,1,697.96,508.32,141.34,31.62,1,0,0
23,3,1296.20,513.72,65.76,12.29,1,0,0
23,4,1742.77,514.46,29.61,5.27,1,0,0
24,1,731.97,511.21,137.62,31.67,1,0,0
24,3,1327.63,515.33,68.65,13.00,1,0,0
25,1,754.78,508.78,140.36,32.60,1,0,0
25,3,1349.39,510.65,72.38,12.68,1,0,0
26,1,776.84,507.57,141.15,32.75,1,0,0
26,3,1373.78,506.44,67.82,12.41,1,0,0
27,1,791.38,508.94,139.78,32.32,1,0,0
27,3,1387.01,505.38,73.71,13.06,1,0,0
28,1,795.41,507.46,141.86,32.77,1,0,0
28,3,1393.25,501.04,75.91,14.84,1,0,0
29,1,795.58,506.32,143.23,32.47,1,0,0
29,3,1392.20,499.98,76.62,14.72,1,0,0
30,1,790.20,503.82,141.34,33.23,1,0,0
30,3,1386.17,499.72,72.75,14.41,1,0,0
31,1,779.85,506.41,141.43,32.61,1,0,0
31,3,1373.12,500.95,75.23,15.04,1,0,0
32,1,759.73,510.69,144.66,33.31,1,0,0
32,3,1350.65,502.20,75.84,14.66,1,0,0
33,1,740.03,511.40,144.59,33.11,1,0,0
33,3,1328.50,501.44,75.02,14.68,1,0,0
33,4,1805.44,490.83,26.61,4.91,1,0,0
34,1,710.63,514.22,149.20,33.45,1,0,0
34,3,1300.85,510.63,71.63,14.55,1,0,0
35,1,676.10,519.29,151.39,33.45,1,0,0
35,3,1267.85,520.07,74.35,14.53,1,0,0
35,6,1712.55,518.94,24.24,5.02,1,0,0
36,1,640.38,519.77,148.65,33.66,1,0,0
36,3,1223.49,519.48,73.25,13.88,1,0,0
37,1,606.08,520.00,152.40,33.57,1,0,0
37,3,1195.79,517.27,71.57,13.31,1,0,0
37,6,1625.47,511.84,24.28,4.81,1,0,0
38,1,573.90,524.37,152.24,34.04,1,0,0
38,3,1165.85,522.68,68.99,13.71,1,0,0
38,6,1585.77,518.57,25.27,5.13,1,0,0
39,1,538.17,524.53,152.86,34.01,1,0,0
39,3,1132.88,527.68,71.35,13.12,1,0,0
39,6,1543.42,527.23,25.63,4.83,1,0,0
40,1,500.14,515.10,154.25,34.01,1,0,0
40,3,1094.50,523.49,72.77,13.27,1,0,0
40,6,1506.06,526.71,25.99,4.89,1,0,0
41,1,468.32,517.77,161.30,34.08,1,0,0
41,3,1069.60,524.17,68.59,13.22,1,0,0
41,6,1468.13,526.39,28.80,5.22,1,0,0
41,7,854.00,537.75,5.44,9.47,1,3,0
42,1,437.66,526.83,165.77,34.72,1,0,0
42,3,1048.47,527.11,66.98,13.90,1,0,0
42,6,1445.82,525.62,25.73,5.01,1,0,0
42,4,1888.96,509.84,30.77,9.81,1,1,0
43,1,399.39,530.43,168.03,35.95,1,0,0
43,3,1009.33,527.37,72.51,14.06,1,0,0
43,4,1840.71,501.23,59.31,12.85,1,1,0
44,1,353.74,518.70,170.16,36.30,1,0,0
44,3,971.88,520.43,72.44,13.64,1,0,0
44,4,1792.68,498.87,56.28,14.29,1,1,0
44,6,1368.31,518.68,25.36,4.59,1,0,0
45,1,316.70,509.42,175.23,36.23,1,0,0
45,3,942.12,518.22,72.68,14.28,1,0,0
45,4,1749.64,512.34,52.34,12.23,1,1,0
46,1,293.82,506.21,178.67,37.30,1,0,0
46,3,924.83,520.81,71.98,14.41,1,0,0
46,4,1725.82,521.07,48.56,11.89,1,1,0
46,5,1880.02,521.16,31.73,12.06,1,1,0
47,1,273.74,508.63,183.81,37.76,1,0,0
47,3,909.75,521.89,73.17,14.06,1,0,0
47,4,1703.45,518.26,50.15,12.66,1,1,0
47,5,1856.85,517.43,27.07,12.97,1,1,0
48,1,246.33,520.60,187.53,37.81,1,0,0
48,3,893.35,522.75,70.93,13.82,1,0,0
48,4,1678.02,505.28,50.41,12.00,1,1,0
48,5,1829.53,500.66,27.63,13.11,1,1,0
49,1,216.85,532.83,192.13,38.18,1,0,0
49,3,868.13,528.42,69.15,14.20,1,0,0
49,4,1651.47,501.96,49.80,11.70,1,1,0
49,5,1800.71,497.42,28.00,11.99,1,1,0
50,1,192.45,527.66,198.43,37.77,1,0,0
50,3,854.55,530.59,71.31,14.55,1,0,0
50,4,1636.64,513.71,49.30,11.76,1,1,0
50,5,1783.37,509.68,24.86,13.10,1,1,0
51,1,183.65,512.99,198.34,38.33,1,0,0
51,3,849.46,526.42,67.80,13.69,1,0,0
51,4,1629.15,521.60,48.92,11.70,1,1,0
51,5,1773.10,519.42,26.14,13.36,1,1,0
51,2,1906.76,514.53,12.97,17.92,1,0,0
51,6,1233.85,530.77,25.14,4.87,1,0,0
52,1,169.92,511.24,202.43,38.98,1,0,0
52,3,839.32,525.38,70.24,13.52,1,0,0
52,4,1616.19,521.64,52.94,12.74,1,1,0
52,5,1761.60,521.02,27.63,13.14,1,1,0
52,2,1902.10,512.25,17.63,23.97,1,0,0
52,6,1230.41,531.15,23.15,4.45,1,0,0
53,1,155.38,530.94,204.54,39.51,1,0,0
53,3,828.72,534.61,73.84,14.64,1,0,0
53,4,1608.46,519.46,48.96,12.09,1,1,0
53,5,1750.63,517.03,26.12,12.49,1,1,0
54,1,151.10,540.23,206.36,39.31,1,0,0
54,3,828.94,538.50,66.86,14.81,1,0,0
54,4,1606.74,515.82,46.30,11.81,1,1,0
54,5,1748.62,511.31,26.21,13.01,1,1,0
55,1,153.38,529.27,206.30,39.10,1,0,0
55,3,826.60,531.13,71.12,14.40,1,0,0
55,4,1604.45,512.16,51.29,11.65,1,1,0
55,5,1752.19,508.58,26.32,12.66,1,1,0
55,13,592.88,548.11,4.85,9.14,1,3,0
56,1,162.90,519.88,204.15,38.96,1,0,0
56,3,830.71,529.05,73.08,14.22,1,0,0
56,4,1620.54,519.78,45.27,11.62,1,1,0
56,5,1764.75,517.40,26.21,12.85,1,1,0
56,6,1228.93,531.75,21.49,4.19,1,0,0
57,1,173.35,520.02,204.57,38.88,1,0,0
57,3,837.70,531.12,71.62,14.30,1,0,0
57,4,1627.12,524.18,47.89,11.41,1,1,0
57,5,1774.51,521.40,27.97,13.38,1,1,0
57,13,603.20,545.25,5.10,9.21,1,3,0
58,1,178.61,529.87,204.94,38.57,1,0,0
58,3,841.86,532.87,73.42,14.58,1,0,0
58,4,1633.42,514.89,49.41,12.42,1,1,0
58,5,1782.93,512.28,26.65,12.22,1,1,0
58,13,605.38,548.79,5.34,10.07,1,3,0
58,6,1239.39,532.25,23.41,4.54,1,0,0
59,1,181.38,530.84,205.38,38.69,1,0,0
59,3,845.15,529.67,72.15,14.35,1,0,0
59,4,1635.93,506.55,47.88,11.70,1,1,0
59,5,1786.34,502.15,26.21,12.39,1,1,0
59,6,1238.66,525.71,22.83,4.58,1,0,0
60,1,180.70,527.77,205.20,38.26,1,0,0
60,3,843.58,528.20,72.46,14.07,1,0,0
60,4,1632.65,506.42,51.78,12.27,1,1,0
60,5,1786.32,502.79,26.03,12.81,1,1,0
60,6,1237.56,524.69,23.38,4.74,1,0,0
60,13,604.64,545.43,5.52,9.58,1,3,0
61,1,192.85,518.75,202.12,38.28,1,0,0
61,3,848.55,528.22,75.07,14.24,1,0,0
61,4,1649.74,518.53,45.09,12.47,1,1,0
61,5,1800.08,515.93,26.83,14.36,1,1,0
61,6,1245.69,530.78,22.23,4.53,1,0,0
61,13,610.52,542.78,5.51,9.68,1,3,0
62,1,205.06,512.49,201.76,38.27,1,0,0
62,3,859.98,528.52,71.83,13.54,1,0,0
62,4,1656.19,524.73,51.67,12.31,1,1,0
62,5,1811.82,523.87,30.41,13.20,1,1,0
63,1,215.60,517.40,202.67,38.04,1,0,0
63,3,869.34,527.13,70.44,13.72,1,0,0
63,4,1669.08,515.71,50.49,12.86,1,1,0
63,5,1828.39,514.01,28.35,13.28,1,1,0
64,1,229.92,526.00,201.36,37.62,1,0,0
64,3,879.25,526.53,70.78,14.01,1,0,0
64,4,1679.82,505.41,57.16,12.80,1,1,0
64,5,1842.44,501.33,29.52,13.67,1,1,0
64,6,1269.88,524.26,22.31,4.30,1,0,0
65,1,245.15,528.28,197.34,37.12,1,0,0
65,3,891.54,529.42,69.33,13.92,1,0,0
65,4,1696.72,508.83,51.97,13.16,1,1,0
65,5,1860.39,504.65,32.14,14.19,1,1,0
65,6,1280.85,527.20,25.13,4.63,1,0,0
66,1,256.22,520.95,195.98,37.84,1,0,0
66,3,896.15,528.58,70.81,13.40,1,0,0
66,4,1702.70,514.12,55.85,12.85,1,1,0
66,5,1873.04,510.91,31.83,13.96,1,1,0
66,13,651.28,543.52,5.33,9.35,1,3,0
67,1,264.04,514.45,196.15,37.59,1,0,0
67,3,902.86,521.94,70.58,13.87,1,0,0
67,4,1711.79,509.73,58.85,12.68,1,1,0
67,5,1885.37,507.00,32.37,13.84,1,1,0
67,13,656.33,537.46,4.99,9.24,1,3,0
68,1,277.57,514.45,192.98,37.12,1,0,0
68,3,908.72,519.95,73.56,14.36,1,0,0
68,4,1725.62,505.02,58.08,13.15,1,1,0
68,13,664.10,536.32,5.25,8.71,1,3,0
68,6,1305.36,520.62,24.01,4.61,1,0,0
69,1,285.17,518.49,193.85,36.85,1,0,0
69,3,916.00,522.17,72.20,14.22,1,0,0
69,4,1732.95,505.13,59.84,12.99,1,1,0
69,6,1313.83,521.47,23.09,4.75,1,0,0
70,1,293.12,517.39,192.92,36.89,1,0,0
70,3,921.40,520.57,71.47,14.31,1,0,0
70,4,1742.57,502.52,59.45,13.64,1,1,0
70,6,1319.82,520.10,23.90,4.63,1,0,0
70,13,673.72,538.09,4.99,8.98,1,3,0
71,1,302.44,510.87,191.79,37.22,1,0,0
71,3,926.26,517.84,72.41,14.05,1,0,0
71,4,1757.98,504.12,56.46,13.83,1,1,0
71,6,1327.33,518.94,22.83,4.72,1,0,0
72,1,311.13,509.23,189.37,37.31,1,0,0
72,3,932.71,518.44,71.17,13.86,1,0,0
72,4,1765.67,507.04,58.35,13.94,1,1,0
73,1,316.01,509.36,191.57,37.82,1,0,0
73,3,940.51,513.55,72.24,14.24,1,0,0
73,4,1770.56,494.39,63.08,13.35,1,1,0
73,13,686.61,531.26,5.45,9.22,1,3,0
73,6,1338.32,512.55,24.62,4.71,1,0,0
74,1,321.65,507.94,191.17,37.84,1,0,0
74,3,944.07,509.26,71.21,13.96,1,0,0
74,4,1776.50,487.09,65.69,13.48,1,1,0
75,1,325.09,509.93,192.64,38.03,1,0,0
75,3,945.83,512.70,71.78,14.17,1,0,0
75,4,1783.40,493.30,61.77,13.43,1,1,0
76,1,329.64,510.33,192.35,37.36,1,0,0
76,3,949.93,514.81,71.16,14.41,1,0,0
76,4,1790.49,498.83,62.93,13.39,1,1,0
77,1,335.41,505.81,193.93,36.15,1,0,0
77,3,954.14,512.22,71.73,14.05,1,0,0
77,4,1795.81,498.08,65.50,14.02,1,1,0
77,13,698.04,527.06,5.02,9.54,1,3,0
77,6,1351.59,513.64,23.55,4.60,1,0,0
78,1,343.87,503.43,192.26,36.73,1,0,0
78,3,961.51,509.52,70.08,14.23,1,0,0
78,4,1806.23,495.48,66.60,14.06,1,1,0
79,1,350.98,511.28,192.41,36.19,1,0,0
79,3,967.78,513.29,70.37,14.14,1,0,0
79,4,1816.44,493.78,68.45,14.00,1,1,0
79,6,1363.24,512.42,22.84,4.49,1,0,0
80,1,358.38,512.73,192.03,35.94,1,0,0
80,3,973.03,512.65,69.72,14.36,1,0,0
80,4,1827.23,488.37,67.32,14.63,1,1,0
80,13,712.16,531.58,5.05,9.06,1,3,0
81,1,367.83,506.98,190.88,36.08,1,0,0
81,3,978.98,509.25,70.86,14.81,1,0,0
81,4,1840.61,490.49,64.70,14.38,1,1,0
81,13,717.52,526.37,5.68,9.89,1,3,0
82,1,377.60,504.89,190.41,35.70,1,0,0
82,3,985.10,511.14,71.34,14.51,1,0,0
82,4,1853.15,498.89,66.11,13.41,1,1,0
82,13,724.99,526.70,5.30,9.57,1,3,0
82,6,1391.25,513.74,22.66,4.57,1,0,0
83,1,393.09,506.43,187.25,35.89,1,0,0
83,3,992.54,512.51,72.63,13.85,1,0,0
83,4,1871.00,497.50,48.85,13.16,1,1,0
83,6,1399.97,513.87,23.29,4.46,1,0,0
84,1,402.86,508.74,187.01,36.60,1,0,0
84,3,1001.96,509.07,72.30,14.55,1,0,0
84,4,1887.77,485.66,31.84,12.48,1,1,0
85,1,411.41,513.36,184.66,36.07,1,0,0
85,3,1008.14,510.22,70.00,14.40,1,0,0
85,4,1896.22,483.28,23.49,11.90,1,1,0
86,1,420.58,513.97,185.67,35.99,1,0,0
86,3,1016.01,513.03,70.80,14.35,1,0,0
87,1,429.00,512.52,184.38,35.99,1,0,0
87,3,1022.63,515.69,71.26,14.82,1,0,0
87,13,761.11,533.53,4.91,8.97,1,3,0
88,1,439.44,510.40,186.85,35.74,1,0,0
88,3,1030.52,513.82,75.42,14.21,1,0,0
88,13,767.54,531.92,4.46,8.64,1,3,0
88,6,1441.36,512.67,23.91,4.80,1,0,0
89,1,445.25,513.90,186.46,35.87,1,0,0
89,3,1035.48,511.13,74.82,14.73,1,0,0
89,13,770.91,531.87,4.90,8.68,1,3,0
90,1,447.03,520.84,186.84,35.92,1,0,0
90,3,1038.08,513.61,73.39,15.17,1,0,0
90,13,772.00,536.59,4.91,9.02,1,3,0
91,1,442.11,516.62,186.80,35.71,1,0,0
91,3,1033.76,517.71,72.45,14.72,1,0,0
91,6,1442.71,515.14,23.57,4.57,1,0,0
92,1,426.84,505.82,190.28,35.69,1,0,0
92,3,1020.91,512.22,73.99,14.36,1,0,0
92,6,1425.34,513.88,25.54,4.95,1,0,0
93,1,409.63,515.08,190.96,36.77,1,0,0
93,3,1007.04,517.07,75.66,14.72,1,0,0
93,2,1906.54,501.76,12.93,8.32,1,1,0
93,13,734.31,536.98,4.66,8.29,1,3,0
94,1,398.94,525.00,191.36,36.05,1,0,0
94,3,998.31,524.08,71.15,14.55,1,0,0
94,2,1894.58,498.93,25.23,12.44,1,1,0
94,13,723.25,545.09,4.85,8.05,1,3,0
94,6,1398.71,520.30,26.33,5.15,1,0,0
95,1,384.14,523.13,193.50,36.49,1,0,0
95,3,984.04,523.59,74.69,14.32,1,0,0
95,2,1872.78,498.53,46.95,13.08,1,1,0
95,6,1386.64,519.64,27.05,5.32,1,0,0
96,1,365.24,525.04,194.94,36.76,1,0,0
96,3,967.28,526.44,72.35,15.03,1,0,0
96,2,1849.83,504.08,69.81,14.36,1,1,0
96,6,1371.56,524.67,23.83,4.88,1,0,0
97,1,338.73,531.10,198.32,36.68,1,0,0
97,3,945.67,533.43,74.03,14.54,1,0,0
97,2,1818.63,511.20,75.81,15.30,1,1,0
98,1,312.79,525.62,199.83,37.13,1,0,0
98,3,923.52,530.84,72.19,14.39,1,0,0
98,2,1791.24,512.17,70.16,14.32,1,1,0
98,6,1326.43,530.80,23.43,4.50,1,0,0
99,1,290.66,521.43,207.99,37.67,1,0,0
99,3,905.62,529.39,76.84,14.67,1,0,0
99,2,1768.57,516.60,68.90,14.64,1,1,0
99,13,626.81,546.28,5.26,8.64,1,3,0
100,1,278.78,520.47,209.30,38.00,1,0,0
100,3,900.08,531.76,71.87,14.23,1,0,0
100,2,1758.62,521.51,71.35,14.82,1,1,0
100,13,614.34,546.66,5.39,9.45,1,3,0
100,6,1301.46,535.89,22.57,4.65,1,0,0
101,1,267.97,517.73,209.40,38.10,1,0,0
101,3,889.50,527.98,75.65,14.33,1,0,0
101,2,1745.23,516.99,69.24,14.39,1,1,0
101,13,602.97,544.38,5.20,8.74,1,3,0
101,6,1292.22,531.51,21.76,4.46,1,0,0
102,1,256.79,524.32,215.48,37.76,1,0,0
102,3,884.31,526.58,71.92,14.87,1,0,0
102,2,1734.80,507.36,68.48,13.64,1,1,0
102,13,592.40,547.16,5.31,8.50,1,3,0
102,6,1281.08,526.50,22.53,4.54,1,0,0
103,1,247.19,530.46,217.13,38.50,1,0,0
103,3,874.34,530.49,76.11,14.95,1,0,0
103,2,1729.59,505.40,65.78,13.84,1,1,0
103,6,1275.99,527.06,22.46,4.69,1,0,0
104,1,240.10,524.23,214.12,38.03,1,0,0
104,3,869.49,529.07,73.85,14.91,1,0,0
104,2,1720.63,508.97,67.38,14.03,1,1,0
105,1,229.81,508.78,218.98,38.80,1,0,0
105,3,861.01,520.76,75.41,14.91,1,0,0
105,2,1712.91,512.59,66.88,13.82,1,1,0
105,13,566.14,537.38,4.58,8.06,1,3,0
105,6,1261.35,525.83,23.26,4.76,1,0,0
106,1,225.40,504.96,221.32,38.97,1,0,0
106,3,858.81,519.98,74.45,14.82,1,0,0
106,2,1708.60,516.51,66.62,13.75,1,1,0
107,1,226.43,517.93,218.90,39.45,1,0,0
107,3,859.96,526.43,73.56,15.29,1,0,0
107,2,1710.25,515.83,69.07,13.39,1,1,0
107,13,559.51,544.36,5.01,8.74,1,3,0
108,1,230.73,525.03,220.88,39.02,1,0,0
108,3,862.12,527.26,73.96,14.97,1,0,0
108,2,1714.63,505.71,65.56,13.33,1,1,0
108,6,1257.01,525.59,25.74,4.72,1,0,0
109,1,234.68,522.26,218.99,38.94,1,0,0
109,3,863.25,523.77,73.94,15.28,1,0,0
109,2,1719.77,502.01,65.83,13.60,1,1,0
109,13,560.79,544.86,5.20,9.43,1,3,0
110,1,240.93,518.94,218.53,38.70,1,0,0
110,3,866.60,523.66,74.30,15.36,1,0,0
110,2,1727.01,508.05,65.70,13.75,1,1,0
110,13,563.48,543.64,5.07,8.87,1,3,0
110,6,1265.65,524.67,23.56,4.68,1,0,0
111,1,248.83,514.81,217.64,38.50,1,0,0
111,3,872.75,524.87,74.94,15.31,1,0,0
111,2,1734.13,515.17,67.66,14.39,1,1,0
112,1,256.76,508.79,218.81,38.88,1,0,0
112,3,878.97,519.13,71.14,14.99,1,0,0
112,2,1745.41,509.60,70.96,14.23,1,1,0
113,1,270.06,514.00,217.27,38.67,1,0,0
113,3,885.69,518.62,74.78,14.78,1,0,0
113,2,1759.11,501.55,69.89,13.72,1,1,0
113,13,579.18,538.96,5.22,8.18,1,3,0
113,6,1288.97,519.18,23.23,4.77,1,0,0
114,1,281.34,527.33,215.31,38.16,1,0,0
114,3,893.27,526.24,74.89,15.19,1,0,0
114,2,1771.75,499.64,69.24,14.00,1,1,0
115,1,294.81,527.30,214.78,37.12,1,0,0
115,3,901.63,527.09,75.95,15.63,1,0,0
115,2,1783.33,501.61,71.99,14.20,1,1,0
115,13,593.15,549.36,5.23,9.01,1,3,0
115,6,1301.54,524.32,23.23,4.64,1,0,0
116,1,311.09,509.84,211.45,37.60,1,0,0
116,3,913.70,517.48,72.74,14.90,1,0,0
116,2,1799.83,502.99,72.97,14.28,1,1,0
116,13,602.85,534.81,5.40,9.72,1,3,0
116,6,1315.13,519.73,22.78,4.72,1,0,0
117,1,325.96,502.10,209.13,37.17,1,0,0
117,3,923.64,511.77,74.02,15.01,1,0,0
117,2,1820.39,502.16,69.76,13.76,1,1,0
118,1,336.85,507.63,211.49,37.82,1,0,0
118,3,933.47,514.98,75.30,15.29,1,0,0
118,2,1831.02,500.77,74.82,15.06,1,1,0
118,13,621.90,533.36,5.16,9.61,1,3,0
118,6,1333.41,517.73,25.03,4.98,1,0,0
119,1,350.89,508.88,209.75,37.46,1,0,0
119,3,943.91,512.39,75.12,15.76,1,0,0
119,2,1852.80,494.60,67.20,13.06,1,1,0
119,6,1342.60,513.31,24.24,4.74,1,0,0
120,1,365.98,507.43,208.85,36.93,1,0,0
120,3,954.98,508.20,74.18,15.86,1,0,0
120,2,1868.72,487.36,51.10,13.53,1,1,0
121,1,377.21,517.53,210.33,37.72,1,0,0
121,3,964.10,516.67,75.70,15.78,1,0,0
121,2,1893.64,491.03,26.06,12.97,1,1,0
121,6,1361.99,513.56,26.11,4.95,1,0,0
122,1,387.66,519.20,207.61,37.30,1,0,0
122,3,970.82,518.35,74.84,15.83,1,0,0
122,2,1899.77,493.61,19.92,12.68,1,1,0
122,6,1373.87,515.35,23.88,4.70,1,0,0
122,13,655.99,542.01,4.94,8.80,1,3,0
123,1,395.07,512.25,206.88,37.53,1,0,0
123,3,976.95,514.33,73.96,15.99,1,0,0
123,6,1384.48,514.34,24.36,4.60,1,0,0
123,13,660.84,536.23,5.53,9.14,1,3,0
124,1,403.16,517.03,206.68,36.77,1,0,0
124,3,982.89,522.03,75.02,15.68,1,0,0
125,1,409.86,522.36,207.11,37.60,1,0,0
125,3,989.10,526.97,73.69,15.73,1,0,0
125,6,1397.46,527.56,25.22,4.88,1,0,0
126,1,414.25,519.36,204.11,36.84,1,0,0
126,3,988.21,520.38,75.01,15.28,1,0,0
126,6,1397.84,518.54,22.98,4.68,1,0,0
127,1,405.89,513.43,206.32,37.23,1,0,0
127,3,982.45,513.70,76.28,15.92,1,0,0
127,6,1393.28,512.38,25.26,4.56,1,0,0
127,13,661.12,536.97,5.43,9.41,1,3,0
128,1,396.27,513.61,206.09,37.75,1,0,0
128,3,976.09,517.48,75.18,16.54,1,0,0
128,6,1385.58,518.61,22.56,4.74,1,0,0
129,1,381.48,515.45,208.32,37.75,1,0,0
129,3,964.47,522.62,74.17,16.20,1,0,0
129,6,1364.09,526.32,26.74,4.66,1,0,0
129,2,1900.12,511.70,19.45,11.68,1,1,0
129,13,634.24,543.14,5.83,9.34,1,3,0
130,1,363.58,517.55,209.70,37.97,1,0,0
130,3,947.14,523.72,78.10,15.80,1,0,0
130,6,1349.58,525.71,27.29,4.96,1,0,0
130,2,1878.04,507.83,41.91,13.55,1,1,0
131,1,355.13,518.45,208.34,38.26,1,0,0
131,3,939.61,523.11,76.00,15.55,1,0,0
131,6,1337.69,523.56,23.39,4.77,1,0,0
131,2,1865.53,504.14,54.35,13.30,1,1,0
131,13,608.06,544.46,5.29,9.26,1,3,0
132,1,346.54,518.82,211.98,38.29,1,0,0
132,3,931.53,521.81,77.65,15.74,1,0,0
132,6,1329.12,520.66,25.46,5.05,1,0,0
132,2,1858.40,499.44,61.52,13.63,1,1,0
133,1,338.66,518.51,209.03,38.26,1,0,0
133,3,924.66,519.57,76.45,15.71,1,0,0
133,6,1323.86,517.63,25.45,4.85,1,0,0
133,2,1846.10,494.80,73.85,13.65,1,1,0
134,1,327.39,519.84,211.56,38.69,1,0,0
134,3,913.79,521.01,79.54,16.02,1,0,0
134,6,1315.98,519.25,24.12,4.89,1,0,0
134,2,1835.60,496.98,76.43,14.44,1,1,0
135,1,320.60,514.89,215.15,38.62,1,0,0
135,3,908.49,519.83,78.57,16.13,1,0,0
135,6,1312.04,520.94,23.17,4.60,1,0,0
135,2,1828.76,501.23,77.85,14.48,1,1,0
136,1,315.92,506.31,216.52,38.40,1,0,0
136,3,903.19,513.86,78.43,16.54,1,0,0
136,2,1824.28,500.71,80.84,15.14,1,1,0
137,1,313.33,504.85,216.82,39.10,1,0,0
137,3,903.10,512.95,75.98,16.18,1,0,0
137,2,1819.81,500.46,78.90,14.79,1,1,0
137,13,557.53,532.90,5.49,9.78,1,3,0
138,1,310.06,506.82,217.14,39.77,1,0,0
138,3,900.41,514.99,76.01,16.37,1,0,0
138,2,1818.78,501.86,76.83,14.66,1,1,0
138,6,1296.75,518.39,28.36,4.96,1,0,0
139,1,306.96,510.95,216.92,39.04,1,0,0
139,3,897.74,519.25,75.30,16.03,1,0,0
139,2,1817.39,506.68,75.64,14.60,1,1,0
140,1,308.32,512.88,216.34,38.59,1,0,0
140,3,897.76,519.94,75.78,16.46,1,0,0
140,2,1819.48,506.47,76.05,14.30,1,1,0
141,1,320.08,517.90,217.91,39.04,1,0,0
141,3,904.54,520.94,76.52,16.53,1,0,0
141,2,1831.95,501.55,78.06,14.54,1,1,0
142,1,330.33,531.02,216.09,39.81,1,0,0
142,3,913.43,530.81,75.59,16.41,1,0,0
142,2,1842.69,502.31,76.98,14.14,1,1,0
142,13,557.37,556.67,5.51,10.01,1,3,0
142,6,1316.18,527.60,24.07,4.87,1,0,0
143,1,332.74,537.19,216.04,38.40,1,0,0
143,3,911.70,534.11,76.03,16.33,1,0,0
143,2,1845.55,501.72,74.09,14.20,1,1,0
143,13,557.16,561.16,5.75,10.27,1,3,0
144,1,330.04,524.90,215.04,38.50,1,0,0
144,3,909.61,526.27,75.76,16.19,1,0,0
144,2,1844.54,500.79,75.16,13.89,1,1,0
144,6,1314.63,524.39,23.67,4.83,1,0,0
145,1,330.02,513.29,216.04,38.34,1,0,0
145,3,907.96,524.32,76.62,15.99,1,0,0
145,2,1846.99,515.53,72.27,14.09,1,1,0
146,1,330.63,504.63,216.65,38.80,1,0,0
146,3,907.17,519.76,76.93,15.90,1,0,0
146,2,1846.62,518.11,72.95,14.46,1,1,0
146,6,1317.54,527.42,29.05,5.48,1,0,0
147,1,328.01,507.61,214.78,39.38,1,0,0
147,3,906.15,516.21,74.01,16.28,1,0,0
147,2,1845.23,503.51,74.17,13.57,1,1,0
147,6,1312.84,519.75,26.66,5.19,1,0,0
147,13,540.67,535.90,6.27,10.11,1,3,0
148,1,320.38,520.35,217.87,39.30,1,0,0
148,3,901.19,521.26,75.83,16.25,1,0,0
148,2,1838.01,496.68,81.27,14.36,1,1,0
148,6,1304.73,519.57,22.34,4.79,1,0,0
148,13,531.28,546.97,6.10,10.02,1,3,0
149,1,316.21,527.23,219.60,39.74,1,0,0
149,3,897.66,528.09,75.79,16.51,1,0,0
149,2,1832.94,502.43,80.49,14.63,1,1,0
149,6,1298.71,527.00,23.73,4.67,1,0,0
150,1,322.20,517.52,217.00,38.16,1,0,0
150,3,899.29,524.31,76.44,16.15,1,0,0
150,2,1837.05,507.74,82.14,14.67,1,1,0
150,6,1303.69,526.82,21.97,4.52,1,0,0
151,1,332.87,515.96,216.43,38.25,1,0,0
151,3,907.59,525.10,73.58,16.20,1,0,0
151,2,1848.23,513.73,71.47,14.25,1,1,0
151,13,531.03,545.00,5.96,10.11,1,3,0
152,1,341.22,525.34,216.84,38.88,1,0,0
152,3,915.76,529.81,72.94,15.63,1,0,0
152,2,1863.02,509.14,56.91,13.66,1,1,0
153,1,345.63,526.42,214.98,38.66,1,0,0
153,3,911.74,524.84,82.99,17.00,1,0,0
153,2,1871.76,493.34,47.99,13.96,1,1,0
153,6,1320.46,520.74,24.34,4.87,1,0,0
154,1,345.40,517.26,215.65,38.79,1,0,0
154,3,909.97,515.90,83.44,16.81,1,0,0
154,2,1871.11,484.26,48.49,15.01,1,1,0
154,6,1318.15,512.46,22.80,4.47,1,0,0
154,13,535.59,544.50,5.95,10.14,1,3,0
155,1,348.44,507.83,213.30,38.96,1,0,0
155,3,910.51,515.53,82.74,16.87,1,0,0
155,2,1873.63,504.68,46.18,14.25,1,1,0
155,6,1320.34,519.80,24.96,4.93,1,0,0
155,13,532.69,537.05,5.76,10.33,1,3,0
156,1,352.98,499.61,213.10,38.57,1,0,0
156,3,912.22,514.97,83.84,17.02,1,0,0
156,2,1877.51,514.94,42.18,14.54,1,1,0
156,6,1325.79,524.48,21.36,4.44,1,0,0
156,13,533.30,531.65,6.15,9.44,1,3,0
157,1,353.51,497.72,215.81,38.78,1,0,0
157,3,916.31,507.43,77.63,16.73,1,0,0
157,2,1888.94,497.97,30.79,12.52,1,1,0
157,6,1326.76,512.61,28.83,4.87,1,0,0
157,13,531.47,527.19,6.06,10.23,1,3,0
158,1,351.91,513.47,214.49,39.31,1,0,0
158,3,915.14,512.83,77.02,17.21,1,0,0
158,2,1882.36,486.73,37.38,13.93,1,1,0
159,1,352.61,515.87,215.56,37.56,1,0,0
159,3,914.59,516.09,77.57,17.17,1,0,0
159,2,1882.23,491.84,37.55,14.39,1,1,0
159,6,1325.22,515.58,22.14,4.49,1,0,0
160,1,356.92,503.94,215.65,38.03,1,0,0
160,3,918.22,511.09,77.17,17.21,1,0,0
160,2,1887.00,498.57,32.63,14.93,1,1,0
160,6,1324.98,515.52,23.29,4.54,1,0,0
160,13,524.64,532.12,6.97,10.56,1,3,0
161,1,368.10,504.02,216.43,38.44,1,0,0
161,3,928.55,515.41,77.57,16.91,1,0,0
161,2,1901.50,513.64,18.03,9.81,1,1,0
161,13,531.30,535.23,5.26,9.26,1,3,0
162,1,379.41,507.50,214.52,38.68,1,0,0
162,3,932.95,518.37,78.58,16.39,1,0,0
162,13,535.94,537.52,6.59,10.60,1,3,0
162,6,1341.49,523.88,23.06,4.50,1,0,0
163,1,392.00,509.75,212.63,37.89,1,0,0
163,3,942.93,511.95,77.93,16.88,1,0,0
163,13,545.01,537.75,5.54,10.50,1,3,0
164,1,406.66,511.65,210.32,37.96,1,0,0
164,3,953.96,509.48,77.70,17.05,1,0,0
164,13,555.98,538.43,5.91,10.58,1,3,0
165,1,426.35,513.04,204.34,37.33,1,0,0
165,3,965.81,512.38,78.90,17.34,1,0,0
165,13,567.62,538.80,6.44,11.11,1,3,0
166,1,439.42,507.40,203.89,36.53,1,0,0
166,3,977.99,510.25,76.40,16.82,1,0,0
166,13,578.84,535.67,4.72,9.52,1,3,0
167,1,453.81,500.73,203.98,37.18,1,0,0
167,3,990.47,502.41,82.47,17.41,1,0,0
167,6,1397.87,502.72,25.26,4.62,1,0,0
168,1,463.98,502.12,203.54,37.01,1,0,0
168,3,998.28,503.25,78.97,17.34,1,0,0
168,6,1412.61,503.35,25.20,4.68,1,0,0
168,13,593.27,530.77,5.08,9.85,1,3,0
169,1,469.17,503.97,202.50,36.96,1,0,0
169,3,1001.91,506.79,80.37,17.28,1,0,0
170,1,471.29,504.46,204.34,36.98,1,0,0
170,3,1003.88,506.67,78.79,17.12,1,0,0
171,1,473.20,507.77,204.09,37.03,1,0,0
171,3,1005.27,507.43,78.06,17.31,1,0,0
171,13,592.93,535.17,5.20,11.22,1,3,0
172,1,472.98,508.72,204.31,37.61,1,0,0
172,3,1003.32,506.99,80.03,16.94,1,0,0
172,13,588.82,535.97,5.99,10.96,1,3,0
172,6,1420.39,503.39,22.83,4.66,1,0,0
173,1,461.40,511.83,205.89,37.01,1,0,0
173,3,994.63,510.39,79.58,17.11,1,0,0
174,1,442.88,505.76,204.19,37.91,1,0,0
174,3,973.44,514.27,79.97,17.04,1,0,0
174,6,1387.99,518.90,28.64,4.83,1,0,0
175,1,434.89,513.65,206.66,37.91,1,0,0
175,3,969.21,515.85,79.48,17.27,1,0,0
176,1,433.61,517.89,207.63,38.69,1,0,0
176,3,967.06,517.13,79.19,17.21,1,0,0
176,13,533.34,546.54,6.23,11.44,1,3,0
176,6,1378.31,514.36,23.09,4.48,1,0,0
177,1,427.69,522.64,208.33,38.30,1,0,0
177,3,959.45,519.05,79.27,17.48,1,0,0
177,6,1373.28,514.08,25.46,4.71,1,0,0
178,1,414.26,521.64,213.84,38.43,1,0,0
178,3,948.74,518.73,79.54,17.75,1,0,0
178,6,1350.88,514.76,27.87,4.54,1,0,0
178,13,506.98,549.75,7.51,11.45,1,3,0
179,1,400.96,512.80,216.22,38.68,1,0,0
179,3,935.22,515.44,80.26,17.40,1,0,0
179,6,1338.20,515.21,27.76,4.75,1,0,0
180,1,382.46,510.70,215.76,38.91,1,0,0
180,3,921.24,517.29,81.80,17.27,1,0,0
180,6,1334.58,519.54,24.87,5.02,1,0,0
180,13,468.98,541.38,8.41,11.56,1,3,0
181,1,362.14,510.37,219.27,39.19,1,0,0
181,3,905.30,517.63,79.09,17.15,1,0,0
181,6,1314.29,519.87,25.21,5.01,1,0,0
181,13,447.63,542.13,6.69,10.67,1,3,0
182,1,347.61,502.08,219.75,39.74,1,0,0
182,3,887.71,511.24,81.24,16.42,1,0,0
182,6,1299.72,514.73,24.45,4.90,1,0,0
182,2,1893.32,498.83,26.36,12.86,1,1,0
183,1,334.01,498.92,221.28,39.60,1,0,0
183,3,877.03,510.11,82.08,16.43,1,0,0
183,6,1286.31,515.33,24.15,4.70,1,0,0
183,2,1872.14,500.99,47.78,14.17,1,1,0
183,13,408.91,532.20,6.73,10.15,1,3,0
184,1,314.19,506.09,226.32,40.34,1,0,0
184,3,865.12,516.44,80.97,16.76,1,0,0
184,6,1273.38,520.72,22.74,4.67,1,0,0
184,2,1854.38,504.20,65.33,14.60,1,1,0
184,13,387.32,538.42,7.23,10.90,1,3,0
185,1,296.54,508.74,226.24,40.92,1,0,0
185,3,848.74,517.12,81.88,15.52,1,0,0
185,6,1255.91,518.05,24.07,4.96,1,0,0
185,2,1834.81,496.99,84.73,14.59,1,1,0
185,13,365.39,543.31,7.71,10.27,1,3,0
186,1,284.41,513.21,227.76,41.05,1,0,0
186,3,838.59,518.16,80.62,15.90,1,0,0
186,6,1246.14,517.69,24.47,4.74,1,0,0
186,2,1820.51,493.48,91.12,15.51,1,1,0
186,13,349.96,547.46,7.25,10.46,1,3,0
187,1,278.35,513.23,231.04,41.30,1,0,0
187,3,832.47,523.17,81.22,16.78,1,0,0
187,2,1815.24,510.33,91.08,16.79,1,1,0
187,13,338.85,547.70,8.48,10.99,1,3,0
188,1,278.43,505.52,232.37,40.58,1,0,0
188,3,832.86,523.20,80.76,16.69,1,0,0
188,2,1815.86,522.30,92.06,17.03,1,1,0
188,6,1243.69,533.15,20.89,4.36,1,0,0
189,1,289.73,506.38,227.75,41.47,1,0,0
189,3,841.23,524.20,75.68,16.66,1,0,0
189,2,1828.27,524.98,90.59,15.51,1,1,0
189,13,339.89,541.40,7.77,11.65,1,3,0
190,1,303.74,519.20,230.99,41.87,1,0,0
190,3,848.12,529.47,82.60,16.91,1,0,0
190,2,1850.32,515.24,69.61,15.27,1,1,0
190,13,349.95,554.56,8.21,11.44,1,3,0
191,1,316.96,530.11,225.32,40.89,1,0,0
191,3,857.94,531.65,81.70,17.17,1,0,0
191,2,1862.99,500.83,56.66,14.41,1,1,0
192,1,326.44,534.55,223.18,40.45,1,0,0
192,3,866.81,532.22,80.04,17.48,1,0,0
192,2,1873.56,492.76,46.44,16.49,1,1,0
192,6,1269.78,527.30,25.55,4.70,1,0,0
192,13,361.79,568.54,8.22,11.39,1,3,0
193,1,330.59,531.12,222.68,40.47,1,0,0
193,3,870.14,533.49,78.60,17.49,1,0,0
193,2,1879.54,505.43,40.15,15.99,1,1,0
193,6,1270.13,532.89,27.74,5.00,1,0,0
193,13,361.22,566.20,7.96,11.22,1,3,0
194,1,333.40,520.75,223.63,39.88,1,0,0
194,3,870.95,532.32,79.11,16.42,1,0,0
194,2,1883.07,517.05,36.67,16.60,1,1,0
194,6,1273.58,536.21,23.46,4.79,1,0,0
195,1,342.17,507.22,221.20,39.74,1,0,0
195,3,875.16,523.24,80.84,16.87,1,0,0
195,2,1894.64,525.12,25.05,11.54,1,1,0
195,6,1283.63,532.36,23.81,4.71,1,0,0
195,13,362.12,541.96,8.13,10.91,1,3,0
196,1,355.64,507.00,220.45,40.26,1,0,0
196,3,882.55,522.48,81.20,17.00,1,0,0
196,6,1292.77,531.00,23.40,4.63,1,0,0
196,13,369.24,541.94,9.54,11.28,1,3,0
197,1,362.84,516.06,222.04,39.67,1,0,0
197,3,889.14,524.37,84.17,17.16,1,0,0
197,13,376.17,549.18,8.26,11.61,1,3,0
198,1,371.27,517.98,219.81,39.92,1,0,0
198,3,894.12,523.09,84.20,17.14,1,0,0
198,6,1307.70,523.68,24.98,4.87,1,0,0
199,1,378.65,512.57,218.66,39.53,1,0,0
199,3,900.31,521.24,81.29,16.97,1,0,0
199,6,1313.61,523.96,24.39,4.97,1,0,0
200,1,389.49,508.83,218.81,39.46,1,0,0
200,3,906.97,521.45,81.74,16.66,1,0,0
200,6,1319.31,527.60,23.58,4.62,1,0,0
200,13,384.90,541.64,9.25,13.30,1,3,0
201,1,403.84,510.33,218.59,39.51,1,0,0
201,3,914.49,520.57,83.49,16.31,1,0,0
201,6,1330.48,524.29,22.90,4.56,1,0,0
201,13,393.28,543.22,8.77,12.96,1,3,0
202,1,415.08,512.59,217.92,39.17,1,0,0
202,3,925.07,517.10,83.06,16.74,1,0,0
202,13,400.74,545.76,8.39,12.33,1,3,0
203,1,424.41,509.83,219.37,39.22,1,0,0
203,3,933.60,513.55,81.97,16.74,1,0,0
203,13,406.78,542.52,8.59,13.75,1,3,0
203,6,1347.73,512.47,23.47,4.63,1,0,0
204,1,438.14,506.82,214.42,38.90,1,0,0
204,3,942.11,512.09,80.92,16.15,1,0,0
204,13,414.10,539.04,8.94,13.66,1,3,0
204,6,1357.79,512.31,23.03,4.54,1,0,0
205,1,454.96,504.31,211.96,38.67,1,0,0
205,3,956.60,511.76,82.55,16.73,1,0,0
205,6,1372.49,515.08,23.09,4.56,1,0,0
206,1,470.58,501.49,211.17,38.86,1,0,0
206,3,969.34,507.72,82.71,17.12,1,0,0
206,13,438.02,534.79,9.35,13.17,1,3,0
207,1,486.49,503.66,212.45,37.85,1,0,0
207,3,984.58,502.66,81.20,17.36,1,0,0
207,6,1400.52,499.87,27.95,4.99,1,0,0
208,1,505.08,505.75,205.12,38.41,1,0,0
208,3,997.89,502.93,81.08,17.71,1,0,0
208,13,463.53,540.35,7.97,12.27,1,3,0
209,1,516.30,498.80,207.13,37.73,1,0,0
209,3,1006.51,497.40,82.75,17.65,1,0,0
209,13,471.10,530.64,8.78,14.58,1,3,0
209,6,1429.66,494.40,25.00,5.03,1,0,0
210,1,526.42,497.55,204.85,37.79,1,0,0
210,3,1015.53,497.12,81.04,17.52,1,0,0
210,13,476.11,528.49,8.72,16.09,1,3,0
210,6,1434.76,494.33,24.61,4.88,1,0,0
211,1,533.15,501.25,205.93,38.53,1,0,0
211,3,1022.67,499.35,82.47,17.55,1,0,0
211,13,480.48,535.76,8.32,13.48,1,3,0
211,6,1441.80,494.88,25.86,5.25,1,0,0
212,1,534.44,500.99,204.68,38.43,1,0,0
212,3,1021.95,497.47,81.79,17.52,1,0,0
212,6,1443.01,491.47,24.59,5.09,1,0,0
213,1,526.51,500.80,205.95,38.77,1,0,0
213,3,1012.08,497.66,84.34,17.50,1,0,0
213,6,1436.14,491.36,26.20,5.03,1,0,0
213,13,459.34,536.86,8.45,13.30,1,3,0
214,1,513.65,504.63,204.97,39.10,1,0,0
214,3,999.38,505.22,82.63,17.40,1,0,0
214,6,1418.60,502.05,26.92,5.07,1,0,0
214,13,439.45,539.34,9.75,14.76,1,3,0
215,1,493.85,499.87,209.96,39.46,1,0,0
215,3,980.46,508.52,81.94,17.06,1,0,0
215,6,1400.49,511.91,25.05,4.81,1,0,0
215,13,407.89,532.23,9.75,16.21,1,3,0
216,1,442.52,513.06,212.10,39.64,1,0,0
216,3,931.31,521.14,80.44,16.14,1,0,0
216,13,325.20,549.71,9.23,13.13,1,3,0
217,1,423.81,516.88,217.03,41.37,1,0,0
217,3,914.30,529.27,83.95,16.60,1,0,0
217,6,1326.25,533.34,27.14,4.96,1,0,0
218,1,420.63,522.47,216.30,40.63,1,0,0
218,3,910.28,532.02,83.23,16.87,1,0,0
219,1,416.30,523.93,216.37,39.87,1,0,0
219,3,906.64,530.86,82.93,16.93,1,0,0
219,13,272.98,562.19,10.25,14.23,1,3,0
219,6,1324.77,531.85,21.61,4.46,1,0,0
220,1,415.95,526.50,216.47,41.17,1,0,0
220,3,904.04,534.62,82.96,17.09,1,0,0
220,13,266.74,566.40,10.75,13.74,1,3,0
220,6,1315.34,535.58,27.65,5.24,1,0,0
221,1,417.04,529.35,215.98,40.58,1,0,0
221,3,904.69,539.32,82.67,17.18,1,0,0
221,13,262.43,568.01,10.28,14.21,1,3,0
221,6,1319.42,542.38,25.17,4.94,1,0,0
222,1,419.87,521.72,213.44,40.72,1,0,0
222,3,905.39,531.67,83.94,16.57,1,0,0
222,13,256.43,558.83,10.30,15.69,1,3,0
222,6,1321.43,533.56,25.74,5.22,1,0,0
223,1,419.04,519.38,215.59,40.35,1,0,0
223,3,903.80,525.13,87.19,17.40,1,0,0
223,13,248.78,558.27,10.41,15.22,1,3,0
223,6,1319.77,525.98,23.38,4.67,1,0,0
224,1,419.70,524.58,215.37,41.06,1,0,0
224,3,903.86,528.66,85.73,17.54,1,0,0
224,13,242.66,566.49,11.08,14.70,1,3,0
224,6,1320.03,527.23,23.41,4.55,1,0,0
225,1,419.18,518.69,215.79,40.55,1,0,0
225,3,900.40,525.62,84.73,17.44,1,0,0
225,13,234.68,556.00,12.00,16.97,1,3,0
225,6,1316.13,527.24,23.24,4.37,1,0,0
226,1,418.45,507.64,215.36,41.08,1,0,0
226,3,898.88,519.76,84.01,16.92,1,0,0
226,13,226.50,544.94,11.63,15.92,1,3,0
226,6,1317.21,524.59,24.65,4.68,1,0,0
227,1,418.34,508.26,215.62,41.64,1,0,0
227,3,898.27,521.44,82.19,17.09,1,0,0
227,13,217.81,546.29,10.90,15.99,1,3,0
227,6,1315.47,527.53,24.03,4.60,1,0,0
228,1,417.64,513.02,215.99,40.97,1,0,0
228,3,897.11,520.92,82.85,17.31,1,0,0
228,13,209.35,553.22,11.03,16.87,1,3,0
229,1,420.03,518.52,216.20,41.04,1,0,0
229,3,897.41,521.68,85.38,17.76,1,0,0
229,13,204.15,559.12,11.84,17.34,1,3,0
229,6,1313.69,520.51,23.56,4.80,1,0,0
230,1,393.51,525.17,221.33,41.54,1,0,0
230,3,879.17,530.34,80.01,16.74,1,0,0
230,13,152.24,567.48,15.67,18.32,1,3,0
231,3,959.88,537.03,25.48,5.15,1,0,0
231,2,1898.89,506.04,20.69,19.28,1,0,0
232,3,936.85,532.93,27.58,5.12,1,0,0
232,14,0.30,529.22,193.53,32.60,1,0,0
232,16,1523.89,513.86,80.55,16.13,1,1,0
232,2,1859.94,506.93,59.96,18.87,1,0,0
232,1,498.68,529.19,101.15,15.89,1,0,0
233,3,921.68,536.20,25.46,4.96,1,0,0
233,14,0.45,531.99,167.92,32.89,1,0,0
233,16,1504.00,517.36,81.39,15.86,1,1,0
233,2,1836.33,509.22,82.28,20.45,1,0,0
233,1,477.93,532.16,101.76,16.71,1,0,0
234,3,906.05,538.84,26.39,5.06,1,0,0
234,14,0.15,536.65,144.58,32.11,1,0,0
234,16,1487.96,518.89,78.03,16.12,1,1,0
234,2,1811.80,509.75,81.46,21.06,1,0,0
234,1,463.16,534.88,99.93,17.82,1,0,0
235,3,887.37,531.68,27.31,4.79,1,0,0
235,14,0.31,528.74,120.88,31.66,1,0,0
235,16,1471.96,511.14,78.72,16.15,1,1,0
235,2,1789.47,501.17,84.52,22.90,1,0,0
235,1,446.92,526.76,99.71,17.24,1,0,0
236,3,876.80,523.88,22.62,4.51,1,0,0
236,14,0.23,523.97,103.51,32.86,1,0,0
236,16,1460.19,500.40,78.28,16.28,1,1,0
236,2,1774.13,489.34,84.22,22.80,1,0,0
236,1,433.68,520.94,98.45,18.24,1,0,0
237,3,869.54,524.35,23.49,4.67,1,0,0
237,14,0.42,526.74,89.78,32.46,1,0,0
237,16,1445.75,500.45,82.23,16.11,1,1,0
237,2,1762.45,489.53,84.08,21.56,1,0,0
237,1,422.19,522.60,99.52,19.99,1,0,0
238,14,0.39,520.95,66.94,30.28,1,0,0
238,16,1437.42,512.70,81.17,16.52,1,1,0
238,2,1760.98,508.12,71.92,19.74,1,0,0
238,1,409.05,521.41,101.65,19.39,1,0,0
239,14,0.43,504.27,52.66,29.91,1,0,0
239,16,1430.43,513.34,81.77,16.49,1,1,0
239,2,1750.34,511.96,75.09,20.41,1,0,0
239,1,398.03,509.43,99.21,19.44,1,0,0
240,14,0.61,509.69,52.15,32.10,1,0,0
240,16,1428.76,510.18,79.58,15.82,1,1,0
240,2,1750.91,507.03,75.06,19.30,1,0,0
240,1,394.80,511.76,102.51,21.10,1,0,0
241,14,0.45,545.08,80.63,32.58,1,0,0
241,16,1447.10,503.23,79.19,15.32,1,1,0
241,2,1777.43,488.55,84.58,20.41,1,0,0
241,1,410.28,536.44,102.18,20.06,1,0,0
242,14,0.62,521.28,79.59,30.62,1,0,0
242,16,1451.59,518.98,80.43,16.34,1,1,0
242,2,1788.48,514.14,81.60,21.32,1,0,0
242,1,409.95,523.48,100.44,20.03,1,0,0
243,14,0.56,524.77,78.38,33.45,1,0,0
243,16,1450.07,512.45,83.15,16.47,1,1,0
243,2,1793.21,503.35,80.00,22.49,1,0,0
243,1,406.36,523.53,104.29,21.00,1,0,0
243,3,859.92,531.06,20.55,4.24,1,0,0
244,14,0.39,548.96,76.79,32.39,1,0,0
244,16,1450.49,505.78,83.39,16.47,1,1,0
244,2,1792.23,491.21,83.22,22.04,1,0,0
244,1,404.84,540.33,102.05,20.59,1,0,0
244,3,857.26,538.53,21.89,4.39,1,0,0
245,14,0.19,527.42,88.68,31.19,1,0,0
245,16,1460.26,527.53,82.14,16.76,1,1,0
245,2,1808.89,523.39,80.04,21.29,1,0,0
245,1,409.20,529.43,98.69,20.12,1,0,0
246,14,0.21,534.05,101.08,33.17,1,0,0
246,16,1472.61,517.93,79.23,16.12,1,1,0
246,2,1827.07,507.16,81.51,22.05,1,0,0
246,1,417.79,533.18,99.92,19.81,1,0,0
246,3,867.82,539.20,24.13,4.63,1,0,0
247,14,0.45,538.69,113.77,34.15,1,0,0
247,16,1479.96,504.04,79.08,15.93,1,1,0
247,2,1836.64,489.63,82.10,21.37,1,0,0
247,1,424.94,533.37,99.61,19.98,1,0,0
248,14,0.40,540.92,114.05,34.07,1,0,0
248,16,1480.15,499.71,82.39,16.09,1,1,0
248,2,1839.55,485.12,80.04,20.84,1,0,0
248,1,426.54,533.30,99.37,20.32,1,0,0
249,14,0.34,535.90,115.38,33.20,1,0,0
249,16,1483.64,500.35,79.45,15.79,1,1,0
249,2,1844.57,486.90,75.27,20.90,1,0,0
249,1,426.82,529.29,99.07,20.16,1,0,0
250,14,0.30,523.16,109.20,32.44,1,0,0
250,16,1480.74,498.84,82.59,15.83,1,1,0
250,2,1842.32,487.16,77.65,21.30,1,0,0
250,1,422.24,519.95,100.60,19.41,1,0,0
251,14,0.20,512.99,101.46,31.10,1,0,0
251,16,1474.00,499.24,84.25,16.09,1,1,0
251,2,1838.65,490.63,80.98,21.96,1,0,0
251,1,415.46,511.28,103.25,20.19,1,0,0
251,3,864.87,518.39,24.80,4.52,1,0,0
252,14,0.17,503.37,101.10,31.32,1,0,0
252,16,1473.67,500.66,84.00,16.73,1,1,0
252,2,1840.50,495.59,79.15,21.53,1,0,0
252,1,412.43,504.91,103.72,19.76,1,0,0
252,3,863.83,515.31,25.07,4.44,1,0,0
253,14,0.25,505.26,97.41,32.16,1,0,0
253,16,1471.83,497.71,85.83,16.56,1,1,0
253,2,1840.26,490.94,79.35,21.39,1,0,0
253,1,410.02,505.35,101.94,20.38,1,0,0
253,3,864.17,514.86,23.49,4.25,1,0,0
254,14,0.60,514.16,89.73,32.79,1,0,0
254,16,1467.24,489.98,84.92,16.28,1,1,0
254,2,1836.24,478.26,83.23,21.92,1,0,0
254,1,405.33,509.95,102.80,21.25,1,0,0
254,3,858.93,514.42,22.79,4.33,1,0,0
255,14,0.26,519.31,88.79,32.64,1,0,0
255,16,1467.48,490.38,85.07,16.64,1,1,0
255,2,1836.91,477.52,82.60,22.96,1,0,0
255,1,404.02,514.31,102.28,21.13,1,0,0
256,14,0.45,521.42,96.38,33.01,1,0,0
256,16,1474.57,505.03,86.18,17.54,1,1,0
256,2,1847.60,497.06,72.04,21.65,1,0,0
256,1,406.68,519.29,104.26,21.28,1,0,0
256,3,861.50,526.25,23.17,4.56,1,0,0
257,14,0.43,522.67,97.87,33.37,1,0,0
257,16,1477.60,508.76,85.09,17.32,1,1,0
257,2,1848.65,502.24,71.22,20.47,1,0,0
257,1,407.17,521.87,104.11,20.78,1,0,0
258,14,0.39,519.24,95.22,33.06,1,0,0
258,16,1474.14,495.83,87.37,16.46,1,1,0
258,2,1848.83,486.40,70.88,20.32,1,0,0
258,1,404.65,515.69,103.74,21.25,1,0,0
258,3,859.04,519.98,22.40,4.49,1,0,0
259,14,0.18,516.03,86.53,32.96,1,0,0
259,16,1467.50,492.91,88.72,16.75,1,1,0
259,2,1842.36,482.80,77.11,22.13,1,0,0
259,1,396.10,512.07,106.97,21.20,1,0,0
260,14,0.40,512.76,77.23,31.28,1,0,0
260,16,1464.43,506.14,87.04,17.48,1,1,0
260,2,1839.25,501.34,80.45,21.78,1,0,0
260,1,390.97,512.30,104.95,21.28,1,0,0
261,14,0.47,505.69,75.33,30.76,1,0,0
261,16,1464.35,509.64,87.24,17.35,1,1,0
261,2,1839.82,507.08,79.90,20.93,1,0,0
261,1,388.31,508.62,105.34,20.91,1,0,0
262,14,0.47,512.00,68.72,31.62,1,0,0
262,16,1462.80,498.06,83.02,16.11,1,1,0
262,2,1836.91,488.56,83.01,22.56,1,0,0
262,1,383.32,510.17,106.22,21.25,1,0,0
262,3,842.27,518.15,23.51,4.46,1,0,0
263,14,0.53,524.00,56.30,32.10,1,0,0
263,16,1457.50,489.78,80.76,17.27,1,1,0
263,2,1828.25,477.60,91.35,21.32,1,0,0
263,1,373.39,517.56,106.76,21.26,1,0,0
263,3,834.15,518.25,23.90,4.55,1,0,0
264,14,0.50,522.28,46.77,29.82,1,0,0
264,16,1449.38,503.96,85.56,17.19,1,1,0
264,2,1821.12,495.15,89.45,22.95,1,0,0
264,1,364.52,519.43,107.34,20.81,1,0,0
264,3,827.86,525.23,21.81,4.30,1,0,0
265,14,0.35,496.17,28.66,29.40,1,0,0
265,16,1439.84,514.04,89.32,17.90,1,1,0
265,2,1814.14,515.34,92.14,23.03,1,0,0
265,1,358.22,503.34,104.54,20.40,1,0,0
265,3,821.53,521.06,21.93,4.23,1,0,0
266,14,0.46,488.87,26.17,29.81,1,0,0
266,16,1438.52,523.13,88.03,18.18,1,1,0
266,2,1813.08,528.98,93.97,22.93,1,0,0
266,1,351.14,499.04,108.19,21.53,1,0,0
266,3,817.45,521.62,23.37,4.47,1,0,0
267,14,0.46,508.93,34.57,30.87,1,0,0
267,16,1444.80,525.38,86.00,17.94,1,1,0
267,2,1822.61,525.40,96.33,22.85,1,0,0
267,1,353.75,513.60,106.22,22.24,1,0,0
268,14,0.67,535.35,53.65,31.16,1,0,0
268,16,1458.87,509.73,85.22,17.64,1,1,0
268,2,1842.66,497.62,77.15,23.39,1,0,0
268,1,365.99,530.51,107.57,21.39,1,0,0
269,14,0.33,554.25,78.08,32.74,1,0,0
269,16,1474.00,499.62,84.52,17.68,1,1,0
269,2,1860.80,480.90,58.91,22.49,1,0,0
269,1,382.32,542.31,109.55,22.13,1,0,0
269,3,844.45,537.68,24.67,4.88,1,0,0
270,14,0.40,559.12,93.24,33.55,1,0,0
270,16,1485.19,506.63,87.88,17.91,1,1,0
270,2,1884.98,488.39,34.36,22.21,1,0,0
270,1,394.72,548.45,105.98,21.39,1,0,0
270,3,854.14,544.05,22.93,4.70,1,0,0
271,14,0.49,540.44,102.85,31.53,1,0,0
271,16,1494.89,516.02,88.06,17.79,1,1,0
271,2,1901.17,508.76,18.66,19.35,1,0,0
271,1,401.34,536.72,106.19,21.16,1,0,0
271,3,860.44,542.57,22.57,4.35,1,0,0
272,14,0.37,524.89,112.45,30.94,1,0,0
272,16,1497.73,519.72,92.48,18.33,1,1,0
272,1,406.97,524.85,106.44,21.61,1,0,0
272,3,865.85,537.01,23.25,4.35,1,0,0
273,14,0.31,519.77,126.09,31.54,1,0,0
273,16,1512.03,514.93,91.30,18.26,1,1,0
273,1,416.39,520.75,103.81,20.85,1,0,0
274,14,0.36,530.64,142.14,34.24,1,0,0
274,16,1518.45,505.72,90.17,17.52,1,1,0
274,1,424.29,526.07,105.91,22.42,1,0,0
275,14,0.35,540.89,147.91,34.17,1,0,0
275,16,1526.44,503.14,90.64,18.02,1,1,0
275,1,430.62,533.34,103.47,21.79,1,0,0
276,14,0.37,540.40,155.36,33.96,1,0,0
276,16,1533.46,504.60,90.91,17.82,1,1,0
276,1,436.09,533.44,102.62,22.17,1,0,0
277,14,0.48,533.52,161.92,33.51,1,0,0
277,16,1539.20,509.92,92.44,18.75,1,1,0
277,1,440.36,529.42,104.68,21.67,1,0,0
278,14,0.51,531.70,168.09,33.39,1,0,0
278,16,1545.42,517.49,92.27,18.66,1,1,0
278,1,445.53,530.21,103.34,21.29,1,0,0
278,3,896.95,539.28,22.37,4.09,1,0,0
279,14,0.30,533.39,176.98,33.79,1,0,0
279,16,1552.66,516.00,94.06,17.90,1,1,0
279,1,449.21,531.14,102.68,21.44,1,0,0
279,3,899.26,539.38,21.91,4.07,1,0,0
280,14,0.39,536.25,188.42,35.57,1,0,0
280,16,1562.17,506.24,94.81,17.73,1,1,0
280,1,458.33,531.42,100.48,21.38,1,0,0
281,14,0.32,544.13,198.88,36.84,1,0,0
281,16,1570.38,505.04,94.21,17.29,1,1,0
281,1,463.49,536.41,102.72,21.81,1,0,0
281,3,913.56,537.53,22.46,4.28,1,0,0
282,14,0.12,545.65,203.77,37.85,1,0,0
282,16,1575.53,508.21,96.11,18.78,1,1,0
282,1,466.32,538.86,104.16,22.37,1,0,0
283,14,0.40,539.16,204.59,36.24,1,0,0
283,16,1578.14,509.89,96.23,18.50,1,1,0
283,1,467.22,534.76,101.71,21.83,1,0,0
283,3,916.67,539.44,22.17,4.12,1,0,0
284,14,0.31,531.52,205.47,35.27,1,0,0
284,16,1577.76,503.47,98.89,18.35,1,1,0
284,1,465.87,526.48,104.49,21.65,1,0,0
285,14,0.38,532.05,201.04,35.60,1,0,0
285,16,1575.52,502.38,97.85,18.35,1,1,0
285,1,461.65,527.21,104.93,21.42,1,0,0
285,3,911.23,531.74,23.37,4.28,1,0,0
286,14,0.45,537.51,194.97,35.02,1,0,0
286,16,1570.98,505.46,96.44,17.72,1,1,0
286,1,454.85,531.66,103.38,21.77,1,0,0
287,14,0.42,534.78,184.86,34.29,1,0,0
287,16,1566.81,499.42,95.08,18.35,1,1,0
287,1,449.87,527.43,105.67,21.80,1,0,0
287,3,900.70,530.48,24.37,4.22,1,0,0
288,14,0.42,530.94,177.56,34.65,1,0,0
288,16,1562.84,490.87,94.32,18.39,1,1,0
288,1,443.55,523.19,106.79,21.66,1,0,0
288,3,897.07,524.28,23.47,4.27,1,0,0
289,14,0.50,527.19,167.63,34.80,1,0,0
289,16,1558.20,489.73,93.74,17.75,1,1,0
289,1,434.68,519.81,107.28,21.88,1,0,0
289,3,891.45,521.48,22.79,4.20,1,0,0
290,14,0.32,515.52,155.86,32.35,1,0,0
290,16,1545.95,496.38,95.14,18.05,1,1,0
290,1,424.56,512.45,107.35,21.95,1,0,0
290,3,882.87,519.91,21.47,4.34,1,0,0
291,14,0.17,503.76,146.96,30.71,1,0,0
291,16,1542.21,502.81,96.59,18.42,1,1,0
291,1,416.71,503.97,108.59,21.87,1,0,0
292,14,0.21,501.31,135.90,31.42,1,0,0
292,16,1533.08,499.51,95.97,18.64,1,1,0
292,1,406.14,501.49,110.95,22.12,1,0,0
292,3,867.43,515.30,23.07,4.16,1,0,0
293,14,0.54,510.11,120.96,33.65,1,0,0
293,16,1523.95,491.32,94.69,18.17,1,1,0
293,1,394.26,506.54,103.25,22.94,1,0,0
293,3,856.23,514.53,23.56,4.16,1,0,0
294,14,0.41,516.96,110.02,33.06,1,0,0
294,16,1513.96,498.00,95.24,18.77,1,1,0
294,1,383.59,514.03,109.43,22.23,1,0,0
294,3,846.63,521.49,25.14,4.40,1,0,0
295,14,0.23,510.03,101.86,30.34,1,0,0
295,16,1509.76,503.66,97.64,18.78,1,1,0
295,1,378.15,508.30,109.27,22.59,1,0,0
295,3,844.35,521.48,23.91,4.19,1,0,0
296,14,0.48,510.46,101.67,31.72,1,0,0
296,16,1510.47,509.74,98.16,19.10,1,1,0
296,1,376.80,511.17,107.15,22.77,1,0,0
296,3,842.51,525.19,23.56,4.33,1,0,0
297,14,0.24,528.15,94.04,34.59,1,0,0
297,16,1510.55,511.90,96.59,18.72,1,1,0
297,1,370.88,525.87,109.96,23.48,1,0,0
298,14,0.14,539.99,90.71,33.38,1,0,0
298,16,1507.53,506.19,94.63,17.87,1,1,0
298,1,366.80,533.44,111.00,23.02,1,0,0
298,3,835.75,537.23,23.53,4.31,1,0,0
299,14,0.42,534.72,87.48,32.19,1,0,0
299,16,1505.74,506.95,97.12,18.88,1,1,0
299,1,363.22,529.93,112.56,22.70,1,0,0
299,3,833.08,535.93,23.58,4.34,1,0,0
300,14,0.56,521.35,88.52,31.22,1,0,0
300,16,1507.12,516.28,96.74,18.50,1,1,0
300,1,363.80,521.28,112.63,22.82,1,0,0
301,14,0.47,519.94,87.34,32.35,1,0,0
301,16,1508.70,518.25,96.81,18.40,1,1,0
301,1,362.96,520.92,114.41,22.34,1,0,0
302,14,0.52,531.31,86.48,32.78,1,0,0
302,16,1508.86,509.55,94.85,18.09,1,1,0
302,1,359.29,527.52,114.30,22.96,1,0,0
303,14,0.37,535.97,81.01,33.09,1,0,0
303,16,1506.88,500.54,94.45,17.88,1,1,0
303,1,354.97,528.63,114.96,23.58,1,0,0
304,14,0.53,529.33,80.88,31.68,1,0,0
304,16,1505.59,502.67,98.88,18.67,1,1,0
304,1,353.77,524.08,115.04,22.80,1,0,0
305,14,0.42,518.07,80.56,31.09,1,0,0
305,16,1507.39,510.03,98.52,18.57,1,1,0
305,1,354.24,517.30,113.83,22.57,1,0,0
306,14,0.39,513.74,78.72,31.92,1,0,0
306,16,1507.91,512.66,98.89,18.09,1,1,0
306,1,352.05,514.60,114.82,22.08,1,0,0
307,14,0.57,522.02,76.69,32.78,1,0,0
307,16,1506.88,512.65,98.56,18.67,1,1,0
307,1,349.64,521.14,114.63,23.47,1,0,0
308,14,0.54,535.08,77.15,33.62,1,0,0
308,16,1509.87,508.64,96.82,18.17,1,1,0
308,1,349.06,529.95,113.84,24.02,1,0,0
308,3,824.83,536.60,20.79,3.94,1,0,0
309,14,0.21,542.23,87.34,33.22,1,0,0
309,16,1514.46,507.55,97.14,17.91,1,1,0
309,1,354.63,534.69,113.73,24.29,1,0,0
309,3,826.80,539.32,23.74,4.12,1,0,0
310,14,0.58,533.84,97.96,31.95,1,0,0
310,16,1522.94,509.05,99.20,18.60,1,1,0
310,1,361.94,528.09,113.76,23.67,1,0,0
310,3,832.53,536.20,24.53,4.40,1,0,0
311,14,0.09,529.43,104.84,32.91,1,0,0
311,16,1530.51,516.30,99.46,18.64,1,1,0
311,1,366.39,527.48,112.40,23.17,1,0,0
311,3,837.76,537.85,23.60,4.33,1,0,0
312,14,0.35,534.99,111.71,33.56,1,0,0
312,16,1535.03,518.67,100.09,17.74,1,1,0
312,1,369.74,531.99,112.87,24.13,1,0,0
313,14,0.52,542.00,118.50,34.09,1,0,0
313,16,1540.20,513.04,103.58,18.59,1,1,0
313,1,375.27,536.72,112.74,23.76,1,0,0
313,3,842.75,542.65,23.14,4.30,1,0,0
314,14,0.21,543.29,132.42,35.43,1,0,0
314,16,1551.69,509.33,102.34,18.17,1,1,0
314,1,383.49,537.95,104.02,22.89,1,0,0
315,14,0.19,542.78,141.01,35.82,1,0,0
315,16,1558.94,509.16,102.30,18.40,1,1,0
315,1,389.77,537.48,102.42,23.09,1,0,0
316,14,0.17,543.42,148.72,36.49,1,0,0
316,16,1565.10,510.23,102.01,18.54,1,1,0
316,1,393.63,538.14,102.35,23.43,1,0,0
316,3,859.23,542.46,25.59,4.55,1,0,0
317,14,0.19,543.90,157.26,38.07,1,0,0
317,16,1570.88,511.74,105.42,18.78,1,1,0
317,1,399.54,540.28,109.21,23.36,1,0,0
317,3,863.43,544.36,24.98,4.47,1,0,0
318,14,0.21,540.22,161.45,38.28,1,0,0
318,16,1576.61,507.66,106.72,19.19,1,1,0
318,1,400.67,536.39,107.43,23.33,1,0,0
319,14,0.22,533.96,161.52,35.72,1,0,0
319,16,1574.88,494.84,106.97,19.52,1,1,0
319,1,399.71,527.07,110.85,23.24,1,0,0
320,14,0.26,527.39,160.80,36.19,1,0,0
320,16,1578.04,496.16,104.86,21.02,1,1,0
320,1,399.66,523.47,109.85,23.12,1,0,0
321,14,0.19,523.35,153.35,34.11,1,0,0
321,16,1571.71,502.37,108.12,19.86,1,1,0
321,1,391.75,520.22,113.09,23.58,1,0,0
322,14,0.33,516.21,144.32,34.91,1,0,0
322,16,1566.24,497.19,107.65,19.75,1,1,0
322,1,385.16,514.27,112.45,23.31,1,0,0
323,14,0.26,514.12,136.85,35.53,1,0,0
323,16,1560.96,500.17,106.42,20.46,1,1,0
323,1,377.56,513.85,115.61,23.24,1,0,0
323,3,849.94,524.13,23.06,4.14,1,0,0
324,14,0.16,513.98,136.14,36.04,1,0,0
324,16,1561.06,507.81,109.95,20.22,1,1,0
324,1,376.92,515.36,115.56,23.64,1,0,0
325,14,0.27,521.77,137.82,34.54,1,0,0
325,16,1566.09,507.49,111.88,19.46,1,1,0
325,1,378.85,519.94,115.48,23.68,1,0,0
325,3,849.80,530.41,24.82,4.29,1,0,0
326,14,0.25,531.90,144.99,36.46,1,0,0
326,16,1571.42,499.80,108.18,20.09,1,1,0
326,1,380.29,526.44,115.24,23.91,1,0,0
326,3,850.89,531.95,27.09,4.31,1,0,0
327,14,0.20,545.22,147.57,37.34,1,0,0
327,16,1572.09,499.15,113.79,20.37,1,1,0
327,1,380.85,536.86,115.55,24.89,1,0,0
327,3,852.26,539.33,22.22,3.83,1,0,0
328,14,0.24,546.69,152.64,35.98,1,0,0
328,16,1583.14,507.76,105.62,20.33,1,1,0
328,1,385.73,539.77,113.16,23.93,1,0,0
328,3,855.63,543.33,24.19,4.36,1,0,0
329,14,0.24,537.79,160.89,32.16,1,0,0
329,16,1586.24,517.83,112.76,19.38,1,1,0
329,1,389.05,532.39,115.45,24.25,1,0,0
329,3,858.01,543.47,23.86,4.51,1,0,0
330,14,0.57,534.88,166.21,34.68,1,0,0
330,16,1590.26,519.11,116.49,19.40,1,1,0
330,1,393.60,531.23,114.28,24.63,1,0,0
330,3,861.80,542.50,25.21,4.53,1,0,0
331,14,0.25,547.58,175.14,35.53,1,0,0
331,16,1598.40,516.72,124.55,19.68,1,1,0
331,1,398.13,541.96,113.90,24.01,1,0,0
331,3,866.35,548.20,23.80,4.27,1,0,0
332,14,0.38,551.18,179.84,36.67,1,0,0
332,16,1603.41,509.02,125.02,20.66,1,1,0
332,1,402.91,543.63,113.76,24.54,1,0,0
332,3,869.34,547.81,24.16,4.43,1,0,0
333,14,0.52,543.56,190.55,35.84,1,0,0
333,16,1611.51,505.67,126.01,19.74,1,1,0
333,1,408.58,536.26,114.73,24.26,1,0,0
334,14,0.32,536.15,194.15,34.75,1,0,0
334,16,1616.98,506.97,122.41,20.17,1,1,0
334,1,411.56,530.44,113.52,24.14,1,0,0
334,3,877.81,538.21,22.96,4.24,1,0,0
335,14,0.47,530.10,191.33,35.02,1,0,0
335,16,1616.13,508.26,125.96,21.02,1,1,0
335,1,409.35,526.29,115.04,24.17,1,0,0
335,3,875.91,536.11,25.52,4.44,1,0,0
336,14,0.57,525.26,192.58,35.06,1,0,0
336,16,1618.80,505.30,125.11,20.16,1,1,0
336,1,409.94,521.93,114.69,23.94,1,0,0
337,14,0.59,530.84,190.92,38.37,1,0,0
337,16,1617.53,499.68,119.49,20.85,1,1,0
337,1,405.03,525.89,116.74,24.78,1,0,0
338,14,0.54,543.64,182.01,38.33,1,0,0
338,16,1611.53,496.34,121.21,20.78,1,1,0
338,1,398.12,534.80,113.69,25.35,1,0,0
338,3,869.05,537.20,25.23,4.35,1,0,0
339,14,0.36,536.65,177.89,35.20,1,0,0
339,16,1608.64,495.32,123.01,20.93,1,1,0
339,1,393.64,528.32,115.41,24.49,1,0,0
340,14,0.39,517.16,179.97,34.19,1,0,0
340,16,1612.13,496.61,122.50,20.53,1,1,0
340,1,393.21,513.72,117.46,24.02,1,0,0
341,14,0.55,517.64,179.25,36.52,1,0,0
341,16,1614.02,497.46,122.53,20.37,1,1,0
341,1,392.60,515.11,118.03,24.38,1,0,0
341,3,863.79,524.17,24.40,4.27,1,0,0
342,14,0.63,537.86,185.77,38.04,1,0,0
342,16,1619.83,499.28,122.29,20.89,1,1,0
342,1,395.13,531.30,116.42,25.24,1,0,0
342,3,867.27,536.04,23.68,4.25,1,0,0
343,14,0.52,547.86,185.94,38.31,1,0,0
343,16,1620.38,495.39,122.11,21.33,1,1,0
343,1,395.05,538.67,116.49,24.65,1,0,0
343,3,866.46,539.62,24.05,4.19,1,0,0
344,14,0.11,524.32,172.58,33.64,1,0,0
344,16,1613.05,513.79,121.31,22.08,1,1,0
344,1,380.87,522.56,118.28,24.35,1,0,0
344,3,854.90,536.19,24.84,4.45,1,0,0
345,14,0.29,528.82,169.15,35.37,1,0,0
345,16,1610.73,509.51,122.82,22.31,1,1,0
345,1,376.17,525.84,119.62,24.83,1,0,0
345,3,850.98,536.82,25.16,4.44,1,0,0
346,14,0.60,536.81,189.27,37.41,1,0,0
346,16,1632.34,495.22,123.50,21.30,1,1,0
346,1,389.81,529.94,122.00,24.77,1,0,0
347,14,0.49,531.74,194.15,37.42,1,0,0
347,16,1637.22,493.62,125.58,21.62,1,1,0
347,1,392.82,525.75,118.73,24.66,1,0,0
348,14,0.39,528.35,195.86,36.78,1,0,0
348,16,1639.44,494.67,125.43,22.23,1,1,0
348,1,393.31,523.20,119.11,24.84,1,0,0
348,3,863.18,529.98,27.25,4.71,1,0,0
349,14,0.46,519.35,193.65,33.92,1,0,0
349,16,1638.63,501.14,125.17,23.06,1,1,0
349,1,391.00,516.77,119.48,24.33,1,0,0
350,14,0.43,516.01,200.49,34.52,1,0,0
350,16,1646.40,507.39,127.53,22.13,1,1,0
350,1,396.23,515.07,118.09,24.36,1,0,0
351,14,0.57,525.97,214.98,37.50,1,0,0
351,16,1660.37,495.11,131.07,22.21,1,1,0
351,1,406.72,522.24,119.44,24.49,1,0,0
352,14,0.51,526.98,217.61,35.90,1,0,0
352,16,1668.84,498.99,132.21,24.86,1,1,0
352,1,405.41,523.34,120.84,24.72,1,0,0
353,14,0.56,525.48,211.48,35.79,1,0,0
353,16,1667.67,507.74,133.42,23.03,1,1,0
353,1,396.91,523.19,120.19,24.73,1,0,0
354,14,0.38,531.76,254.97,37.98,1,0,0
354,16,1710.39,512.27,143.04,24.36,1,1,0
354,1,424.90,529.88,120.71,25.21,1,0,0
354,3,893.59,542.19,26.17,4.53,1,0,0
355,14,0.41,536.42,257.06,37.04,1,0,0
355,16,1713.49,515.96,143.47,24.24,1,1,0
355,1,425.75,533.02,120.15,25.42,1,0,0
355,3,894.09,545.52,26.47,4.58,1,0,0
356,14,0.42,547.41,256.53,40.58,1,0,0
356,16,1716.51,506.01,143.05,23.29,1,1,0
356,1,425.41,541.07,120.07,25.62,1,0,0
356,3,894.75,547.72,25.45,4.54,1,0,0
357,14,0.00,550.16,253.82,43.37,1,0,0
357,16,1713.59,487.71,144.02,24.13,1,1,0
357,1,422.90,542.75,118.18,25.44,1,0,0
357,3,889.19,542.13,27.36,4.87,1,0,0
358,14,0.54,539.75,247.82,41.06,1,0,0
358,16,1712.48,487.19,142.85,25.65,1,1,0
358,1,415.62,533.01,120.59,25.32,1,0,0
358,3,886.53,536.45,25.79,4.50,1,0,0
359,14,0.34,521.10,232.39,34.72,1,0,0
359,16,1700.40,502.17,142.81,24.60,1,1,0
359,1,402.45,518.69,121.92,24.74,1,0,0
360,14,0.55,515.19,216.70,35.45,1,0,0
360,16,1689.21,502.95,139.77,23.61,1,1,0
360,1,387.93,514.32,123.40,24.55,1,0,0
361,14,0.49,527.45,202.34,36.48,1,0,0
361,16,1677.74,498.38,137.57,23.92,1,1,0
361,1,369.88,524.57,124.94,24.52,1,0,0
361,3,847.85,532.81,27.09,4.72,1,0,0
362,14,0.47,522.08,194.19,37.32,1,0,0
362,16,1673.96,487.18,139.04,24.11,1,1,0
362,1,364.21,518.26,127.89,25.05,1,0,0
362,3,843.75,525.18,26.33,4.77,1,0,0
363,14,0.59,523.52,195.42,38.36,1,0,0
363,16,1677.09,487.57,139.61,24.09,1,1,0
363,1,363.42,519.35,127.60,25.68,1,0,0
363,3,843.57,525.84,26.03,4.67,1,0,0
364,14,0.39,526.80,192.37,36.07,1,0,0
364,16,1674.77,491.41,139.30,24.27,1,1,0
364,1,358.20,521.85,128.50,25.49,1,0,0
365,14,0.56,515.17,177.90,34.33,1,0,0
365,16,1668.73,494.33,138.56,24.05,1,1,0
365,1,349.09,512.58,128.92,24.95,1,0,0
365,3,831.08,523.96,28.38,4.99,1,0,0
366,14,0.57,499.75,165.17,32.81,1,0,0
366,16,1658.24,496.87,139.14,23.80,1,1,0
366,1,336.07,499.10,127.89,25.08,1,0,0
366,3,821.08,515.69,29.19,5.07,1,0,0
367,14,0.17,496.33,161.70,32.49,1,0,0
367,16,1654.14,499.28,138.97,24.19,1,1,0
367,1,330.78,496.98,128.02,24.42,1,0,0
367,3,817.00,514.63,28.17,5.01,1,0,0
368,14,0.41,503.98,169.78,33.97,1,0,0
368,16,1663.73,497.02,139.39,24.56,1,1,0
368,1,335.14,503.21,127.72,25.34,1,0,0
368,3,821.17,517.80,28.57,5.06,1,0,0
369,14,0.56,521.99,182.41,37.40,1,0,0
369,16,1675.16,486.58,143.14,25.06,1,1,0
369,1,343.62,518.03,128.74,25.85,1,0,0
369,3,827.94,523.92,28.13,5.02,1,0,0
370,14,0.33,535.95,185.88,38.43,1,0,0
370,16,1677.76,481.62,146.93,24.60,1,1,0
370,1,345.82,528.49,127.03,26.04,1,0,0
371,14,0.56,533.13,181.81,37.72,1,0,0
371,16,1677.80,482.74,146.81,24.97,1,1,0
371,1,342.21,526.25,130.63,25.76,1,0,0
372,14,0.29,514.00,175.23,33.46,1,0,0
372,16,1677.23,491.02,144.83,26.88,1,1,0
372,1,336.50,511.12,127.83,25.01,1,0,0
373,14,0.45,503.23,169.39,32.34,1,0,0
373,16,1670.97,508.92,143.73,26.92,1,1,0
373,1,328.65,504.45,131.01,25.22,1,0,0
373,3,818.22,523.92,26.61,4.69,1,0,0
374,14,0.37,505.29,158.76,33.22,1,0,0
374,16,1663.40,511.38,142.96,24.91,1,1,0
374,1,319.87,507.37,131.29,25.42,1,0,0
374,3,807.90,526.47,30.20,5.28,1,0,0
375,14,0.58,507.97,166.00,35.28,1,0,0
375,16,1674.41,489.99,143.70,23.89,1,1,0
375,1,325.96,506.02,129.43,26.07,1,0,0
375,3,812.12,518.48,31.31,5.55,1,0,0
376,14,0.58,530.32,183.77,38.48,1,0,0
376,16,1689.19,477.80,148.57,26.42,1,1,0
376,1,336.88,524.40,130.55,25.18,1,0,0
376,3,821.99,525.67,29.76,5.30,1,0,0
377,14,0.54,520.18,185.27,35.52,1,0,0
377,16,1697.45,485.64,152.77,26.56,1,1,0
377,1,338.32,515.81,131.69,25.55,1,0,0
377,3,824.56,524.22,28.83,5.23,1,0,0
378,14,0.53,514.21,169.36,34.72,1,0,0
378,16,1686.41,503.45,155.22,26.18,1,1,0
378,1,320.37,513.66,132.55,25.44,1,0,0
379,14,0.67,516.24,172.46,36.59,1,0,0
379,16,1692.68,493.75,160.47,26.29,1,1,0
379,1,320.98,513.94,133.74,25.96,1,0,0
379,3,810.59,525.58,30.46,5.50,1,0,0
380,14,0.67,528.01,173.47,37.37,1,0,0
380,16,1695.46,486.31,158.28,26.31,1,1,0
380,1,320.03,523.24,133.60,26.22,1,0,0
381,14,0.22,530.50,172.96,36.98,1,0,0
381,16,1696.37,484.21,157.22,26.36,1,1,0
381,1,316.98,525.30,135.38,25.80,1,0,0
381,3,808.88,529.41,29.43,5.49,1,0,0
382,14,0.40,517.06,170.65,34.40,1,0,0
382,16,1695.18,489.18,157.73,27.60,1,1,0
382,1,316.41,513.15,135.71,26.05,1,0,0
382,3,807.01,524.06,32.50,5.75,1,0,0
383,14,0.38,511.53,169.63,33.57,1,0,0
383,16,1696.07,504.57,157.62,27.87,1,1,0
383,1,314.55,510.69,135.14,25.48,1,0,0
383,3,805.01,526.36,32.56,5.58,1,0,0
384,14,0.45,522.10,167.69,34.79,1,0,0
384,16,1695.47,512.11,161.01,25.68,1,1,0
384,1,311.17,520.49,137.44,26.92,1,0,0
384,3,804.59,536.01,31.28,5.37,1,0,0
385,14,0.53,541.43,179.33,36.65,1,0,0
385,16,1707.67,507.43,161.27,26.03,1,1,0
385,1,320.15,537.03,133.15,26.50,1,0,0
385,3,809.83,544.96,31.26,5.65,1,0,0
386,14,0.50,548.76,198.73,39.98,1,0,0
386,16,1726.70,489.90,163.91,26.37,1,1,0
386,1,333.78,542.77,130.41,26.55,1,0,0
386,3,821.77,543.60,31.70,5.90,1,0,0
387,14,0.51,541.87,218.40,40.28,1,0,0
387,16,1743.82,486.74,171.08,25.85,1,1,0
387,1,349.94,535.57,131.38,26.79,1,0,0
387,3,832.61,537.89,30.14,5.55,1,0,0
388,14,0.39,535.96,231.82,38.53,1,0,0
388,16,1764.30,500.73,155.70,27.03,1,1,0
388,1,362.95,532.55,129.86,26.25,1,0,0
388,3,842.59,539.61,31.40,5.98,1,0,0
389,14,0.38,535.25,241.84,39.51,1,0,0
389,16,1774.02,503.26,145.98,27.05,1,1,0
389,1,369.83,532.82,130.79,26.26,1,0,0
389,3,848.18,541.73,31.21,5.79,1,0,0
390,14,0.35,533.79,247.43,41.34,1,0,0
390,16,1780.29,485.67,139.71,27.10,1,1,0
390,1,372.58,529.09,128.49,26.70,1,0,0
390,3,850.82,533.67,32.02,6.21,1,0,0
391,14,0.57,529.52,247.24,39.97,1,0,0
391,16,1783.23,483.77,136.77,27.31,1,1,0
391,1,370.50,524.43,130.75,26.04,1,0,0
391,3,850.28,529.96,31.17,5.72,1,0,0
392,14,0.27,521.18,251.99,42.78,1,0,0
392,16,1790.69,493.15,129.12,28.08,1,1,0
392,1,373.93,522.37,131.69,25.97,1,0,0
392,3,853.05,531.53,30.54,5.66,1,0,0
393,14,0.28,513.92,254.63,46.64,1,0,0
393,16,1794.30,485.81,125.60,28.19,1,1,0
393,1,374.57,518.43,132.08,26.02,1,0,0
393,3,853.84,526.86,30.98,5.59,1,0,0
394,14,0.47,530.60,252.12,41.90,1,0,0
394,16,1794.81,480.90,125.19,27.65,1,1,0
394,1,370.66,525.90,132.57,26.64,1,0,0
394,3,850.70,529.58,31.67,5.85,1,0,0
395,14,0.45,533.86,243.66,40.55,1,0,0
395,16,1787.84,481.42,131.79,27.38,1,1,0
395,1,362.51,527.65,133.84,27.35,1,0,0
395,3,845.58,531.51,29.60,5.51,1,0,0
396,14,0.42,524.09,232.75,38.47,1,0,0
396,16,1782.70,481.59,137.25,27.54,1,1,0
396,1,351.83,519.05,134.01,26.41,1,0,0
396,3,835.74,525.86,32.25,5.61,1,0,0
397,14,0.52,515.18,227.75,35.36,1,0,0
397,16,1778.15,489.55,141.85,27.41,1,1,0
397,1,346.13,510.78,135.83,26.79,1,0,0
397,3,831.55,522.63,33.54,5.89,1,0,0
398,14,0.75,507.63,225.54,37.64,1,0,0
398,16,1776.92,495.21,143.05,27.32,1,1,0
398,1,343.73,507.79,135.43,26.41,1,0,0
399,14,0.68,515.74,219.04,39.26,1,0,0
399,16,1770.60,493.10,149.40,27.43,1,1,0
399,1,334.60,513.53,138.67,27.72,1,0,0
399,3,824.33,525.89,31.72,5.54,1,0,0
400,14,0.40,525.95,211.72,39.02,1,0,0
400,16,1765.50,482.24,154.50,27.55,1,1,0
400,1,328.27,520.75,137.59,27.40,1,0,0
400,3,817.23,527.24,32.99,6.02,1,0,0
401,14,0.50,526.05,208.54,39.28,1,0,0
401,16,1763.00,478.51,157.00,27.62,1,1,0
401,1,324.32,520.54,137.44,27.18,1,0,0
401,3,814.50,526.02,32.22,5.83,1,0,0
402,14,0.51,526.37,203.65,38.83,1,0,0
402,16,1763.44,486.63,156.56,28.06,1,1,0
402,1,317.22,522.77,139.63,26.58,1,0,0
402,3,806.72,529.45,33.77,5.74,1,0,0
403,14,0.44,530.82,187.70,37.13,1,0,0
403,16,1750.93,499.06,169.07,27.22,1,1,0
403,1,299.70,527.51,146.47,26.56,1,0,0
403,3,795.18,536.44,33.04,6.02,1,0,0
404,14,0.70,520.08,164.37,33.64,1,0,0
404,16,1735.54,500.54,169.17,26.30,1,1,0
404,1,279.97,517.39,147.10,26.28,1,0,0
405,14,0.23,510.25,158.54,33.63,1,0,0
405,16,1729.83,504.47,169.71,27.03,1,1,0
405,1,272.56,508.12,145.12,27.06,1,0,0
405,3,775.62,525.69,32.99,5.77,1,0,0
406,14,0.30,522.73,153.49,35.41,1,0,0
406,16,1726.09,510.14,173.10,26.80,1,1,0
406,1,267.38,520.35,145.84,27.88,1,0,0
406,3,771.19,536.36,31.98,5.55,1,0,0
407,14,0.25,545.90,150.21,38.27,1,0,0
407,16,1725.40,500.07,172.99,27.22,1,1,0
407,1,263.60,540.51,144.01,28.91,1,0,0
407,3,767.71,547.25,33.29,5.82,1,0,0
408,14,0.32,551.74,151.26,39.05,1,0,0
408,16,1726.50,487.46,173.85,27.77,1,1,0
408,1,263.30,545.24,145.12,27.89,1,0,0
408,3,766.71,546.12,33.67,6.17,1,0,0
409,14,0.29,545.93,148.88,37.68,1,0,0
409,16,1726.36,490.39,175.91,28.18,1,1,0
409,1,260.09,539.82,148.61,27.81,1,0,0
409,3,765.10,543.36,33.76,6.06,1,0,0
410,14,0.26,534.02,136.58,34.82,1,0,0
410,16,1720.09,499.26,172.34,27.93,1,1,0
410,1,248.79,529.66,150.47,27.21,1,0,0
410,3,758.45,539.48,32.97,5.76,1,0,0
411,14,0.44,519.11,122.52,33.02,1,0,0
411,16,1710.40,501.02,173.74,26.71,1,1,0
411,1,234.99,516.02,151.07,27.49,1,0,0
411,3,748.56,530.14,32.82,5.76,1,0,0
412,14,0.37,513.26,114.61,35.12,1,0,0
412,16,1706.29,499.13,169.16,26.62,1,1,0
412,1,223.81,511.60,153.86,27.27,1,0,0
412,3,739.90,526.60,33.96,5.64,1,0,0
413,14,0.53,516.74,104.88,35.30,1,0,0
413,16,1699.25,493.58,167.70,27.19,1,1,0
413,1,215.35,514.62,154.34,27.58,1,0,0
413,3,732.78,526.83,35.20,5.83,1,0,0
414,14,0.50,514.54,110.67,35.78,1,0,0
414,16,1704.02,488.59,169.93,26.83,1,1,0
414,1,217.79,512.15,155.47,27.71,1,0,0
414,3,733.87,523.45,34.84,5.82,1,0,0
415,14,0.30,509.15,113.05,34.46,1,0,0
415,16,1707.80,490.06,172.65,27.35,1,1,0
415,1,219.22,505.94,154.01,28.16,1,0,0
415,3,734.66,520.39,34.11,5.88,1,0,0
416,14,0.55,513.67,104.13,35.25,1,0,0
416,16,1705.89,490.63,172.38,27.48,1,1,0
416,1,209.82,511.14,156.81,27.70,1,0,0
416,3,730.15,523.15,35.05,5.63,1,0,0
417,14,0.22,523.84,102.35,35.34,1,0,0
417,16,1703.08,487.90,177.15,27.87,1,1,0
417,1,207.26,519.40,155.23,28.26,1,0,0
418,14,0.09,521.14,109.59,34.72,1,0,0
418,16,1711.69,486.25,181.47,27.89,1,1,0
418,1,211.44,515.54,157.38,28.90,1,0,0
418,3,730.78,526.58,34.51,5.96,1,0,0
419,14,0.37,505.82,118.36,33.58,1,0,0
419,16,1721.91,488.85,180.75,27.78,1,1,0
419,1,219.13,502.35,155.82,28.73,1,0,0
419,3,737.01,518.41,33.21,5.77,1,0,0
420,14,0.12,499.60,127.47,33.90,1,0,0
420,16,1733.36,491.55,181.32,28.04,1,1,0
420,1,226.36,497.44,154.75,27.86,1,0,0
420,3,741.12,515.15,33.42,5.55,1,0,0
421,14,0.35,506.70,138.29,35.22,1,0,0
421,16,1742.95,483.56,176.52,27.99,1,1,0
421,1,232.53,503.57,155.08,29.07,1,0,0
421,3,746.05,516.45,32.73,5.90,1,0,0
422,14,0.28,519.85,146.11,37.71,1,0,0
422,16,1751.18,475.22,168.82,28.23,1,1,0
422,1,236.87,515.38,157.96,29.17,1,0,0
422,3,749.14,521.66,35.03,6.02,1,0,0
423,14,0.25,522.18,151.95,36.96,1,0,0
423,16,1760.44,478.75,159.56,29.59,1,1,0
423,1,242.69,517.38,154.97,28.72,1,0,0
423,3,753.35,525.01,34.42,5.85,1,0,0
424,14,0.41,512.83,155.00,34.84,1,0,0
424,16,1766.00,487.86,153.88,29.03,1,1,0
424,1,244.31,508.87,156.60,28.39,1,0,0
424,3,753.80,522.77,34.82,5.89,1,0,0
425,14,0.36,511.20,157.51,35.35,1,0,0
425,16,1767.97,485.09,151.96,28.81,1,1,0
425,1,244.74,507.56,156.81,28.06,1,0,0
425,3,754.77,520.54,35.31,6.16,1,0,0
426,14,0.42,516.81,158.70,37.41,1,0,0
426,16,1771.07,480.26,148.93,29.28,1,1,0
426,1,243.74,513.18,156.43,28.51,1,0,0
426,3,754.68,522.33,34.76,6.06,1,0,0
427,14,0.32,522.10,159.03,37.24,1,0,0
427,16,1772.25,479.86,147.75,29.44,1,1,0
427,1,240.79,517.16,159.05,29.35,1,0,0
427,3,750.55,525.70,35.81,6.08,1,0,0
428,14,0.22,519.58,154.93,35.86,1,0,0
428,16,1775.92,485.90,143.95,29.38,1,1,0
428,1,237.43,514.94,157.86,29.12,1,0,0
428,3,750.04,526.50,34.90,5.92,1,0,0
429,14,0.42,504.28,156.81,34.46,1,0,0
429,16,1778.75,488.18,140.84,29.46,1,1,0
429,1,237.53,501.97,153.35,28.18,1,0,0
429,3,750.48,517.75,34.56,5.92,1,0,0
430,14,0.20,497.51,159.94,34.82,1,0,0
430,16,1784.51,479.44,135.49,28.97,1,1,0
430,1,237.15,494.92,154.40,28.32,1,0,0
431,14,0.31,513.66,156.86,39.02,1,0,0
431,16,1783.97,472.42,136.03,29.77,1,1,0
431,1,235.07,510.35,148.65,29.09,1,0,0
431,3,749.54,518.48,32.55,5.78,1,0,0
432,14,0.33,530.21,152.91,38.71,1,0,0
432,16,1783.35,473.37,136.65,29.58,1,1,0
432,1,230.70,525.16,150.03,28.65,1,0,0
432,3,746.98,529.39,32.09,5.80,1,0,0
433,14,0.44,517.71,150.24,34.50,1,0,0
433,16,1787.80,481.33,132.14,29.78,1,1,0
433,1,227.22,513.99,157.61,27.50,1,0,0
433,3,742.61,524.22,35.71,5.91,1,0,0
434,14,0.55,493.87,152.48,32.03,1,0,0
434,16,1790.55,495.63,129.00,30.75,1,1,0
434,1,228.92,493.68,154.05,27.20,1,0,0
434,3,741.46,514.16,37.19,6.10,1,0,0
435,14,0.30,488.57,155.58,32.29,1,0,0
435,16,1791.39,500.04,128.16,30.47,1,1,0
435,1,227.82,488.50,156.20,27.65,1,0,0
435,3,742.02,511.98,36.18,5.89,1,0,0
436,14,0.35,506.58,151.12,37.09,1,0,0
436,16,1789.98,484.02,129.59,30.54,1,1,0
436,1,222.39,503.88,153.31,29.67,1,0,0
436,3,738.00,517.98,37.00,6.44,1,0,0
437,14,0.26,521.67,152.19,37.74,1,0,0
437,16,1791.30,463.13,128.27,30.71,1,1,0
437,1,220.58,516.94,158.25,28.89,1,0,0
437,3,737.64,520.57,36.58,6.17,1,0,0
438,14,0.23,513.86,158.58,37.27,1,0,0
438,16,1803.85,463.48,116.13,32.31,1,1,0
438,1,227.58,509.02,157.09,28.94,1,0,0
438,3,738.97,515.10,40.11,6.94,1,0,0
439,14,0.17,504.21,167.43,34.65,1,0,0
439,16,1815.54,484.62,104.16,30.80,1,1,0
439,1,234.48,500.82,155.99,29.00,1,0,0
439,3,744.18,515.41,38.34,6.58,1,0,0
440,14,0.31,501.98,172.26,34.58,1,0,0
440,16,1825.61,492.48,94.33,31.14,1,1,0
440,1,235.46,499.58,156.98,28.97,1,0,0
440,3,748.96,517.54,36.68,6.58,1,0,0
441,14,0.46,507.48,177.30,36.57,1,0,0
441,16,1833.72,482.81,86.04,31.31,1,1,0
441,1,239.40,502.87,159.31,30.72,1,0,0
441,3,751.00,518.00,36.64,6.47,1,0,0
442,14,0.44,526.46,184.78,37.91,1,0,0
442,16,1838.11,485.58,81.65,32.19,1,1,0
442,1,244.81,521.30,153.95,30.24,1,0,0
442,3,753.36,532.34,37.23,6.45,1,0,0
443,14,0.54,533.64,193.13,38.10,1,0,0
443,16,1849.38,497.30,70.03,27.81,1,1,0
443,1,252.34,529.98,153.76,28.71,1,0,0
443,3,759.18,539.46,37.12,6.49,1,0,0
444,14,0.46,523.10,208.47,37.83,1,0,0
444,16,1866.30,501.37,53.36,21.46,1,1,0
444,1,263.81,520.27,153.72,28.81,1,0,0
444,3,766.44,532.45,37.08,6.51,1,0,0
445,14,0.00,521.05,223.08,38.75,1,0,0
445,1,277.55,518.64,150.40,27.91,1,0,0
446,14,0.29,526.01,244.20,42.85,1,0,0
446,1,294.99,525.21,147.96,27.71,1,0,0
446,3,789.93,529.91,38.07,6.73,1,0,0
447,14,0.25,529.32,261.13,47.26,1,0,0
447,1,308.45,530.09,145.12,27.79,1,0,0
447,3,800.53,531.06,37.59,6.63,1,0,0
448,14,0.02,527.03,272.37,55.03,1,0,0
448,1,319.49,533.08,147.28,28.92,1,0,0
448,3,807.94,534.28,38.41,6.75,1,0,0
449,14,0.09,514.07,280.73,54.35,1,0,0
449,1,326.42,522.61,146.65,28.88,1,0,0
449,3,813.82,531.11,38.63,6.88,1,0,0
450,14,0.18,491.96,285.04,57.01,1,0,0
450,1,329.36,507.57,145.88,29.46,1,0,0
450,3,815.51,523.61,38.40,6.57,1,0,0
451,14,0.23,497.42,287.81,57.96,1,0,0
451,1,331.02,512.51,147.46,30.68,1,0,0
452,14,0.37,519.53,292.33,58.04,1,0,0
452,1,332.72,530.27,146.49,29.77,1,0,0
452,3,817.59,537.59,38.45,6.56,1,0,0
453,14,0.05,524.11,295.78,59.32,1,0,0
453,1,334.18,532.79,145.80,29.69,1,0,0
453,3,818.17,535.97,40.32,6.88,1,0,0
454,14,0.20,513.23,294.98,59.08,1,0,0
454,1,332.50,524.81,146.94,29.55,1,0,0
455,14,0.11,511.33,294.64,58.38,1,0,0
455,1,331.23,525.01,145.92,29.62,1,0,0
455,3,815.43,536.63,39.38,6.98,1,0,0
456,14,0.30,516.15,292.15,58.72,1,0,0
456,1,325.49,529.99,151.47,29.63,1,0,0
456,3,812.43,540.59,39.68,7.15,1,0,0
457,14,0.25,517.72,287.60,58.83,1,0,0
457,1,318.61,529.85,152.20,29.43,1,0,0
457,3,806.60,536.08,40.45,7.26,1,0,0
458,14,0.04,520.84,281.12,56.38,1,0,0
458,1,306.70,531.81,155.05,27.35,1,0,0
458,3,798.24,532.87,40.12,7.35,1,0,0
459,14,0.09,522.18,266.18,52.98,1,0,0
459,1,292.98,529.89,154.58,28.02,1,0,0
459,3,787.23,531.71,40.88,7.23,1,0,0
460,14,0.45,509.02,255.31,51.05,1,0,0
460,1,283.57,516.07,154.37,29.21,1,0,0
460,3,779.91,525.42,40.49,7.51,1,0,0
461,14,0.34,510.32,247.66,38.60,1,0,0
461,1,275.74,508.93,156.39,29.15,1,0,0
461,3,774.53,524.30,40.59,7.41,1,0,0
462,14,0.00,507.68,244.40,37.92,1,0,0
462,1,266.86,506.03,158.52,29.61,1,0,0
462,3,768.60,523.34,40.29,7.14,1,0,0
463,14,0.00,494.65,243.40,53.97,1,0,0
463,1,262.23,506.42,159.83,30.31,1,0,0
463,3,765.68,520.06,41.70,7.17,1,0,0
464,14,0.31,531.64,240.10,43.44,1,0,0
464,1,259.08,528.03,156.64,30.67,1,0,0
464,3,762.06,532.94,43.08,7.76,1,0,0
465,14,0.34,537.68,234.00,52.18,1,0,0
465,1,251.41,541.19,158.96,30.55,1,0,0
465,3,755.07,541.22,43.78,7.59,1,0,0
466,14,0.00,528.34,220.97,39.96,1,0,0
466,1,236.11,523.31,162.92,30.88,1,0,0
466,3,744.22,532.57,44.86,7.58,1,0,0
467,14,0.43,512.00,213.36,35.78,1,0,0
467,1,229.71,508.18,164.68,31.06,1,0,0
467,3,740.28,527.99,42.16,7.15,1,0,0
468,14,0.47,511.61,208.75,40.68,1,0,0
468,1,219.61,511.58,168.49,30.79,1,0,0
468,3,734.41,528.21,42.21,7.40,1,0,0
469,14,0.37,533.43,198.69,42.44,1,0,0
469,1,208.48,528.24,169.14,32.29,1,0,0
469,3,725.91,534.07,42.69,7.29,1,0,0
470,14,0.56,537.93,196.60,43.59,1,0,0
470,1,206.26,534.15,170.39,31.40,1,0,0
470,3,723.82,536.36,41.84,7.32,1,0,0
471,14,0.44,520.50,195.96,38.63,1,0,0
471,1,204.30,516.28,168.53,30.81,1,0,0
471,3,722.12,527.49,43.95,7.86,1,0,0
472,14,0.26,512.51,186.99,36.81,1,0,0
472,1,193.48,507.48,173.28,31.05,1,0,0
472,3,715.87,521.77,43.21,7.30,1,0,0
473,14,0.38,512.88,179.69,37.60,1,0,0
473,1,183.29,508.61,178.04,31.69,1,0,0
473,3,705.99,522.80,44.77,7.46,1,0,0
474,14,0.33,519.06,177.71,38.37,1,0,0
474,1,181.28,514.77,175.30,31.86,1,0,0
474,3,704.72,528.90,45.57,7.66,1,0,0
475,14,0.53,526.22,168.88,39.16,1,0,0
475,1,164.19,521.90,180.84,31.69,1,0,0
475,3,695.55,533.35,45.49,7.39,1,0,0
476,14,0.24,523.00,155.19,38.10,1,0,0
476,1,152.80,519.16,180.04,30.55,1,0,0
476,3,687.09,528.06,41.98,7.34,1,0,0
477,14,0.32,506.52,152.91,36.33,1,0,0
477,1,149.69,502.54,178.30,31.73,1,0,0
477,3,685.31,518.57,42.08,7.00,1,0,0
478,14,0.31,501.85,151.09,36.92,1,0,0
478,1,144.38,498.29,183.37,32.33,1,0,0
478,3,681.14,515.59,46.13,8.13,1,0,0
479,14,0.34,512.27,149.51,38.30,1,0,0
479,1,128.61,508.39,195.12,32.58,1,0,0
479,3,679.54,520.15,46.24,8.55,1,0,0
480,14,0.28,522.55,145.54,38.91,1,0,0
480,1,117.74,517.70,200.77,32.24,1,0,0
480,3,673.90,525.64,43.37,7.71,1,0,0
481,14,0.51,520.63,139.38,38.60,1,0,0
481,1,115.99,515.65,194.65,31.66,1,0,0
481,3,668.80,522.66,45.30,7.81,1,0,0
482,14,0.40,504.29,148.82,37.55,1,0,0
482,1,123.91,501.41,196.65,31.74,1,0,0
482,3,673.97,515.09,44.00,7.70,1,0,0
483,14,0.23,501.75,152.90,36.39,1,0,0
483,1,134.44,498.62,188.79,31.74,1,0,0
483,3,678.71,516.78,42.01,7.68,1,0,0
484,14,0.34,507.73,154.25,38.23,1,0,0
484,1,129.73,504.67,196.03,31.88,1,0,0
484,3,674.22,517.68,47.08,8.50,1,0,0
485,14,0.36,520.24,156.69,39.05,1,0,0
485,1,129.90,516.59,196.34,31.70,1,0,0
485,3,676.12,525.82,45.29,7.84,1,0,0
486,14,0.29,520.56,161.79,37.90,1,0,0
486,1,133.65,516.80,195.92,31.23,1,0,0
486,3,679.83,528.26,43.50,7.70,1,0,0
487,14,0.53,511.44,166.32,36.46,1,0,0
487,1,139.13,507.58,192.67,31.42,1,0,0
487,3,678.85,523.20,46.08,7.92,1,0,0
488,14,0.59,514.01,172.36,38.79,1,0,0
488,1,140.81,510.96,196.37,30.94,1,0,0
488,3,680.91,522.54,46.97,8.10,1,0,0
489,14,0.56,524.43,186.14,39.93,1,0,0
489,1,147.68,520.79,197.05,31.26,1,0,0
489,3,687.85,531.09,45.64,7.77,1,0,0
490,14,0.34,530.19,194.61,40.34,1,0,0
490,1,156.18,526.83,195.28,30.16,1,0,0
490,3,693.03,534.85,46.51,8.26,1,0,0
491,14,0.33,531.77,195.84,40.72,1,0,0
491,1,156.79,528.88,198.42,30.44,1,0,0
491,3,694.73,535.28,44.79,7.74,1,0,0
492,14,0.37,526.30,199.83,40.51,1,0,0
492,1,157.71,522.69,198.40,31.19,1,0,0
492,3,695.70,531.00,46.37,7.84,1,0,0
493,14,0.23,523.49,203.76,39.75,1,0,0
493,1,160.64,520.56,197.39,30.33,1,0,0
493,3,701.55,530.35,42.18,7.68,1,0,0
494,14,0.39,525.24,204.17,40.39,1,0,0
494,1,166.23,522.21,190.61,30.65,1,0,0
494,3,694.39,531.13,46.07,8.38,1,0,0
495,14,0.23,521.98,207.17,38.68,1,0,0
495,1,170.55,517.02,187.12,30.21,1,0,0
495,3,694.95,526.33,47.22,8.84,1,0,0
496,14,0.42,514.75,203.37,37.09,1,0,0
496,1,167.54,510.21,188.42,30.42,1,0,0
496,3,691.84,521.78,49.40,9.65,1,0,0
497,14,0.52,515.95,199.38,37.64,1,0,0
497,1,160.70,513.26,188.10,30.03,1,0,0
497,3,685.64,524.60,49.22,10.10,1,0,0
498,14,0.31,521.11,198.63,38.49,1,0,0
498,1,157.98,517.67,189.07,30.59,1,0,0
498,3,684.62,528.14,48.98,9.48,1,0,0
499,14,0.26,521.59,209.00,39.09,1,0,0
499,1,165.33,518.54,187.63,30.23,1,0,0
499,3,689.78,528.95,50.03,9.95,1,0,0
500,14,0.29,517.98,218.48,40.37,1,0,0
500,1,173.02,516.39,187.51,30.26,1,0,0
500,3,691.46,526.48,49.57,9.71,1,0,0
