1,1,592.09,712.83,74.04,22.05,1,0,0
2,1,592.87,708.49,74.47,22.61,1,0,0
3,1,593.45,698.32,74.83,22.45,1,0,0
4,1,592.80,695.44,74.73,22.88,1,0,0
5,1,589.22,687.10,77.76,23.99,1,0,0
6,1,586.29,683.34,77.20,23.20,1,0,0
7,1,583.39,673.44,76.76,22.91,1,0,0
8,1,581.65,666.00,76.24,22.33,1,0,0
9,1,580.03,659.23,75.91,21.52,1,0,0
10,1,577.97,654.83,76.78,20.89,1,0,0
11,1,576.13,650.27,76.66,21.93,1,0,0
12,1,574.58,648.91,75.74,21.98,1,0,0
13,1,571.87,647.82,77.93,23.01,1,0,0
14,1,570.24,648.35,77.25,22.78,1,0,0
15,1,567.40,650.49,77.31,21.86,1,0,0
16,1,568.51,650.85,75.34,22.00,1,0,0
17,1,564.69,652.27,77.85,22.98,1,0,0
18,1,566.27,652.67,77.11,24.43,1,0,0
19,1,566.76,654.92,78.10,24.26,1,0,0
20,1,567.80,656.05,80.29,24.26,1,0,0
21,1,569.14,658.79,82.13,24.13,1,0,0
22,1,576.43,661.78,80.43,23.46,1,0,0
23,1,590.05,663.62,81.59,23.15,1,0,0
24,1,585.25,662.79,79.26,22.97,1,0,0
25,1,601.80,664.99,77.05,22.67,1,0,0
26,1,609.87,667.15,76.75,21.34,1,0,0
27,1,620.82,671.24,73.98,18.63,1,0,0
28,1,628.95,670.43,73.84,19.82,1,0,0
29,1,641.43,673.92,72.01,17.84,1,0,0
30,1,649.19,676.62,71.70,17.52,1,0,0
31,1,663.53,679.67,76.00,17.58,1,0,0
32,1,673.25,681.94,72.99,16.63,1,0,0
33,1,677.58,680.73,75.24,18.23,1,0,0
34,1,680.73,682.06,74.71,17.59,1,0,0
35,1,683.80,682.47,75.67,17.61,1,0,0
36,1,683.91,682.46,76.58,17.75,1,0,0
37,1,709.01,682.85,73.73,17.57,1,0,0
38,1,710.48,683.21,71.79,16.61,1,0,0
39,1,710.50,683.13,71.98,16.42,1,0,0
40,1,710.05,682.91,71.85,16.58,1,0,0
41,1,706.42,683.50,73.50,17.45,1,0,0
42,1,683.60,690.14,78.82,17.89,1,0,0
43,1,673.05,700.97,75.87,16.60,1,0,0
44,1,665.16,702.34,89.01,17.69,1,0,0
45,1,648.12,714.09,88.85,17.75,1,0,0
46,1,643.22,721.99,87.59,17.40,1,0,0
47,1,629.18,733.66,82.48,17.56,1,0,0
48,1,632.08,728.49,94.99,19.95,1,0,0
49,1,625.28,738.21,86.23,17.39,1,0,0
50,1,623.38,741.16,84.31,17.03,1,0,0
51,1,604.80,743.56,86.98,17.61,1,0,0
52,1,589.55,745.26,86.57,16.99,1,0,0
53,1,583.86,745.72,87.46,18.24,1,0,0
54,1,575.78,753.78,79.53,15.35,1,0,0
55,1,570.98,761.29,75.64,16.56,1,0,0
56,1,556.04,769.83,83.23,15.67,1,0,0
57,1,548.08,777.02,79.01,16.12,1,0,0
58,1,552.07,783.94,72.98,15.69,1,0,0
59,1,521.17,790.91,89.15,17.96,1,0,0
60,1,520.62,791.19,86.10,17.37,1,0,0
61,1,511.09,792.67,92.61,19.10,1,0,0
62,1,504.30,791.40,89.39,19.58,1,0,0
63,1,498.66,790.41,91.31,20.63,1,0,0
64,1,479.25,792.05,95.91,20.90,1,0,0
65,1,467.26,792.17,96.13,22.80,1,0,0
66,1,449.08,795.58,96.78,23.45,1,0,0
67,1,434.24,798.47,96.29,24.61,1,0,0
68,1,409.57,810.98,93.10,24.09,1,0,0
69,1,393.59,811.18,94.93,28.00,1,0,0
70,1,385.06,811.12,96.89,29.22,1,0,0
71,1,361.13,812.48,99.98,29.06,1,0,0
72,1,336.18,814.15,98.90,31.23,1,0,0
73,1,325.98,810.62,99.28,35.88,1,0,0
74,1,317.26,818.73,101.98,33.65,1,0,0
75,1,313.48,821.15,99.51,33.58,1,0,0
76,1,312.61,826.60,99.70,35.15,1,0,0
77,1,313.88,826.12,100.20,38.45,1,0,0
82,1,291.08,829.75,102.25,36.35,1,0,0
83,1,279.80,834.93,100.19,38.12,1,0,0
84,1,254.13,850.49,93.55,29.51,1,0,0
85,1,232.58,852.73,89.82,27.27,1,0,0
86,1,216.63,857.37,82.01,22.63,1,0,0
87,1,182.37,847.43,107.08,32.57,1,0,0
88,1,182.90,846.97,107.22,33.03,1,0,0
89,1,178.21,835.07,105.29,35.80,1,0,0
90,1,174.94,819.74,104.28,33.17,1,0,0
91,1,166.45,805.84,104.92,34.51,1,0,0
92,1,159.37,797.95,106.94,30.72,1,0,0
93,1,143.27,786.78,111.97,32.72,1,0,0
94,1,129.28,785.16,109.60,30.78,1,0,0
95,1,95.02,792.68,112.97,30.02,1,0,0
96,1,101.91,787.71,113.87,29.88,1,0,0
97,1,72.36,798.27,116.65,33.11,1,0,0
98,1,62.55,802.12,114.01,32.90,1,0,0
99,1,25.60,826.66,116.51,33.22,1,0,0
100,1,41.63,813.08,115.35,33.75,1,0,0
101,1,19.04,832.88,112.15,32.88,1,0,0
102,1,9.55,829.96,114.82,33.92,1,0,0
103,1,5.43,823.10,111.73,33.63,1,0,0
104,1,0.99,803.62,111.51,31.68,1,0,0
105,1,0.45,790.19,106.68,27.87,1,0,0
106,1,1.22,766.21,101.86,24.05,1,0,0
107,1,0.72,706.16,95.80,24.87,1,0,0
108,1,0.56,743.52,92.61,23.68,1,0,0
109,1,0.50,679.00,103.59,23.87,1,0,0
110,1,5.08,637.43,108.89,25.08,1,0,0
111,1,35.01,569.86,112.85,25.63,1,0,0
112,1,12.90,609.60,117.31,24.68,1,0,0
113,1,44.35,562.27,105.98,27.26,1,0,0
114,1,99.80,543.80,70.10,19.18,1,0,0
115,1,105.28,516.31,92.44,23.32,1,0,0
116,1,110.55,498.27,99.89,28.15,1,0,0
117,1,137.80,484.95,97.83,30.94,1,0,0
118,1,157.91,481.42,96.64,31.19,1,0,0
119,1,183.67,479.61,96.06,33.09,1,0,0
120,1,198.01,486.07,98.73,32.34,1,0,0
121,1,219.05,505.10,99.72,32.05,1,0,0
122,1,248.25,530.51,102.49,30.42,1,0,0
123,1,256.37,532.22,105.39,30.99,1,0,0
124,1,281.36,543.78,104.85,30.63,1,0,0
125,1,292.81,549.37,102.90,29.47,1,0,0
126,1,298.46,554.65,101.76,29.57,1,0,0
127,1,316.96,564.22,101.48,26.99,1,0,0
128,1,327.00,569.06,102.33,28.37,1,0,0
129,1,344.71,582.94,97.09,26.55,1,0,0
130,1,355.06,585.92,98.37,26.80,1,0,0
