1,1,927.52,642.74,110.82,33.62,1,0,0
1,2,817.04,636.45,107.29,38.60,1,0,0
1,3,1857.76,670.44,62.24,27.88,1,0,0
1,4,1486.28,657.91,64.03,32.21,1,0,0
1,5,0.59,611.49,53.22,30.77,1,0,0
1,6,1451.87,665.57,36.29,20.69,1,0,0
1,7,1691.32,682.84,45.76,9.91,1,0,0
2,1,916.93,599.54,111.45,33.15,1,0,0
2,2,800.87,593.96,110.30,38.57,1,0,0
2,3,1850.67,619.97,69.33,27.48,1,0,0
2,4,1475.85,610.48,65.02,31.79,1,0,0
2,5,0.24,578.78,37.14,30.20,1,0,0
2,6,1444.45,618.15,33.48,20.59,1,0,0
2,7,1685.28,633.95,44.99,9.33,1,0,0
3,1,905.41,577.82,112.87,34.96,1,0,0
3,2,783.46,568.20,111.70,39.70,1,0,0
3,3,1841.52,628.60,71.96,28.42,1,0,0
3,4,1465.23,606.09,64.98,32.91,1,0,0
3,5,0.37,530.72,17.82,26.40,1,0,0
3,6,1435.21,612.61,32.97,20.92,1,0,0
3,7,1676.83,637.10,45.53,9.51,1,0,0
4,1,898.42,618.49,113.12,35.83,1,0,0
4,2,770.46,608.90,113.99,39.62,1,0,0
4,3,1838.77,667.62,74.25,28.91,1,0,0
4,4,1459.31,645.66,65.88,34.00,1,0,0
4,6,1431.84,652.75,31.06,21.01,1,0,0
4,7,1675.32,676.78,42.75,9.55,1,0,0
5,1,891.58,606.51,114.03,35.45,1,0,0
5,2,757.65,599.31,115.49,38.17,1,0,0
5,3,1835.35,639.30,73.83,28.48,1,0,0
5,4,1455.70,624.13,64.25,33.19,1,0,0
5,6,1428.12,631.81,30.76,21.19,1,0,0
5,8,1905.09,658.97,14.91,7.41,1,0,0
6,1,882.98,589.96,115.38,34.86,1,0,0
6,2,742.95,583.06,116.56,39.04,1,0,0
6,3,1830.52,614.68,73.32,27.93,1,0,0
6,4,1447.22,602.29,65.91,33.58,1,0,0
6,6,1422.50,610.82,29.07,21.12,1,0,0
6,8,1899.55,634.82,20.45,6.68,1,0,0
6,7,1667.50,627.94,44.10,10.01,1,0,0
7,1,879.05,600.71,116.05,34.19,1,0,0
7,2,733.84,592.96,118.50,39.55,1,0,0
7,3,1830.07,630.81,74.27,28.32,1,0,0
7,4,1442.78,615.91,68.57,34.14,1,0,0
7,6,1422.18,625.37,28.05,20.29,1,0,0
7,7,1666.93,643.46,45.52,9.43,1,0,0
8,1,874.46,611.52,116.47,35.01,1,0,0
8,2,723.84,601.78,120.15,39.80,1,0,0
8,3,1828.89,651.17,74.81,28.75,1,0,0
8,4,1439.89,632.77,68.11,34.26,1,0,0
8,6,1420.58,641.17,26.36,20.56,1,0,0
8,7,1666.57,662.27,44.43,9.45,1,0,0
8,8,1898.90,672.67,21.10,5.85,1,0,0
9,1,868.69,622.70,117.73,34.57,1,0,0
9,2,712.71,613.45,121.87,40.65,1,0,0
9,3,1828.82,657.71,73.60,28.18,1,0,0
9,4,1437.47,641.29,67.24,33.54,1,0,0
9,6,1418.22,650.35,23.71,20.08,1,0,0
9,7,1666.47,669.17,44.88,9.26,1,0,0
10,1,860.53,611.38,118.26,33.18,1,0,0
10,2,697.69,605.45,123.40,39.36,1,0,0
10,3,1823.37,623.32,74.80,27.54,1,0,0
10,4,1427.90,616.09,70.40,32.76,1,0,0
10,6,1413.81,627.70,19.86,18.24,1,0,0
10,7,1663.81,639.15,44.32,9.70,1,0,0
11,1,787.01,593.64,123.23,35.44,1,0,0
11,2,620.59,584.37,125.15,39.65,1,0,0
11,3,1748.87,624.13,71.67,27.99,1,0,0
11,4,1358.07,609.47,68.83,32.98,1,0,0
11,6,1345.24,621.23,17.68,17.43,1,0,0
11,7,1592.91,636.35,43.36,9.78,1,0,0
11,8,1876.87,623.89,43.13,31.84,1,0,0
12,2,456.57,609.80,128.89,34.27,1,0,0
12,3,1701.14,652.04,79.80,28.86,1,0,0
12,4,1405.41,644.50,64.89,27.55,1,0,0
12,6,1262.19,657.34,37.88,7.77,1,0,0
12,7,1520.02,647.26,56.38,28.24,1,0,0
13,2,349.53,658.75,131.16,35.05,1,0,0
13,3,1594.82,679.07,78.31,28.67,1,0,0
13,4,1306.49,677.59,65.89,26.21,1,0,0
13,6,1165.10,692.44,39.64,7.70,1,0,0
13,7,1418.73,677.43,56.54,28.41,1,0,0
13,9,142.89,650.29,146.32,41.42,1,0,0
13,10,939.83,667.26,67.01,33.42,1,0,0
13,11,932.69,678.43,15.41,19.04,1,0,0
14,3,1576.60,656.03,13.39,8.11,1,0,0
14,4,1217.80,640.45,54.62,28.86,1,0,0
14,6,1110.31,642.95,62.93,26.35,1,0,0
14,7,1388.80,639.80,73.47,27.67,1,0,0
14,9,115.26,642.74,143.48,35.58,1,0,0
14,10,972.09,661.67,38.97,8.20,1,0,0
14,1,736.18,641.05,73.89,33.04,1,0,0
15,4,1269.65,647.34,70.84,26.80,1,0,0
15,6,1099.78,646.77,55.15,30.00,1,0,0
15,9,0.00,642.11,117.63,38.21,1,0,0
15,10,992.90,650.70,63.21,25.84,1,0,0
15,1,614.34,646.00,72.96,33.64,1,0,0
15,11,853.32,667.17,44.22,8.74,1,0,0
16,4,1243.94,649.33,71.19,26.40,1,0,0
16,6,1073.15,648.29,54.87,29.39,1,0,0
16,9,0.14,652.66,79.14,22.59,1,0,0
16,10,966.84,650.56,62.66,25.86,1,0,0
16,1,583.92,643.99,73.64,33.82,1,0,0
16,11,830.05,666.96,40.28,7.76,1,0,0
16,8,1907.94,659.29,12.06,11.71,1,5,0
16,3,1426.67,665.86,14.04,8.60,1,0,0
17,4,1234.13,655.42,73.76,27.02,1,0,0
17,6,1061.96,655.00,56.67,29.61,1,0,0
17,9,0.17,664.58,63.50,23.63,1,0,0
17,10,955.65,657.70,66.45,26.75,1,0,0
17,1,570.09,653.77,75.38,33.37,1,0,0
17,8,1898.52,660.23,21.48,13.82,1,5,0
17,3,1418.71,671.11,13.74,8.58,1,0,0
18,4,1261.42,659.79,73.69,26.71,1,0,0
18,6,1087.11,658.68,57.66,29.36,1,0,0
18,9,0.05,665.25,89.61,22.85,1,0,0
18,10,981.97,661.66,65.32,25.95,1,0,0
18,1,593.01,655.68,76.17,33.00,1,0,0
18,11,844.77,678.18,39.08,8.22,1,0,0
19,4,1273.68,652.91,74.33,26.90,1,0,0
19,6,1097.63,651.59,57.49,29.61,1,0,0
19,9,0.11,657.45,98.31,23.79,1,0,0
19,10,992.78,654.93,65.93,25.78,1,0,0
19,1,600.30,649.03,76.66,33.32,1,0,0
19,11,855.71,670.84,42.30,8.84,1,0,0
19,3,1461.59,669.82,14.24,8.53,1,0,0
20,4,1277.69,653.95,74.79,26.69,1,0,0
20,6,1100.47,653.68,57.48,29.28,1,0,0
20,9,0.25,666.53,97.34,23.39,1,0,0
20,10,995.23,657.58,67.36,25.88,1,0,0
20,1,600.70,653.96,77.36,33.51,1,0,0
20,11,859.16,674.45,42.45,8.80,1,0,0
20,3,1466.51,670.02,14.46,8.32,1,0,0
21,4,1277.98,654.79,74.88,26.84,1,0,0
21,6,1100.56,655.75,58.12,30.04,1,0,0
21,9,0.24,674.00,93.73,24.43,1,0,0
21,10,995.55,659.66,66.46,26.59,1,0,0
21,1,598.07,658.73,77.84,34.51,1,0,0
21,11,860.58,677.84,43.24,8.96,1,0,0
21,3,1466.60,669.28,15.32,8.94,1,0,0
22,4,1275.03,653.82,74.15,26.90,1,0,0
22,6,1095.12,654.82,58.67,30.31,1,0,0
22,9,0.09,676.56,83.09,24.06,1,0,0
22,10,991.32,659.06,68.00,26.83,1,0,0
22,1,589.03,658.82,79.71,35.03,1,0,0
22,11,856.82,677.81,43.10,8.90,1,0,0
22,3,1465.97,668.14,13.47,8.29,1,0,0
23,4,1271.58,656.04,74.74,26.43,1,0,0
23,6,1090.74,657.73,59.24,29.76,1,0,0
23,9,0.05,683.15,73.75,24.07,1,0,0
23,10,987.22,662.64,68.00,26.32,1,0,0
23,1,582.01,662.90,80.46,35.15,1,0,0
23,11,853.15,681.18,43.27,8.80,1,0,0
23,3,1463.10,669.81,14.13,8.25,1,0,0
24,4,1266.01,653.97,74.93,26.87,1,0,0
24,6,1083.42,654.40,59.72,29.83,1,0,0
24,9,0.06,670.37,61.21,23.60,1,0,0
24,10,980.32,658.22,68.86,26.28,1,0,0
24,1,571.01,655.32,81.97,35.45,1,0,0
24,11,847.79,676.12,40.49,8.58,1,0,0
24,3,1458.09,669.40,13.81,8.10,1,0,0
25,4,1263.09,660.18,75.81,27.29,1,0,0
25,6,1079.36,659.00,59.90,30.42,1,0,0
25,9,0.28,666.90,52.27,24.05,1,0,0
25,10,976.71,662.00,69.01,26.93,1,0,0
25,1,563.15,656.96,84.06,35.05,1,0,0
25,11,843.42,679.09,43.72,8.81,1,0,0
26,4,1258.73,659.25,75.74,27.59,1,0,0
26,6,1073.35,658.03,60.59,30.52,1,0,0
26,9,0.19,665.94,40.95,23.62,1,0,0
26,10,970.99,661.13,68.81,26.58,1,0,0
26,1,554.35,655.01,84.86,35.38,1,0,0
26,11,837.97,678.23,43.67,8.74,1,0,0
27,1,619.87,638.53,135.02,37.61,1,0,0
27,7,1206.12,661.45,83.74,36.86,1,0,0
27,8,1755.04,685.17,72.41,33.81,1,0,0
27,3,1497.40,696.47,44.22,8.53,1,0,0
28,1,536.19,620.15,157.58,44.90,1,0,0
28,8,1722.74,679.62,49.88,9.93,1,0,0
28,3,1459.53,658.02,51.03,24.88,1,0,0
28,4,1413.05,648.43,86.86,36.58,1,0,0
28,11,824.93,634.16,132.80,35.39,1,0,0
29,1,563.85,594.26,156.66,43.78,1,0,0
29,8,1765.27,640.65,54.23,10.87,1,0,0
29,3,1497.04,622.54,52.72,24.32,1,0,0
29,4,1449.71,613.07,87.04,35.73,1,0,0
29,11,858.48,604.89,133.14,35.31,1,0,0
30,1,542.20,607.22,159.54,48.50,1,0,0
30,8,1759.29,708.69,50.14,11.31,1,0,0
30,3,1487.07,678.88,52.91,25.05,1,0,0
30,4,1436.41,666.79,88.86,39.19,1,0,0
30,11,844.86,632.40,134.80,39.91,1,0,0
31,1,521.86,663.09,162.69,49.04,1,0,0
31,8,1755.15,761.89,49.50,9.98,1,0,0
31,3,1483.67,732.92,51.12,24.33,1,0,0
31,4,1426.63,720.67,92.86,38.78,1,0,0
31,11,833.70,688.02,135.73,40.60,1,0,0
31,17,1909.77,753.57,10.23,26.92,1,0,0
32,1,500.51,668.11,164.24,45.34,1,0,0
32,8,1748.56,727.06,50.86,10.57,1,0,0
32,3,1474.27,707.05,51.90,24.33,1,0,0
32,4,1416.23,695.87,91.98,37.77,1,0,0
32,11,821.99,682.85,136.94,37.06,1,0,0
32,17,1901.54,710.33,18.46,31.43,1,0,0
33,1,479.65,636.79,165.55,44.93,1,0,0
33,8,1737.62,684.51,49.59,10.02,1,0,0
33,3,1462.11,667.15,52.11,23.89,1,0,0
33,4,1402.21,656.11,92.22,37.12,1,0,0
33,11,808.40,648.47,136.94,36.03,1,0,0
33,17,1888.46,666.19,31.54,30.92,1,0,0
34,1,452.15,621.75,169.65,46.89,1,0,0
34,8,1727.52,702.36,48.06,9.52,1,0,0
34,3,1451.85,677.47,51.51,24.20,1,0,0
34,4,1386.60,664.58,94.64,38.65,1,0,0
34,11,792.43,642.24,138.71,38.75,1,0,0
34,17,1876.61,688.31,43.39,30.54,1,0,0
35,1,447.65,628.03,170.15,49.26,1,0,0
35,8,1731.14,724.77,48.17,9.89,1,0,0
35,3,1455.67,697.17,51.67,23.38,1,0,0
35,4,1387.55,683.51,93.65,38.45,1,0,0
35,11,792.81,653.49,139.04,40.25,1,0,0
35,17,1883.69,712.58,36.31,30.55,1,0,0
36,1,518.73,636.60,170.48,48.32,1,0,0
36,3,1538.50,689.36,55.89,22.74,1,0,0
36,4,1468.44,674.80,97.55,38.43,1,0,0
36,11,868.71,656.23,139.88,37.68,1,0,0
36,17,1824.75,710.14,51.76,10.72,1,0,0
37,1,514.51,630.54,172.41,46.90,1,0,0
37,3,1555.71,670.80,50.64,22.07,1,0,0
37,4,1474.53,656.62,98.70,38.07,1,0,0
37,11,873.98,645.83,140.46,36.28,1,0,0
37,17,1839.87,688.21,50.43,10.36,1,0,0
38,1,500.49,624.74,173.92,49.33,1,0,0
38,3,1549.72,688.72,53.99,23.16,1,0,0
38,4,1468.84,673.79,99.66,38.98,1,0,0
38,11,867.46,649.32,142.20,38.05,1,0,0
38,17,1840.16,713.46,50.77,10.44,1,0,0
39,1,486.48,627.05,177.61,50.52,1,0,0
39,3,1556.27,691.73,50.31,23.55,1,0,0
39,4,1467.29,675.96,100.12,40.62,1,0,0
39,11,865.22,652.22,142.75,38.09,1,0,0
39,17,1843.51,716.99,51.98,10.49,1,0,0
40,1,475.65,618.11,178.67,50.10,1,0,0
40,3,1554.06,674.67,52.76,23.38,1,0,0
40,4,1464.16,659.83,101.07,39.78,1,0,0
40,11,861.57,640.37,143.55,38.05,1,0,0
40,17,1845.08,697.64,50.66,10.48,1,0,0
41,1,449.70,592.72,181.30,49.57,1,0,0
41,3,1539.49,645.08,55.75,24.34,1,0,0
41,4,1447.97,630.64,102.87,39.71,1,0,0
41,11,846.16,613.29,144.64,38.00,1,0,0
41,17,1836.74,667.68,49.18,10.53,1,0,0
42,1,431.74,581.91,183.75,50.73,1,0,0
42,3,1531.59,655.35,56.04,24.36,1,0,0
42,4,1437.94,639.51,103.83,41.20,1,0,0
42,11,835.78,610.54,146.13,40.77,1,0,0
42,17,1826.29,684.34,53.88,11.17,1,0,0
43,1,418.14,601.36,185.82,52.52,1,0,0
43,3,1528.46,686.22,57.10,24.58,1,0,0
43,4,1432.42,669.38,103.34,41.46,1,0,0
43,11,830.27,634.91,146.23,41.11,1,0,0
43,17,1826.23,717.61,52.71,11.07,1,0,0
44,1,397.15,615.37,188.51,49.81,1,0,0
44,3,1525.38,662.91,56.26,23.96,1,0,0
44,4,1424.63,647.74,108.31,39.50,1,0,0
44,11,821.17,635.19,147.20,38.63,1,0,0
44,17,1825.28,683.01,49.45,10.47,1,0,0
45,1,378.49,572.34,190.29,52.53,1,0,0
45,3,1515.12,656.64,57.90,24.77,1,0,0
45,4,1412.66,638.76,107.15,42.24,1,0,0
45,11,810.48,605.10,147.78,41.68,1,0,0
45,17,1818.20,687.59,49.69,11.30,1,0,0
46,1,366.05,588.88,193.14,52.50,1,0,0
46,3,1515.61,670.30,59.13,24.22,1,0,0
46,4,1410.63,651.27,108.99,42.99,1,0,0
46,11,807.24,621.45,150.03,40.77,1,0,0
46,17,1821.16,700.08,51.58,10.74,1,0,0
47,1,351.62,604.29,194.69,51.47,1,0,0
47,3,1511.57,669.41,62.11,24.59,1,0,0
47,4,1405.87,652.45,109.72,41.63,1,0,0
47,11,801.42,631.20,150.33,39.39,1,0,0
47,17,1820.73,694.08,50.66,10.50,1,0,0
48,1,330.41,595.73,197.96,51.47,1,0,0
48,3,1503.34,657.24,63.62,24.11,1,0,0
48,4,1395.33,640.33,113.17,41.17,1,0,0
48,11,790.47,621.71,151.52,39.20,1,0,0
48,17,1814.29,679.99,51.61,11.01,1,0,0
49,1,306.91,591.53,201.34,53.16,1,0,0
49,3,1494.79,662.51,68.08,24.88,1,0,0
49,4,1384.72,645.28,111.75,41.51,1,0,0
49,11,780.76,622.72,151.59,40.54,1,0,0
49,17,1811.91,688.09,52.06,11.20,1,0,0
50,1,295.55,596.79,202.68,54.74,1,0,0
50,3,1492.71,679.13,70.20,24.84,1,0,0
50,4,1381.14,660.42,112.90,43.02,1,0,0
50,11,776.33,631.78,153.55,41.64,1,0,0
50,17,1811.83,707.74,53.30,11.23,1,0,0
51,1,278.06,604.86,207.05,54.87,1,0,0
51,3,1491.20,685.40,72.47,25.12,1,0,0
51,4,1377.05,666.95,112.71,42.91,1,0,0
51,11,771.46,639.09,154.86,41.73,1,0,0
51,17,1813.08,713.48,55.84,11.19,1,0,0
52,1,258.84,607.18,208.83,52.45,1,0,0
52,3,1484.97,651.45,73.84,24.55,1,0,0
52,4,1368.23,635.27,114.77,41.69,1,0,0
52,11,762.72,627.38,154.92,38.41,1,0,0
52,17,1810.73,669.51,53.96,11.18,1,0,0
53,1,241.51,573.29,211.21,52.06,1,0,0
53,3,1481.02,645.22,73.15,25.95,1,0,0
53,4,1359.65,626.64,115.54,43.46,1,0,0
53,11,754.92,603.34,156.53,41.16,1,0,0
53,17,1807.43,672.23,54.60,11.58,1,0,0
54,1,323.75,558.74,205.99,56.67,1,0,0
54,3,1570.98,660.37,75.79,26.61,1,0,0
54,4,1442.93,638.62,119.45,45.46,1,0,0
54,11,835.68,601.94,156.42,43.46,1,0,0
55,1,321.50,558.93,210.14,54.52,1,0,0
55,3,1586.35,632.54,77.36,27.04,1,0,0
55,4,1453.93,613.52,121.72,44.78,1,0,0
55,11,844.97,590.89,157.55,41.63,1,0,0
56,1,301.61,556.14,211.53,52.12,1,0,0
56,3,1580.40,615.11,76.71,26.47,1,0,0
56,4,1442.58,597.39,121.87,43.35,1,0,0
56,11,834.35,581.75,158.00,39.58,1,0,0
57,1,287.55,561.35,214.48,55.51,1,0,0
57,3,1579.42,641.71,77.41,26.88,1,0,0
57,4,1438.09,621.90,123.14,45.00,1,0,0
57,11,828.95,596.83,159.86,41.46,1,0,0
58,1,270.33,595.84,217.18,53.77,1,0,0
58,3,1580.08,670.96,77.28,26.60,1,0,0
58,4,1433.51,650.95,125.43,44.55,1,0,0
58,11,823.51,628.84,161.10,40.48,1,0,0
59,1,247.62,593.61,219.89,52.59,1,0,0
59,3,1572.42,660.13,76.26,26.36,1,0,0
59,4,1421.59,640.86,126.23,44.40,1,0,0
59,11,812.67,622.88,161.37,40.56,1,0,0
60,1,224.93,581.81,222.80,56.98,1,0,0
60,3,1565.25,673.50,77.60,26.70,1,0,0
60,4,1410.41,651.04,127.48,46.58,1,0,0
60,11,801.18,623.45,163.18,42.02,1,0,0
61,1,204.04,582.65,225.04,56.85,1,0,0
61,3,1558.67,676.09,78.18,27.41,1,0,0
61,4,1398.57,653.38,128.92,47.06,1,0,0
61,11,790.99,625.07,163.53,42.81,1,0,0
62,1,174.19,583.63,229.20,54.56,1,0,0
62,3,1549.43,665.55,78.76,27.37,1,0,0
62,4,1384.20,643.89,130.04,46.57,1,0,0
62,11,776.51,620.94,165.30,41.78,1,0,0
63,1,155.23,569.02,228.13,57.64,1,0,0
63,3,1540.80,657.16,78.23,26.89,1,0,0
63,4,1371.72,634.57,131.81,46.76,1,0,0
63,11,765.22,609.42,165.94,42.24,1,0,0
63,17,1899.02,688.09,20.98,9.11,1,0,0
64,1,126.82,584.71,232.79,56.08,1,0,0
64,3,1532.83,652.52,78.64,26.78,1,0,0
64,4,1358.55,632.16,132.85,45.85,1,0,0
64,11,751.08,616.12,168.20,41.23,1,0,0
64,17,1890.65,677.98,29.35,9.56,1,0,0
65,1,123.24,583.57,232.38,56.16,1,0,0
65,3,1540.10,656.22,78.17,26.90,1,0,0
65,4,1361.53,635.03,133.85,45.99,1,0,0
65,11,754.76,617.51,168.02,41.66,1,0,0
65,17,1903.17,682.92,16.83,9.06,1,0,0
66,1,185.20,573.81,229.75,55.35,1,0,0
66,3,1606.58,671.10,80.76,27.84,1,0,0
66,4,1420.97,646.94,137.19,47.18,1,0,0
66,11,813.37,616.79,168.06,43.55,1,0,0
67,1,193.74,582.06,232.03,59.64,1,0,0
67,3,1631.93,682.55,82.42,27.86,1,0,0
67,4,1439.18,658.60,140.68,47.06,1,0,0
67,11,830.74,629.49,169.02,43.13,1,0,0
68,1,173.95,594.20,235.28,54.31,1,0,0
68,3,1630.11,666.81,81.95,27.48,1,0,0
68,4,1431.75,645.71,141.50,46.70,1,0,0
68,11,823.45,627.69,170.06,42.50,1,0,0
69,1,144.55,548.08,237.72,57.44,1,0,0
69,3,1617.54,643.75,82.66,28.03,1,0,0
69,4,1415.15,618.82,142.90,48.64,1,0,0
69,11,808.06,592.07,171.54,44.54,1,0,0
70,1,125.16,525.62,241.78,61.02,1,0,0
70,3,1609.72,662.54,83.33,29.50,1,0,0
70,4,1403.74,631.88,143.77,50.46,1,0,0
70,11,797.35,587.92,173.35,46.60,1,0,0
71,1,105.05,548.38,244.61,64.18,1,0,0
71,3,1603.41,686.40,83.63,30.26,1,0,0
71,4,1393.22,656.85,145.14,50.80,1,0,0
71,11,788.58,614.24,173.39,46.56,1,0,0
72,1,76.69,562.63,246.73,63.58,1,0,0
72,3,1597.29,650.61,83.56,28.53,1,0,0
72,4,1381.07,627.06,147.14,48.17,1,0,0
72,11,776.55,608.51,174.25,42.50,1,0,0
73,1,57.40,538.73,248.20,61.55,1,0,0
73,3,1590.85,625.04,84.40,27.87,1,0,0
73,4,1369.97,601.63,148.56,47.97,1,0,0
73,11,766.86,583.00,175.53,42.40,1,0,0
74,1,39.47,533.32,250.45,65.14,1,0,0
74,3,1590.24,653.63,84.12,28.89,1,0,0
74,4,1362.60,624.73,149.81,49.75,1,0,0
74,11,760.35,593.47,177.31,44.48,1,0,0
75,1,26.41,565.35,253.99,66.02,1,0,0
75,3,1594.20,684.32,84.40,28.26,1,0,0
75,4,1360.54,656.81,151.18,48.77,1,0,0
75,11,758.35,625.61,177.93,44.32,1,0,0
76,1,10.35,573.73,254.17,63.94,1,0,0
76,3,1591.07,686.41,85.04,28.23,1,0,0
76,4,1352.55,658.52,153.65,49.60,1,0,0
76,11,751.84,630.56,178.39,44.16,1,0,0
77,1,0.93,569.72,243.86,65.97,1,0,0
77,3,1587.81,664.02,85.10,27.81,1,0,0
77,4,1344.10,639.17,154.77,48.18,1,0,0
77,11,743.35,618.91,179.71,43.39,1,0,0
78,1,0.17,545.92,228.11,64.68,1,0,0
78,3,1580.84,640.88,84.80,28.10,1,0,0
78,4,1332.14,614.52,156.24,49.99,1,0,0
78,11,733.07,595.14,180.54,44.08,1,0,0
79,1,0.00,508.73,212.27,67.18,1,0,0
79,3,1578.27,650.28,85.29,29.73,1,0,0
79,4,1323.36,616.41,158.09,52.83,1,0,0
79,11,725.99,578.74,182.46,47.32,1,0,0
80,1,0.16,513.34,199.01,64.33,1,0,0
80,3,1578.74,661.87,86.10,29.93,1,0,0
80,4,1318.70,625.75,159.79,53.86,1,0,0
80,11,722.32,584.91,182.48,48.39,1,0,0
81,1,2.60,501.92,186.14,66.95,1,0,0
81,3,1578.17,642.37,87.01,29.48,1,0,0
81,4,1314.05,607.96,161.38,53.01,1,0,0
81,11,718.86,571.75,184.19,48.31,1,0,0
82,1,0.00,513.67,172.35,32.68,1,0,0
82,3,1575.48,605.73,86.89,29.56,1,0,0
82,4,1304.91,573.68,163.16,51.89,1,0,0
82,11,711.58,543.21,184.68,47.35,1,0,0
83,1,0.00,511.48,156.48,31.61,1,0,0
83,3,1573.82,608.16,88.14,29.07,1,0,0
83,4,1298.62,574.94,164.74,52.01,1,0,0
83,11,706.09,542.53,185.85,47.35,1,0,0
84,1,2.11,512.58,140.80,30.03,1,0,0
84,3,1576.65,632.33,89.20,30.81,1,0,0
84,4,1292.64,593.82,167.84,55.09,1,0,0
84,11,701.93,553.72,187.69,48.77,1,0,0
85,1,0.37,518.04,128.93,34.22,1,0,0
85,3,1578.23,626.89,87.80,29.77,1,0,0
85,4,1288.87,590.87,168.18,54.12,1,0,0
85,11,698.40,556.65,188.23,47.89,1,0,0
86,1,0.00,515.92,112.07,33.71,1,0,0
86,3,1576.02,616.78,89.20,30.22,1,0,0
86,4,1280.24,581.84,170.14,53.69,1,0,0
86,11,691.16,551.56,189.16,47.05,1,0,0
87,1,0.34,497.61,92.59,29.38,1,0,0
87,3,1569.33,608.47,89.84,30.85,1,0,0
87,4,1267.99,570.44,172.08,54.84,1,0,0
87,11,680.98,535.73,190.23,48.14,1,0,0
88,1,0.45,483.00,76.30,28.91,1,0,0
88,3,1563.73,624.79,90.20,31.82,1,0,0
88,4,1258.71,581.25,173.51,57.59,1,0,0
88,11,672.54,534.40,192.04,51.33,1,0,0
89,1,0.26,498.46,57.56,27.85,1,0,0
89,3,1560.58,639.50,90.13,31.47,1,0,0
89,4,1248.72,595.61,175.69,57.66,1,0,0
89,11,664.21,549.46,193.21,51.64,1,0,0
90,1,0.46,504.53,38.58,28.12,1,0,0
90,3,1558.55,593.02,90.70,29.61,1,0,0
90,4,1241.11,558.32,177.44,54.18,1,0,0
90,11,656.75,532.48,193.87,47.04,1,0,0
91,1,0.35,482.34,22.95,27.44,1,0,0
91,3,1557.07,574.88,90.67,29.80,1,0,0
91,4,1233.93,538.96,178.62,54.83,1,0,0
91,11,651.34,512.07,193.73,46.16,1,0,0
92,1,0.31,436.88,19.78,27.77,1,0,0
92,3,1555.03,594.10,93.21,32.19,1,0,0
92,4,1229.18,545.42,180.66,59.80,1,0,0
92,11,648.95,496.48,196.70,52.32,1,0,0
93,3,1560.23,592.45,90.88,32.86,1,0,0
93,4,1227.60,544.92,180.76,58.99,1,0,0
93,11,644.90,496.12,198.97,51.71,1,0,0
94,3,1559.41,573.27,95.65,30.78,1,0,0
94,4,1222.34,536.89,184.31,53.95,1,0,0
94,11,643.80,510.99,198.68,48.64,1,0,0
95,3,1588.95,614.90,20.07,12.50,1,5,0
96,3,1389.32,628.60,18.24,11.03,1,5,0
96,18,902.47,633.53,23.55,10.34,1,0,0
96,21,619.96,610.83,102.31,34.45,1,0,0
97,3,1356.60,609.52,17.58,11.76,1,5,0
97,18,871.20,616.80,16.40,9.26,1,0,0
97,21,586.01,595.35,106.15,33.15,1,0,0
97,22,149.64,586.71,160.55,47.56,1,0,0
97,23,77.40,618.75,54.72,11.54,1,0,0
97,24,306.55,617.83,38.07,11.48,1,0,0
98,3,1343.05,592.31,24.06,11.84,1,5,0
98,18,861.51,593.08,18.67,10.67,1,0,0
98,21,574.05,569.15,106.03,35.17,1,0,0
98,22,133.97,559.39,163.56,46.78,1,0,0
98,23,64.83,589.81,52.79,11.07,1,0,0
98,24,291.92,589.61,40.35,12.79,1,0,0
99,3,1336.45,656.10,27.29,13.54,1,5,0
99,18,855.23,655.27,15.65,9.23,1,0,0
99,21,565.05,626.72,106.99,36.35,1,0,0
99,22,121.12,610.58,160.52,47.79,1,0,0
99,23,47.97,640.44,58.24,11.55,1,0,0
99,24,281.15,643.54,42.54,12.85,1,0,0
100,3,1335.54,713.37,24.18,13.41,1,5,0
100,18,851.85,714.99,14.54,8.35,1,0,0
100,21,558.50,687.71,107.97,35.88,1,0,0
100,22,109.68,672.69,162.72,48.93,1,0,0
100,23,38.68,703.10,58.32,10.72,1,0,0
100,24,272.82,705.66,43.47,12.58,1,0,0
101,3,1338.64,648.36,21.30,11.93,1,5,0
101,21,559.73,623.75,107.12,36.30,1,0,0
101,22,109.02,611.17,163.70,49.05,1,0,0
101,23,41.70,643.08,56.11,11.59,1,0,0
101,24,273.06,643.56,45.81,13.38,1,0,0
102,3,1342.38,587.19,19.51,13.60,1,5,0
102,21,561.56,563.11,109.03,36.20,1,0,0
102,22,111.01,548.33,160.39,50.71,1,0,0
102,23,41.50,581.92,59.34,11.27,1,0,0
102,24,275.54,582.58,44.14,12.79,1,0,0
102,18,855.84,589.72,15.09,8.85,1,0,0
103,3,1344.51,621.25,23.23,13.29,1,5,0
103,21,561.67,598.74,109.81,35.31,1,0,0
103,22,108.96,583.37,160.17,51.31,1,0,0
103,23,41.72,617.23,59.30,11.55,1,0,0
103,24,276.04,619.01,45.39,12.87,1,0,0
103,18,859.36,625.44,16.97,9.06,1,0,0
104,3,1350.06,687.66,27.84,14.10,1,5,0
104,21,564.96,665.39,110.63,36.88,1,0,0
104,22,106.41,650.26,161.96,52.44,1,0,0
104,23,43.91,684.60,59.72,11.81,1,0,0
104,24,278.21,686.29,43.53,12.79,1,0,0
104,18,863.96,692.26,14.52,8.63,1,0,0
105,3,1357.00,693.86,25.82,13.58,1,5,0
105,21,568.82,675.42,110.06,36.11,1,0,0
105,22,104.96,660.08,162.02,54.39,1,0,0
105,23,48.44,696.54,57.50,10.98,1,0,0
105,24,280.38,697.59,44.46,12.51,1,0,0
106,3,1363.51,654.10,24.47,12.76,1,5,0
106,21,572.07,637.37,111.96,35.33,1,0,0
106,22,102.82,624.88,165.31,52.64,1,0,0
106,23,51.74,660.29,57.91,11.35,1,0,0
106,24,285.21,660.07,45.21,12.38,1,0,0
106,18,873.77,661.46,15.22,8.53,1,0,0
107,3,1366.65,627.33,25.42,12.50,1,5,0
107,21,574.98,612.06,111.74,35.81,1,0,0
107,22,101.71,600.64,166.51,53.11,1,0,0
107,23,56.95,636.59,55.79,11.75,1,0,0
107,24,288.63,635.77,45.00,12.43,1,0,0
107,18,877.83,636.03,15.47,8.27,1,0,0
108,3,1376.92,639.50,28.21,14.68,1,5,0
108,21,583.85,622.57,111.98,35.74,1,0,0
108,22,104.91,608.27,169.04,53.09,1,0,0
108,23,64.07,644.07,51.37,11.44,1,0,0
108,24,298.03,644.50,39.94,11.87,1,0,0
108,18,887.97,647.66,14.48,8.13,1,0,0
109,3,1391.37,679.17,25.69,13.63,1,5,0
109,21,593.56,655.88,111.59,36.09,1,0,0
109,22,111.17,637.52,169.01,54.46,1,0,0
109,23,74.01,673.67,48.97,11.63,1,0,0
109,24,305.79,675.71,44.69,12.54,1,0,0
109,18,897.17,682.95,15.40,7.97,1,0,0
110,3,1452.95,694.59,15.50,8.57,1,0,0
110,21,686.42,669.64,37.81,12.20,1,0,0
110,24,228.82,638.52,108.31,31.55,1,0,0
110,18,877.31,677.20,41.00,12.22,1,0,0
111,3,1620.39,695.52,17.73,8.89,1,0,0
111,24,399.49,629.97,102.47,32.49,1,0,0
111,18,840.43,663.80,34.92,11.42,1,0,0
111,25,1300.29,659.28,113.56,38.60,1,0,0
111,26,864.31,632.78,142.52,50.35,1,0,0
111,23,0.03,610.29,116.15,38.91,1,0,0
112,3,1649.26,697.72,16.14,8.25,1,0,0
112,24,418.55,650.86,101.43,30.52,1,0,0
112,18,861.72,677.38,32.02,12.22,1,0,0
112,25,1323.29,665.69,114.10,37.77,1,0,0
112,26,879.02,649.03,145.75,47.73,1,0,0
112,27,1053.31,682.85,41.88,12.14,1,0,0
112,23,0.20,637.83,129.17,36.90,1,0,0
113,3,1643.45,696.31,17.35,9.22,1,0,0
113,24,409.67,664.27,101.63,30.46,1,0,0
113,18,858.61,682.96,28.67,14.38,1,0,0
113,25,1316.28,668.37,115.55,36.65,1,0,0
113,26,864.09,655.71,150.70,48.22,1,0,0
113,27,1046.52,689.14,43.00,11.58,1,0,0
113,23,0.00,655.21,112.38,36.91,1,0,0
114,3,1632.93,689.39,16.74,8.86,1,0,0
114,24,393.63,689.55,104.34,28.58,1,0,0
114,25,1305.62,668.92,114.26,36.38,1,0,0
114,26,848.04,667.64,153.11,48.44,1,0,0
114,27,1034.94,696.90,43.43,11.48,1,0,0
114,23,0.24,688.95,87.55,37.08,1,0,0
115,3,1619.54,677.12,17.69,8.68,1,0,0
115,24,376.75,688.65,103.63,28.62,1,0,0
115,25,1292.79,659.63,114.37,35.88,1,0,0
115,26,830.26,662.89,154.31,47.22,1,0,0
115,27,1023.94,690.00,41.99,11.46,1,0,0
115,23,0.18,690.74,60.16,37.54,1,0,0
116,3,1616.76,701.97,17.06,8.77,1,0,0
116,24,367.34,698.22,106.29,29.12,1,0,0
116,25,1287.22,680.52,116.36,35.86,1,0,0
116,26,819.59,678.73,157.42,48.09,1,0,0
116,27,1017.38,707.97,44.29,11.60,1,0,0
116,23,0.15,696.67,42.94,36.03,1,0,0
117,3,1617.64,733.18,16.42,8.79,1,0,0
117,24,362.39,717.66,105.11,29.05,1,0,0
117,25,1287.03,708.70,115.66,36.41,1,0,0
117,26,813.75,701.08,159.00,50.45,1,0,0
117,27,1014.90,733.09,43.94,12.12,1,0,0
117,23,0.07,712.13,30.84,36.21,1,0,0
118,3,1618.50,739.37,16.10,8.46,1,0,0
118,24,356.07,721.17,106.43,29.79,1,0,0
118,25,1284.26,714.00,117.13,36.80,1,0,0
118,26,806.64,704.98,160.69,51.07,1,0,0
118,27,1011.72,738.46,45.73,12.20,1,0,0
118,23,0.00,716.43,18.16,34.73,1,0,0
119,3,1610.84,695.81,16.80,8.55,1,0,0
119,24,346.02,697.06,107.11,28.83,1,0,0
119,25,1276.62,675.13,117.24,36.96,1,0,0
119,26,795.09,672.24,161.52,52.34,1,0,0
119,27,1004.93,703.72,45.40,12.22,1,0,0
120,3,1599.64,645.16,16.88,9.88,1,0,0
120,24,332.69,641.51,107.34,29.45,1,0,0
120,25,1265.46,623.61,118.24,37.00,1,0,0
120,26,779.10,617.63,166.93,53.72,1,0,0
120,27,993.80,651.43,45.47,11.88,1,0,0
121,25,1360.15,676.66,19.11,12.32,1,0,0
121,27,1035.00,655.35,116.40,36.49,1,0,0
121,22,59.04,662.93,117.45,30.91,1,0,0
121,21,762.48,680.15,44.99,11.42,1,0,0
122,27,979.04,709.79,115.60,36.75,1,0,0
122,28,467.59,704.57,179.27,56.56,1,0,0
122,29,1847.95,708.15,38.39,17.23,1,5,0
122,22,0.00,728.58,102.73,31.45,1,0,0
122,21,704.84,739.20,42.32,11.69,1,0,0
123,27,963.42,665.93,116.52,37.57,1,0,0
123,28,445.95,669.60,185.55,57.04,1,0,0
123,29,1829.01,649.53,37.14,17.57,1,5,0
123,22,0.00,705.55,81.19,29.61,1,0,0
123,21,690.81,700.02,46.05,12.04,1,0,0
123,25,1287.59,681.13,16.18,8.62,1,0,0
124,27,954.82,606.12,116.01,37.17,1,0,0
124,28,432.41,605.51,191.32,57.07,1,0,0
124,29,1820.55,597.31,35.94,18.44,1,5,0
124,22,0.06,641.80,70.53,26.76,1,0,0
124,21,683.01,637.64,44.20,12.17,1,0,0
124,25,1280.17,624.22,15.28,8.43,1,0,0
125,27,954.78,628.44,116.67,36.13,1,0,0
125,28,426.08,618.55,192.56,57.63,1,0,0
125,29,1825.24,631.13,34.19,18.08,1,5,0
125,22,0.19,652.97,66.81,22.89,1,0,0
125,21,680.43,655.51,46.95,12.69,1,0,0
126,27,961.72,704.62,119.73,36.97,1,0,0
126,28,426.09,697.01,195.95,55.19,1,0,0
126,29,1840.52,709.63,32.52,17.23,1,5,0
126,22,0.10,721.68,70.61,25.72,1,0,0
126,21,687.52,730.86,45.33,11.89,1,0,0
126,3,1779.58,721.22,5.46,10.19,1,3,0
126,25,1291.46,727.84,15.06,8.16,1,0,0
127,27,966.90,705.03,119.80,37.13,1,0,0
127,28,423.96,700.38,188.86,58.39,1,0,0
127,29,1846.05,697.70,37.17,18.87,1,5,0
127,22,0.14,733.47,71.87,26.49,1,0,0
127,21,690.42,734.55,47.05,12.43,1,0,0
127,3,1788.91,710.98,4.68,9.38,1,3,0
127,25,1296.89,723.90,18.15,10.06,1,0,0
128,27,961.76,649.36,118.71,37.49,1,0,0
128,28,412.60,653.63,192.79,58.00,1,0,0
128,29,1841.55,632.53,36.67,17.02,1,5,0
128,22,0.00,697.48,64.97,23.58,1,0,0
128,21,687.35,684.25,45.24,12.05,1,0,0
128,25,1295.76,664.61,15.16,8.36,1,0,0
129,27,954.80,617.49,117.75,38.00,1,0,0
129,28,395.36,611.58,197.64,60.59,1,0,0
129,29,1836.07,613.84,35.88,19.37,1,5,0
129,22,0.52,648.84,51.52,23.47,1,0,0
129,21,678.71,647.27,42.47,12.10,1,0,0
130,27,1075.23,661.50,122.01,38.21,1,0,0
130,28,519.73,649.03,192.68,58.29,1,0,0
130,22,70.87,667.77,123.93,32.38,1,0,0
130,21,619.13,662.20,118.36,39.19,1,0,0
130,18,799.22,688.17,42.10,11.68,1,0,0
130,25,1416.86,687.40,15.58,9.30,1,0,0
131,27,1114.98,679.39,45.32,12.76,1,0,0
131,25,1394.79,654.40,128.21,38.96,1,0,0
131,24,430.93,658.53,111.90,31.69,1,0,0
131,26,838.28,638.83,186.59,59.07,1,0,0
131,3,1764.53,681.70,18.18,8.63,1,0,0
132,27,1157.79,644.76,47.19,12.68,1,0,0
132,25,1440.42,616.87,129.71,39.24,1,0,0
132,30,978.30,620.83,117.16,38.98,1,0,0
132,24,476.76,632.23,110.52,30.37,1,0,0
132,26,875.46,607.42,189.11,58.39,1,0,0
132,3,1816.63,641.95,17.02,8.86,1,0,0
132,23,0.25,629.16,44.83,39.42,1,0,0
133,27,1164.08,635.39,47.53,12.83,1,0,0
133,25,1449.18,611.79,130.22,40.65,1,0,0
133,30,986.63,608.00,113.72,40.71,1,0,0
133,24,482.58,612.31,111.25,31.51,1,0,0
133,26,877.19,591.26,190.91,60.64,1,0,0
133,3,1827.74,643.57,18.32,8.30,1,0,0
133,23,0.17,601.84,46.05,38.85,1,0,0
134,27,1172.30,693.72,50.52,12.96,1,0,0
134,25,1458.40,671.07,134.16,39.71,1,0,0
134,30,991.71,666.27,117.52,40.80,1,0,0
134,24,487.90,669.60,112.12,31.42,1,0,0
134,26,879.73,648.75,195.93,61.05,1,0,0
134,3,1842.28,702.14,18.48,9.08,1,0,0
134,23,0.38,654.71,43.73,39.56,1,0,0
135,27,1183.07,697.12,47.20,12.17,1,0,0
135,25,1468.07,671.59,133.62,39.24,1,0,0
135,30,996.62,669.56,119.87,42.10,1,0,0
135,24,492.93,678.57,111.48,30.14,1,0,0
135,26,880.00,654.20,198.65,61.03,1,0,0
135,23,0.25,667.93,39.95,38.99,1,0,0
136,27,1175.74,682.50,49.89,12.77,1,0,0
136,25,1461.98,659.20,134.84,39.99,1,0,0
136,30,989.71,655.08,120.48,40.36,1,0,0
136,24,484.15,658.55,112.98,30.58,1,0,0
136,26,867.25,636.57,200.63,61.98,1,0,0
136,23,0.00,646.70,21.25,36.45,1,0,0
136,3,1850.62,690.56,18.12,8.72,1,0,0
137,27,1165.41,682.05,50.37,12.78,1,0,0
137,25,1452.45,657.70,134.21,39.71,1,0,0
137,30,978.72,655.23,119.83,39.89,1,0,0
137,24,471.02,660.73,113.45,31.09,1,0,0
137,26,850.90,636.75,204.47,62.35,1,0,0
138,27,1157.17,661.69,49.75,13.00,1,0,0
138,25,1443.74,638.83,135.13,40.19,1,0,0
138,30,969.64,634.74,119.76,39.98,1,0,0
138,24,460.06,636.33,114.93,31.80,1,0,0
138,26,837.71,614.35,207.06,63.56,1,0,0
138,3,1833.49,670.05,17.91,9.92,1,0,0
139,27,1151.12,654.93,49.14,12.76,1,0,0
139,25,1435.23,634.09,134.90,40.47,1,0,0
139,30,959.57,628.29,120.09,38.91,1,0,0
139,24,449.41,624.79,115.02,33.01,1,0,0
139,26,824.32,605.46,208.37,64.36,1,0,0
139,3,1826.07,667.30,18.82,8.92,1,0,0
140,27,1142.97,685.12,48.07,12.91,1,0,0
140,25,1428.40,662.40,135.98,40.06,1,0,0
140,30,948.86,657.62,123.66,40.08,1,0,0
140,24,437.05,659.23,116.38,31.63,1,0,0
140,26,808.74,637.21,211.80,63.91,1,0,0
140,3,1821.84,693.86,18.00,8.75,1,0,0
141,27,1135.92,673.40,46.98,12.53,1,0,0
141,25,1420.67,645.56,136.37,39.64,1,0,0
141,30,938.89,648.40,123.08,39.32,1,0,0
141,24,426.19,658.13,116.36,30.65,1,0,0
141,26,794.01,629.00,214.75,64.37,1,0,0
141,3,1815.35,671.39,17.50,8.95,1,0,0
142,27,1128.81,657.36,52.95,13.34,1,0,0
142,25,1413.93,630.59,136.84,40.32,1,0,0
142,30,929.03,632.99,125.66,39.40,1,0,0
142,24,416.22,641.31,117.59,31.12,1,0,0
142,26,779.33,612.35,219.38,65.42,1,0,0
142,3,1810.77,658.19,17.41,9.18,1,0,0
143,27,1126.48,674.32,51.22,13.42,1,0,0
143,25,1412.04,649.47,138.27,40.91,1,0,0
143,30,925.26,647.51,126.47,40.03,1,0,0
143,24,411.24,650.57,117.62,32.10,1,0,0
143,26,770.73,625.53,220.99,65.35,1,0,0
143,3,1810.86,680.45,17.62,8.71,1,0,0
144,27,1123.01,688.79,51.32,13.25,1,0,0
144,25,1408.60,664.98,138.87,41.10,1,0,0
144,30,916.76,661.39,129.13,41.08,1,0,0
144,24,402.94,662.67,119.40,32.39,1,0,0
144,26,758.77,640.10,224.99,65.18,1,0,0
144,3,1809.71,697.20,16.68,8.66,1,0,0
145,27,1118.67,683.23,51.47,13.11,1,0,0
145,25,1404.64,654.18,139.19,39.95,1,0,0
145,30,913.58,658.00,126.94,41.04,1,0,0
145,24,394.91,669.63,119.63,31.42,1,0,0
145,26,746.21,638.95,228.23,65.86,1,0,0
145,3,1809.27,679.38,16.67,9.57,1,0,0
146,27,1115.76,655.28,51.52,13.19,1,0,0
146,25,1401.92,627.92,138.63,40.56,1,0,0
146,30,935.20,627.96,101.15,41.96,1,0,0
146,24,389.01,637.61,120.04,31.45,1,0,0
146,26,735.81,609.43,229.07,65.48,1,0,0
146,3,1807.01,656.56,17.56,8.92,1,0,0
147,27,1116.50,684.16,52.49,12.77,1,0,0
147,25,1403.43,660.56,140.81,41.23,1,0,0
147,30,931.51,654.36,104.09,43.00,1,0,0
147,24,386.34,657.62,121.62,31.72,1,0,0
147,26,727.65,632.87,233.29,67.66,1,0,0
147,3,1812.18,692.94,18.06,8.90,1,0,0
148,27,1115.54,708.99,51.91,13.12,1,0,0
148,25,1402.85,682.61,141.95,40.82,1,0,0
148,30,930.25,680.97,102.16,42.39,1,0,0
148,24,381.19,688.40,121.60,31.12,1,0,0
148,26,717.03,660.70,240.72,67.18,1,0,0
149,27,1106.94,666.81,52.04,13.25,1,0,0
149,25,1393.61,637.21,141.13,40.62,1,0,0
149,30,922.76,642.46,100.41,40.40,1,0,0
149,24,368.54,654.49,122.47,32.31,1,0,0
149,26,697.86,622.81,242.23,66.76,1,0,0
150,27,1099.81,647.01,53.10,13.35,1,0,0
150,25,1386.86,621.95,142.39,41.58,1,0,0
150,30,912.90,619.00,102.52,41.93,1,0,0
150,24,357.67,622.39,123.85,33.18,1,0,0
150,26,682.52,596.53,245.29,66.86,1,0,0
150,3,1801.38,654.91,18.29,8.70,1,0,0
151,27,1095.99,711.07,53.26,13.17,1,0,0
151,25,1384.28,687.80,144.04,42.28,1,0,0
151,30,901.05,682.85,107.61,41.29,1,0,0
151,24,348.70,682.16,124.59,32.55,1,0,0
151,26,665.52,656.51,252.12,69.66,1,0,0
152,27,1087.93,676.20,50.76,13.08,1,0,0
152,25,1374.72,643.63,143.65,41.56,1,0,0
152,30,887.44,652.47,109.33,41.25,1,0,0
152,24,335.01,666.81,126.86,32.83,1,0,0
152,26,646.40,631.95,253.96,69.37,1,0,0
152,3,1795.64,668.02,17.93,8.82,1,0,0
153,27,1076.51,629.32,52.24,13.64,1,0,0
153,25,1362.74,599.66,143.60,42.16,1,0,0
153,30,875.21,604.72,109.07,40.57,1,0,0
153,24,320.24,614.03,126.40,33.32,1,0,0
153,26,625.16,581.09,258.84,69.92,1,0,0
154,27,1068.82,671.55,52.50,13.61,1,0,0
154,25,1355.98,647.79,146.26,43.01,1,0,0
154,30,863.22,642.17,112.56,41.74,1,0,0
154,24,307.98,640.30,129.88,33.61,1,0,0
154,26,606.06,613.63,265.15,70.80,1,0,0
154,3,1779.71,684.32,18.54,8.23,1,0,0
155,27,1066.36,700.71,54.16,13.59,1,0,0
155,25,1354.67,676.78,146.95,43.62,1,0,0
155,30,854.98,672.98,118.83,41.25,1,0,0
155,24,301.02,670.23,130.51,33.56,1,0,0
155,26,596.07,643.23,266.96,72.40,1,0,0
155,3,1782.46,712.57,18.26,9.04,1,0,0
156,27,1063.02,688.03,54.24,13.77,1,0,0
156,25,1350.93,662.96,147.24,42.96,1,0,0
156,30,845.11,661.01,121.93,41.49,1,0,0
156,24,292.84,661.10,131.69,34.30,1,0,0
156,26,578.56,633.01,274.27,71.95,1,0,0
156,3,1781.25,696.96,18.70,8.74,1,0,0
157,27,1057.07,669.03,54.12,13.75,1,0,0
157,25,1345.02,640.39,146.65,42.20,1,0,0
157,30,833.48,644.91,124.39,39.99,1,0,0
157,24,281.67,652.15,132.71,33.29,1,0,0
157,26,561.03,618.94,281.87,71.67,1,0,0
157,3,1777.67,669.23,17.76,8.67,1,0,0
158,27,1047.34,653.53,55.77,13.56,1,0,0
158,25,1334.50,623.19,148.93,42.23,1,0,0
158,30,816.04,627.33,131.47,43.26,1,0,0
158,24,268.02,638.13,133.89,33.95,1,0,0
158,26,541.56,602.76,279.12,73.89,1,0,0
159,27,1042.76,673.43,53.83,13.73,1,0,0
159,25,1330.24,648.04,150.31,43.34,1,0,0
159,30,806.30,643.44,134.74,43.87,1,0,0
159,24,258.41,645.42,135.61,34.98,1,0,0
159,26,524.47,615.61,288.08,73.25,1,0,0
159,3,1766.40,681.86,18.71,9.14,1,0,0
160,27,1038.92,702.00,54.90,13.67,1,0,0
160,25,1327.21,673.36,150.77,42.91,1,0,0
160,30,795.06,674.42,139.39,44.40,1,0,0
160,26,506.78,649.78,291.84,73.70,1,0,0
160,3,1768.27,703.16,17.46,8.64,1,0,0
160,22,248.04,682.69,136.70,33.98,1,0,0
161,27,1031.80,669.86,58.55,14.00,1,0,0
161,25,1319.63,642.57,152.24,42.88,1,0,0
161,30,781.19,641.76,145.29,43.71,1,0,0
161,26,489.08,614.48,298.64,74.19,1,0,0
161,3,1762.99,674.56,18.13,8.96,1,0,0
161,24,238.66,647.50,137.40,34.43,1,0,0
162,27,1031.36,656.08,55.85,13.66,1,0,0
162,25,1318.97,632.76,151.71,44.23,1,0,0
162,30,774.96,625.85,149.95,44.88,1,0,0
162,26,479.83,593.09,302.29,77.96,1,0,0
162,3,1762.48,669.20,18.02,9.46,1,0,0
162,24,235.96,624.97,137.73,35.51,1,0,0
163,27,1030.25,669.24,57.27,14.35,1,0,0
163,25,1318.87,645.59,153.31,43.94,1,0,0
163,30,766.99,637.63,155.64,46.47,1,0,0
163,26,465.41,607.27,308.25,77.28,1,0,0
163,3,1765.64,680.88,18.72,9.71,1,0,0
163,24,230.39,639.06,139.66,35.01,1,0,0
164,27,1026.91,664.39,58.02,14.59,1,0,0
164,25,1316.14,643.74,153.60,45.61,1,0,0
164,30,754.15,629.49,163.38,47.61,1,0,0
164,26,451.09,595.20,313.32,81.09,1,0,0
164,3,1765.99,685.13,18.68,9.08,1,0,0
164,24,223.63,624.86,140.52,35.99,1,0,0
165,27,1026.57,672.85,56.33,14.44,1,0,0
165,25,1315.68,653.34,154.82,46.39,1,0,0
165,30,748.80,635.54,166.64,48.79,1,0,0
165,26,437.22,599.86,321.15,82.90,1,0,0
165,3,1769.86,697.12,18.20,9.89,1,0,0
165,24,219.62,627.73,141.11,37.26,1,0,0
166,27,1028.00,670.76,56.80,14.15,1,0,0
166,25,1318.01,648.77,155.62,46.30,1,0,0
166,30,748.28,635.38,167.00,48.28,1,0,0
166,26,426.13,600.58,323.67,82.69,1,0,0
166,3,1776.45,690.38,17.98,9.04,1,0,0
166,24,218.35,631.61,141.65,37.27,1,0,0
167,27,1023.99,634.42,56.52,14.30,1,0,0
167,25,1312.39,608.63,156.78,45.04,1,0,0
167,30,738.98,602.06,169.29,47.10,1,0,0
167,26,406.10,571.93,330.06,78.44,1,0,0
167,3,1773.77,644.84,17.82,9.14,1,0,0
167,24,208.45,605.72,143.37,36.16,1,0,0
168,27,1024.30,651.92,56.52,14.69,1,0,0
168,25,1313.48,631.51,158.24,46.46,1,0,0
168,30,736.45,615.44,170.20,49.15,1,0,0
168,26,393.78,579.41,336.42,83.70,1,0,0
168,3,1777.26,674.30,18.58,9.01,1,0,0
168,24,205.93,610.15,143.74,36.89,1,0,0
169,27,1026.13,700.94,56.75,14.07,1,0,0
169,25,1316.55,677.72,159.86,47.10,1,0,0
169,30,735.30,664.24,170.91,47.98,1,0,0
169,26,383.63,628.55,340.09,83.58,1,0,0
169,3,1785.87,719.31,17.94,8.88,1,0,0
169,24,202.57,660.43,146.41,37.27,1,0,0
170,27,1024.50,679.68,58.92,14.50,1,0,0
170,25,1314.48,648.92,159.65,46.09,1,0,0
170,30,729.74,650.08,173.49,46.81,1,0,0
170,26,368.42,621.80,346.58,79.76,1,0,0
170,3,1786.32,680.46,17.88,9.25,1,0,0
170,24,196.79,659.27,146.79,36.54,1,0,0
171,27,1018.78,625.72,58.89,14.51,1,0,0
171,25,1307.03,594.85,161.12,45.94,1,0,0
171,30,720.67,594.35,173.72,48.29,1,0,0
171,26,347.90,567.33,352.40,81.09,1,0,0
171,24,186.87,605.41,148.35,36.76,1,0,0
172,27,1015.32,619.97,59.64,14.67,1,0,0
172,25,1305.72,597.04,160.95,48.04,1,0,0
172,30,715.64,582.59,174.65,49.56,1,0,0
172,26,332.95,544.07,359.09,86.50,1,0,0
172,24,182.60,579.52,147.90,38.68,1,0,0
172,3,1781.08,639.04,19.86,10.40,1,0,0
173,27,1015.97,619.53,59.17,14.70,1,0,0
173,25,1306.38,598.80,162.22,49.21,1,0,0
173,30,712.92,578.96,176.67,51.05,1,0,0
173,26,318.84,537.64,366.15,89.30,1,0,0
173,24,178.05,571.38,146.21,38.46,1,0,0
173,3,1785.73,646.45,18.01,9.13,1,0,0
174,27,1012.53,618.67,59.95,14.92,1,0,0
174,25,1303.01,591.92,163.27,47.25,1,0,0
174,30,704.67,584.28,179.55,48.09,1,0,0
174,26,299.63,548.79,372.31,86.27,1,0,0
174,24,170.27,588.19,146.07,36.98,1,0,0
174,3,1786.02,630.93,19.12,9.10,1,0,0
175,27,1008.29,619.20,59.99,14.97,1,0,0
175,25,1298.34,588.06,163.75,46.12,1,0,0
175,30,696.49,589.16,180.43,48.25,1,0,0
175,26,278.29,559.28,380.96,84.94,1,0,0
175,24,160.66,601.75,127.98,36.02,1,0,0
175,3,1782.36,619.26,20.76,9.49,1,0,0
175,31,865.23,625.10,22.42,7.94,1,0,0
176,27,999.46,618.12,58.34,15.23,1,0,0
176,25,1288.20,598.90,165.71,50.71,1,0,0
176,30,682.44,575.55,181.27,52.35,1,0,0
176,26,250.33,529.14,389.56,94.37,1,0,0
176,24,145.33,566.44,121.50,36.92,1,0,0
176,3,1775.73,649.78,18.56,9.28,1,0,0
176,31,851.08,617.21,23.55,8.63,1,0,0
177,27,992.70,616.26,59.60,15.73,1,0,0
177,25,1282.26,602.84,165.82,53.03,1,0,0
177,30,673.85,566.86,182.25,55.71,1,0,0
177,26,230.49,510.48,396.86,104.23,1,0,0
177,24,135.53,547.20,119.49,39.28,1,0,0
177,3,1770.92,662.68,19.72,9.81,1,0,0
177,31,844.16,611.15,23.76,9.02,1,0,0
178,27,987.89,614.57,57.99,15.49,1,0,0
178,25,1276.82,600.33,167.40,52.38,1,0,0
178,30,665.31,565.72,183.58,55.66,1,0,0
178,26,211.57,512.66,402.88,101.01,1,0,0
178,24,125.38,548.08,116.36,38.62,1,0,0
178,3,1768.82,659.45,17.76,8.69,1,0,0
178,31,839.36,608.59,22.19,10.21,1,0,0
179,27,984.90,614.75,59.92,15.62,1,0,0
179,25,1273.78,597.02,167.48,50.97,1,0,0
179,30,657.97,570.01,186.33,54.08,1,0,0
179,26,192.18,521.44,409.31,97.95,1,0,0
179,24,117.77,559.88,98.08,37.81,1,0,0
179,3,1767.77,648.95,18.36,9.61,1,0,0
179,31,832.07,612.30,27.46,9.55,1,0,0
180,27,979.72,616.34,59.66,15.08,1,0,0
180,25,1267.84,595.07,169.59,50.80,1,0,0
180,30,650.68,573.19,184.91,53.83,1,0,0
180,26,174.12,525.74,414.58,97.80,1,0,0
180,24,108.75,566.75,90.03,37.15,1,0,0
180,3,1765.51,644.01,18.90,10.36,1,0,0
180,31,826.67,614.78,26.37,9.70,1,0,0
181,27,974.87,613.72,62.71,15.95,1,0,0
181,25,1264.27,597.68,170.27,53.36,1,0,0
181,30,642.03,564.29,185.56,57.52,1,0,0
181,26,153.61,507.42,422.85,106.12,1,0,0
181,24,100.25,547.33,77.38,38.59,1,0,0
181,3,1763.64,657.62,18.50,8.94,1,0,0
181,31,821.28,607.35,29.64,11.58,1,0,0
182,27,1108.82,608.56,61.41,15.41,1,0,0
182,25,1402.11,590.75,175.95,52.79,1,0,0
182,30,775.56,560.73,184.55,56.68,1,0,0
182,26,305.98,510.31,397.70,99.85,1,0,0
182,24,254.83,553.49,66.90,32.87,1,0,0
182,31,952.68,603.58,32.26,11.35,1,0,0
183,27,1137.61,597.50,62.78,14.85,1,0,0
183,25,1432.68,569.72,178.41,49.85,1,0,0
183,30,800.38,561.37,185.83,50.03,1,0,0
183,26,309.71,522.30,413.23,90.17,1,0,0
183,24,284.63,566.55,62.19,34.72,1,0,0
183,31,977.91,598.13,39.77,11.44,1,0,0
184,27,1139.92,596.06,63.46,15.24,1,0,0
184,25,1437.24,575.32,179.15,51.67,1,0,0
184,30,801.20,552.13,187.46,53.70,1,0,0
184,26,308.87,501.55,409.64,99.34,1,0,0
184,24,285.26,549.46,54.16,31.31,1,0,0
184,31,979.04,591.74,38.83,11.93,1,0,0
185,27,1138.33,648.64,63.87,15.13,1,0,0
185,25,1435.47,627.50,181.93,53.20,1,0,0
185,30,794.98,602.74,188.80,55.38,1,0,0
185,26,272.32,551.96,431.60,99.74,1,0,0
185,31,973.23,643.77,43.89,12.48,1,0,0
186,27,1133.35,628.21,65.36,15.07,1,0,0
186,25,1428.89,599.71,182.94,51.52,1,0,0
186,30,784.35,589.23,192.28,52.03,1,0,0
186,26,246.49,547.08,440.58,94.40,1,0,0
186,31,965.17,627.48,45.39,11.66,1,0,0
187,27,1126.27,590.00,64.30,15.22,1,0,0
187,25,1420.75,565.45,182.71,52.16,1,0,0
187,30,774.54,547.26,192.23,54.16,1,0,0
187,26,225.76,501.95,447.69,97.73,1,0,0
187,31,958.23,588.14,45.22,11.61,1,0,0
188,27,1118.15,616.33,61.25,15.57,1,0,0
188,25,1410.88,600.31,185.30,56.59,1,0,0
188,30,762.05,562.10,193.70,59.59,1,0,0
188,26,195.44,498.28,455.71,112.01,1,0,0
188,31,946.08,608.71,46.37,11.96,1,0,0
189,27,1114.10,683.20,62.07,15.45,1,0,0
189,25,1406.85,665.43,186.15,55.39,1,0,0
189,30,751.64,631.27,197.73,57.28,1,0,0
189,26,171.65,568.03,465.89,111.55,1,0,0
189,31,938.41,676.11,49.62,11.63,1,0,0
190,27,1105.96,655.13,64.82,15.80,1,0,0
190,25,1401.00,627.56,185.71,52.44,1,0,0
190,30,741.50,614.86,203.86,54.38,1,0,0
190,26,144.82,567.14,476.73,101.94,1,0,0
190,31,933.08,654.91,49.23,11.84,1,0,0
191,27,1104.21,610.63,64.66,15.54,1,0,0
191,25,1399.16,587.72,187.15,53.69,1,0,0
191,30,737.20,565.30,202.83,56.54,1,0,0
191,26,124.64,510.47,484.36,105.48,1,0,0
191,31,930.09,607.85,51.44,12.08,1,0,0
192,27,1108.11,687.51,63.49,15.54,1,0,0
192,25,1403.73,666.25,189.32,55.77,1,0,0
192,30,734.60,637.07,206.30,58.17,1,0,0
192,26,106.45,574.77,493.23,110.98,1,0,0
192,31,928.55,682.41,58.88,12.06,1,0,0
193,27,1104.80,684.13,67.88,15.50,1,0,0
193,25,1400.17,656.76,190.97,52.84,1,0,0
193,30,727.44,643.04,207.31,53.71,1,0,0
193,26,81.41,590.60,501.04,105.44,1,0,0
193,31,927.32,683.49,59.45,12.09,1,0,0
194,27,1100.57,649.12,65.78,15.54,1,0,0
194,25,1392.66,619.07,192.17,53.28,1,0,0
194,30,716.12,609.66,209.54,54.10,1,0,0
194,26,53.38,560.57,509.70,103.21,1,0,0
194,31,921.37,649.39,58.56,12.41,1,0,0
195,27,1097.79,656.04,65.89,15.74,1,0,0
195,25,1389.28,628.59,193.40,53.96,1,0,0
195,30,710.42,613.59,210.59,55.43,1,0,0
195,26,34.70,557.48,519.41,108.74,1,0,0
195,31,918.65,655.44,59.91,12.45,1,0,0
196,27,1094.55,678.96,65.41,15.73,1,0,0
196,25,1386.30,651.86,194.75,54.21,1,0,0
196,30,700.56,635.73,213.94,55.55,1,0,0
196,26,0.82,576.05,533.33,111.57,1,0,0
196,31,913.92,677.86,61.24,12.24,1,0,0
197,27,1087.26,652.31,66.98,16.07,1,0,0
197,25,1378.85,624.91,196.50,55.05,1,0,0
197,30,692.18,608.24,214.17,55.87,1,0,0
197,26,0.00,547.99,517.19,113.11,1,0,0
197,31,910.79,651.42,60.39,12.30,1,0,0
198,27,1084.05,649.12,66.44,16.28,1,0,0
198,25,1375.23,626.79,196.42,56.67,1,0,0
198,30,684.18,598.67,215.99,59.01,1,0,0
198,26,0.00,528.73,505.26,118.86,1,0,0
198,31,905.93,644.98,61.39,12.70,1,0,0
199,27,1083.98,689.99,66.70,16.15,1,0,0
199,25,1375.97,667.91,197.37,57.31,1,0,0
199,30,679.88,638.66,217.83,58.31,1,0,0
199,26,0.84,566.69,492.39,119.18,1,0,0
199,31,906.07,685.10,61.58,12.51,1,0,0
200,27,1081.90,687.13,67.13,15.74,1,0,0
200,25,1371.76,651.75,199.96,52.86,1,0,0
200,30,670.74,651.54,220.07,53.79,1,0,0
200,26,0.14,607.60,472.48,103.51,1,0,0
200,31,903.20,690.24,62.17,12.06,1,0,0
201,27,1072.57,686.31,65.08,15.27,1,0,0
201,25,1361.23,649.73,200.11,53.27,1,0,0
201,30,655.38,650.58,222.24,54.14,1,0,0
201,26,0.42,607.88,446.42,103.77,1,0,0
201,31,895.91,689.50,62.15,11.79,1,0,0
202,27,1068.40,685.84,66.58,16.08,1,0,0
202,25,1357.34,660.54,201.45,57.17,1,0,0
202,30,648.69,636.01,222.97,58.94,1,0,0
202,26,0.00,569.28,429.23,115.90,1,0,0
202,31,892.41,682.93,61.21,12.15,1,0,0
203,27,1066.01,684.85,69.03,16.20,1,0,0
203,25,1356.71,661.72,202.34,59.00,1,0,0
203,30,643.00,631.28,226.54,60.47,1,0,0
203,26,0.69,555.76,417.96,122.43,1,0,0
203,31,891.29,680.05,62.51,12.64,1,0,0
204,27,1062.89,670.01,67.51,16.05,1,0,0
204,25,1351.91,643.19,204.01,57.40,1,0,0
204,30,633.17,620.94,228.59,59.15,1,0,0
204,26,0.28,545.81,402.20,125.50,1,0,0
204,31,886.74,667.76,63.16,12.51,1,0,0
205,27,1056.07,638.80,67.59,16.38,1,0,0
205,25,1343.89,612.75,206.46,58.96,1,0,0
205,30,623.58,588.05,229.34,60.18,1,0,0
205,26,0.00,540.78,380.32,98.05,1,0,0
205,31,883.27,636.12,63.23,12.71,1,0,0
206,27,1051.35,638.75,68.06,16.66,1,0,0
206,25,1338.44,612.58,207.63,57.81,1,0,0
206,30,613.01,588.18,231.63,59.68,1,0,0
206,26,0.28,559.97,359.80,78.76,1,0,0
206,31,877.31,636.24,65.32,12.54,1,0,0
207,27,1044.27,652.95,68.96,16.27,1,0,0
207,25,1329.74,626.28,209.98,58.66,1,0,0
207,30,599.58,600.85,234.13,61.05,1,0,0
207,26,0.16,576.79,334.47,73.65,1,0,0
207,31,872.54,650.39,63.55,12.33,1,0,0
208,27,1040.29,666.50,70.03,16.87,1,0,0
208,25,1327.31,641.58,209.55,59.32,1,0,0
208,30,590.79,613.12,236.31,61.00,1,0,0
208,26,0.36,582.59,317.24,78.21,1,0,0
208,31,867.10,663.30,65.33,12.48,1,0,0
209,27,1036.80,690.99,69.53,16.33,1,0,0
209,25,1322.87,662.15,211.72,58.90,1,0,0
209,30,581.77,641.29,238.31,59.98,1,0,0
209,26,0.49,622.64,297.00,70.21,1,0,0
209,31,862.72,689.67,65.55,12.17,1,0,0
210,27,1030.46,664.70,69.78,16.05,1,0,0
210,25,1314.32,629.26,212.46,55.26,1,0,0
210,30,567.94,624.43,240.78,56.86,1,0,0
210,26,0.34,609.94,268.91,74.44,1,0,0
210,31,858.68,667.05,63.10,11.70,1,0,0
211,27,1023.86,628.42,70.62,16.64,1,0,0
211,25,1307.55,598.69,213.90,58.65,1,0,0
211,30,557.15,579.45,243.49,59.82,1,0,0
211,26,0.00,558.31,250.31,72.44,1,0,0
211,31,851.76,627.47,66.60,12.09,1,0,0
212,27,1023.31,646.97,70.96,17.44,1,0,0
212,25,1308.36,620.89,214.78,59.74,1,0,0
212,30,554.27,592.60,245.13,63.36,1,0,0
212,26,0.00,570.35,239.85,70.44,1,0,0
212,31,851.75,644.73,65.93,12.23,1,0,0
213,27,1028.05,688.13,70.03,16.42,1,0,0
213,25,1312.19,655.90,217.22,57.96,1,0,0
213,30,551.58,640.89,247.25,59.52,1,0,0
213,26,0.43,623.22,224.04,71.61,1,0,0
213,31,856.84,688.72,64.60,11.65,1,0,0
214,27,1025.32,672.88,72.56,16.60,1,0,0
214,25,1308.05,635.31,218.94,57.25,1,0,0
214,30,543.63,633.22,248.74,58.36,1,0,0
214,26,0.00,620.96,203.46,73.20,1,0,0
214,31,855.49,676.68,65.48,11.88,1,0,0
215,27,1022.98,678.97,73.01,16.84,1,0,0
215,25,1305.53,647.59,221.01,59.72,1,0,0
215,30,534.68,628.70,251.02,61.58,1,0,0
215,26,0.33,606.42,179.76,75.18,1,0,0
215,31,853.12,678.73,63.86,11.89,1,0,0
215,32,161.34,648.71,47.78,24.38,1,0,0
216,27,1021.52,705.54,73.53,16.68,1,0,0
216,25,1304.27,673.05,222.85,60.07,1,0,0
216,30,528.16,656.14,254.01,61.86,1,0,0
216,26,0.40,633.00,158.68,75.16,1,0,0
216,31,851.86,705.25,65.97,12.24,1,0,0
216,32,139.95,675.52,63.28,25.47,1,0,0
217,27,1015.39,664.49,72.60,16.77,1,0,0
217,25,1296.66,627.75,223.33,57.45,1,0,0
217,30,515.11,621.44,256.76,59.85,1,0,0
217,26,0.42,604.69,132.89,76.80,1,0,0
217,31,848.53,666.33,64.63,12.29,1,0,0
217,32,116.01,642.17,76.64,30.70,1,0,0
218,27,1005.42,635.78,72.95,16.51,1,0,0
218,25,1284.81,602.68,226.50,60.95,1,0,0
218,30,499.61,584.53,258.93,63.21,1,0,0
218,26,0.34,560.39,103.36,76.97,1,0,0
218,31,838.93,634.85,64.42,12.46,1,0,0
218,32,87.52,598.52,90.98,31.76,1,0,0
219,27,997.53,675.45,70.44,17.35,1,0,0
219,25,1276.55,649.36,227.45,65.51,1,0,0
219,30,484.29,612.13,261.05,68.18,1,0,0
219,26,0.43,574.30,76.05,77.52,1,0,0
219,31,831.22,670.20,66.16,13.14,1,0,0
219,32,56.52,613.78,109.72,34.81,1,0,0
220,27,991.90,694.31,73.81,16.99,1,0,0
220,25,1271.55,664.69,228.61,62.62,1,0,0
220,30,473.65,637.09,264.65,66.28,1,0,0
220,26,0.13,606.06,52.91,76.93,1,0,0
220,31,826.36,691.78,65.00,13.04,1,0,0
220,32,32.48,637.17,124.56,42.60,1,0,0
221,27,981.62,637.37,73.49,17.02,1,0,0
221,25,1257.96,600.85,229.30,59.10,1,0,0
221,30,452.77,591.33,268.08,61.54,1,0,0
221,31,817.17,638.30,65.46,13.08,1,0,0
221,32,0.11,604.08,139.27,39.73,1,0,0
221,33,1477.00,648.60,21.75,9.78,1,0,0
222,27,1103.53,641.57,19.35,8.81,1,0,0
222,30,454.99,600.90,228.30,62.66,1,0,0
222,31,672.84,645.19,30.08,9.50,1,0,0
222,3,1725.83,621.71,39.83,19.01,1,5,0
223,31,843.48,672.55,20.59,8.39,1,0,0
223,33,1447.22,643.90,42.57,19.68,1,5,0
224,31,802.05,694.72,18.17,8.77,1,0,0
224,35,95.29,662.64,265.03,66.22,1,0,0
224,33,1404.89,662.56,39.44,20.30,1,5,0
225,31,791.92,634.84,18.63,9.30,1,0,0
225,35,79.06,600.27,266.64,67.02,1,0,0
225,33,1391.13,603.92,45.57,23.55,1,5,0
226,31,789.68,605.55,20.10,9.18,1,0,0
226,35,69.03,564.65,269.91,66.66,1,0,0
226,33,1392.22,580.24,43.78,22.78,1,5,0
226,36,1383.76,594.31,5.87,10.90,1,3,0
226,37,329.71,613.77,35.98,10.22,1,0,0
227,31,789.41,670.36,18.42,8.70,1,0,0
227,35,60.44,629.56,276.01,66.56,1,0,0
227,33,1392.68,646.01,48.34,22.53,1,5,0
228,35,52.29,656.52,279.58,67.91,1,0,0
228,33,1394.90,673.45,42.65,22.59,1,5,0
229,35,43.20,648.66,279.41,69.02,1,0,0
229,33,1391.03,656.77,42.90,22.37,1,5,0
230,35,42.65,603.06,282.25,69.03,1,0,0
230,33,1397.43,599.81,45.69,23.23,1,5,0
230,31,790.49,634.33,18.85,9.30,1,0,0
231,35,46.55,652.63,284.18,68.75,1,0,0
231,33,1408.26,640.24,44.74,23.14,1,5,0
231,31,800.96,679.73,17.28,8.81,1,0,0
231,36,1409.21,652.77,5.90,12.40,1,3,0
232,35,44.39,653.31,286.82,71.11,1,0,0
232,33,1413.65,651.43,44.80,23.47,1,5,0
232,31,803.12,686.66,20.12,9.96,1,0,0
233,35,34.60,652.62,289.97,71.20,1,0,0
233,33,1414.91,648.99,44.58,23.07,1,5,0
233,31,803.30,684.69,19.01,9.31,1,0,0
234,35,21.40,622.90,294.54,70.42,1,0,0
234,33,1411.19,626.78,44.70,22.50,1,5,0
234,31,800.03,658.74,17.99,8.83,1,0,0
235,35,11.20,616.76,298.24,70.35,1,0,0
235,33,1409.84,625.87,44.41,23.24,1,5,0
235,31,796.59,655.25,18.78,9.00,1,0,0
236,35,2.57,635.71,301.57,71.65,1,0,0
236,33,1412.70,646.30,47.93,22.98,1,5,0
237,35,0.00,643.93,303.20,72.47,1,0,0
237,33,1416.52,657.92,45.79,23.73,1,5,0
237,31,799.45,686.08,18.07,9.55,1,0,0
238,35,0.19,605.14,292.97,73.24,1,0,0
238,33,1415.00,623.22,46.24,22.70,1,5,0
238,31,795.49,649.32,19.64,9.04,1,0,0
239,35,0.17,577.08,288.74,73.31,1,0,0
239,33,1413.94,605.80,44.06,24.29,1,5,0
240,35,0.26,611.28,283.95,73.00,1,0,0
240,33,1415.27,640.80,43.94,23.03,1,5,0
240,36,1419.72,653.57,6.77,12.20,1,3,0
240,31,793.04,662.50,19.28,9.13,1,0,0
241,35,0.13,647.98,275.96,74.25,1,0,0
241,33,1415.98,670.75,45.96,24.56,1,5,0
241,31,791.69,696.41,19.05,9.11,1,0,0
242,35,0.19,636.18,270.56,72.62,1,0,0
242,33,1417.35,643.77,44.95,23.56,1,5,0
243,35,0.00,591.74,264.07,73.82,1,0,0
243,33,1414.50,597.62,45.43,23.02,1,5,0
243,31,789.56,629.61,18.49,9.27,1,0,0
244,35,0.00,613.76,264.49,72.66,1,0,0
244,33,1423.47,629.35,43.54,22.29,1,5,0
244,31,793.45,656.65,18.76,8.57,1,0,0
245,35,0.00,691.91,262.27,73.84,1,0,0
245,33,1430.41,711.78,44.57,22.42,1,5,0
245,31,799.39,739.19,17.46,8.10,1,0,0
246,35,0.00,615.90,251.61,73.01,1,0,0
246,33,1424.14,615.70,48.84,22.70,1,5,0
247,35,0.00,550.91,248.24,67.26,1,0,0
247,33,1423.26,552.50,47.72,22.87,1,5,0
247,27,1324.04,572.86,5.22,9.13,1,3,0
247,31,792.72,583.26,19.69,9.29,1,0,0
248,35,0.20,623.57,242.61,63.71,1,0,0
248,33,1425.71,635.32,47.72,23.67,1,5,0
248,31,793.71,660.99,18.85,9.38,1,0,0
249,35,0.15,717.52,239.37,48.70,1,0,0
249,33,1433.01,701.53,47.10,24.92,1,5,0
249,31,796.61,734.27,19.18,9.53,1,0,0
250,35,0.22,687.54,235.55,52.08,1,0,0
250,33,1435.14,661.94,45.34,23.27,1,5,0
251,35,0.32,578.32,221.80,49.32,1,0,0
251,33,1425.86,571.12,47.21,23.36,1,5,0
251,31,788.52,598.00,20.76,9.86,1,0,0
252,35,0.43,622.60,211.73,46.73,1,0,0
252,33,1424.51,633.10,49.20,23.94,1,5,0
253,35,0.33,683.74,205.31,46.95,1,0,0
253,36,1429.20,698.18,45.95,24.01,1,5,0
253,31,786.63,716.16,18.55,9.15,1,0,0
254,35,0.40,656.55,203.15,47.08,1,0,0
254,36,1431.58,675.83,43.92,22.11,1,5,0
254,31,787.49,689.72,18.29,9.43,1,0,0
255,35,0.23,608.68,194.11,48.98,1,0,0
255,31,785.29,631.96,18.98,9.59,1,0,0
255,33,1427.78,607.46,47.83,23.37,1,5,0
256,35,0.04,620.16,186.34,51.49,1,0,0
256,31,784.57,634.86,18.01,8.88,1,0,0
256,33,1428.64,600.44,44.15,23.99,1,5,0
257,35,0.00,685.89,185.83,52.22,1,0,0
257,33,1431.57,664.02,46.03,24.54,1,5,0
257,36,1456.12,678.30,8.36,12.24,1,3,0
258,35,0.32,726.13,176.87,52.74,1,0,0
258,33,1436.93,701.99,47.43,24.78,1,5,0
258,31,787.90,740.18,19.32,9.41,1,0,0
259,35,0.48,616.56,162.26,53.30,1,0,0
259,33,1425.66,597.65,48.17,23.27,1,5,0
259,31,779.15,632.21,19.59,9.88,1,0,0
260,35,0.31,574.91,150.74,49.87,1,0,0
260,33,1418.65,578.28,49.69,25.20,1,5,0
260,31,771.95,601.28,18.98,9.07,1,0,0
261,35,0.12,692.22,144.54,49.72,1,0,0
261,33,1429.53,703.30,47.94,24.16,1,5,0
261,36,1456.94,716.10,8.50,13.45,1,3,0
262,35,0.19,688.58,137.12,51.50,1,0,0
262,33,1429.46,687.19,46.87,24.32,1,5,0
262,31,774.41,714.23,19.36,9.29,1,0,0
263,35,0.19,599.81,129.53,50.80,1,0,0
263,33,1427.23,600.73,47.37,26.02,1,5,0
263,27,1458.07,614.85,7.55,13.73,1,3,0
264,35,0.13,623.60,122.64,51.24,1,0,0
264,33,1426.02,623.61,49.63,25.33,1,5,0
264,31,769.68,649.84,17.88,8.50,1,0,0
265,35,0.24,683.46,115.02,52.19,1,0,0
265,33,1430.77,672.79,47.03,24.49,1,5,0
265,31,771.54,704.45,18.52,8.92,1,0,0
266,35,0.01,681.13,109.21,52.90,1,0,0
266,33,1430.88,664.44,47.87,25.82,1,5,0
267,35,0.06,631.71,98.00,52.79,1,0,0
267,33,1426.93,607.47,47.36,25.68,1,5,0
267,31,767.78,645.52,18.72,9.28,1,0,0
268,35,0.17,649.51,94.31,52.16,1,0,0
268,33,1434.00,648.21,44.64,24.61,1,5,0
268,27,1471.32,657.33,7.67,17.68,1,3,0
269,35,0.09,662.98,88.69,53.20,1,0,0
269,33,1438.77,663.67,44.09,23.79,1,5,0
269,27,1477.04,670.71,7.93,18.86,1,3,0
269,31,771.63,690.64,18.20,8.80,1,0,0
270,35,0.00,626.96,82.23,53.07,1,0,0
270,33,1440.04,628.73,45.50,25.23,1,5,0
270,27,1479.62,638.88,7.26,17.62,1,3,0
270,31,773.08,654.75,19.61,9.17,1,0,0
271,35,0.00,631.10,75.89,53.04,1,0,0
271,33,1440.79,630.40,47.14,25.43,1,5,0
271,31,773.10,657.58,19.31,9.40,1,0,0
272,35,0.00,670.79,69.75,53.41,1,0,0
272,33,1444.09,667.60,46.97,24.46,1,5,0
272,31,775.85,696.69,18.09,8.77,1,0,0
272,27,1489.60,675.88,8.03,18.56,1,3,0
273,35,0.13,662.74,61.92,54.05,1,0,0
273,33,1448.06,658.08,45.68,25.50,1,5,0
273,31,776.53,687.65,17.90,9.37,1,0,0
273,27,1493.52,666.85,8.48,19.06,1,3,0
274,35,0.26,634.93,53.25,53.29,1,0,0
274,33,1446.75,639.75,44.92,25.44,1,5,0
274,31,772.39,664.04,20.80,10.22,1,0,0
274,27,1492.92,647.58,9.27,20.57,1,3,0
275,35,0.13,634.32,43.52,53.01,1,0,0
275,33,1445.53,644.70,47.21,26.67,1,5,0
275,31,772.10,667.64,19.77,9.54,1,0,0
275,27,1493.74,653.74,9.10,20.13,1,3,0
276,35,0.00,646.05,31.27,52.53,1,0,0
276,33,1444.31,655.48,46.38,25.40,1,5,0
276,31,768.26,679.04,19.17,9.24,1,0,0
276,27,1493.54,663.38,9.20,20.26,1,3,0
277,35,0.00,670.87,24.67,53.20,1,0,0
277,33,1446.35,673.74,47.07,25.32,1,5,0
277,27,1497.04,681.65,8.80,20.01,1,3,0
278,37,486.96,707.42,19.12,8.60,1,0,0
279,39,1090.47,622.94,45.83,23.70,1,5,0
279,37,399.49,662.99,21.83,10.09,1,0,0
280,39,1080.59,595.35,47.89,26.73,1,5,0
280,37,389.64,638.25,21.08,9.91,1,0,0
280,40,1134.54,604.13,8.42,19.21,1,3,0
281,39,1077.99,629.41,48.19,25.87,1,5,0
281,37,384.70,674.55,21.07,12.53,1,0,0
281,40,1134.28,635.68,9.19,19.86,1,3,0
282,39,1082.53,628.86,48.65,26.04,1,5,0
282,37,387.06,673.12,21.83,14.55,1,5,0
282,40,1141.51,635.50,9.37,19.35,1,3,0
283,39,1091.44,611.71,47.41,25.34,1,5,0
283,37,394.63,655.86,21.01,13.99,1,5,0
283,40,1149.89,617.83,9.53,20.08,1,3,0
284,39,1098.22,606.39,46.16,25.68,1,5,0
284,37,398.66,651.28,21.54,13.49,1,5,0
284,40,1157.56,612.53,8.89,19.96,1,3,0
285,39,1096.00,613.23,48.99,25.58,1,5,0
285,37,395.30,653.93,20.62,13.66,1,5,0
285,40,1158.74,620.34,8.84,19.53,1,3,0
286,39,1095.29,623.09,48.08,26.28,1,5,0
286,37,394.46,657.99,20.16,12.76,1,0,0
286,40,1159.50,629.99,9.39,21.39,1,3,0
287,39,1092.80,619.50,49.08,25.91,1,5,0
287,37,388.87,648.28,21.58,11.06,1,0,0
287,40,1160.44,625.98,9.54,21.49,1,3,0
288,39,1094.08,605.27,47.29,26.34,1,5,0
288,37,385.20,636.90,22.10,11.41,1,0,0
288,40,1160.45,611.92,9.59,21.41,1,3,0
289,39,1096.16,638.65,50.30,26.65,1,5,0
289,37,386.42,679.51,21.07,9.34,1,0,0
289,40,1168.26,645.94,9.28,20.22,1,3,0
290,39,1099.09,652.83,50.99,26.74,1,5,0
291,39,1103.51,630.98,51.54,26.84,1,5,0
291,37,386.11,669.52,21.36,12.47,1,0,0
291,40,1187.90,636.35,10.74,22.39,1,3,0
292,39,1104.39,660.69,51.44,28.20,1,5,0
292,37,384.72,697.17,20.21,9.34,1,0,0
292,40,1191.42,667.71,10.06,22.59,1,3,0
293,39,1102.10,643.30,52.97,27.12,1,5,0
293,37,381.40,672.66,19.67,9.79,1,0,0
293,40,1193.14,653.22,9.39,19.32,1,3,0
294,39,1097.69,605.00,56.50,28.57,1,5,0
294,37,375.24,632.01,21.02,9.74,1,0,0
294,40,1188.90,613.93,10.69,22.18,1,3,0
295,39,1100.13,613.46,51.09,28.57,1,5,0
295,37,375.03,646.00,20.95,9.85,1,0,0
295,40,1194.35,621.20,10.25,22.83,1,3,0
296,39,1105.46,661.84,48.82,26.81,1,5,0
296,37,376.82,694.69,20.11,9.83,1,0,0
296,40,1200.18,666.19,11.72,24.49,1,3,0
297,39,1110.87,651.45,50.65,27.23,1,5,0
297,37,382.10,687.32,20.23,10.05,1,0,0
297,40,1209.01,656.67,10.44,22.98,1,3,0
298,39,1112.70,610.32,49.14,27.36,1,5,0
298,40,1211.08,614.59,10.74,23.34,1,3,0
299,39,1113.93,584.56,51.08,27.52,1,5,0
299,40,1218.42,589.14,10.40,22.73,1,3,0
299,37,387.86,631.12,20.14,9.53,1,0,0
300,39,1124.30,619.48,53.01,27.70,1,5,0
300,40,1232.63,623.01,10.82,23.46,1,3,0
300,37,394.93,671.21,22.35,10.28,1,0,0
301,39,1129.82,632.74,53.77,27.73,1,5,0
301,40,1240.56,635.01,10.52,24.08,1,3,0
301,37,399.43,689.16,21.27,10.17,1,0,0
302,39,1133.03,619.17,53.33,28.33,1,5,0
302,40,1245.75,622.75,10.83,23.50,1,3,0
302,37,400.45,672.34,20.98,11.11,1,0,0
303,39,1135.72,618.18,52.95,28.97,1,5,0
303,40,1250.41,619.71,10.93,25.79,1,3,0
303,37,402.31,673.06,20.06,9.38,1,0,0
304,39,1134.55,630.32,54.19,27.98,1,5,0
304,40,1251.73,633.81,10.94,24.65,1,3,0
305,39,1133.11,600.20,53.49,27.80,1,5,0
305,40,1249.13,606.60,10.84,23.53,1,3,0
305,37,391.31,632.56,22.49,10.43,1,0,0
306,39,1130.98,618.96,51.09,28.10,1,5,0
306,40,1252.00,624.36,10.78,24.00,1,3,0
306,37,386.88,653.57,22.16,9.60,1,0,0
307,39,1133.88,684.36,52.69,27.96,1,5,0
307,40,1259.25,689.09,10.94,23.43,1,3,0
307,37,386.87,721.68,21.28,9.79,1,0,0
308,39,1134.90,628.49,53.07,29.48,1,5,0
308,40,1262.70,634.66,11.27,24.02,1,3,0
308,37,385.74,663.34,22.57,11.61,1,0,0
309,39,1134.27,582.18,49.71,27.94,1,5,0
309,40,1265.07,587.19,11.48,25.05,1,3,0
309,37,385.14,612.79,19.88,10.12,1,0,0
310,39,1133.90,600.57,53.60,28.60,1,5,0
310,40,1269.72,604.88,11.56,25.67,1,3,0
310,37,383.49,636.19,21.49,9.99,1,0,0
311,39,1140.20,666.12,52.77,28.30,1,5,0
311,40,1280.15,669.85,11.35,25.12,1,3,0
311,37,387.11,707.94,21.19,9.86,1,0,0
312,39,1143.36,656.28,55.61,29.15,1,5,0
312,40,1289.68,659.77,11.47,25.63,1,3,0
312,37,390.85,701.85,21.09,10.00,1,0,0
313,39,1145.79,599.16,55.26,30.07,1,5,0
313,40,1292.10,602.33,12.20,27.10,1,3,0
313,37,390.39,643.18,21.34,12.89,1,0,0
314,39,1140.95,561.63,57.70,27.78,1,5,0
314,40,1294.18,563.59,11.99,25.65,1,3,0
314,37,387.09,606.35,21.64,10.07,1,0,0
315,39,1153.50,667.48,58.03,29.19,1,5,0
315,40,1311.53,669.89,11.89,26.23,1,3,0
315,37,393.32,713.05,20.37,9.65,1,0,0
316,39,1158.33,682.84,58.96,28.81,1,5,0
316,40,1321.90,684.16,12.11,27.16,1,3,0
316,37,399.52,727.40,20.76,9.09,1,0,0
317,40,1260.69,697.36,21.62,9.77,1,0,0
320,44,854.45,607.77,586.58,135.94,1,0,0
320,45,0.22,594.49,125.31,49.96,1,0,0
321,44,849.58,612.95,590.55,140.20,1,0,0
321,45,0.23,595.07,120.48,50.31,1,0,0
322,44,830.65,503.78,595.69,126.99,1,0,0
322,45,0.00,524.07,105.95,49.23,1,0,0
323,44,818.09,507.02,601.97,123.23,1,0,0
323,45,0.37,528.57,94.24,49.57,1,0,0
324,44,805.73,530.68,604.46,139.82,1,0,0
324,45,0.62,529.69,84.71,49.54,1,0,0
325,44,792.96,557.48,610.06,140.08,1,0,0
325,45,0.63,553.32,74.71,49.14,1,0,0
326,44,780.02,559.41,615.07,132.83,1,0,0
326,45,0.62,575.21,60.74,48.62,1,0,0
327,44,742.77,537.89,618.01,134.40,1,0,0
327,45,0.11,552.56,24.43,48.05,1,0,0
328,44,727.28,528.11,622.44,142.00,1,0,0
329,44,709.58,529.69,626.30,148.00,1,0,0
330,44,693.58,528.96,630.51,148.05,1,0,0
331,44,677.68,524.71,632.60,145.41,1,0,0
332,44,655.55,515.29,638.81,138.01,1,0,0
333,44,633.21,472.75,644.97,147.95,1,0,0
334,44,619.10,477.97,652.51,152.75,1,0,0
335,44,607.16,492.38,650.51,155.38,1,0,0
336,44,588.18,495.98,660.24,151.87,1,0,0
337,44,598.81,499.13,661.95,140.90,1,0,0
338,44,589.79,490.10,665.41,146.86,1,0,0
339,44,571.60,496.78,676.66,158.10,1,0,0
339,40,1230.09,636.27,27.30,11.86,1,0,0
340,44,551.03,520.03,677.62,154.46,1,0,0
341,44,537.09,524.74,686.48,136.24,1,0,0
342,44,537.32,515.18,690.39,148.99,1,0,0
343,44,531.99,524.05,694.18,163.55,1,0,0
344,44,514.22,522.88,700.26,160.88,1,0,0
345,44,485.26,481.08,709.36,144.38,1,0,0
346,44,459.75,475.42,715.76,153.30,1,0,0
347,44,467.19,466.38,717.76,161.92,1,0,0
348,44,460.04,467.52,720.09,170.02,1,0,0
349,44,441.87,465.51,725.57,167.54,1,0,0
350,44,415.17,463.41,735.23,140.51,1,0,0
351,44,401.74,447.57,736.43,149.93,1,0,0
352,44,389.67,446.58,739.46,171.24,1,0,0
353,44,372.34,477.87,747.95,169.03,1,0,0
354,44,354.70,496.99,750.07,150.53,1,0,0
355,44,322.23,482.37,758.59,152.16,1,0,0
356,44,311.25,478.68,758.11,174.24,1,0,0
357,44,284.08,497.72,767.26,174.08,1,0,0
358,44,255.55,486.41,771.21,150.54,1,0,0
358,40,1009.12,618.15,25.62,11.29,1,0,0
359,44,226.27,434.17,778.69,164.89,1,0,0
359,40,985.88,578.16,33.58,13.31,1,0,0
360,44,213.94,425.32,779.53,181.05,1,0,0
360,40,970.49,586.34,49.67,14.53,1,0,0
361,44,194.57,447.18,788.45,171.76,1,0,0
361,40,959.69,595.00,64.56,18.10,1,0,0
362,44,170.45,445.77,790.84,172.18,1,0,0
362,40,941.59,591.13,75.17,20.43,1,0,0
363,44,144.00,449.03,796.86,172.88,1,0,0
363,40,919.17,596.33,90.26,21.88,1,0,0
364,44,121.86,458.82,800.14,170.66,1,0,0
364,40,906.39,605.01,98.10,20.96,1,0,0
365,44,95.57,453.65,806.37,176.07,1,0,0
365,40,895.95,606.68,98.66,21.46,1,0,0
366,44,75.53,455.60,809.96,176.19,1,0,0
366,40,891.41,609.98,98.28,21.26,1,0,0
367,44,40.75,455.63,818.28,170.02,1,0,0
367,40,883.57,603.30,98.85,19.76,1,0,0
368,44,22.88,446.70,821.14,166.91,1,0,0
368,40,877.17,591.76,104.12,20.21,1,0,0
368,46,822.46,593.25,26.42,13.59,1,0,0
369,44,0.00,432.16,822.96,174.55,1,0,0
369,40,874.22,587.85,101.47,21.23,1,0,0
369,46,801.71,586.52,39.41,14.57,1,0,0
370,44,-0.00,447.88,811.24,167.92,1,0,0
370,40,869.90,596.43,103.76,21.77,1,0,0
370,46,790.28,594.15,46.22,15.88,1,0,0
371,44,0.00,453.59,792.10,170.82,1,0,0
371,40,864.97,606.00,103.52,20.53,1,0,0
371,46,770.75,602.52,58.38,17.16,1,0,0
372,44,-0.00,451.36,769.88,172.85,1,0,0
372,40,861.30,605.82,101.05,20.17,1,0,0
372,46,750.79,600.11,67.20,19.19,1,0,0
373,44,0.00,442.78,756.10,175.70,1,0,0
373,40,856.39,600.08,99.90,20.77,1,0,0
373,46,731.98,589.78,78.73,23.18,1,0,0
374,44,-0.00,439.27,736.31,177.67,1,0,0
374,40,851.47,600.28,103.77,21.22,1,0,0
374,46,713.92,588.19,90.55,24.82,1,0,0
375,44,0.00,447.27,714.95,169.82,1,0,0
375,40,847.37,598.30,103.94,20.74,1,0,0
375,46,692.57,587.32,104.51,25.14,1,0,0
376,44,0.00,424.54,694.86,173.40,1,0,0
376,40,840.89,583.29,103.37,21.51,1,0,0
376,46,660.04,564.39,126.94,31.85,1,0,0
377,44,0.52,418.69,671.10,175.51,1,0,0
377,40,834.24,584.63,104.46,23.04,1,0,0
377,46,644.10,562.75,131.81,33.37,1,0,0
378,44,1.37,422.21,653.73,174.04,1,0,0
378,40,830.73,587.25,103.36,22.93,1,0,0
378,46,626.81,562.39,143.79,35.06,1,0,0
379,44,0.61,458.27,635.34,126.02,1,0,0
379,40,827.34,574.59,104.31,23.17,1,0,0
379,46,613.94,552.12,148.25,33.12,1,0,0
380,44,0.53,467.34,621.71,108.56,1,0,0
380,40,823.58,566.54,104.92,22.50,1,0,0
380,46,603.55,545.82,153.19,32.70,1,0,0
381,44,0.69,437.10,597.91,142.09,1,0,0
381,40,818.95,569.28,106.13,21.31,1,0,0
381,46,595.10,551.62,153.65,31.21,1,0,0
382,44,0.00,470.29,573.99,104.35,1,0,0
382,40,809.22,566.97,108.17,21.89,1,0,0
382,46,580.60,546.22,155.12,33.21,1,0,0
383,44,0.00,449.75,550.52,111.31,1,0,0
383,40,802.92,560.81,108.37,24.32,1,0,0
383,46,569.56,536.90,152.23,34.14,1,0,0
386,40,907.50,594.95,21.65,10.80,1,0,0
388,44,0.00,424.50,402.87,105.09,1,0,0
388,46,497.80,498.31,146.77,50.01,1,0,0
389,46,675.25,508.45,148.69,48.48,1,0,0
389,40,926.02,546.75,105.00,23.71,1,0,0
390,46,679.28,514.35,149.85,47.29,1,0,0
390,51,0.63,454.90,559.68,96.95,1,0,0
390,40,936.48,548.13,105.59,22.63,1,0,0
391,46,664.75,506.57,151.19,47.75,1,0,0
391,51,0.11,441.86,534.91,100.71,1,0,0
391,40,927.60,542.57,104.83,22.90,1,0,0
392,46,648.48,554.24,146.09,48.02,1,0,0
392,51,0.22,474.57,498.59,109.74,1,0,0
392,40,906.27,594.02,109.75,23.62,1,0,0
393,46,632.81,559.38,150.95,48.87,1,0,0
393,51,0.82,481.33,478.70,104.92,1,0,0
393,40,904.04,600.19,107.91,24.59,1,0,0
394,46,621.72,563.66,151.68,44.73,1,0,0
394,51,0.71,504.34,444.35,94.02,1,0,0
394,40,899.41,594.70,108.55,22.22,1,0,0
395,46,611.36,553.92,152.15,45.70,1,0,0
395,51,0.07,489.71,421.66,97.87,1,0,0
395,40,892.47,586.73,107.77,22.41,1,0,0
396,46,605.89,545.79,153.73,48.67,1,0,0
396,51,0.53,465.59,409.20,103.65,1,0,0
396,40,891.21,586.69,106.65,24.15,1,0,0
397,46,603.85,560.51,150.65,49.89,1,0,0
397,51,0.00,466.22,399.10,108.16,1,0,0
397,40,889.61,607.07,108.01,26.30,1,0,0
398,46,597.10,578.73,151.27,46.86,1,0,0
398,51,0.01,492.93,378.11,104.81,1,0,0
398,40,888.28,619.77,107.71,24.36,1,0,0
399,46,582.28,562.13,154.44,45.74,1,0,0
399,51,0.27,486.74,345.87,98.44,1,0,0
399,40,879.16,599.22,108.26,23.08,1,0,0
400,46,564.99,530.58,158.64,46.25,1,0,0
400,51,0.30,464.50,312.11,97.17,1,0,0
400,40,866.55,564.73,109.52,22.27,1,0,0
401,46,595.56,498.27,155.37,49.96,1,0,0
401,51,0.37,417.29,328.04,102.24,1,0,0
401,40,898.41,541.51,109.40,22.69,1,0,0
402,46,612.53,499.31,154.34,49.80,1,0,0
402,51,0.35,413.12,336.13,102.63,1,0,0
402,40,921.25,544.89,108.05,23.69,1,0,0
403,46,613.98,572.88,154.68,49.42,1,0,0
403,51,0.39,490.21,326.48,100.42,1,0,0
403,40,929.20,615.80,108.98,23.26,1,0,0
404,46,608.50,584.92,151.93,44.36,1,0,0
404,51,0.26,503.76,305.19,97.84,1,0,0
404,40,922.56,621.90,110.32,22.71,1,0,0
405,46,595.03,561.65,151.71,46.02,1,0,0
405,51,0.40,484.61,278.53,96.29,1,0,0
405,40,913.13,600.02,113.63,22.74,1,0,0
406,46,574.73,543.17,151.55,47.76,1,0,0
406,51,0.00,463.92,241.31,96.48,1,0,0
406,40,897.58,584.34,111.59,23.80,1,0,0
407,46,563.68,553.30,152.11,42.21,1,0,0
407,51,0.36,456.12,218.52,98.07,1,0,0
407,40,890.72,593.12,111.86,24.70,1,0,0
408,46,555.72,565.07,152.79,42.14,1,0,0
408,51,0.00,473.47,199.71,97.65,1,0,0
408,40,885.79,602.13,111.61,23.97,1,0,0
409,46,543.68,557.06,148.87,42.53,1,0,0
409,51,0.00,472.26,167.17,97.65,1,0,0
409,40,878.26,592.33,111.79,22.14,1,0,0
410,46,523.86,545.05,152.47,41.02,1,0,0
410,51,0.49,454.37,134.47,98.46,1,0,0
410,40,865.04,579.93,111.90,22.98,1,0,0
411,46,508.98,546.89,153.61,41.27,1,0,0
411,51,0.47,451.35,104.06,98.91,1,0,0
411,40,852.93,584.33,112.41,24.09,1,0,0
412,46,495.63,562.76,153.47,39.54,1,0,0
412,51,0.58,465.10,75.59,99.20,1,0,0
412,40,844.11,598.29,113.41,24.40,1,0,0
413,46,480.50,555.82,152.61,42.69,1,0,0
413,51,0.16,456.93,44.54,98.64,1,0,0
413,40,835.01,595.50,111.61,24.60,1,0,0
414,46,464.28,546.08,152.64,41.52,1,0,0
414,40,823.47,584.02,114.05,25.16,1,0,0
415,46,450.10,528.49,153.85,41.25,1,0,0
415,40,812.94,569.61,111.52,24.57,1,0,0
