1,1,1835.95,673.86,25.98,17.17,1,5,0
1,2,1026.90,655.28,31.26,11.06,1,1,0
1,3,1057.99,660.01,16.65,6.95,1,1,0
1,4,960.19,649.33,35.78,12.16,1,0,0
3,5,380.60,733.75,12.88,9.26,1,0,0
3,2,1000.47,711.04,26.78,17.65,1,5,0
4,4,975.94,644.55,25.18,17.67,1,5,0
5,4,981.20,674.03,24.52,16.90,1,5,0
5,5,358.54,684.93,12.60,8.92,1,0,0
6,4,994.30,712.94,24.30,18.02,1,5,0
6,5,374.92,722.04,11.50,9.08,1,0,0
7,4,1008.23,697.66,24.07,17.91,1,5,0
7,5,386.78,706.01,11.80,9.03,1,0,0
7,3,1155.65,709.03,5.28,5.74,1,3,0
8,4,1018.15,687.15,24.36,18.23,1,5,0
9,4,1022.85,650.49,24.06,17.74,1,5,0
9,5,402.28,645.17,13.57,9.91,1,0,0
10,4,1023.71,620.35,23.71,16.98,1,5,0
11,4,1029.56,650.15,24.10,18.78,1,5,0
11,5,410.82,639.70,14.60,9.58,1,0,0
12,4,1039.10,666.62,25.66,18.45,1,5,0
12,5,419.04,653.23,14.70,10.07,1,0,0
13,4,1049.13,658.27,23.57,16.66,1,5,0
13,5,428.60,646.14,12.88,9.28,1,0,0
13,3,1199.55,673.66,5.12,7.18,1,3,0
14,4,1058.94,657.50,26.95,19.12,1,5,0
15,4,1070.36,630.27,26.03,19.32,1,5,0
15,5,453.50,624.12,14.10,9.54,1,0,0
16,4,1078.53,636.77,27.11,19.68,1,5,0
16,5,463.47,631.21,13.10,9.14,1,0,0
17,4,1088.45,655.22,24.78,18.05,1,5,0
17,5,469.38,649.65,13.45,9.48,1,0,0
17,3,1239.19,670.46,5.03,5.92,1,3,0
18,4,1095.89,667.50,25.57,18.40,1,5,0
19,4,1102.34,632.60,26.13,19.28,1,5,0
19,5,485.43,632.13,12.90,9.28,1,0,0
20,4,1116.04,619.70,25.49,18.96,1,5,0
20,5,495.32,615.65,18.17,11.08,1,0,0
21,4,1126.37,625.63,25.54,19.13,1,5,0
21,5,508.48,623.14,14.07,9.88,1,0,0
21,3,1282.19,640.15,5.12,6.66,1,3,0
22,4,1134.18,626.33,26.22,18.55,1,5,0
22,5,517.99,622.97,12.63,9.13,1,0,0
23,4,1143.87,626.54,25.58,18.88,1,5,0
23,5,526.42,621.79,13.12,9.39,1,0,0
24,4,1154.59,626.84,25.88,19.16,1,5,0
24,5,537.69,622.72,13.52,9.56,1,0,0
25,4,1167.53,628.70,25.76,18.95,1,5,0
25,5,550.78,618.92,13.87,9.77,1,0,0
25,3,1323.96,645.41,4.91,5.97,1,3,0
26,4,1175.37,629.55,26.23,19.05,1,5,0
26,5,559.45,617.60,12.51,9.38,1,0,0
26,11,592.47,621.59,15.21,6.01,1,1,0
27,4,1184.83,630.18,24.95,18.56,1,5,0
27,11,598.82,620.68,15.44,6.00,1,1,0
28,4,1194.24,631.00,25.24,18.53,1,5,0
28,11,605.82,621.54,14.84,5.93,1,1,0
28,5,575.68,617.64,12.87,9.16,1,0,0
29,4,1200.74,630.57,25.25,19.22,1,5,0
29,11,613.64,624.42,13.82,5.49,1,1,0
29,5,582.83,619.49,13.25,9.77,1,0,0
29,3,1359.63,648.95,4.75,6.02,1,3,0
30,4,1210.55,630.96,25.69,18.98,1,5,0
30,11,622.01,625.39,14.72,5.69,1,1,0
30,5,591.65,620.92,12.74,9.63,1,0,0
31,4,1218.78,630.75,26.14,19.00,1,5,0
31,11,626.98,625.61,16.35,5.87,1,1,0
31,5,600.75,621.73,12.87,9.45,1,0,0
32,4,1227.30,631.78,25.84,19.04,1,5,0
32,5,608.11,623.80,13.41,9.33,1,0,0
33,4,1237.15,631.53,26.23,19.90,1,5,0
33,5,617.56,623.64,13.56,9.75,1,0,0
33,3,1398.65,648.88,4.89,7.19,1,3,0
34,4,1249.01,634.02,26.43,18.99,1,5,0
34,5,628.48,622.70,13.42,9.75,1,0,0
35,4,1256.52,634.50,26.02,18.90,1,5,0
35,5,635.76,624.01,12.80,9.02,1,0,0
35,11,661.92,628.10,14.77,5.76,1,1,0
36,4,1267.19,633.31,25.55,18.67,1,5,0
36,11,669.98,630.12,14.71,5.87,1,1,0
37,4,1269.26,633.28,25.76,19.73,1,5,0
37,11,673.82,634.13,16.17,5.68,1,1,0
37,3,1434.18,649.50,4.47,6.69,1,3,0
37,5,646.18,630.23,14.22,9.45,1,0,0
38,4,1281.65,633.38,26.91,19.91,1,5,0
38,11,686.99,634.11,13.21,5.27,1,1,0
38,5,659.94,630.52,12.73,8.67,1,0,0
39,4,1294.39,632.32,26.05,19.29,1,5,0
39,11,691.21,635.48,15.20,5.30,1,1,0
39,5,670.05,631.67,12.12,8.73,1,0,0
40,4,1300.91,629.57,26.62,19.48,1,5,0
40,5,676.26,634.96,13.44,9.50,1,0,0
40,3,1468.41,642.67,5.22,8.12,1,3,0
41,4,1304.48,629.12,25.69,19.10,1,5,0
41,5,678.63,641.01,12.61,9.41,1,0,0
42,4,1338.26,630.74,26.39,19.83,1,5,0
42,5,707.90,639.07,13.44,9.59,1,0,0
42,11,731.56,643.07,15.49,5.48,1,1,0
43,4,1343.76,632.12,26.21,19.41,1,5,0
43,3,1516.05,644.55,5.56,8.38,1,3,0
44,4,1353.21,631.40,26.79,19.12,1,5,0
44,5,721.15,640.77,12.78,8.99,1,0,0
45,4,1357.23,627.45,25.80,19.52,1,5,0
45,5,723.98,643.50,14.21,9.84,1,0,0
45,11,750.54,647.48,14.72,5.60,1,1,0
46,4,1358.39,625.92,26.64,19.75,1,5,0
46,5,723.94,646.51,13.96,9.68,1,0,0
46,11,748.64,649.61,15.55,5.83,1,1,0
47,4,1358.57,624.48,26.45,20.00,1,5,0
47,5,723.75,649.73,13.60,9.04,1,0,0
48,4,1360.49,623.64,27.89,19.32,1,5,0
48,3,1536.93,630.14,4.41,8.53,1,3,0
49,4,1360.70,622.72,27.90,19.07,1,5,0
49,3,1537.18,628.50,4.45,8.39,1,3,0
50,4,1360.52,620.50,27.14,20.22,1,5,0
50,3,1536.80,625.22,5.13,9.46,1,3,0
50,11,746.88,657.22,14.50,5.99,1,1,0
50,5,723.45,654.23,13.62,9.51,1,0,0
51,4,1353.41,620.59,27.21,20.79,1,5,0
51,3,1530.17,625.27,5.57,9.74,1,3,0
51,11,735.67,660.00,14.61,5.60,1,1,0
51,5,716.08,656.93,13.39,9.59,1,0,0
52,4,1355.86,622.31,27.28,20.11,1,5,0
52,3,1534.05,628.40,5.39,9.32,1,3,0
52,5,716.77,654.43,13.14,9.12,1,0,0
53,4,1356.29,622.54,27.93,20.85,1,5,0
53,3,1535.37,629.71,5.19,9.23,1,3,0
53,5,716.41,655.00,13.02,9.44,1,0,0
53,11,736.08,657.90,15.29,5.69,1,1,0
54,4,1360.18,622.03,27.74,20.31,1,5,0
54,5,719.04,656.33,12.68,9.53,1,0,0
54,11,739.28,659.38,13.98,5.54,1,1,0
55,4,1362.88,621.64,28.62,21.29,1,5,0
55,5,720.52,657.07,13.18,9.41,1,0,0
55,11,741.10,659.75,13.83,5.87,1,1,0
56,4,1364.62,621.45,28.57,21.29,1,5,0
56,5,721.32,657.14,13.20,9.63,1,0,0
56,11,741.11,659.97,12.42,5.60,1,1,0
57,4,1361.52,619.86,27.73,21.11,1,5,0
57,5,718.79,659.67,12.29,8.85,1,0,0
57,3,1542.88,624.50,5.57,10.22,1,3,0
58,4,1358.88,619.96,28.08,22.53,1,5,0
58,5,713.39,661.44,13.25,9.07,1,0,0
58,3,1540.92,625.44,5.59,10.06,1,3,0
59,4,1358.25,621.89,29.05,20.76,1,5,0
59,5,713.14,660.62,14.01,9.54,1,0,0
59,3,1541.80,624.59,6.34,11.52,1,3,0
60,4,1359.74,623.58,28.28,19.88,1,5,0
60,5,712.40,660.64,13.87,9.54,1,0,0
61,4,1356.79,622.84,28.04,20.98,1,5,0
61,5,707.95,660.99,14.13,9.54,1,0,0
61,11,727.21,664.42,17.31,5.78,1,1,0
62,4,1350.17,628.07,28.98,21.61,1,5,0
62,5,700.24,659.20,13.29,9.16,1,0,0
62,11,718.90,661.74,15.50,6.11,1,1,0
63,4,1348.08,629.57,28.11,20.49,1,5,0
63,5,697.26,657.50,12.67,9.57,1,0,0
63,11,717.21,660.17,16.27,6.15,1,1,0
64,4,1345.14,628.86,27.86,21.15,1,5,0
64,5,691.82,659.32,12.94,9.30,1,0,0
64,11,709.08,661.84,15.78,6.21,1,1,0
64,3,1530.13,634.69,6.07,10.86,1,3,0
65,4,1346.43,629.07,27.98,21.01,1,5,0
65,5,692.76,659.52,13.14,9.34,1,0,0
66,4,1346.30,628.35,28.48,22.73,1,5,0
66,5,691.40,660.34,12.99,9.51,1,0,0
67,4,1351.92,629.01,28.77,20.72,1,5,0
67,5,695.63,661.59,12.81,9.34,1,0,0
67,3,1540.26,635.31,5.06,8.63,1,3,0
68,4,1362.06,625.16,28.04,21.11,1,5,0
68,5,704.09,665.29,13.22,9.43,1,0,0
68,3,1551.46,629.60,5.20,9.11,1,3,0
69,4,1359.09,623.78,29.93,21.39,1,5,0
69,5,701.63,669.71,12.80,9.16,1,0,0
69,11,716.51,672.65,13.78,5.03,1,1,0
70,4,1358.77,626.07,29.45,21.67,1,5,0
70,5,699.49,669.38,13.19,9.47,1,0,0
70,11,714.52,672.66,14.77,5.22,1,1,0
71,4,1358.95,625.65,29.89,21.37,1,5,0
71,5,699.24,669.69,12.95,9.48,1,0,0
71,11,714.37,672.53,14.16,5.60,1,1,0
71,3,1551.63,630.13,5.23,8.64,1,3,0
72,4,1359.75,625.19,29.30,21.23,1,5,0
72,5,699.03,669.74,12.78,9.44,1,0,0
72,11,712.19,672.72,15.45,5.53,1,1,0
73,4,1360.58,627.60,29.05,21.78,1,5,0
73,5,697.44,669.60,12.94,9.60,1,0,0
73,11,711.79,673.00,13.41,5.41,1,1,0
73,3,1553.76,632.34,5.44,8.85,1,3,0
74,4,1360.94,625.46,29.26,21.78,1,5,0
74,5,697.32,671.74,12.52,9.42,1,0,0
74,11,711.28,673.87,13.51,6.35,1,1,0
75,4,1362.17,625.55,29.52,22.36,1,5,0
75,5,697.74,673.57,13.07,9.56,1,0,0
75,11,711.06,676.44,13.60,6.35,1,1,0
76,4,1364.25,626.54,29.41,21.86,1,5,0
76,5,698.02,673.72,12.04,9.03,1,0,0
76,11,710.66,676.16,13.05,6.30,1,1,0
77,4,1367.67,625.25,29.00,21.43,1,5,0
77,11,713.12,678.26,13.16,5.97,1,1,0
78,4,1368.01,626.86,29.29,21.70,1,5,0
78,11,712.07,677.04,12.12,6.09,1,1,0
78,3,1563.98,629.02,5.67,10.47,1,3,0
79,4,1363.63,627.01,29.10,21.79,1,5,0
80,4,1356.24,631.57,29.46,22.51,1,5,0
80,3,1554.12,634.82,5.78,10.63,1,3,0
81,4,1355.60,632.38,29.40,22.38,1,5,0
81,3,1554.30,636.49,5.69,9.77,1,3,0
81,5,683.74,673.65,12.37,9.10,1,0,0
82,4,1356.19,632.27,29.42,21.73,1,5,0
82,3,1555.14,634.78,6.25,11.02,1,3,0
83,4,1355.02,631.88,29.04,21.57,1,5,0
83,3,1555.09,634.35,5.54,9.99,1,3,0
83,5,680.32,677.97,11.84,9.01,1,0,0
84,4,1350.86,630.37,30.17,22.81,1,5,0
84,3,1552.35,632.73,5.26,9.35,1,3,0
84,5,676.10,681.53,12.70,9.77,1,0,0
84,11,688.01,685.09,10.17,5.22,1,1,0
85,4,1351.70,630.57,29.67,21.89,1,5,0
85,3,1553.72,632.17,5.39,9.27,1,3,0
85,5,675.77,682.21,12.53,9.65,1,0,0
85,11,687.61,685.29,10.65,5.52,1,1,0
86,4,1348.02,631.71,28.95,22.09,1,5,0
86,3,1550.92,633.58,5.25,9.63,1,3,0
86,5,670.15,682.81,11.82,9.18,1,0,0
87,4,1344.97,634.85,29.60,22.21,1,5,0
87,3,1547.83,636.91,5.75,10.87,1,3,0
87,5,665.59,682.48,11.60,9.31,1,0,0
87,11,676.16,685.54,9.22,5.48,1,1,0
88,4,1341.60,635.78,29.18,22.19,1,5,0
88,3,1545.30,638.30,6.27,11.01,1,3,0
88,5,659.62,681.57,12.16,9.49,1,0,0
88,11,671.50,685.10,11.41,5.09,1,1,0
89,4,1340.52,637.12,30.25,23.13,1,5,0
89,3,1545.95,642.78,5.90,10.14,1,3,0
89,5,658.40,679.46,12.55,9.25,1,0,0
89,11,668.66,682.85,11.31,5.32,1,1,0
90,4,1339.39,638.83,30.64,22.34,1,5,0
90,3,1545.87,643.62,5.73,10.38,1,3,0
90,5,656.87,679.87,12.23,9.31,1,0,0
91,4,1336.37,638.43,30.45,22.45,1,5,0
91,3,1542.76,643.08,5.28,9.33,1,3,0
91,5,652.28,682.54,12.92,9.69,1,0,0
92,4,1339.09,637.22,30.34,22.78,1,5,0
92,3,1547.28,640.07,5.54,10.26,1,3,0
92,5,653.10,685.41,12.31,9.37,1,0,0
93,4,1340.86,635.76,31.00,22.85,1,5,0
93,3,1548.78,636.13,6.19,11.28,1,3,0
93,5,654.62,688.94,12.11,9.68,1,0,0
94,4,1343.41,635.29,30.33,23.16,1,5,0
94,3,1552.61,636.62,5.99,10.22,1,3,0
94,5,655.42,689.44,12.47,9.86,1,0,0
95,4,1347.87,636.59,31.24,22.89,1,5,0
95,5,658.99,688.70,12.75,9.32,1,0,0
96,4,1346.55,636.27,30.61,23.12,1,5,0
96,5,656.18,689.77,12.80,9.62,1,0,0
97,4,1338.73,641.73,30.46,23.16,1,5,0
97,5,647.00,689.30,13.65,9.54,1,0,0
97,3,1551.28,645.62,5.44,9.65,1,3,0
98,4,1339.33,642.76,30.70,23.13,1,5,0
98,3,1552.00,648.06,5.20,8.28,1,3,0
99,4,1339.85,641.96,30.71,22.79,1,5,0
99,3,1553.65,647.67,4.92,7.74,1,3,0
100,4,1343.75,642.42,30.91,23.01,1,5,0
100,5,648.21,688.98,13.11,9.27,1,0,0
101,4,1339.53,644.58,31.11,23.70,1,5,0
101,5,643.04,689.67,13.25,9.63,1,0,0
101,3,1554.53,647.81,6.26,11.52,1,3,0
102,4,1340.48,651.11,30.58,22.63,1,5,0
102,5,641.10,684.01,13.21,9.28,1,0,0
103,4,1347.77,651.32,30.40,22.95,1,5,0
103,5,646.68,682.06,13.68,9.35,1,0,0
103,3,1564.73,660.20,5.84,9.68,1,3,0
104,4,1350.40,650.14,32.01,23.33,1,5,0
104,5,650.21,683.78,12.77,9.14,1,0,0
105,4,1358.97,653.58,30.68,23.37,1,5,0
105,5,655.98,685.34,12.84,9.39,1,0,0
105,3,1578.51,660.70,6.31,10.56,1,3,0
106,4,1365.15,652.42,31.14,24.68,1,5,0
106,5,660.85,682.52,12.80,9.24,1,0,0
107,4,1369.14,650.99,33.06,24.43,1,5,0
107,5,664.35,684.41,13.30,9.86,1,0,0
107,3,1592.72,657.20,6.92,12.76,1,3,0
108,4,1371.24,651.33,32.58,23.67,1,5,0
108,5,665.28,684.92,13.18,9.81,1,0,0
108,3,1595.18,657.57,6.59,11.80,1,3,0
109,4,1372.48,652.91,32.59,24.60,1,5,0
109,3,1596.73,660.58,6.41,11.32,1,3,0
110,4,1376.12,653.18,32.44,24.37,1,5,0
110,3,1602.74,660.40,6.48,11.77,1,3,0
111,4,1384.19,654.87,32.55,24.23,1,5,0
111,5,674.76,684.15,12.28,9.47,1,0,0
112,4,1389.03,655.84,32.78,23.97,1,5,0
112,5,676.43,683.71,13.27,9.80,1,0,0
112,3,1618.01,664.23,6.27,10.69,1,3,0
113,4,1390.62,656.14,32.47,24.25,1,5,0
113,5,678.65,684.96,11.97,9.44,1,0,0
113,3,1620.38,664.55,6.12,11.31,1,3,0
114,4,1394.00,657.16,32.14,23.81,1,5,0
114,5,679.92,685.90,12.53,9.76,1,0,0
114,3,1625.10,666.23,5.93,9.86,1,3,0
115,4,1404.77,656.58,32.83,24.55,1,5,0
115,5,687.05,685.40,13.57,9.83,1,0,0
115,3,1636.46,665.43,6.09,10.88,1,3,0
116,4,1417.09,655.55,33.09,24.31,1,5,0
116,5,699.16,685.50,12.15,9.86,1,0,0
117,4,1418.91,654.52,34.00,24.03,1,5,0
117,5,701.77,690.52,12.12,9.22,1,0,0
118,4,1418.05,657.67,33.83,24.47,1,5,0
118,5,699.64,691.35,12.53,9.52,1,0,0
119,4,1427.20,663.07,33.11,25.33,1,5,0
119,5,706.81,682.48,12.50,9.47,1,0,0
119,11,699.50,685.52,9.67,6.12,1,1,0
120,4,1433.35,664.86,33.52,24.91,1,5,0
120,5,711.29,681.73,11.81,9.23,1,0,0
120,3,1673.35,678.96,5.93,10.19,1,3,0
121,4,1437.96,664.03,33.70,24.96,1,5,0
121,5,713.42,684.33,12.50,9.63,1,0,0
121,3,1678.80,675.65,6.62,11.72,1,3,0
121,11,703.60,688.36,11.20,5.22,1,1,0
122,4,1442.85,663.79,35.43,25.52,1,5,0
122,5,717.82,685.21,13.28,9.92,1,0,0
122,3,1686.00,675.78,6.83,11.65,1,3,0
123,4,1452.97,661.37,35.37,24.74,1,5,0
123,5,724.74,687.21,12.78,9.55,1,0,0
123,3,1699.09,671.33,6.44,11.50,1,3,0
124,4,1463.13,661.97,34.62,24.05,1,5,0
124,5,724.20,691.01,12.09,6.16,1,1,0
124,3,1710.38,670.25,6.56,11.97,1,3,0
125,4,1468.35,665.35,34.37,24.15,1,5,0
125,5,735.32,685.66,13.32,10.17,1,0,0
125,11,726.33,690.15,11.74,5.58,1,1,0
126,4,1476.20,669.24,35.63,24.53,1,5,0
126,5,742.49,684.81,12.12,9.28,1,0,0
126,11,730.53,688.21,13.00,6.14,1,1,0
127,4,1482.83,672.82,35.36,23.98,1,5,0
127,5,747.52,682.65,12.72,9.71,1,0,0
128,4,1492.17,678.82,35.62,24.35,1,5,0
128,5,754.52,678.59,12.92,9.52,1,0,0
128,3,1746.95,697.17,6.11,10.62,1,3,0
128,11,742.71,681.93,12.78,5.76,1,1,0
129,4,1500.76,677.57,37.60,25.52,1,5,0
129,5,761.62,678.27,13.18,10.08,1,0,0
129,3,1757.88,694.14,7.40,13.44,1,3,0
130,4,1514.18,680.04,36.77,24.75,1,5,0
130,5,772.41,680.41,12.64,10.14,1,0,0
130,11,761.07,683.74,12.39,6.30,1,1,0
131,4,1525.00,681.00,36.91,24.74,1,5,0
131,5,781.12,681.07,12.81,9.57,1,0,0
131,11,766.31,684.45,14.79,5.63,1,1,0
132,4,1532.77,679.33,36.54,25.20,1,5,0
132,5,785.73,681.21,12.70,9.67,1,0,0
132,11,773.58,684.84,12.44,5.14,1,1,0
133,4,1541.52,678.03,36.86,25.23,1,5,0
133,5,792.22,682.67,13.21,9.47,1,0,0
133,3,1806.68,694.76,6.89,11.26,1,3,0
134,4,1548.34,677.66,37.26,24.84,1,5,0
134,5,796.62,685.81,12.77,9.64,1,0,0
134,3,1815.95,692.31,7.27,12.65,1,3,0
135,4,1555.02,678.95,37.36,25.17,1,5,0
135,5,800.88,685.51,13.56,9.76,1,0,0
136,4,1564.84,681.06,37.44,24.80,1,5,0
136,5,809.17,683.53,13.63,10.04,1,0,0
136,11,793.00,687.53,15.35,5.92,1,1,0
136,3,1836.75,696.48,7.93,13.54,1,3,0
137,4,1573.77,679.52,38.60,25.58,1,5,0
137,5,816.52,684.04,13.07,9.30,1,0,0
137,11,800.04,687.81,14.47,5.37,1,1,0
138,4,1579.03,680.74,37.09,25.20,1,5,0
138,5,818.55,685.98,13.70,10.15,1,0,0
138,11,802.19,690.13,15.04,5.57,1,1,0
138,3,1855.01,695.99,7.58,12.46,1,3,0
139,4,1591.78,685.04,38.78,25.33,1,5,0
139,5,828.75,684.92,13.69,9.69,1,0,0
140,4,1603.79,687.76,38.58,25.07,1,5,0
140,5,838.00,683.85,13.26,9.63,1,0,0
140,11,819.32,687.38,16.92,5.84,1,1,0
140,3,1886.18,707.29,6.77,11.88,1,3,0
141,4,1616.69,687.70,39.13,25.40,1,5,0
141,5,847.47,684.92,13.37,9.57,1,0,0
141,11,825.00,688.47,18.31,5.69,1,1,0
141,3,1902.15,706.58,6.75,12.04,1,3,0
142,4,1619.17,686.97,40.22,25.64,1,5,0
142,5,848.64,686.64,13.45,10.32,1,0,0
142,11,827.73,690.21,17.50,5.80,1,1,0
142,3,1906.43,705.30,7.05,12.58,1,3,0
143,4,1631.87,692.88,40.83,25.55,1,5,0
143,5,858.39,685.44,13.41,9.62,1,0,0
143,11,840.46,689.12,16.01,5.69,1,1,0
144,4,1644.71,692.51,40.39,25.64,1,5,0
144,5,867.41,685.42,13.60,10.31,1,0,0
144,11,847.88,688.97,16.31,5.74,1,1,0
145,4,1656.48,688.35,40.91,25.33,1,5,0
145,5,874.90,686.29,14.71,10.61,1,0,0
146,4,1664.38,688.40,41.01,25.44,1,5,0
146,5,880.32,688.97,14.03,10.31,1,0,0
146,11,862.13,692.47,17.22,6.35,1,1,0
147,4,1680.75,688.32,41.41,25.54,1,5,0
147,5,894.05,688.55,13.31,10.42,1,0,0
148,4,1692.11,686.12,41.79,25.80,1,5,0
148,5,901.85,689.07,12.95,9.94,1,0,0
149,4,1703.57,685.97,41.67,25.71,1,5,0
149,5,907.59,690.67,14.36,10.44,1,0,0
149,11,889.63,693.75,16.05,6.60,1,1,0
150,4,1715.97,686.46,42.06,25.92,1,5,0
150,5,918.62,690.43,13.10,9.98,1,0,0
150,11,895.34,692.61,19.04,7.17,1,1,0
151,4,1728.92,686.41,43.14,26.64,1,5,0
151,5,927.73,691.16,12.89,9.80,1,0,0
151,11,907.88,694.02,15.75,5.95,1,1,0
152,4,1740.30,684.93,43.56,26.69,1,5,0
152,5,934.92,691.99,12.98,10.03,1,0,0
152,11,912.52,695.09,16.53,5.86,1,1,0
153,4,1752.63,688.22,42.94,26.75,1,5,0
153,5,942.42,692.54,12.64,10.09,1,0,0
153,11,918.23,695.68,16.53,6.00,1,1,0
154,4,1763.69,693.18,44.45,27.22,1,5,0
154,5,950.47,690.69,14.41,10.49,1,0,0
155,4,1772.10,694.10,44.13,27.01,1,5,0
155,5,955.93,690.52,12.69,10.27,1,0,0
155,11,931.20,693.18,17.07,6.46,1,1,0
156,4,1780.90,693.69,44.60,27.29,1,5,0
156,5,961.06,693.26,12.35,9.78,1,0,0
156,11,939.40,695.81,15.45,6.00,1,1,0
157,4,1793.68,697.53,44.71,27.40,1,5,0
157,5,969.05,692.15,12.92,10.19,1,0,0
157,11,942.26,694.79,16.94,6.56,1,1,0
158,4,1807.42,698.23,44.49,27.00,1,5,0
158,5,978.92,692.12,13.05,10.52,1,0,0
158,11,957.93,695.11,15.33,6.25,1,1,0
159,4,1817.17,694.27,44.80,26.97,1,5,0
159,5,984.38,693.36,12.90,10.15,1,0,0
159,11,964.07,696.29,14.71,6.32,1,1,0
160,4,1827.27,688.97,45.64,27.54,1,5,0
160,5,990.31,694.18,14.02,10.49,1,0,0
160,11,968.89,696.59,16.79,7.11,1,1,0
161,4,1841.05,683.79,46.41,28.21,1,5,0
162,4,1854.65,669.47,47.27,28.07,1,5,0
162,5,1009.76,695.23,12.81,10.12,1,0,0
162,11,987.64,697.49,16.03,7.29,1,1,0
163,4,1860.15,665.11,46.84,28.32,1,5,0
163,5,1011.41,697.51,11.94,9.71,1,0,0
164,4,1862.15,664.17,47.26,28.24,1,5,0
164,5,1010.24,697.58,13.54,9.89,1,0,0
165,4,1867.80,664.31,47.54,29.14,1,5,0
166,4,1869.94,658.22,48.51,28.96,1,5,0
166,11,1011.83,697.82,12.92,10.90,1,0,0
167,4,1869.16,664.15,48.43,29.78,1,5,0
167,11,1006.78,700.56,12.83,10.43,1,0,0
168,4,1877.92,663.90,42.08,29.81,1,5,0
169,4,1892.04,657.15,27.96,27.49,1,5,0
170,4,1901.70,644.55,18.30,27.01,1,5,0
170,5,1028.10,701.09,12.47,10.99,1,0,0
170,11,1006.42,705.02,16.15,6.84,1,1,0
171,4,1905.84,655.58,14.16,18.50,1,5,0
171,5,1028.14,702.19,12.55,10.68,1,0,0
171,11,1004.88,706.10,15.10,6.60,1,1,0
172,4,1756.12,634.49,47.24,28.53,1,5,0
172,11,902.76,693.74,12.72,10.86,1,0,0
174,5,1116.31,663.88,40.79,24.65,1,5,0
175,5,1103.30,650.55,41.64,26.39,1,5,0
176,5,1106.29,649.79,39.93,25.89,1,5,0
177,5,1121.65,685.25,41.91,26.35,1,5,0
178,5,1120.52,648.92,42.19,26.73,1,5,0
179,5,1121.42,612.64,41.85,27.23,1,5,0
180,5,1119.45,558.36,42.74,26.58,1,5,0
180,19,242.79,604.49,13.57,11.62,1,0,0
181,5,1116.91,584.85,43.90,26.16,1,5,0
182,5,1128.19,688.87,42.44,26.84,1,5,0
182,22,1453.79,680.81,8.70,14.89,1,3,0
183,5,1132.95,650.69,43.04,25.95,1,5,0
183,19,242.95,702.23,13.34,11.75,1,0,0
184,5,1136.16,560.39,44.27,27.67,1,5,0
184,23,216.44,608.81,21.07,8.51,1,1,0
184,19,243.26,605.23,14.30,12.45,1,0,0
185,5,1147.52,619.14,42.49,26.21,1,5,0
185,22,1482.83,614.58,7.87,13.79,1,3,0
186,5,1157.45,646.46,43.25,26.67,1,5,0
186,22,1495.99,638.82,7.56,12.35,1,3,0
187,5,1160.07,617.25,44.36,27.41,1,5,0
187,22,1500.67,611.37,7.21,13.67,1,3,0
187,23,234.83,694.43,15.10,6.57,1,1,0
187,19,260.34,689.71,14.40,10.41,1,0,0
188,5,1162.72,587.99,43.87,26.72,1,5,0
188,22,1505.33,582.31,7.05,12.52,1,3,0
188,23,236.21,666.32,18.23,8.00,1,1,0
188,19,262.39,661.53,14.14,11.41,1,0,0
189,5,1167.13,573.98,46.17,29.09,1,5,0
189,22,1513.35,563.77,7.97,13.66,1,3,0
189,23,240.00,664.62,17.77,7.03,1,1,0
189,19,263.91,660.06,14.06,10.60,1,0,0
190,5,1173.90,572.74,45.83,28.75,1,5,0
190,22,1522.73,560.86,8.12,15.03,1,3,0
190,23,241.94,665.64,18.62,6.66,1,1,0
190,19,268.16,660.21,14.21,11.08,1,0,0
191,5,1172.85,555.65,45.10,27.06,1,5,0
191,22,1525.22,550.94,7.17,11.55,1,3,0
191,23,239.76,632.75,18.30,7.18,1,1,0
191,19,263.59,628.20,14.79,11.42,1,0,0
192,5,1182.21,571.96,44.97,28.00,1,5,0
192,22,1537.42,567.34,8.12,12.79,1,3,0
193,5,1190.39,606.67,43.97,26.66,1,5,0
194,5,1195.93,600.61,45.79,27.54,1,5,0
194,19,276.61,679.84,13.43,10.99,1,0,0
195,5,1198.69,563.38,45.58,27.41,1,5,0
195,19,278.36,639.67,13.42,11.46,1,0,0
195,23,253.61,643.81,17.89,7.38,1,1,0
195,22,1561.36,554.64,7.79,13.65,1,3,0
196,5,1204.95,543.03,46.04,27.55,1,5,0
196,19,279.81,620.48,14.56,11.69,1,0,0
196,23,255.98,625.19,18.20,7.38,1,1,0
196,22,1570.72,535.52,8.30,13.50,1,3,0
197,5,1213.15,574.30,47.71,28.18,1,5,0
198,5,1223.74,588.99,46.90,28.44,1,5,0
198,19,292.43,667.40,13.56,11.92,1,0,0
198,23,269.53,671.93,17.49,7.76,1,1,0
198,22,1597.40,579.90,8.28,13.86,1,3,0
199,5,1226.92,572.55,47.17,27.54,1,5,0
199,19,290.79,645.22,15.09,11.54,1,0,0
199,23,267.09,649.76,18.76,7.23,1,1,0
200,5,1230.35,568.43,49.10,28.71,1,5,0
200,19,292.72,640.44,15.24,11.49,1,0,0
200,23,270.76,644.25,18.37,7.49,1,1,0
200,22,1612.04,561.58,8.67,15.39,1,3,0
201,5,1235.36,571.99,48.38,28.84,1,5,0
201,19,293.25,639.02,15.15,11.91,1,0,0
201,23,270.15,643.39,17.64,7.51,1,1,0
201,22,1620.90,566.76,8.17,15.88,1,3,0
202,5,1234.34,563.08,47.93,27.83,1,5,0
202,19,292.20,643.72,13.35,11.25,1,0,0
202,23,280.22,648.49,12.22,6.23,1,1,0
202,22,1621.17,552.76,7.83,14.03,1,3,0
203,5,1254.59,605.85,47.68,28.75,1,5,0
203,19,305.24,695.54,14.27,10.98,1,0,0
203,22,1645.20,590.61,9.14,16.47,1,3,0
204,5,1265.27,600.75,46.23,28.07,1,5,0
204,19,312.54,679.12,14.68,10.91,1,0,0
204,22,1660.49,591.42,7.19,12.79,1,3,0
204,23,288.87,684.10,14.97,6.45,1,1,0
205,5,1259.46,491.60,49.52,26.03,1,5,0
205,19,304.35,554.95,16.59,14.11,1,0,0
205,22,1657.93,487.78,7.52,12.56,1,3,0
205,23,282.86,560.86,15.04,7.90,1,1,0
206,5,1268.67,542.62,47.96,26.47,1,5,0
206,22,1671.58,531.67,8.41,13.31,1,3,0
207,5,1279.48,640.26,48.50,27.24,1,5,0
207,22,1686.86,628.93,7.97,13.73,1,3,0
207,23,314.57,719.31,14.49,12.24,1,0,0
208,5,1282.68,634.87,49.93,30.13,1,5,0
208,22,1691.96,629.67,9.21,15.57,1,3,0
208,23,315.14,704.69,14.69,11.81,1,0,0
209,5,1283.40,637.05,50.70,30.29,1,5,0
209,22,1697.13,632.74,9.31,16.26,1,3,0
209,23,312.08,703.11,14.33,11.32,1,0,0
209,19,289.39,706.53,17.86,7.62,1,1,0
210,5,1289.17,636.15,48.82,29.48,1,5,0
210,22,1705.44,625.99,8.93,17.26,1,3,0
210,23,312.38,708.18,14.86,11.55,1,0,0
210,19,288.88,711.24,19.42,9.05,1,1,0
211,22,1898.57,626.93,9.33,17.88,1,3,0
211,4,1453.63,634.77,52.82,30.19,1,5,0
211,11,479.31,696.77,15.75,11.00,1,0,0
213,24,1091.50,676.63,17.44,7.17,1,1,0
214,24,1158.12,721.30,13.31,10.96,1,0,0
215,24,1168.63,744.14,13.40,11.07,1,0,0
216,24,1165.60,703.21,13.27,10.35,1,0,0
217,24,1158.30,613.96,13.38,11.21,1,0,0
218,24,1166.49,647.53,14.83,11.62,1,0,0
219,24,1170.11,695.27,15.85,10.62,1,0,0
220,24,1171.47,691.63,14.05,11.10,1,0,0
221,24,1172.93,655.06,13.80,11.01,1,0,0
221,27,1153.94,658.51,18.59,7.78,1,1,0
222,24,1168.41,629.36,13.50,11.36,1,0,0
222,27,1150.09,632.82,17.72,7.60,1,1,0
223,24,1153.30,640.67,13.88,11.08,1,0,0
223,27,1133.53,644.10,18.67,7.49,1,1,0
224,24,1146.19,678.49,13.66,11.59,1,0,0
224,27,1129.92,682.72,15.37,7.01,1,1,0
226,24,1144.04,678.05,13.76,11.37,1,0,0
226,27,1127.51,681.77,15.84,7.83,1,1,0
227,24,1135.60,677.93,14.59,11.71,1,0,0
227,27,1119.68,682.45,15.82,7.21,1,1,0
230,24,1130.66,679.11,13.50,11.14,1,0,0
230,27,1113.18,682.60,17.93,7.77,1,1,0
231,24,1120.07,682.29,14.18,11.56,1,0,0
231,27,1103.50,686.32,16.67,7.95,1,1,0
234,24,1126.63,677.26,13.90,11.94,1,0,0
234,27,1111.56,681.37,15.51,7.96,1,1,0
235,24,1115.21,681.72,13.23,10.42,1,0,0
235,27,1100.24,684.99,14.79,7.33,1,1,0
238,24,1115.93,679.63,13.78,11.29,1,0,0
238,27,1099.27,683.59,16.88,8.06,1,1,0
239,24,1098.61,680.11,13.96,11.31,1,0,0
239,27,1084.40,684.42,14.19,6.88,1,1,0
242,24,1109.06,677.12,13.40,10.88,1,0,0
242,27,1094.04,681.44,14.40,6.99,1,1,0
243,27,1091.41,682.25,13.23,11.21,1,0,0
246,27,1081.10,681.66,15.23,7.33,1,1,0
246,24,1095.92,677.24,13.39,11.49,1,0,0
247,27,1064.58,685.87,16.51,7.41,1,1,0
247,24,1081.49,681.69,14.50,11.36,1,0,0
250,4,1321.79,508.04,66.00,32.41,1,5,0
250,11,148.47,615.68,14.02,12.12,1,0,0
251,4,1138.91,496.22,65.26,31.11,1,5,0
252,4,1102.99,524.78,65.07,31.96,1,5,0
253,4,1111.68,526.06,64.56,31.98,1,5,0
254,4,1113.71,456.85,64.24,32.82,1,5,0
254,30,1692.58,433.47,9.38,15.08,1,3,0
255,4,1146.59,497.76,64.85,33.43,1,5,0
256,4,1163.71,569.92,66.74,32.13,1,5,0
257,4,1183.22,596.87,65.08,32.37,1,5,0
257,30,1780.28,545.69,10.94,19.38,1,3,0
258,4,1182.71,496.81,64.89,30.71,1,5,0
258,30,1784.47,472.03,11.05,18.03,1,3,0
259,4,1190.63,449.19,65.06,33.00,1,5,0
259,30,1797.31,422.22,13.26,18.13,1,3,0
260,4,1213.88,543.64,64.13,32.14,1,5,0
261,4,1151.41,565.06,66.42,32.31,1,5,0
261,30,1754.29,520.76,14.95,19.21,1,3,0
262,4,1131.38,556.80,65.87,32.60,1,5,0
262,30,1738.69,518.63,8.38,15.34,1,3,0
263,4,1127.60,594.99,64.82,31.96,1,5,0
263,30,1739.35,567.86,11.07,17.05,1,3,0
264,4,1122.86,635.38,66.25,34.15,1,5,0
264,30,1737.40,608.48,10.86,19.69,1,3,0
265,4,1124.88,630.43,68.34,35.60,1,5,0
265,30,1742.86,596.18,10.88,20.52,1,3,0
266,4,1127.34,675.97,69.54,33.59,1,5,0
266,30,1747.15,630.08,12.07,20.93,1,3,0
267,4,1127.66,691.28,66.13,35.42,1,5,0
267,30,1749.20,654.19,11.65,20.65,1,3,0
268,4,1126.58,641.58,66.74,34.80,1,5,0
268,30,1751.28,616.28,10.66,17.94,1,3,0
269,4,1123.05,603.55,69.89,34.52,1,5,0
269,30,1751.95,576.01,10.35,18.50,1,3,0
270,4,1125.68,604.75,68.43,36.73,1,5,0
270,30,1755.31,570.50,11.33,19.95,1,3,0
271,4,1130.49,630.81,67.60,37.61,1,5,0
271,30,1762.07,591.33,10.89,19.26,1,3,0
272,4,1131.28,656.98,68.16,35.67,1,5,0
272,30,1765.08,614.01,12.00,20.25,1,3,0
273,4,1130.45,659.19,68.00,34.76,1,5,0
273,30,1766.23,623.90,11.85,20.86,1,3,0
274,4,1124.80,635.55,68.02,36.20,1,5,0
274,30,1763.27,610.07,11.21,20.95,1,3,0
275,4,1128.26,614.52,68.52,35.74,1,5,0
275,30,1770.05,593.08,11.17,19.96,1,3,0
276,4,1129.06,612.63,67.96,36.25,1,5,0
277,4,1128.98,625.71,69.12,35.74,1,5,0
277,30,1774.37,589.23,11.24,20.36,1,3,0
278,4,1137.98,661.00,69.41,36.40,1,5,0
278,30,1787.51,610.81,11.36,20.00,1,3,0
279,4,1144.33,672.70,71.51,36.62,1,5,0
279,30,1797.57,622.18,11.61,21.21,1,3,0
280,4,1148.38,630.60,69.58,35.42,1,5,0
280,30,1803.10,589.77,11.18,19.39,1,3,0
281,4,1146.18,571.54,69.31,37.01,1,5,0
281,30,1802.79,530.80,10.85,20.20,1,3,0
282,4,1111.21,566.29,70.28,36.85,1,5,0
282,30,1764.05,518.78,10.58,18.34,1,3,0
283,4,1106.90,591.76,71.53,37.02,1,5,0
283,30,1760.95,543.74,11.22,20.06,1,3,0
284,4,1101.63,618.78,69.21,36.95,1,5,0
284,30,1757.31,589.09,11.12,19.75,1,3,0
285,4,1099.01,634.25,67.38,35.88,1,5,0
285,30,1755.28,611.03,10.89,20.31,1,3,0
286,4,1091.13,621.71,67.66,35.01,1,5,0
286,30,1749.79,604.47,10.97,19.71,1,3,0
287,4,1087.72,638.36,70.14,36.46,1,5,0
288,4,1093.79,683.84,69.37,37.20,1,5,0
288,30,1758.52,652.41,10.47,19.25,1,3,0
289,4,1094.03,689.63,69.54,36.01,1,5,0
289,30,1759.85,660.39,11.03,21.98,1,3,0
290,4,1089.43,645.40,69.85,35.72,1,5,0
290,30,1757.72,627.91,10.39,16.36,1,3,0
291,4,1091.96,619.84,70.04,36.81,1,5,0
291,30,1761.15,594.49,11.77,21.63,1,3,0
292,4,1097.03,636.29,71.02,36.74,1,5,0
292,30,1770.34,607.92,10.71,19.76,1,3,0
293,4,1092.42,642.36,71.26,36.30,1,5,0
293,30,1767.63,613.77,10.92,20.76,1,3,0
294,4,1091.26,631.33,72.07,36.99,1,5,0
294,30,1768.09,596.72,10.80,20.54,1,3,0
295,4,1094.79,650.54,72.01,37.59,1,5,0
296,4,1095.15,667.32,73.46,39.37,1,5,0
296,30,1775.78,625.54,11.19,19.62,1,3,0
297,4,1091.57,651.08,71.61,37.52,1,5,0
297,30,1771.29,608.08,11.17,19.68,1,3,0
298,4,1082.85,599.32,72.58,37.42,1,5,0
298,30,1762.85,553.44,11.33,19.85,1,3,0
299,4,1076.54,567.55,72.23,39.41,1,5,0
299,30,1758.13,520.78,10.49,18.27,1,3,0
300,4,1068.90,551.18,73.08,38.64,1,5,0
300,30,1750.52,506.64,10.77,16.67,1,3,0
301,4,1063.29,561.93,72.08,37.97,1,5,0
301,30,1745.25,515.27,12.01,20.45,1,3,0
302,4,1053.87,596.18,72.96,37.55,1,5,0
302,30,1736.20,553.13,10.87,20.57,1,3,0
303,4,1041.73,633.97,72.40,35.81,1,5,0
303,30,1724.91,594.57,11.71,19.77,1,3,0
304,4,1021.03,646.44,71.68,35.83,1,5,0
304,30,1703.36,616.73,11.16,21.07,1,3,0
305,4,1004.30,623.98,72.25,36.02,1,5,0
305,30,1686.90,600.56,10.97,21.06,1,3,0
306,4,985.05,607.98,72.49,36.55,1,5,0
306,30,1667.78,586.49,10.09,19.37,1,3,0
307,4,970.16,602.93,71.93,37.82,1,5,0
308,4,954.08,593.41,72.63,37.77,1,5,0
308,30,1633.70,564.11,11.17,21.02,1,3,0
309,4,936.51,591.67,72.98,37.84,1,5,0
309,30,1615.94,555.98,10.19,20.21,1,3,0
310,4,913.95,608.67,73.19,37.61,1,5,0
310,30,1592.32,570.12,9.73,18.45,1,3,0
311,4,890.79,608.38,73.90,37.52,1,5,0
311,30,1568.17,568.26,9.84,19.22,1,3,0
312,4,870.79,592.58,74.08,38.23,1,5,0
312,30,1546.63,550.00,9.92,19.23,1,3,0
313,4,833.81,578.80,79.10,42.85,1,5,0
313,30,1511.60,544.04,11.32,18.53,1,3,0
314,4,833.75,630.15,72.18,37.05,1,5,0
314,30,1510.96,606.25,11.14,17.43,1,3,0
315,4,840.42,720.02,73.81,37.36,1,5,0
315,30,1523.70,724.79,11.60,23.00,1,3,0
316,4,857.52,790.00,73.04,36.14,1,5,0
316,30,1549.56,814.86,10.53,21.79,1,3,0
317,30,1525.58,820.52,81.11,40.63,1,5,0
319,32,830.93,690.23,16.62,12.86,1,0,0
319,33,803.84,693.25,25.00,9.11,1,1,0
320,32,863.73,733.33,15.93,11.89,1,0,0
320,33,840.33,737.18,23.67,8.34,1,1,0
321,32,874.62,779.47,15.29,11.62,1,0,0
321,33,851.36,783.49,21.95,8.84,1,1,0
322,32,878.37,781.62,16.07,12.24,1,0,0
322,33,855.89,786.16,22.60,8.17,1,1,0
323,32,871.49,755.47,16.44,11.29,1,0,0
323,33,849.61,759.03,21.08,8.05,1,1,0
324,32,845.27,701.20,15.81,10.63,1,0,0
324,33,821.34,703.04,21.82,7.94,1,1,0
325,32,822.43,663.87,17.12,10.81,1,0,0
325,33,799.66,665.49,21.74,7.97,1,1,0
326,32,814.07,679.19,16.05,10.94,1,0,0
326,33,790.20,680.49,21.52,7.94,1,1,0
327,32,804.28,725.48,14.44,10.31,1,0,0
328,32,798.33,719.01,16.48,11.45,1,0,0
328,33,770.33,720.47,23.84,8.41,1,1,0
329,32,799.48,690.94,16.72,10.95,1,0,0
329,33,772.79,691.90,21.58,8.55,1,1,0
332,37,1146.97,614.73,78.40,39.91,1,5,0
333,37,1146.54,612.57,78.32,43.21,1,5,0
333,38,1904.27,552.13,11.95,21.67,1,3,0
334,37,1132.95,653.24,77.52,41.32,1,5,0
334,38,1889.73,593.73,11.81,21.33,1,3,0
335,37,1108.63,616.27,78.62,41.24,1,5,0
335,38,1867.01,575.98,11.51,21.22,1,3,0
336,37,1093.63,576.96,76.23,39.38,1,5,0
336,38,1848.44,549.25,11.96,22.01,1,3,0
337,37,1081.91,578.41,78.42,39.24,1,5,0
337,38,1838.18,549.38,12.42,21.91,1,3,0
338,37,1076.87,664.47,79.81,38.74,1,5,0
338,38,1834.70,625.03,12.56,22.19,1,3,0
339,37,1065.62,706.10,78.64,39.63,1,5,0
339,38,1823.33,665.57,11.91,21.95,1,3,0
340,37,1050.99,690.30,78.47,40.43,1,5,0
340,38,1806.54,647.26,11.65,22.76,1,3,0
341,37,1026.69,637.40,79.50,41.33,1,5,0
341,38,1779.53,591.47,10.92,17.91,1,3,0
342,37,1010.06,599.71,78.79,39.00,1,5,0
342,38,1762.69,553.67,10.68,21.24,1,3,0
343,37,999.80,598.91,79.39,39.62,1,5,0
343,38,1754.03,557.72,11.40,21.52,1,3,0
344,37,985.15,657.41,82.60,41.26,1,5,0
344,38,1739.77,616.71,11.15,21.34,1,3,0
345,37,958.75,654.70,79.02,38.00,1,5,0
345,38,1712.85,618.07,10.61,19.49,1,3,0
346,37,940.48,617.30,79.03,38.30,1,5,0
346,38,1691.79,573.95,10.93,21.27,1,3,0
347,37,923.48,623.74,79.10,40.15,1,5,0
347,38,1673.83,576.78,11.27,21.25,1,3,0
348,37,911.14,635.74,79.15,40.74,1,5,0
348,38,1663.00,594.95,10.98,21.68,1,3,0
349,37,903.90,637.18,79.79,39.95,1,5,0
349,38,1657.45,605.00,11.10,21.87,1,3,0
350,37,893.48,655.71,77.80,40.21,1,5,0
350,38,1647.04,631.07,11.82,22.02,1,3,0
351,37,877.57,682.28,80.10,39.44,1,5,0
351,38,1633.85,662.71,10.78,20.80,1,3,0
352,37,864.95,683.05,80.21,38.91,1,5,0
352,38,1621.71,663.30,10.91,21.81,1,3,0
353,37,919.01,667.11,79.11,39.43,1,5,0
353,38,1683.80,655.82,11.60,22.06,1,3,0
354,37,1039.72,671.92,80.31,39.13,1,5,0
354,38,1825.80,663.36,11.60,22.31,1,3,0
355,37,1097.77,689.68,80.38,38.03,1,5,0
355,38,1897.73,686.87,11.72,22.49,1,3,0
356,37,1115.18,709.16,80.73,37.86,1,5,0
357,37,1124.21,709.27,80.72,39.60,1,5,0
358,37,1132.24,667.34,80.16,39.39,1,5,0
359,37,1148.61,668.27,81.56,39.44,1,5,0
360,37,1170.08,721.12,82.02,38.74,1,5,0
361,37,1194.00,751.25,82.67,39.29,1,5,0
362,37,1211.37,753.57,83.20,38.78,1,5,0
363,37,1230.84,721.40,83.16,38.72,1,5,0
364,37,1258.95,681.37,84.28,40.65,1,5,0
365,37,1291.99,656.91,83.18,38.56,1,5,0
366,37,1322.58,651.87,83.73,40.93,1,5,0
367,37,1348.99,693.00,84.96,41.40,1,5,0
368,37,1377.56,716.84,87.02,40.98,1,5,0
369,37,1400.57,693.73,87.77,40.40,1,5,0
370,37,1419.21,684.03,86.17,39.68,1,5,0
371,37,1437.27,687.51,87.69,40.51,1,5,0
372,37,1461.78,685.47,88.95,42.29,1,5,0
373,37,1488.08,675.64,89.19,41.80,1,5,0
374,37,1520.03,681.28,90.56,40.75,1,5,0
375,37,1554.17,714.37,92.33,41.75,1,5,0
375,39,49.12,791.63,20.57,11.77,1,0,0
376,37,1582.72,723.42,93.88,43.07,1,5,0
376,39,78.65,832.31,18.45,12.08,1,0,0
377,37,1619.86,670.37,94.11,44.47,1,5,0
377,39,123.05,790.89,19.41,12.10,1,0,0
378,37,1654.17,584.89,96.94,45.54,1,5,0
378,39,163.38,681.18,18.13,11.82,1,0,0
379,37,1682.65,579.20,95.43,41.79,1,5,0
379,39,188.62,657.90,20.74,12.40,1,0,0
379,41,130.90,662.64,25.89,9.59,1,1,0
380,37,1712.77,643.18,97.85,44.00,1,5,0
380,41,158.49,705.39,22.41,9.57,1,1,0
381,37,1742.92,712.20,99.49,43.37,1,5,0
381,41,183.99,760.07,21.54,8.83,1,1,0
382,37,1780.89,765.78,102.12,44.86,1,5,0
383,37,1815.37,758.11,101.94,46.19,1,5,0
384,37,1839.73,680.93,80.27,45.19,1,5,0
385,33,399.29,679.36,16.86,12.10,1,0,0
385,39,343.48,681.56,19.67,10.27,1,1,0
386,32,624.23,672.79,18.14,9.08,1,0,0
387,42,1127.70,687.31,26.61,14.28,1,0,0
388,42,1127.54,756.00,24.10,11.80,1,1,0
389,42,1187.73,856.53,19.04,11.65,1,0,0
390,32,526.18,864.47,19.03,13.18,1,0,0
392,46,1143.81,667.05,90.65,42.46,1,5,0
393,46,1141.92,652.88,88.26,43.08,1,5,0
394,46,1173.61,678.13,89.77,43.69,1,5,0
395,46,1192.17,695.62,90.25,44.27,1,5,0
396,46,1196.00,623.72,90.45,46.47,1,5,0
397,46,1210.04,630.34,91.91,45.46,1,5,0
398,46,1215.45,610.56,91.06,46.86,1,5,0
399,46,1220.74,601.18,91.60,45.30,1,5,0
400,46,1228.79,607.86,90.49,44.93,1,5,0
401,46,1131.99,660.74,91.40,43.50,1,5,0
402,46,1122.65,678.53,91.98,45.55,1,5,0
403,46,1133.53,638.06,91.68,43.77,1,5,0
404,46,1148.41,580.20,91.45,42.57,1,5,0
405,46,1158.36,553.19,91.19,46.10,1,5,0
406,46,1179.34,567.13,92.11,49.55,1,5,0
407,46,1201.97,586.65,92.69,46.79,1,5,0
408,46,1221.91,596.56,91.55,46.44,1,5,0
409,46,1233.83,592.20,92.81,43.69,1,5,0
410,46,1244.10,586.39,93.36,46.79,1,5,0
411,46,1207.78,586.67,91.76,45.84,1,5,0
412,46,1112.71,582.28,92.30,46.05,1,5,0
413,46,1105.34,573.59,92.91,47.77,1,5,0
414,46,1111.87,563.01,93.06,48.17,1,5,0
415,46,1118.97,518.83,95.10,49.35,1,5,0
416,46,1122.69,487.25,94.56,47.92,1,5,0
417,46,1095.50,483.65,92.40,44.65,1,5,0
418,46,1067.86,506.11,93.29,47.50,1,5,0
419,46,1046.39,558.02,92.12,44.42,1,5,0
420,46,1026.27,610.41,92.30,43.77,1,5,0
421,46,1013.02,602.92,91.93,44.12,1,5,0
422,46,993.69,593.51,92.76,45.38,1,5,0
422,47,1903.58,537.93,13.19,24.59,1,3,0
423,46,979.06,599.98,92.81,46.45,1,5,0
423,47,1884.76,519.36,12.91,24.19,1,3,0
424,46,972.51,603.37,92.93,47.48,1,5,0
424,47,1874.55,505.77,13.54,24.20,1,3,0
425,46,969.01,584.83,94.05,49.60,1,5,0
425,47,1872.51,486.40,13.47,23.63,1,3,0
426,46,963.83,539.33,94.77,48.14,1,5,0
426,47,1871.13,455.92,13.37,23.53,1,3,0
427,46,961.43,493.11,94.40,47.76,1,5,0
427,47,1872.25,424.73,13.05,23.03,1,3,0
428,46,960.51,479.69,94.74,47.39,1,5,0
428,47,1873.01,402.17,13.12,23.04,1,3,0
429,46,958.52,512.71,97.94,48.53,1,5,0
429,47,1870.51,422.35,13.38,23.40,1,3,0
430,46,954.71,531.73,96.69,50.31,1,5,0
430,47,1866.04,452.72,13.97,24.37,1,3,0
431,46,945.14,538.89,95.72,47.78,1,5,0
431,47,1858.11,468.04,12.95,22.98,1,3,0
432,46,936.99,544.57,93.16,48.07,1,5,0
432,47,1848.32,470.95,13.20,23.77,1,3,0
433,46,927.92,571.02,93.10,47.48,1,5,0
433,47,1837.87,495.80,13.19,23.90,1,3,0
434,46,909.88,590.95,96.94,46.79,1,5,0
434,47,1820.10,521.12,12.96,24.80,1,3,0
435,46,897.22,577.60,95.46,48.83,1,5,0
435,47,1808.58,514.29,12.31,23.62,1,3,0
436,46,886.28,554.10,94.71,49.29,1,5,0
436,47,1795.48,488.37,12.52,22.42,1,3,0
437,46,874.13,534.42,96.14,49.96,1,5,0
437,47,1783.54,459.60,11.76,23.18,1,3,0
438,46,865.59,541.96,96.15,49.06,1,5,0
438,47,1774.03,455.99,12.35,23.14,1,3,0
439,46,862.03,562.25,96.45,49.35,1,5,0
439,47,1772.01,481.19,12.32,24.58,1,3,0
440,46,860.74,587.04,96.07,48.19,1,5,0
440,47,1773.05,524.01,12.48,22.27,1,3,0
441,46,861.14,611.93,95.97,46.70,1,5,0
441,47,1775.98,552.48,12.73,24.78,1,3,0
442,46,861.79,662.68,96.13,45.55,1,5,0
442,47,1779.00,605.11,12.76,24.10,1,3,0
443,46,856.81,681.71,97.39,46.53,1,5,0
443,47,1777.69,635.06,11.59,22.33,1,3,0
444,46,850.07,660.70,96.23,44.27,1,5,0
444,47,1769.71,615.05,13.84,25.15,1,3,0
445,46,842.99,591.11,97.57,49.21,1,5,0
445,47,1761.74,539.68,11.71,21.80,1,3,0
446,46,833.50,527.85,100.57,48.64,1,5,0
446,47,1753.90,453.50,12.17,18.86,1,3,0
447,46,833.17,503.36,97.39,47.12,1,5,0
447,47,1752.49,412.84,10.02,16.71,1,3,0
448,46,833.95,525.91,98.66,49.09,1,5,0
448,47,1752.84,427.38,12.42,23.83,1,3,0
449,46,834.79,575.14,97.39,47.31,1,5,0
449,47,1754.42,482.73,13.01,24.05,1,3,0
450,46,825.53,617.15,97.86,47.73,1,5,0
450,47,1752.43,563.42,11.75,19.15,1,3,0
451,46,811.46,634.31,97.31,45.12,1,5,0
451,47,1738.26,605.06,11.95,18.89,1,3,0
452,46,798.87,627.97,96.32,43.44,1,5,0
453,46,788.35,615.90,99.35,45.32,1,5,0
453,47,1713.73,562.55,11.52,22.98,1,3,0
457,50,996.98,756.37,29.41,10.03,1,1,0
458,50,970.09,720.15,28.52,10.77,1,1,0
459,50,950.44,706.90,30.67,11.98,1,1,0
460,50,936.07,707.60,28.93,10.76,1,1,0
461,50,923.09,689.08,30.61,10.73,1,1,0
461,51,968.19,689.34,18.58,12.11,1,0,0
462,50,921.45,709.12,26.93,10.32,1,1,0
462,51,961.10,708.51,19.12,12.63,1,0,0
463,50,913.97,724.71,28.54,10.21,1,1,0
463,51,958.59,724.75,16.59,11.64,1,0,0
464,50,906.07,727.52,27.67,10.92,1,1,0
464,51,948.03,728.02,17.88,11.86,1,0,0
465,50,895.87,738.21,29.53,11.14,1,1,0
465,51,940.75,738.27,17.27,12.75,1,0,0
466,50,890.05,741.59,30.00,12.05,1,1,0
466,51,936.13,742.39,18.13,12.43,1,0,0
467,50,890.21,718.04,27.51,10.70,1,1,0
467,51,934.26,718.70,18.49,11.64,1,0,0
468,50,897.07,675.81,25.68,9.65,1,1,0
468,51,943.56,676.29,15.83,11.30,1,0,0
