1,1,202.71,1002.98,75.90,19.51,1,0,0
1,2,853.78,947.15,93.44,19.71,1,0,0
2,1,206.05,985.50,76.63,21.06,1,0,0
2,2,857.65,908.80,89.91,20.54,1,0,0
3,1,203.42,985.62,77.86,21.69,1,0,0
3,2,855.10,906.71,91.21,22.14,1,0,0
4,1,185.04,963.35,75.16,22.02,1,0,0
4,2,838.05,879.17,92.32,24.09,1,0,0
5,1,200.85,993.09,75.44,21.58,1,0,0
5,2,853.79,909.74,92.16,23.43,1,0,0
6,1,222.99,1015.82,80.02,20.15,1,0,0
6,2,877.85,955.05,91.54,21.31,1,0,0
7,1,235.55,987.52,75.27,17.69,1,0,0
7,2,889.45,944.87,88.32,19.17,1,0,0
8,1,236.56,931.66,74.73,17.94,1,0,0
8,2,883.83,897.04,93.13,20.46,1,0,0
9,1,236.49,854.53,74.56,18.65,1,0,0
9,2,884.59,817.84,88.91,19.16,1,0,0
10,1,219.56,874.93,75.99,18.93,1,0,0
10,2,871.55,830.60,91.37,20.52,1,0,0
11,1,238.35,967.18,78.22,19.77,1,0,0
11,2,887.74,917.80,94.83,23.40,1,0,0
12,1,269.78,1045.82,78.94,19.43,1,0,0
12,2,918.73,990.18,93.41,20.43,1,0,0
13,1,301.31,1112.52,75.97,18.59,1,0,0
13,2,946.79,1050.43,93.17,20.83,1,0,0
14,1,316.38,1125.04,83.10,19.89,1,0,0
14,2,956.71,1060.35,93.96,22.08,1,0,0
15,1,315.42,1097.78,74.19,19.04,1,0,0
15,2,957.70,1026.36,94.40,22.97,1,0,0
16,1,297.43,1020.65,77.81,17.80,1,0,0
16,2,939.84,941.63,91.43,22.82,1,0,0
17,1,262.68,881.23,74.53,19.84,1,0,0
17,2,908.25,813.13,92.34,21.50,1,0,0
18,1,244.97,841.20,75.38,19.71,1,0,0
18,2,892.19,787.28,94.73,23.53,1,0,0
19,1,250.98,950.55,77.26,19.43,1,0,0
19,2,903.14,909.43,93.72,21.98,1,0,0
20,1,248.59,1038.02,79.12,20.03,1,0,0
20,2,908.19,997.28,92.77,20.55,1,0,0
21,1,245.35,1048.00,76.24,19.35,1,0,0
21,2,903.62,994.83,92.37,21.29,1,0,0
22,1,244.10,968.95,75.67,19.03,1,0,0
22,2,896.57,910.35,95.19,20.92,1,0,0
23,1,254.15,956.93,78.94,19.46,1,0,0
23,2,908.47,908.05,95.99,21.94,1,0,0
24,1,264.66,975.76,76.65,19.87,1,0,0
24,2,917.54,924.98,93.91,21.72,1,0,0
25,1,269.95,949.44,73.96,19.90,1,0,0
25,2,919.21,880.72,93.27,21.57,1,0,0
26,1,283.41,920.70,72.59,20.17,1,0,0
26,2,923.14,840.58,97.62,22.99,1,0,0
27,1,308.76,955.76,76.57,20.59,1,0,0
27,2,952.43,883.73,91.78,23.99,1,0,0
28,1,352.48,1020.82,69.27,17.70,1,0,0
28,2,991.06,957.25,92.78,22.36,1,0,0
29,1,370.05,1032.04,72.58,16.58,1,0,0
29,2,1008.14,978.42,93.71,23.41,1,0,0
30,1,378.13,981.32,74.16,18.66,1,0,0
30,2,1014.44,942.56,92.28,19.18,1,0,0
31,1,375.83,915.96,74.60,18.31,1,0,0
31,2,1009.75,879.70,95.01,22.24,1,0,0
32,1,370.80,864.28,72.43,17.91,1,0,0
32,2,1004.09,825.88,93.51,20.14,1,0,0
33,1,356.42,872.79,74.87,20.24,1,0,0
33,2,997.25,824.36,92.58,19.98,1,0,0
34,1,359.06,919.85,74.59,19.57,1,0,0
34,2,997.80,854.46,93.29,21.86,1,0,0
35,1,403.53,1005.04,70.86,20.05,1,0,0
35,2,1037.52,937.84,91.93,22.32,1,0,0
36,1,433.54,1059.25,77.01,18.79,1,0,0
36,2,1068.40,996.38,94.79,24.83,1,0,0
37,1,452.07,1029.64,69.48,19.64,1,0,0
37,2,1078.80,975.93,92.97,22.06,1,0,0
38,1,441.73,937.67,73.98,18.05,1,0,0
38,2,1071.70,895.76,91.92,20.41,1,0,0
39,1,431.87,843.21,70.52,16.11,1,0,0
39,2,1061.20,815.78,91.73,19.12,1,0,0
40,1,420.80,803.15,70.53,15.46,1,0,0
40,2,1050.51,783.42,92.70,19.07,1,0,0
41,1,395.40,824.75,71.47,17.74,1,0,0
41,2,1029.28,789.14,94.54,19.38,1,0,0
42,1,380.91,907.86,74.08,19.95,1,0,0
42,2,1022.95,850.79,91.15,21.56,1,0,0
43,1,404.27,1046.04,69.56,15.18,1,0,0
43,2,1042.39,974.88,94.15,22.81,1,0,0
44,1,411.26,1071.65,73.68,17.86,1,0,0
44,2,1054.12,1011.68,93.94,23.28,1,0,0
45,1,410.41,1030.67,68.53,17.04,1,0,0
45,2,1047.69,987.88,95.56,21.32,1,0,0
46,1,396.47,953.85,73.01,17.00,1,0,0
46,2,1039.13,921.17,93.90,21.15,1,0,0
47,1,385.96,889.65,73.82,17.24,1,0,0
47,2,1026.49,867.02,97.02,21.60,1,0,0
48,1,378.90,862.23,74.22,18.28,1,0,0
48,2,1022.77,839.97,95.26,19.80,1,0,0
49,1,381.05,850.03,74.01,18.15,1,0,0
49,2,1023.23,821.69,94.95,19.77,1,0,0
50,1,395.44,876.79,73.20,19.95,1,0,0
50,2,1036.78,835.67,96.32,20.63,1,0,0
51,1,417.33,928.16,75.24,20.14,1,0,0
51,2,1058.67,875.37,94.61,22.67,1,0,0
52,1,448.04,980.64,74.66,20.14,1,0,0
52,2,1086.07,920.91,95.10,23.01,1,0,0
53,1,471.60,1017.50,73.67,19.22,1,0,0
53,2,1106.73,955.75,95.79,22.26,1,0,0
54,1,476.50,1020.14,71.97,22.30,1,0,0
54,2,1114.81,955.64,93.03,23.90,1,0,0
55,1,478.07,967.61,71.82,18.15,1,0,0
55,2,1112.40,906.25,93.50,21.54,1,0,0
56,1,463.09,889.38,73.18,18.27,1,0,0
56,2,1099.27,838.36,93.90,21.52,1,0,0
57,1,454.55,839.68,69.97,17.17,1,0,0
57,2,1089.45,805.02,94.96,20.33,1,0,0
58,1,461.60,826.07,70.77,17.06,1,0,0
58,2,1097.70,807.86,93.92,19.55,1,0,0
59,1,470.86,865.06,72.40,16.97,1,0,0
59,2,1106.21,851.47,96.56,21.29,1,0,0
60,1,475.52,871.03,71.63,16.98,1,0,0
60,2,1117.29,847.10,93.07,20.12,1,0,0
61,1,494.04,882.79,70.51,18.23,1,0,0
61,2,1129.04,849.78,93.23,17.94,1,0,0
62,1,518.06,941.08,69.51,17.75,1,0,0
62,2,1147.36,904.60,96.98,21.83,1,0,0
63,1,525.39,965.43,70.84,18.23,1,0,0
63,2,1158.10,918.65,94.63,21.44,1,0,0
64,1,526.07,965.96,71.58,18.00,1,0,0
64,2,1159.62,905.17,94.70,22.77,1,0,0
65,1,519.72,938.76,68.14,18.48,1,0,0
65,2,1152.43,871.86,93.82,22.60,1,0,0
66,1,521.82,936.76,71.07,19.09,1,0,0
66,2,1155.44,875.45,93.88,22.45,1,0,0
67,1,533.91,979.74,71.55,17.70,1,0,0
67,2,1167.91,929.38,97.08,23.65,1,0,0
68,1,545.13,997.21,70.47,18.53,1,0,0
68,2,1179.83,946.59,95.59,22.59,1,0,0
69,1,547.97,997.38,69.46,20.18,1,0,0
69,2,1184.92,942.74,93.98,22.39,1,0,0
70,1,544.89,952.43,69.87,18.48,1,0,0
70,2,1177.45,885.68,95.81,23.24,1,0,0
71,1,532.82,856.96,71.48,19.03,1,0,0
71,2,1165.76,781.96,94.76,23.09,1,0,0
72,1,555.26,874.57,69.81,18.99,1,0,0
72,2,1185.52,807.02,94.96,22.65,1,0,0
73,2,1235.60,992.05,96.76,24.12,1,0,0
74,2,1277.91,938.43,98.08,24.68,1,0,0
74,1,650.79,1016.12,69.23,19.07,1,0,0
75,2,1273.23,887.36,97.31,25.19,1,0,0
75,1,647.70,973.98,67.74,20.12,1,0,0
76,2,1265.56,835.26,98.15,28.37,1,0,0
76,1,641.99,929.53,67.90,20.83,1,0,0
77,2,1268.02,821.45,95.70,26.71,1,0,0
77,1,643.45,915.31,66.30,19.60,1,0,0
78,2,1312.53,940.86,97.12,23.45,1,0,0
78,1,685.61,1018.31,67.49,20.12,1,0,0
79,2,1344.17,1025.31,100.90,24.38,1,0,0
79,1,715.19,1084.95,67.61,18.23,1,0,0
80,2,1347.10,1005.37,99.89,21.98,1,0,0
80,1,716.22,1055.33,68.70,17.58,1,0,0
81,2,1334.78,911.82,98.10,23.00,1,0,0
81,1,707.80,963.18,66.13,17.21,1,0,0
82,2,1315.07,785.60,97.76,22.53,1,0,0
82,1,688.14,836.54,66.87,16.99,1,0,0
83,2,1301.97,778.68,98.48,23.33,1,0,0
83,1,672.05,826.21,68.16,18.35,1,0,0
84,2,1300.93,881.46,99.08,24.32,1,0,0
84,1,670.42,935.95,67.43,17.74,1,0,0
85,2,1305.41,930.41,100.32,25.84,1,0,0
85,1,673.73,1003.60,70.76,19.16,1,0,0
86,2,1309.29,916.55,97.69,26.95,1,0,0
86,1,674.10,1009.11,70.29,22.10,1,0,0
87,2,1323.05,903.05,89.26,21.12,1,0,0
87,1,681.90,996.07,68.59,20.60,1,0,0
88,2,1329.81,941.70,90.23,23.46,1,0,0
88,1,684.81,1018.78,68.87,19.01,1,0,0
89,2,1331.27,930.78,86.92,22.26,1,0,0
89,1,679.59,1000.67,67.98,18.68,1,0,0
90,2,1316.76,888.82,89.85,21.74,1,0,0
90,1,668.30,961.18,68.88,18.67,1,0,0
91,2,1262.76,816.68,101.56,28.09,1,0,0
91,1,650.49,900.62,70.20,19.95,1,0,0
92,2,1251.69,814.18,100.89,24.73,1,0,0
92,1,650.35,907.41,65.39,19.66,1,0,0
93,2,1299.16,921.10,96.57,25.15,1,0,0
93,1,675.62,1013.26,71.22,21.65,1,0,0
94,2,1353.34,985.10,89.10,21.61,1,0,0
94,1,701.05,1079.23,69.13,20.69,1,0,0
95,2,1343.46,963.98,95.07,24.84,1,0,0
95,1,696.70,1046.35,69.81,20.46,1,0,0
96,2,1316.09,836.59,93.17,23.95,1,0,0
96,1,673.08,933.29,69.45,20.56,1,0,0
97,2,1271.55,695.89,99.21,27.12,1,0,0
97,1,631.23,780.36,67.71,19.40,1,0,0
98,2,1241.77,745.69,100.58,28.09,1,0,0
98,1,594.99,828.20,71.31,20.34,1,0,0
99,2,1222.30,880.51,101.07,27.63,1,0,0
99,1,568.97,973.39,70.77,20.11,1,0,0
100,2,1219.11,960.47,102.44,28.69,1,0,0
100,1,562.65,1058.49,73.06,23.10,1,0,0
101,2,1219.63,966.85,100.55,27.98,1,0,0
101,1,559.88,1060.77,71.47,20.76,1,0,0
102,2,1213.60,931.87,102.04,26.73,1,0,0
102,1,553.80,1017.29,72.47,21.19,1,0,0
103,2,1204.02,908.56,101.30,25.18,1,0,0
103,1,542.23,977.97,72.72,19.24,1,0,0
104,2,1189.82,891.66,103.24,23.93,1,0,0
104,1,525.36,948.56,72.86,18.90,1,0,0
105,2,1173.36,861.66,102.93,22.93,1,0,0
105,1,505.10,914.08,74.16,18.47,1,0,0
106,2,1158.52,814.04,101.08,23.25,1,0,0
106,1,488.17,869.62,74.48,19.31,1,0,0
107,2,1147.26,817.29,101.00,24.93,1,0,0
107,1,472.69,876.17,78.19,21.25,1,0,0
108,2,1138.82,859.27,102.84,23.84,1,0,0
108,1,462.87,928.55,75.31,20.81,1,0,0
109,2,1143.81,940.96,102.46,23.74,1,0,0
109,1,463.41,1015.59,75.12,20.83,1,0,0
110,2,1150.16,972.49,101.26,24.74,1,0,0
110,1,467.03,1055.07,76.04,21.70,1,0,0
111,2,1161.01,980.19,102.79,24.58,1,0,0
111,1,481.87,1067.07,76.37,20.13,1,0,0
112,2,1167.18,988.69,103.00,26.14,1,0,0
112,1,485.61,1067.95,73.78,20.10,1,0,0
113,2,1160.01,959.63,103.82,24.13,1,0,0
113,1,477.45,1035.68,75.39,21.08,1,0,0
114,2,1148.95,950.27,104.37,24.57,1,0,0
114,1,463.77,1017.04,75.99,20.12,1,0,0
115,2,1135.64,905.42,102.60,23.40,1,0,0
115,1,448.60,969.96,77.70,21.04,1,0,0
116,2,1119.35,811.61,103.92,24.30,1,0,0
116,1,432.24,879.21,78.16,20.38,1,0,0
117,2,1124.59,827.43,103.58,24.61,1,0,0
117,1,438.30,889.11,76.33,20.87,1,0,0
118,2,1142.57,911.73,104.35,23.82,1,0,0
118,1,455.50,962.04,75.49,19.73,1,0,0
119,2,1147.80,948.56,104.39,24.59,1,0,0
119,1,458.52,1001.07,74.48,19.27,1,0,0
120,2,1147.50,928.46,104.52,23.09,1,0,0
120,1,459.00,984.74,75.14,18.64,1,0,0
121,2,1144.28,871.92,104.72,23.78,1,0,0
121,1,456.39,935.84,75.79,19.28,1,0,0
122,2,1143.37,910.21,104.16,24.13,1,0,0
122,1,452.42,970.18,77.25,19.64,1,0,0
123,2,1142.68,942.92,105.44,24.27,1,0,0
123,1,449.71,997.32,75.55,19.71,1,0,0
124,2,1146.77,968.83,105.17,24.17,1,0,0
124,1,449.39,1026.64,77.92,19.72,1,0,0
125,2,1152.03,993.89,105.71,25.31,1,0,0
125,1,456.23,1053.17,76.52,18.99,1,0,0
126,2,1155.31,994.53,107.55,25.46,1,0,0
126,1,463.57,1046.26,73.79,18.92,1,0,0
127,2,1158.77,944.33,104.99,23.21,1,0,0
127,1,465.37,999.30,74.92,18.52,1,0,0
128,2,1155.33,866.15,104.83,24.44,1,0,0
128,1,463.40,925.83,75.47,19.27,1,0,0
129,2,1152.47,834.24,104.66,24.12,1,0,0
129,1,459.40,884.21,75.23,19.01,1,0,0
130,2,1168.73,875.76,106.66,23.93,1,0,0
130,1,478.19,912.51,73.35,17.71,1,0,0
131,2,1181.08,895.34,108.05,24.52,1,0,0
131,1,492.57,927.45,73.84,18.36,1,0,0
132,2,1188.70,885.19,106.01,21.86,1,0,0
132,1,498.54,913.18,73.81,17.36,1,0,0
133,2,1193.21,891.30,105.98,22.79,1,0,0
133,1,500.39,913.23,72.93,16.78,1,0,0
134,2,1196.48,889.16,111.90,24.03,1,0,0
134,1,515.06,899.63,70.31,16.31,1,0,0
135,2,1220.71,904.97,107.58,23.85,1,0,0
135,1,532.53,905.85,75.02,16.44,1,0,0
136,2,1248.26,897.72,107.50,23.40,1,0,0
136,1,562.92,894.74,74.53,15.50,1,0,0
137,2,1278.16,913.57,106.53,23.65,1,0,0
137,1,596.24,901.99,75.19,16.67,1,0,0
138,2,1307.10,955.77,108.77,23.56,1,0,0
138,1,629.86,935.73,73.47,17.19,1,0,0
139,2,1341.43,991.07,108.03,25.74,1,0,0
139,1,666.66,954.90,71.63,16.42,1,0,0
140,2,1365.20,997.62,110.46,26.28,1,0,0
140,1,696.62,943.79,70.89,18.38,1,0,0
141,2,1389.69,1000.09,108.85,26.16,1,0,0
141,1,718.19,940.31,72.29,18.09,1,0,0
142,2,1414.57,1009.60,108.69,27.69,1,0,0
142,1,741.59,943.32,74.81,15.31,1,0,0
143,2,1435.09,992.91,111.84,27.69,1,0,0
143,1,771.01,922.30,71.37,16.72,1,0,0
144,2,1463.09,1001.17,109.51,25.57,1,0,0
144,1,798.34,934.88,68.11,17.43,1,0,0
145,2,1490.19,986.58,111.80,25.72,1,0,0
145,1,826.40,931.12,68.15,17.13,1,0,0
146,2,1517.06,933.84,108.76,21.47,1,0,0
146,1,851.29,890.55,67.99,16.58,1,0,0
147,2,1540.04,893.58,110.26,20.57,1,0,0
147,1,874.33,867.67,68.34,16.58,1,0,0
148,2,1595.25,894.20,79.00,17.24,1,0,0
148,1,896.74,882.83,68.71,16.38,1,0,0
149,2,1602.53,892.59,87.73,18.65,1,0,0
149,1,913.53,896.62,67.51,16.32,1,0,0
150,2,1614.36,893.49,86.48,18.04,1,0,0
150,1,923.44,910.52,67.20,16.56,1,0,0
151,2,1624.08,902.89,85.29,19.80,1,0,0
151,1,930.60,922.70,67.30,16.69,1,0,0
152,2,1628.89,905.22,89.34,21.53,1,0,0
152,1,940.49,925.92,66.16,15.58,1,0,0
153,2,1635.09,903.86,91.71,20.89,1,0,0
153,1,949.48,918.96,64.48,15.88,1,0,0
154,2,1635.32,883.88,93.43,19.28,1,0,0
154,1,951.03,891.82,64.49,14.86,1,0,0
155,2,1627.11,842.87,96.97,21.24,1,0,0
155,1,946.85,845.78,65.95,15.41,1,0,0
156,2,1612.87,807.60,106.87,20.17,1,0,0
156,1,942.90,811.23,65.25,14.98,1,0,0
157,2,1610.08,804.82,110.45,21.26,1,0,0
158,2,1621.08,836.81,112.75,20.23,1,0,0
158,1,954.42,833.73,65.97,15.96,1,0,0
159,2,1633.20,877.50,114.22,23.47,1,0,0
159,1,965.68,857.90,66.11,15.61,1,0,0
160,2,1641.45,906.80,114.18,26.01,1,0,0
160,1,974.17,861.62,66.83,15.78,1,0,0
161,2,1649.89,895.93,113.51,28.02,1,0,0
161,1,986.55,830.38,65.34,16.64,1,0,0
162,2,1661.52,839.60,114.01,29.87,1,0,0
162,1,998.65,772.77,66.48,17.13,1,0,0
163,2,1674.61,756.61,116.14,26.68,1,0,0
163,1,1010.28,711.56,65.31,16.87,1,0,0
164,2,1680.65,671.17,112.88,20.12,1,0,0
164,1,1015.09,668.37,64.73,14.97,1,0,0
165,2,1682.34,599.87,114.99,25.84,1,0,0
165,1,1017.42,658.28,63.55,17.63,1,0,0
166,2,1689.19,573.14,114.32,32.35,1,0,0
166,1,1028.41,683.52,66.09,21.03,1,0,0
167,2,1736.35,644.36,117.75,30.74,1,0,0
167,1,1074.87,754.96,65.39,21.44,1,0,0
168,2,1759.21,702.50,118.51,26.95,1,0,0
168,1,1086.08,760.16,67.26,17.71,1,0,0
169,2,1769.20,750.94,119.80,25.81,1,0,0
169,1,1097.77,742.62,65.09,15.86,1,0,0
170,2,1772.50,792.51,118.62,30.15,1,0,0
170,1,1103.93,720.29,65.09,17.80,1,0,0
171,2,1771.13,818.77,117.16,36.74,1,0,0
171,1,1109.45,700.62,64.41,21.23,1,0,0
172,2,1768.28,824.20,116.36,38.22,1,0,0
172,1,1109.50,683.86,65.16,23.12,1,0,0
173,2,1759.43,805.31,116.00,38.87,1,0,0
173,1,1104.45,673.81,62.96,22.06,1,0,0
174,2,1749.11,774.27,117.29,33.15,1,0,0
174,1,1085.07,675.60,67.57,19.58,1,0,0
175,2,1741.00,749.28,117.48,29.07,1,0,0
175,1,1070.95,707.93,66.82,16.36,1,0,0
176,2,1743.05,741.28,118.27,26.45,1,0,0
176,1,1072.32,762.62,66.39,16.01,1,0,0
177,2,1766.18,745.08,117.41,31.05,1,0,0
177,1,1099.01,829.74,64.29,18.57,1,0,0
178,2,1808.30,772.84,119.08,35.32,1,0,0
178,1,1140.71,886.80,65.16,21.98,1,0,0
179,2,1854.76,803.49,119.20,34.58,1,0,0
179,1,1181.27,920.55,65.09,21.76,1,0,0
180,2,1889.78,828.07,122.43,31.69,1,0,0
180,1,1207.27,919.97,67.41,20.43,1,0,0
181,2,1909.74,834.20,123.47,27.67,1,0,0
181,1,1223.67,884.04,65.11,18.47,1,0,0
182,2,1918.83,820.23,124.06,25.94,1,0,0
182,1,1230.58,831.07,64.62,16.94,1,0,0
183,2,1920.77,792.84,126.46,26.93,1,0,0
183,1,1232.52,778.53,66.03,17.28,1,0,0
184,2,1923.20,770.63,124.79,27.80,1,0,0
184,1,1234.78,739.93,65.66,17.50,1,0,0
185,2,1926.31,758.42,125.26,28.52,1,0,0
185,1,1240.00,716.89,64.75,17.79,1,0,0
186,2,1934.12,750.40,125.86,28.41,1,0,0
186,1,1246.22,702.59,64.33,17.22,1,0,0
187,2,1943.13,728.42,125.59,27.94,1,0,0
187,1,1252.88,683.44,64.47,15.88,1,0,0
188,2,1949.55,692.11,124.49,25.70,1,0,0
188,1,1258.34,660.53,63.44,15.67,1,0,0
189,2,1964.51,670.83,123.51,26.16,1,0,0
189,1,1269.81,659.49,63.80,15.97,1,0,0
190,2,1991.89,670.46,122.48,25.94,1,0,0
190,1,1294.23,688.29,64.16,16.33,1,0,0
191,2,2025.26,683.92,129.11,26.21,1,0,0
191,1,1321.42,725.20,66.38,17.99,1,0,0
192,2,2057.01,702.59,130.67,28.02,1,0,0
192,1,1346.35,750.16,67.28,18.91,1,0,0
193,2,2080.37,713.48,132.04,26.81,1,0,0
193,1,1367.52,754.53,65.49,17.23,1,0,0
194,2,2098.49,726.76,134.70,28.20,1,0,0
194,1,1383.86,750.86,65.04,16.66,1,0,0
195,2,2118.23,760.71,136.53,27.93,1,0,0
195,1,1399.23,757.79,66.46,17.56,1,0,0
196,2,2132.71,810.17,139.80,30.64,1,0,0
196,1,1411.62,788.42,67.71,16.97,1,0,0
197,2,2145.19,867.21,140.66,31.24,1,0,0
197,1,1420.73,832.53,65.68,16.65,1,0,0
198,2,2158.66,909.02,140.29,30.87,1,0,0
198,1,1429.45,873.07,64.56,16.07,1,0,0
199,2,2179.76,913.53,141.17,28.59,1,0,0
199,1,1440.39,892.41,62.55,16.89,1,0,0
200,2,2211.77,879.75,140.28,26.06,1,0,0
200,1,1440.48,894.46,61.87,15.64,1,0,0
201,2,2249.06,824.93,139.58,25.63,1,0,0
201,1,1500.37,870.71,64.56,16.48,1,0,0
202,2,2286.97,765.59,143.74,27.44,1,0,0
202,1,1534.50,830.21,67.47,18.15,1,0,0
203,2,2325.51,712.82,146.66,27.95,1,0,0
203,1,1562.59,780.00,70.23,19.32,1,0,0
204,2,2359.15,671.35,148.99,27.78,1,0,0
204,1,1588.42,727.30,69.04,18.37,1,0,0
205,2,2383.18,643.14,152.02,24.63,1,0,0
205,1,1607.47,672.82,68.19,17.93,1,0,0
206,2,2395.13,630.29,153.40,24.05,1,0,0
206,1,1616.04,630.20,68.31,17.22,1,0,0
207,2,2393.62,631.31,152.20,27.40,1,0,0
207,1,1614.21,608.47,67.79,17.21,1,0,0
208,2,2370.21,662.46,154.60,26.99,1,0,0
208,1,1598.79,613.75,69.29,18.28,1,0,0
209,2,2351.35,706.22,151.86,29.76,1,0,0
209,1,1584.56,652.42,69.00,18.51,1,0,0
210,2,2347.73,760.79,151.81,31.75,1,0,0
210,1,1580.47,720.27,68.23,16.79,1,0,0
211,2,2373.11,814.05,155.18,29.30,1,0,0
211,1,1599.65,796.66,69.13,15.91,1,0,0
