1,1,80.06,715.13,112.49,25.04,1,0,0
1,2,603.45,709.22,51.53,25.22,1,0,0
1,3,0.47,719.79,65.43,21.48,1,0,0
1,4,449.38,715.85,61.13,16.82,1,0,0
1,5,382.44,719.31,62.31,17.84,1,0,0
1,6,201.20,726.97,39.54,10.80,1,0,0
1,7,253.31,727.03,37.92,11.48,1,0,0
2,1,74.67,685.21,111.91,24.38,1,0,0
2,2,597.11,683.29,53.19,23.75,1,0,0
2,3,0.33,688.22,61.40,20.84,1,0,0
2,4,442.62,688.90,63.99,17.03,1,0,0
2,5,376.73,689.50,61.89,19.55,1,0,0
2,6,196.75,699.00,38.32,10.04,1,0,0
2,7,251.75,700.22,39.58,11.01,1,0,0
3,1,59.01,649.03,110.72,23.73,1,0,0
3,2,584.08,653.27,51.79,23.91,1,0,0
3,3,0.00,653.48,45.15,17.54,1,0,0
3,4,427.06,652.60,64.18,19.22,1,0,0
3,5,364.32,655.24,61.87,19.14,1,0,0
3,6,182.87,662.86,37.43,10.59,1,0,0
3,7,235.35,663.88,38.46,11.09,1,0,0
4,1,54.64,640.25,110.42,23.42,1,0,0
4,2,577.94,646.70,54.03,23.56,1,0,0
4,3,0.34,648.86,38.75,13.10,1,0,0
4,4,424.48,647.93,59.06,16.62,1,0,0
4,5,358.75,646.69,62.34,19.28,1,0,0
4,6,177.72,654.57,39.27,10.47,1,0,0
4,7,232.25,653.75,38.37,11.95,1,0,0
5,1,42.33,625.98,111.52,24.29,1,0,0
5,2,569.76,635.84,51.12,23.68,1,0,0
5,3,0.46,632.91,28.82,14.19,1,0,0
5,4,415.35,633.25,61.13,18.68,1,0,0
5,5,349.38,634.17,65.65,20.55,1,0,0
5,6,167.37,640.02,37.85,10.47,1,0,0
5,7,223.32,640.98,40.02,12.66,1,0,0
6,1,26.29,627.60,111.68,24.27,1,0,0
6,2,556.65,642.19,50.36,23.74,1,0,0
6,3,0.07,633.15,12.87,13.60,1,0,0
6,4,400.10,639.08,59.62,18.06,1,0,0
6,5,335.06,639.73,63.92,19.40,1,0,0
6,6,150.90,642.39,36.81,10.38,1,0,0
6,7,203.32,643.96,38.90,11.54,1,0,0
7,1,20.42,647.95,110.05,24.32,1,0,0
7,2,547.80,663.93,53.12,24.25,1,0,0
7,4,394.07,661.81,60.47,17.25,1,0,0
7,5,329.82,660.21,61.71,20.03,1,0,0
7,6,144.00,661.99,39.50,11.19,1,0,0
7,7,199.42,660.25,37.73,12.94,1,0,0
8,1,15.78,650.66,110.83,24.97,1,0,0
8,2,544.62,666.15,54.06,24.60,1,0,0
8,4,392.37,664.56,57.85,17.81,1,0,0
8,5,323.73,663.29,66.43,20.02,1,0,0
8,6,138.80,667.20,38.90,10.35,1,0,0
8,7,192.16,666.28,38.48,11.75,1,0,0
9,1,11.63,647.86,113.58,24.80,1,0,0
9,2,544.24,663.95,53.96,24.51,1,0,0
9,4,390.21,662.49,58.04,17.37,1,0,0
9,5,322.87,660.23,65.15,20.46,1,0,0
9,6,137.66,664.74,39.28,10.07,1,0,0
9,7,190.67,664.46,37.74,11.16,1,0,0
10,1,12.00,644.77,113.24,25.42,1,0,0
10,2,544.25,660.10,54.61,24.61,1,0,0
10,4,387.02,658.74,61.78,17.93,1,0,0
10,5,323.52,658.40,64.14,19.73,1,0,0
10,6,137.38,661.58,40.34,10.84,1,0,0
10,7,190.35,661.03,39.76,12.25,1,0,0
11,1,13.41,642.80,112.53,24.85,1,0,0
11,2,544.48,658.66,54.02,24.75,1,0,0
11,4,385.45,654.38,63.41,20.63,1,0,0
11,5,324.09,656.30,63.24,19.41,1,0,0
11,6,136.78,659.61,41.20,10.75,1,0,0
11,7,190.81,659.57,40.54,11.76,1,0,0
12,1,21.16,634.06,113.31,24.82,1,0,0
12,2,550.88,648.26,53.56,23.99,1,0,0
12,4,395.00,647.85,62.18,17.58,1,0,0
12,5,331.23,646.39,60.12,19.43,1,0,0
12,6,143.11,651.39,40.04,10.17,1,0,0
12,7,197.94,650.52,39.10,11.49,1,0,0
13,1,25.75,631.98,111.59,25.01,1,0,0
13,2,552.65,647.27,54.65,24.22,1,0,0
13,4,398.00,645.03,62.94,17.90,1,0,0
13,5,335.59,644.13,60.27,19.90,1,0,0
13,7,202.86,646.59,38.67,11.66,1,0,0
13,3,0.01,639.07,12.77,14.68,1,0,0
14,1,38.77,629.68,113.88,24.73,1,0,0
14,2,567.83,644.90,52.32,23.89,1,0,0
14,4,409.80,642.58,64.77,17.66,1,0,0
14,5,346.83,642.37,62.26,19.51,1,0,0
14,7,217.26,645.60,40.35,11.99,1,0,0
14,3,0.26,637.53,24.83,13.13,1,0,0
14,6,162.62,645.94,38.53,9.98,1,0,0
15,1,60.62,632.65,112.22,24.55,1,0,0
15,2,586.86,651.42,51.51,23.04,1,0,0
15,4,428.01,645.24,66.08,19.66,1,0,0
15,5,366.00,646.16,63.00,20.06,1,0,0
15,7,186.34,646.53,41.78,11.13,1,0,0
15,3,0.18,634.83,48.33,17.39,1,0,0
16,1,72.63,634.94,110.55,25.05,1,0,0
16,2,596.64,655.94,52.08,22.92,1,0,0
16,4,437.35,652.17,55.00,17.15,1,0,0
16,5,377.92,650.41,57.56,19.11,1,0,0
16,7,250.30,652.26,37.68,11.82,1,0,0
16,3,0.00,634.25,60.26,19.92,1,0,0
16,6,195.78,650.73,38.62,10.45,1,0,0
17,1,90.13,638.85,108.73,25.23,1,0,0
17,2,612.00,663.48,51.05,22.93,1,0,0
17,4,454.08,658.40,69.37,21.78,1,0,0
17,5,393.01,654.99,61.32,20.42,1,0,0
17,7,262.07,660.60,42.64,11.84,1,0,0
17,3,10.87,638.19,66.35,20.05,1,0,0
17,6,210.47,653.75,42.24,12.44,1,0,0
18,1,102.00,640.80,109.22,25.59,1,0,0
18,2,621.33,668.25,51.46,22.30,1,0,0
18,4,463.16,662.11,59.69,19.58,1,0,0
18,5,403.59,661.27,61.18,18.92,1,0,0
18,7,280.26,661.55,37.17,11.13,1,0,0
18,3,22.84,640.00,66.98,19.69,1,0,0
19,1,122.55,643.33,109.38,25.49,1,0,0
19,2,638.50,673.37,50.37,23.84,1,0,0
19,4,478.58,667.80,57.58,17.70,1,0,0
19,5,420.14,668.67,52.74,15.47,1,0,0
19,7,296.23,667.91,41.03,11.10,1,0,0
19,3,46.73,642.02,64.98,20.53,1,0,0
20,1,132.59,642.78,108.23,25.40,1,0,0
20,2,648.24,673.59,48.83,23.98,1,0,0
20,4,493.53,666.23,60.81,17.34,1,0,0
20,5,429.73,666.61,57.91,18.64,1,0,0
20,7,301.89,666.03,41.07,11.79,1,0,0
20,3,53.84,641.39,67.55,20.28,1,0,0
20,6,250.68,661.29,38.01,11.05,1,0,0
21,1,151.31,622.48,109.75,25.08,1,0,0
21,2,665.30,651.45,52.19,23.83,1,0,0
21,4,519.48,648.35,57.37,16.40,1,0,0
21,5,447.49,646.71,67.33,18.43,1,0,0
21,7,325.73,644.02,37.55,10.70,1,0,0
21,3,72.49,622.30,66.55,18.97,1,0,0
21,6,273.94,639.75,38.27,10.20,1,0,0
22,1,152.42,622.86,108.77,25.34,1,0,0
22,2,665.50,651.10,53.52,23.89,1,0,0
22,4,521.91,649.30,55.80,15.62,1,0,0
22,5,448.98,647.57,65.23,18.41,1,0,0
22,7,327.08,643.43,37.90,11.07,1,0,0
22,3,73.28,622.60,68.98,19.85,1,0,0
22,6,274.78,639.88,39.55,10.47,1,0,0
23,1,155.52,638.41,109.72,25.19,1,0,0
23,2,668.53,663.25,53.29,24.16,1,0,0
23,4,522.81,661.78,55.79,16.02,1,0,0
23,5,449.00,657.05,68.82,20.21,1,0,0
23,7,328.75,659.79,39.32,10.92,1,0,0
23,3,78.33,637.73,66.38,19.78,1,0,0
23,6,277.08,655.89,38.64,10.84,1,0,0
24,1,167.05,630.00,111.19,24.92,1,0,0
24,2,680.44,653.13,53.63,23.29,1,0,0
24,4,530.79,652.56,59.23,16.02,1,0,0
24,5,458.65,651.74,67.95,17.80,1,0,0
24,3,89.94,629.68,68.57,19.94,1,0,0
24,6,290.91,646.22,39.14,10.82,1,0,0
25,1,178.95,623.24,110.06,25.27,1,0,0
25,2,689.93,646.34,54.27,23.16,1,0,0
25,4,540.69,647.18,58.81,17.55,1,0,0
25,5,472.44,646.72,66.42,18.71,1,0,0
25,3,102.60,623.15,66.98,19.83,1,0,0
25,6,300.14,640.89,39.42,10.67,1,0,0
25,7,351.91,642.51,39.06,10.66,1,0,0
26,1,185.13,625.99,111.64,24.90,1,0,0
26,2,695.57,647.70,54.78,24.72,1,0,0
26,4,544.76,648.36,61.84,16.85,1,0,0
26,5,474.45,647.32,68.22,19.17,1,0,0
26,3,110.04,626.39,66.74,20.44,1,0,0
26,6,307.85,642.72,36.02,10.00,1,0,0
26,7,358.60,644.97,39.17,11.11,1,0,0
27,1,202.29,636.45,109.17,25.39,1,0,0
27,2,711.04,659.35,53.68,23.45,1,0,0
27,4,561.62,660.74,59.70,16.86,1,0,0
27,5,489.10,659.28,68.62,18.48,1,0,0
27,3,128.07,636.35,65.71,19.62,1,0,0
27,6,324.74,653.89,37.24,10.25,1,0,0
27,7,375.08,655.28,37.49,10.67,1,0,0
28,1,211.34,644.52,109.68,23.66,1,0,0
28,2,719.56,671.31,53.22,23.33,1,0,0
28,4,569.89,670.16,59.26,16.60,1,0,0
28,5,505.90,671.40,62.08,17.96,1,0,0
28,3,136.77,643.40,66.07,20.47,1,0,0
28,6,333.40,662.08,39.21,10.96,1,0,0
28,7,384.28,663.83,37.50,10.71,1,0,0
29,1,223.65,656.21,109.05,25.01,1,0,0
29,2,732.24,685.68,54.36,23.91,1,0,0
29,4,581.98,684.50,58.77,16.09,1,0,0
29,5,512.20,683.44,65.00,17.93,1,0,0
29,3,149.57,654.94,65.18,20.44,1,0,0
29,6,345.15,675.20,38.98,10.75,1,0,0
29,7,396.35,675.35,38.02,11.04,1,0,0
30,1,229.04,660.10,110.52,26.18,1,0,0
30,2,738.19,691.38,49.81,24.12,1,0,0
30,4,585.32,688.81,61.39,16.11,1,0,0
30,5,521.60,687.55,60.30,16.89,1,0,0
30,3,158.49,659.06,60.26,20.78,1,0,0
30,6,351.47,679.22,37.14,10.10,1,0,0
30,7,403.47,678.73,40.61,11.75,1,0,0
31,1,241.70,675.34,110.50,24.04,1,0,0
31,2,750.11,701.23,51.43,23.09,1,0,0
31,4,598.53,699.55,57.95,15.66,1,0,0
31,5,523.15,698.35,68.32,17.83,1,0,0
31,3,166.89,673.80,63.15,20.83,1,0,0
31,6,363.40,692.03,37.61,10.33,1,0,0
31,7,415.17,691.62,36.23,11.01,1,0,0
32,1,252.88,682.25,108.95,26.20,1,0,0
32,2,758.89,706.15,54.16,23.30,1,0,0
32,4,608.61,705.93,58.34,15.31,1,0,0
32,5,543.68,705.09,60.82,17.06,1,0,0
32,3,179.77,683.05,64.33,21.49,1,0,0
32,6,374.48,700.83,37.58,9.81,1,0,0
32,7,426.48,700.23,37.43,11.17,1,0,0
32,8,0.18,682.03,23.96,11.24,1,0,0
33,1,257.02,685.08,109.23,25.78,1,0,0
33,2,762.77,705.30,54.26,24.89,1,0,0
33,4,611.11,704.00,61.29,17.06,1,0,0
33,5,545.79,704.44,61.58,17.30,1,0,0
33,3,184.12,685.73,64.52,21.01,1,0,0
33,6,379.55,702.57,36.25,9.73,1,0,0
33,7,429.28,701.66,38.76,11.04,1,0,0
33,8,0.76,682.73,27.88,13.88,1,0,0
34,1,270.83,697.55,107.52,24.51,1,0,0
34,2,775.64,711.66,53.52,23.20,1,0,0
34,4,622.68,713.07,61.95,16.34,1,0,0
34,5,560.11,713.47,58.31,16.31,1,0,0
34,3,198.58,697.92,65.16,21.40,1,0,0
34,6,393.69,713.45,36.97,9.21,1,0,0
34,7,444.31,712.74,37.48,10.85,1,0,0
34,8,0.38,698.81,41.68,14.51,1,0,0
35,1,278.19,702.64,106.97,24.02,1,0,0
35,2,781.26,712.99,52.58,23.74,1,0,0
35,4,630.10,715.42,60.56,15.98,1,0,0
35,5,565.28,715.33,60.77,17.16,1,0,0
35,3,205.38,703.91,66.03,20.25,1,0,0
35,6,400.44,717.85,35.63,9.46,1,0,0
35,7,449.36,716.61,37.10,10.82,1,0,0
35,8,0.28,706.13,48.86,14.27,1,0,0
36,1,280.42,703.37,107.66,24.02,1,0,0
36,2,782.61,713.09,54.20,23.98,1,0,0
36,4,631.81,714.78,60.90,16.44,1,0,0
36,5,566.54,715.53,62.62,17.64,1,0,0
36,3,208.27,704.84,66.57,20.95,1,0,0
36,6,400.91,717.87,39.26,9.71,1,0,0
36,7,451.46,716.00,35.55,10.90,1,0,0
36,8,0.07,707.99,52.50,13.77,1,0,0
37,1,288.14,705.52,108.60,24.13,1,0,0
37,2,791.49,711.47,51.90,23.23,1,0,0
37,4,640.04,713.60,61.49,16.47,1,0,0
37,5,578.10,714.02,59.35,17.11,1,0,0
37,3,216.75,707.59,63.76,21.03,1,0,0
37,6,411.33,719.98,38.22,10.28,1,0,0
37,7,462.56,717.25,40.05,11.79,1,0,0
37,8,0.06,712.64,61.67,13.83,1,0,0
38,1,294.90,702.27,106.17,23.64,1,0,0
38,2,796.07,705.29,53.31,23.13,1,0,0
38,4,646.19,709.08,59.34,16.60,1,0,0
38,5,581.04,709.89,61.67,17.36,1,0,0
38,3,222.98,705.22,64.52,20.24,1,0,0
38,6,414.12,715.60,38.89,10.78,1,0,0
38,7,466.34,712.80,38.09,13.12,1,0,0
38,8,0.01,711.09,67.09,13.76,1,0,0
39,1,303.30,694.64,106.07,23.98,1,0,0
39,2,804.20,694.09,51.26,23.35,1,0,0
39,4,654.55,698.65,58.01,16.41,1,0,0
39,5,586.69,699.09,64.67,17.48,1,0,0
39,3,230.65,698.76,63.74,20.11,1,0,0
39,6,422.24,707.58,42.97,12.05,1,0,0
39,7,472.53,704.48,43.35,13.96,1,0,0
39,8,0.14,699.73,75.21,19.76,1,0,0
40,1,311.18,689.02,106.06,24.03,1,0,0
40,2,812.43,681.56,52.67,22.51,1,0,0
40,4,663.97,688.05,58.21,16.49,1,0,0
40,5,598.72,688.60,60.23,17.37,1,0,0
40,3,238.83,694.06,65.16,20.85,1,0,0
40,6,433.38,699.50,38.39,11.38,1,0,0
40,7,482.91,697.12,43.23,12.93,1,0,0
40,8,0.29,696.87,83.83,23.62,1,0,0
41,1,307.29,691.56,106.12,23.83,1,0,0
41,2,808.75,688.58,51.97,22.58,1,0,0
41,4,659.13,693.34,59.52,16.52,1,0,0
41,5,595.25,694.11,60.55,17.56,1,0,0
41,3,234.57,696.32,65.56,20.49,1,0,0
41,6,426.30,703.97,40.67,11.41,1,0,0
41,7,477.40,700.20,41.51,14.89,1,0,0
41,8,0.12,698.48,79.79,20.91,1,0,0
42,1,313.17,691.30,106.17,23.80,1,0,0
42,2,812.68,681.36,52.39,22.21,1,0,0
42,4,664.20,687.88,58.03,16.58,1,0,0
42,5,600.14,688.25,60.71,17.95,1,0,0
42,3,240.79,696.97,64.42,20.66,1,0,0
42,6,435.74,701.05,37.64,10.95,1,0,0
42,7,484.29,697.63,44.53,13.56,1,0,0
42,8,0.21,699.86,84.29,24.10,1,0,0
43,1,315.06,703.95,105.82,23.37,1,0,0
43,2,815.04,689.85,52.65,22.96,1,0,0
43,4,665.81,696.66,58.47,17.33,1,0,0
43,5,604.27,698.54,62.13,18.57,1,0,0
43,3,242.12,708.58,66.81,20.69,1,0,0
43,6,437.67,713.58,39.19,11.56,1,0,0
43,7,486.51,709.57,40.80,13.49,1,0,0
43,8,0.39,713.88,86.21,24.52,1,0,0
44,1,311.46,728.87,106.85,24.15,1,0,0
44,2,813.98,708.91,52.71,23.43,1,0,0
44,4,662.16,717.39,61.27,18.24,1,0,0
44,5,600.82,720.22,63.31,19.62,1,0,0
44,3,241.07,735.23,64.54,19.06,1,0,0
44,6,434.14,737.93,38.78,11.12,1,0,0
44,7,485.22,735.22,42.52,11.73,1,0,0
44,8,0.11,741.58,81.96,26.20,1,0,0
45,1,307.55,739.88,106.18,24.36,1,0,0
45,2,809.80,715.78,54.88,24.08,1,0,0
45,4,659.23,726.48,61.14,17.26,1,0,0
45,5,598.10,729.10,61.04,19.22,1,0,0
45,3,236.59,745.89,65.18,20.51,1,0,0
45,6,430.45,748.19,38.55,10.00,1,0,0
45,7,479.91,747.37,40.16,10.56,1,0,0
45,8,0.44,753.17,76.75,26.83,1,0,0
46,1,306.19,744.38,105.97,24.41,1,0,0
46,2,808.36,719.68,53.43,22.61,1,0,0
46,4,658.89,729.46,58.66,17.03,1,0,0
46,5,596.18,732.16,63.61,19.48,1,0,0
46,3,234.51,749.26,66.17,21.53,1,0,0
46,6,426.47,752.52,40.81,11.01,1,0,0
46,7,481.40,750.82,38.57,11.24,1,0,0
46,8,0.42,758.97,74.57,21.03,1,0,0
47,1,292.08,753.42,106.01,24.82,1,0,0
47,2,797.13,721.41,53.02,23.34,1,0,0
47,4,644.82,733.45,60.13,17.35,1,0,0
47,5,584.26,737.29,66.81,19.40,1,0,0
47,3,220.36,760.71,66.42,19.29,1,0,0
47,6,413.36,760.81,38.00,9.49,1,0,0
47,7,467.71,756.49,41.32,10.89,1,0,0
48,1,265.40,742.32,107.33,24.69,1,0,0
48,2,772.87,704.64,52.74,23.79,1,0,0
48,4,617.89,716.35,64.78,19.27,1,0,0
48,5,558.20,722.29,69.10,19.79,1,0,0
48,3,194.58,750.33,65.05,21.41,1,0,0
48,6,390.03,748.41,37.01,10.26,1,0,0
48,8,0.00,763.45,31.06,16.55,1,0,0
49,1,277.05,749.17,106.91,25.22,1,0,0
49,2,783.84,713.12,53.77,23.55,1,0,0
49,4,631.90,724.74,60.77,18.53,1,0,0
49,5,569.71,730.58,68.77,19.85,1,0,0
49,3,206.71,757.82,64.50,20.08,1,0,0
49,6,400.08,755.56,40.30,10.70,1,0,0
49,7,452.03,752.66,35.80,10.93,1,0,0
50,1,244.79,730.16,108.76,24.72,1,0,0
50,2,755.26,689.82,54.27,24.96,1,0,0
50,4,604.04,703.50,59.36,18.93,1,0,0
50,5,538.15,709.71,68.09,19.90,1,0,0
50,3,174.39,739.46,65.40,20.61,1,0,0
50,6,369.82,736.35,39.54,11.07,1,0,0
50,7,421.18,733.07,37.49,10.94,1,0,0
51,1,230.81,722.58,107.15,24.13,1,0,0
51,2,742.07,682.16,53.02,24.08,1,0,0
51,4,589.88,694.86,60.38,18.42,1,0,0
51,5,529.21,700.62,63.90,18.13,1,0,0
51,3,159.25,733.16,65.45,19.46,1,0,0
51,6,355.50,726.88,39.58,11.33,1,0,0
51,7,407.76,724.24,37.65,10.56,1,0,0
52,1,206.38,709.58,109.49,24.74,1,0,0
52,2,720.93,669.71,53.77,23.51,1,0,0
52,4,570.77,682.08,59.68,17.74,1,0,0
52,5,508.02,685.21,64.04,19.43,1,0,0
52,3,134.13,718.23,66.14,21.11,1,0,0
52,6,332.79,714.67,38.50,11.02,1,0,0
52,7,385.05,711.16,38.52,10.92,1,0,0
53,1,191.46,706.66,109.93,24.24,1,0,0
53,2,707.17,666.78,52.56,24.16,1,0,0
53,4,555.49,679.42,60.36,18.95,1,0,0
53,5,489.30,683.43,67.27,21.15,1,0,0
53,3,117.24,716.00,68.29,20.94,1,0,0
53,6,318.89,712.97,37.28,10.59,1,0,0
53,7,370.32,709.65,38.78,10.93,1,0,0
54,1,167.71,713.79,110.06,24.25,1,0,0
54,2,689.13,676.65,52.07,25.03,1,0,0
54,4,539.14,687.90,55.61,16.64,1,0,0
54,5,475.93,688.97,61.11,18.89,1,0,0
54,3,94.21,723.58,67.34,20.57,1,0,0
54,6,294.83,718.82,39.44,10.63,1,0,0
54,7,349.10,716.00,36.89,10.92,1,0,0
55,1,150.87,718.71,111.38,23.72,1,0,0
55,2,673.43,683.33,52.97,23.58,1,0,0
55,4,535.32,696.74,56.04,15.80,1,0,0
55,5,457.15,696.80,69.27,21.01,1,0,0
55,3,77.67,728.03,68.15,20.14,1,0,0
55,6,279.82,725.44,37.79,10.70,1,0,0
55,7,332.20,721.89,37.39,11.16,1,0,0
56,1,126.18,714.84,112.26,24.32,1,0,0
56,2,652.92,681.02,55.56,24.83,1,0,0
56,4,507.46,697.28,67.29,18.68,1,0,0
56,5,430.76,701.73,69.26,19.15,1,0,0
56,3,54.58,723.46,66.24,20.59,1,0,0
56,6,256.49,722.41,38.83,10.62,1,0,0
56,7,310.21,719.39,38.57,11.11,1,0,0
57,1,109.44,713.27,113.32,25.01,1,0,0
57,2,638.82,680.62,53.22,24.46,1,0,0
57,4,500.54,696.29,65.00,18.07,1,0,0
57,5,417.05,698.92,74.17,20.05,1,0,0
57,3,33.44,723.21,69.28,20.01,1,0,0
57,6,240.85,721.92,40.12,10.87,1,0,0
57,7,295.17,718.39,34.94,10.22,1,0,0
58,1,100.59,711.94,113.67,24.73,1,0,0
58,2,631.22,680.28,53.76,24.16,1,0,0
58,4,489.11,695.94,63.03,17.32,1,0,0
58,5,409.28,698.45,69.44,19.62,1,0,0
58,3,25.08,721.36,68.28,20.47,1,0,0
58,6,232.18,720.64,38.88,10.27,1,0,0
58,7,285.68,717.62,36.66,10.75,1,0,0
59,1,63.40,712.50,112.90,24.75,1,0,0
59,2,599.58,679.93,53.26,23.10,1,0,0
59,4,455.96,696.74,66.79,17.33,1,0,0
59,5,375.09,696.87,75.02,19.92,1,0,0
59,3,0.00,722.98,53.90,17.54,1,0,0
59,7,250.60,717.43,36.02,10.69,1,0,0
60,1,32.85,711.96,114.43,24.34,1,0,0
60,2,574.43,678.64,52.57,23.55,1,0,0
60,4,412.95,688.58,62.19,18.10,1,0,0
60,5,348.80,694.64,72.00,21.49,1,0,0
60,3,0.00,721.10,24.26,16.01,1,0,0
60,7,221.13,716.80,36.41,10.91,1,0,0
60,6,165.68,720.34,40.25,10.88,1,0,0
61,1,12.59,712.22,114.36,23.97,1,0,0
61,2,557.21,679.28,53.92,23.69,1,0,0
61,4,391.25,689.31,68.27,19.94,1,0,0
61,5,329.71,694.99,72.95,21.43,1,0,0
61,7,202.73,716.70,37.60,11.09,1,0,0
61,6,146.03,719.14,41.00,11.01,1,0,0
62,1,0.00,712.55,98.27,24.85,1,0,0
62,2,538.06,682.87,49.95,21.69,1,0,0
62,4,367.65,691.00,65.95,19.53,1,0,0
62,5,304.76,696.29,75.99,21.97,1,0,0
62,7,172.66,720.00,37.02,10.71,1,0,0
62,6,116.70,721.99,39.98,10.84,1,0,0
63,1,0.18,714.03,89.21,24.07,1,0,0
63,2,528.31,683.22,50.86,22.67,1,0,0
63,4,360.41,692.96,65.99,19.36,1,0,0
63,5,295.83,697.60,75.98,21.58,1,0,0
63,7,165.90,720.12,36.68,11.08,1,0,0
63,6,108.13,722.87,41.62,11.39,1,0,0
64,1,0.01,712.10,72.29,22.57,1,0,0
64,2,501.19,688.38,46.23,20.17,1,0,0
64,4,341.95,691.27,68.77,20.50,1,0,0
64,5,278.97,696.87,71.92,20.54,1,0,0
64,7,148.37,717.87,37.97,11.03,1,0,0
64,6,90.01,720.64,39.54,10.45,1,0,0
65,1,0.21,715.05,45.08,21.60,1,0,0
65,2,485.89,689.53,47.22,20.51,1,0,0
65,4,319.34,694.24,68.30,20.14,1,0,0
65,5,253.14,698.72,72.77,21.62,1,0,0
65,7,124.48,721.31,35.88,10.61,1,0,0
65,6,65.46,723.72,37.99,11.49,1,0,0
66,1,0.08,716.64,27.81,21.88,1,0,0
66,2,466.70,689.24,47.82,22.92,1,0,0
66,4,303.63,695.37,68.26,21.16,1,0,0
66,5,236.81,701.07,75.55,21.42,1,0,0
66,7,107.80,723.22,36.49,11.10,1,0,0
66,6,48.25,725.63,37.64,11.14,1,0,0
67,2,441.98,690.02,47.82,22.98,1,0,0
67,4,273.54,697.95,69.82,21.01,1,0,0
67,5,206.58,704.95,73.87,20.58,1,0,0
67,7,76.26,726.10,36.94,11.35,1,0,0
67,6,18.76,728.23,39.48,11.10,1,0,0
68,2,424.47,689.30,52.60,23.71,1,0,0
68,4,255.13,698.49,68.73,20.92,1,0,0
68,5,187.13,705.57,76.31,20.93,1,0,0
68,7,55.89,726.61,37.61,11.27,1,0,0
68,6,1.87,729.18,35.77,11.15,1,0,0
69,2,412.80,687.26,54.24,24.23,1,0,0
69,4,244.24,697.28,68.38,21.24,1,0,0
69,5,175.70,704.21,76.01,21.07,1,0,0
69,7,41.19,726.11,39.68,12.00,1,0,0
69,6,0.00,728.94,27.27,10.54,1,0,0
70,2,399.98,686.44,53.97,22.65,1,0,0
70,4,228.79,695.33,69.29,21.40,1,0,0
70,5,160.23,701.56,75.54,21.21,1,0,0
70,7,25.46,723.08,40.07,11.87,1,0,0
71,2,390.95,684.52,55.34,23.03,1,0,0
71,4,218.11,692.37,71.54,22.13,1,0,0
71,5,150.68,698.93,75.12,21.21,1,0,0
71,7,14.50,719.86,39.01,10.79,1,0,0
72,2,379.09,679.69,58.26,23.59,1,0,0
72,4,206.50,686.69,69.78,21.24,1,0,0
72,5,137.79,692.24,76.75,20.95,1,0,0
72,7,3.00,711.65,38.52,10.69,1,0,0
73,2,376.10,677.71,54.56,22.60,1,0,0
73,4,202.66,683.79,71.03,21.43,1,0,0
73,5,134.52,688.90,75.35,21.31,1,0,0
73,7,0.83,707.51,34.72,10.69,1,0,0
74,2,360.53,665.75,54.13,22.67,1,0,0
74,4,184.82,668.25,71.74,21.89,1,0,0
74,5,116.54,672.39,74.67,21.66,1,0,0
75,2,353.90,660.15,55.58,21.86,1,0,0
75,4,179.65,660.37,72.52,22.43,1,0,0
75,5,111.30,665.28,73.73,21.29,1,0,0
76,2,341.73,651.12,55.01,22.46,1,0,0
76,4,167.21,649.54,69.19,22.20,1,0,0
76,5,97.49,653.63,73.06,21.31,1,0,0
77,2,338.79,649.54,56.36,22.20,1,0,0
77,4,163.79,647.34,70.74,21.98,1,0,0
77,5,95.47,650.81,73.27,21.39,1,0,0
78,2,333.67,644.35,55.64,23.09,1,0,0
78,4,155.51,640.99,73.65,23.19,1,0,0
78,5,86.81,644.17,75.46,22.31,1,0,0
79,2,333.03,643.05,53.63,22.83,1,0,0
79,4,154.09,639.41,71.88,22.24,1,0,0
79,5,84.66,641.52,76.36,22.28,1,0,0
80,2,333.03,637.74,55.17,22.75,1,0,0
80,4,154.00,631.57,72.40,23.04,1,0,0
80,5,87.11,634.18,72.91,22.21,1,0,0
81,2,339.36,630.74,55.16,23.70,1,0,0
81,4,160.27,623.42,74.10,23.43,1,0,0
81,5,93.08,625.40,75.69,22.64,1,0,0
82,2,346.58,626.52,55.26,22.26,1,0,0
82,4,167.54,617.98,73.23,23.03,1,0,0
82,5,100.29,618.40,78.84,22.95,1,0,0
83,2,357.70,617.55,55.60,23.69,1,0,0
83,4,178.70,607.37,75.71,23.26,1,0,0
83,5,113.47,607.88,77.12,22.56,1,0,0
84,2,371.47,609.61,54.92,23.10,1,0,0
84,4,191.95,596.37,78.30,24.59,1,0,0
84,5,127.17,597.09,68.72,22.23,1,0,0
84,7,0.50,604.14,30.31,10.05,1,0,0
85,2,385.76,604.03,52.92,23.76,1,0,0
85,4,207.06,588.55,76.10,25.44,1,0,0
85,5,141.97,588.91,74.85,22.54,1,0,0
85,7,5.91,594.10,39.82,11.32,1,0,0
86,2,394.63,602.78,52.97,22.59,1,0,0
86,4,219.59,584.90,74.31,25.57,1,0,0
86,5,153.82,585.26,77.40,23.38,1,0,0
86,7,19.75,589.79,35.24,10.00,1,0,0
87,2,410.50,602.50,55.24,24.29,1,0,0
87,4,233.82,586.50,76.40,25.28,1,0,0
87,5,171.07,586.84,80.46,22.75,1,0,0
87,7,37.57,590.60,36.91,10.97,1,0,0
88,2,424.93,605.00,49.54,22.57,1,0,0
88,4,246.75,590.77,77.11,25.43,1,0,0
88,5,186.04,591.63,74.32,22.26,1,0,0
88,7,51.07,594.67,39.61,11.51,1,0,0
89,2,449.05,613.65,52.44,24.28,1,0,0
89,4,274.52,602.86,75.95,24.15,1,0,0
89,5,211.83,602.71,69.25,22.23,1,0,0
89,7,81.47,607.96,36.19,10.90,1,0,0
89,10,25.47,606.01,34.86,10.72,1,0,0
90,2,468.98,625.07,50.00,22.78,1,0,0
90,4,307.60,614.03,73.10,24.13,1,0,0
90,5,243.38,616.39,75.30,21.60,1,0,0
90,7,57.45,619.38,38.95,11.27,1,0,0
90,10,0.21,605.09,34.21,20.19,1,0,0
91,2,460.57,622.62,54.34,23.81,1,0,0
91,4,297.65,610.98,75.08,25.12,1,0,0
91,5,236.00,612.45,75.44,22.05,1,0,0
91,7,49.17,616.23,37.75,10.18,1,0,0
91,10,0.20,598.42,24.30,23.55,1,0,0
91,11,105.00,618.00,38.77,11.15,1,0,0
92,2,468.56,635.62,50.85,22.34,1,0,0
92,4,340.13,623.29,71.97,23.55,1,0,0
92,5,277.17,625.77,70.82,21.28,1,0,0
92,7,91.00,631.75,36.52,10.83,1,0,0
92,10,0.23,615.32,69.07,21.78,1,0,0
92,11,145.89,632.79,39.50,11.27,1,0,0
93,2,482.16,637.23,53.05,22.68,1,0,0
93,4,355.64,625.48,70.63,23.82,1,0,0
93,5,292.40,629.07,73.20,22.02,1,0,0
93,7,104.27,635.99,41.53,11.52,1,0,0
93,10,0.21,619.17,84.53,23.49,1,0,0
93,11,163.19,637.26,39.77,11.56,1,0,0
94,2,516.37,637.93,45.97,22.21,1,0,0
94,4,363.43,627.45,69.47,24.26,1,0,0
94,5,301.99,631.09,68.03,21.76,1,0,0
94,7,112.43,638.90,43.04,11.69,1,0,0
94,10,0.00,618.62,93.27,25.62,1,0,0
94,11,171.85,640.34,39.98,11.93,1,0,0
95,2,552.76,640.03,54.15,23.44,1,0,0
95,4,386.26,633.60,68.57,23.41,1,0,0
95,5,320.99,637.40,74.02,21.64,1,0,0
95,7,137.81,645.92,40.88,11.23,1,0,0
95,10,0.39,627.20,116.82,25.92,1,0,0
95,11,192.95,646.70,40.01,11.46,1,0,0
96,2,566.40,642.92,54.21,24.96,1,0,0
96,4,399.99,637.81,70.41,22.16,1,0,0
96,5,338.01,641.67,73.65,21.61,1,0,0
96,7,152.40,652.54,43.41,11.67,1,0,0
96,10,14.58,633.58,118.42,25.67,1,0,0
96,11,210.84,653.44,39.71,11.54,1,0,0
97,2,586.60,648.01,54.26,24.09,1,0,0
97,4,422.44,643.82,68.03,24.15,1,0,0
97,5,363.44,648.34,71.50,21.98,1,0,0
97,7,175.19,662.58,45.72,11.80,1,0,0
97,10,39.56,644.75,117.75,24.80,1,0,0
97,11,240.76,660.46,41.14,12.87,1,0,0
97,12,0.14,652.98,36.87,15.37,1,0,0
98,2,601.96,652.24,52.96,22.95,1,0,0
98,4,435.35,649.97,71.24,24.50,1,0,0
98,5,373.73,653.16,78.09,22.50,1,0,0
98,7,191.09,668.47,40.61,11.48,1,0,0
98,10,53.78,651.50,118.28,24.49,1,0,0
98,11,249.61,667.08,44.86,12.82,1,0,0
98,12,0.00,655.48,51.34,17.62,1,0,0
99,2,623.33,658.64,50.63,22.85,1,0,0
99,4,464.70,659.62,72.96,23.47,1,0,0
99,5,399.21,663.47,78.66,22.41,1,0,0
99,7,217.15,677.27,45.89,12.30,1,0,0
99,10,80.37,664.70,116.11,24.16,1,0,0
99,11,282.49,677.08,39.04,11.56,1,0,0
99,12,11.37,669.51,65.55,18.64,1,0,0
100,2,630.68,658.92,52.70,23.73,1,0,0
100,4,464.11,659.75,75.29,24.60,1,0,0
100,5,405.04,664.96,76.51,22.20,1,0,0
100,7,223.79,680.20,44.74,11.44,1,0,0
100,10,87.53,666.74,115.20,23.58,1,0,0
100,11,282.98,679.91,39.63,11.31,1,0,0
100,12,16.80,671.43,68.58,18.55,1,0,0
101,2,650.93,662.38,50.68,22.18,1,0,0
101,4,491.23,662.86,72.42,24.35,1,0,0
101,5,425.56,667.82,80.91,22.94,1,0,0
101,7,246.51,684.86,43.38,11.95,1,0,0
101,10,111.05,671.50,113.32,23.40,1,0,0
101,11,306.45,683.85,38.09,10.98,1,0,0
101,12,41.22,676.21,68.25,19.49,1,0,0
102,2,677.31,660.24,53.14,23.04,1,0,0
102,4,515.66,660.45,68.60,23.43,1,0,0
102,5,446.20,666.80,79.72,22.67,1,0,0
102,7,270.93,679.70,43.59,12.29,1,0,0
102,10,142.89,666.47,113.45,23.45,1,0,0
102,11,331.85,679.23,39.76,11.41,1,0,0
102,12,75.04,671.19,65.30,18.76,1,0,0
103,2,690.19,658.75,54.30,24.32,1,0,0
103,4,521.84,658.73,73.80,24.52,1,0,0
103,5,452.22,666.91,77.21,21.10,1,0,0
103,7,290.51,676.40,44.82,11.98,1,0,0
103,10,157.28,661.93,113.37,24.33,1,0,0
103,11,350.91,676.80,38.09,11.17,1,0,0
103,12,86.62,666.68,69.05,19.80,1,0,0
104,2,706.79,655.56,53.74,24.72,1,0,0
104,4,543.25,653.03,70.70,24.42,1,0,0
104,5,470.87,656.09,81.22,25.08,1,0,0
104,7,312.69,668.90,40.25,11.57,1,0,0
104,10,177.39,651.25,112.36,23.97,1,0,0
104,11,368.75,667.58,37.44,11.02,1,0,0
104,12,109.91,653.35,65.76,19.84,1,0,0
105,2,718.85,653.54,54.38,24.03,1,0,0
105,4,555.82,650.90,68.87,22.37,1,0,0
105,5,486.62,655.67,76.37,23.82,1,0,0
105,7,326.07,664.60,40.25,10.53,1,0,0
105,10,190.48,646.52,114.15,24.09,1,0,0
105,11,380.05,664.37,35.60,10.95,1,0,0
105,12,124.01,648.10,65.01,20.21,1,0,0
106,2,736.79,647.49,53.86,24.24,1,0,0
106,4,572.87,638.66,71.90,23.74,1,0,0
106,5,498.97,642.03,84.58,24.07,1,0,0
106,7,341.35,645.96,43.41,11.43,1,0,0
106,10,211.03,627.81,113.54,25.37,1,0,0
106,12,144.16,628.21,65.06,20.67,1,0,0
107,2,732.25,649.65,52.77,24.33,1,0,0
107,4,567.95,641.97,70.82,24.51,1,0,0
107,5,495.68,646.33,79.92,24.30,1,0,0
107,7,337.46,650.91,40.82,10.94,1,0,0
107,10,206.30,634.01,112.74,23.99,1,0,0
107,12,137.83,634.55,66.59,20.93,1,0,0
107,11,392.86,651.83,35.51,10.08,1,0,0
108,2,741.65,643.06,53.25,23.83,1,0,0
108,4,574.29,634.47,72.01,24.21,1,0,0
108,5,507.68,639.50,74.25,22.85,1,0,0
108,7,345.25,641.93,41.24,11.28,1,0,0
108,10,211.99,623.30,115.53,25.22,1,0,0
108,12,146.81,623.25,63.00,19.64,1,0,0
108,11,400.51,643.89,36.57,10.70,1,0,0
109,2,747.07,640.13,51.67,23.19,1,0,0
109,4,582.43,630.74,70.19,23.76,1,0,0
109,5,508.51,634.82,83.58,24.17,1,0,0
109,7,354.02,636.82,38.75,10.63,1,0,0
109,10,220.23,617.66,113.57,24.23,1,0,0
109,12,153.51,616.02,66.25,21.56,1,0,0
109,11,407.65,636.83,38.25,11.19,1,0,0
110,2,748.52,641.20,52.60,24.04,1,0,0
110,4,585.20,632.80,68.27,23.11,1,0,0
110,5,511.27,635.60,85.28,23.55,1,0,0
110,7,354.75,639.41,38.51,10.60,1,0,0
110,10,222.04,619.87,112.29,25.99,1,0,0
110,12,153.76,619.75,65.70,20.12,1,0,0
110,11,407.78,639.46,38.90,11.35,1,0,0
111,2,749.01,642.57,52.11,24.38,1,0,0
111,4,587.86,634.64,67.85,23.36,1,0,0
111,5,513.69,638.18,84.40,22.09,1,0,0
111,7,357.60,642.98,35.33,9.95,1,0,0
111,10,223.68,623.68,113.66,26.02,1,0,0
111,12,157.05,624.78,63.72,19.53,1,0,0
111,11,409.89,643.09,36.23,10.66,1,0,0
112,2,749.33,647.26,52.19,22.81,1,0,0
112,4,584.39,640.42,71.86,23.93,1,0,0
112,5,515.13,645.65,84.08,22.27,1,0,0
112,7,358.89,652.62,36.08,9.59,1,0,0
112,10,222.68,633.89,114.21,25.47,1,0,0
112,12,158.43,635.39,63.82,19.77,1,0,0
112,11,410.71,652.28,34.64,9.96,1,0,0
113,2,750.06,649.05,52.83,23.16,1,0,0
113,4,586.60,643.29,69.20,24.33,1,0,0
113,5,511.82,648.09,86.53,23.81,1,0,0
113,7,358.54,657.35,37.13,10.27,1,0,0
113,10,222.28,639.33,114.04,25.44,1,0,0
113,12,158.55,642.19,63.82,20.00,1,0,0
113,11,410.59,657.35,37.30,10.68,1,0,0
114,2,750.52,653.60,51.86,23.12,1,0,0
114,4,589.27,650.45,67.09,22.33,1,0,0
114,5,518.87,654.86,80.64,22.92,1,0,0
114,7,362.24,666.40,34.41,9.39,1,0,0
114,10,222.97,650.58,113.26,25.46,1,0,0
114,12,158.72,652.46,63.37,20.61,1,0,0
114,11,413.68,665.90,34.27,9.84,1,0,0
115,2,754.24,658.58,53.31,23.96,1,0,0
115,4,590.94,656.50,68.29,23.04,1,0,0
115,5,512.83,660.50,89.33,24.70,1,0,0
115,7,360.68,674.50,41.16,10.80,1,0,0
115,10,223.45,660.16,113.97,25.40,1,0,0
115,12,158.86,664.30,63.08,20.08,1,0,0
115,11,415.72,674.97,36.94,10.96,1,0,0
116,2,762.53,668.07,52.54,24.39,1,0,0
116,4,599.05,670.68,66.94,21.72,1,0,0
116,5,533.40,675.92,71.77,21.04,1,0,0
116,7,367.47,689.91,41.76,11.14,1,0,0
116,10,231.67,676.40,114.61,25.58,1,0,0
116,12,168.78,682.74,62.03,20.06,1,0,0
116,11,423.75,688.71,40.64,11.95,1,0,0
