1,1,832.81,632.98,129.56,42.29,1,0,0
1,2,990.70,653.48,19.89,17.14,1,5,0
3,3,240.39,657.36,53.72,22.64,1,5,0
4,3,133.06,656.91,141.97,23.09,1,0,0
5,3,133.15,655.11,140.81,24.89,1,0,0
7,3,223.76,657.45,57.27,22.55,1,5,0
8,3,223.37,655.69,59.05,24.31,1,5,0
10,3,227.03,655.33,59.02,24.67,1,5,0
12,3,147.12,660.61,141.33,19.39,1,0,0
13,3,147.50,659.09,143.24,20.91,1,0,0
14,3,247.29,657.98,45.37,22.02,1,5,0
15,3,254.36,661.36,40.79,18.64,1,5,0
16,3,246.89,657.83,53.25,22.17,1,5,0
20,3,263.23,658.57,57.17,21.43,1,5,0
21,3,264.68,656.98,58.28,23.02,1,5,0
22,3,182.67,658.56,143.00,21.44,1,0,0
23,3,189.70,655.96,138.54,24.04,1,0,0
24,3,193.77,656.52,137.71,23.48,1,0,0
25,3,180.65,652.48,150.04,27.52,1,0,0
26,3,178.22,652.20,146.09,27.80,1,0,0
27,3,174.21,656.74,144.51,23.26,1,0,0
28,3,166.70,654.24,143.05,25.76,1,0,0
29,3,145.04,646.73,157.27,33.27,1,0,0
30,3,143.27,652.91,153.17,27.09,1,0,0
31,3,247.08,660.13,40.68,19.87,1,5,0
33,3,225.06,657.72,60.09,22.28,1,5,0
34,3,142.52,655.60,139.30,24.40,1,0,0
35,3,140.36,656.37,142.71,23.63,1,0,0
38,3,131.49,654.91,145.51,25.09,1,0,0
39,3,129.03,655.65,150.59,24.35,1,0,0
40,3,237.10,658.11,44.49,21.89,1,5,0
42,3,221.04,658.27,62.04,21.73,1,5,0
43,3,139.05,655.82,142.73,24.18,1,0,0
44,3,128.58,650.35,158.21,29.65,1,0,0
45,3,141.89,653.77,146.41,26.23,1,0,0
48,3,265.27,661.62,43.38,18.38,1,5,0
51,2,937.12,602.53,39.92,12.11,1,1,0
52,4,1086.61,569.09,16.00,25.25,1,5,0
52,6,913.60,568.30,6.58,13.84,1,3,0
52,2,975.67,572.97,42.70,12.81,1,5,0
53,4,1128.52,594.07,16.06,26.94,1,5,0
53,2,1011.73,596.66,50.30,14.23,1,5,0
53,10,1358.41,610.41,108.87,38.34,1,0,0
53,11,1244.75,620.23,44.84,12.18,1,1,0
53,3,347.54,536.43,7.59,14.99,1,3,0
54,4,1127.69,591.28,17.85,27.84,1,5,0
54,2,1010.37,595.88,51.02,14.10,1,5,0
54,10,1352.50,609.08,114.55,38.40,1,0,0
54,11,1244.23,618.32,43.68,12.30,1,1,0
54,12,1140.83,598.98,9.84,19.60,1,5,0
54,3,344.55,535.67,7.16,15.00,1,3,0
54,6,953.89,591.51,6.28,12.87,1,3,0
55,4,1118.22,580.92,17.56,27.06,1,5,0
55,2,1001.91,584.40,51.60,14.32,1,5,0
55,10,1343.11,598.20,115.64,38.39,1,0,0
55,11,1234.28,607.17,44.85,12.41,1,1,0
55,12,1131.05,588.78,10.60,18.77,1,5,0
55,6,944.96,580.00,6.22,13.01,1,3,0
56,4,1111.00,577.42,16.83,26.90,1,5,0
56,2,995.19,580.05,50.41,14.45,1,5,0
56,10,1336.42,595.97,114.76,39.33,1,0,0
56,11,1226.02,604.44,45.16,12.43,1,1,0
56,3,321.40,513.50,7.33,15.70,1,3,0
57,4,1104.39,565.94,17.77,28.07,1,5,0
57,2,992.52,570.47,48.19,13.61,1,5,0
57,10,1328.90,586.67,118.06,38.03,1,0,0
57,11,1220.25,593.27,44.98,12.53,1,1,0
57,3,318.77,504.64,7.29,16.08,1,3,0
57,12,1116.90,572.11,11.33,21.73,1,5,0
57,6,928.66,566.05,6.13,12.26,1,3,0
58,4,1099.40,558.59,17.79,28.00,1,5,0
58,2,986.05,563.42,49.99,13.79,1,5,0
58,10,1323.61,577.27,114.18,38.30,1,0,0
58,11,1213.56,585.10,45.84,12.74,1,1,0
58,12,1111.69,564.76,10.95,22.14,1,5,0
58,6,921.97,558.66,6.54,12.85,1,3,0
59,4,1090.67,575.07,17.63,28.71,1,5,0
59,2,977.42,580.09,48.96,14.21,1,5,0
59,10,1317.59,593.27,115.30,37.83,1,0,0
59,11,1207.34,601.39,44.50,12.39,1,1,0
59,12,1103.01,581.50,10.42,21.93,1,5,0
59,6,913.41,576.27,6.30,12.54,1,3,0
59,3,297.92,518.90,8.15,17.55,1,3,0
60,4,1083.23,588.26,17.75,27.61,1,5,0
60,2,970.54,592.69,49.97,14.67,1,5,0
60,10,1314.97,604.60,111.46,37.33,1,0,0
60,11,1203.14,613.18,43.68,12.57,1,1,0
60,12,1096.45,597.52,11.02,18.41,1,5,0
60,6,905.28,588.85,6.71,13.77,1,3,0
60,3,288.89,536.30,8.19,17.85,1,3,0
61,4,1079.02,592.58,17.61,27.05,1,5,0
61,2,965.52,596.16,49.12,14.15,1,5,0
61,10,1315.49,609.56,107.37,38.10,1,0,0
61,11,1198.96,618.09,43.56,12.39,1,1,0
61,12,1091.57,599.78,11.86,19.75,1,5,0
61,6,898.70,590.32,8.03,15.02,1,3,0
62,4,1073.94,589.61,17.77,27.86,1,5,0
62,2,961.12,593.25,49.92,14.49,1,5,0
62,10,1309.46,609.15,109.71,39.41,1,0,0
62,11,1194.56,617.10,42.87,12.30,1,1,0
62,12,1087.29,596.08,11.22,21.50,1,5,0
62,6,895.63,588.06,7.28,14.08,1,3,0
62,3,277.90,525.40,8.30,17.52,1,3,0
63,4,1068.30,573.11,17.89,27.01,1,5,0
63,2,955.10,575.12,50.36,14.41,1,5,0
63,10,1305.40,593.23,110.39,38.13,1,0,0
63,11,1185.88,600.20,45.52,11.97,1,1,0
63,12,1081.51,579.75,11.22,19.51,1,5,0
63,6,888.48,570.04,7.09,14.01,1,3,0
63,3,270.51,506.17,8.48,18.95,1,3,0
64,4,1064.95,559.61,17.73,27.55,1,5,0
64,2,952.27,563.07,51.16,14.52,1,5,0
64,10,1301.14,580.26,111.38,37.83,1,0,0
64,11,1182.63,587.32,45.17,12.20,1,1,0
64,12,1078.10,566.81,11.11,19.97,1,5,0
64,3,265.09,494.96,9.21,18.58,1,3,0
65,4,1059.21,558.41,18.46,26.13,1,5,0
65,2,946.59,561.86,51.73,14.42,1,5,0
65,10,1293.22,575.00,114.46,37.46,1,0,0
65,11,1176.10,583.42,47.00,12.09,1,1,0
65,3,257.47,499.86,9.51,18.64,1,3,0
65,6,878.72,555.82,7.37,14.60,1,3,0
66,4,1056.51,559.09,18.23,26.28,1,5,0
66,2,942.89,562.13,50.62,14.18,1,5,0
66,10,1293.68,575.89,107.85,36.36,1,0,0
66,11,1172.61,584.21,48.44,11.76,1,1,0
66,3,253.38,500.60,8.49,18.32,1,3,0
66,6,874.01,556.83,7.10,13.95,1,3,0
66,12,1070.14,566.18,12.54,19.16,1,5,0
67,4,1055.38,578.17,18.21,27.05,1,5,0
67,2,940.02,580.45,52.46,14.93,1,5,0
67,10,1292.27,597.65,111.22,39.44,1,0,0
67,11,1170.18,604.90,49.57,12.57,1,1,0
67,3,251.57,511.88,8.08,16.72,1,3,0
67,12,1068.57,585.07,12.30,20.09,1,5,0
68,4,1054.90,591.40,18.66,27.90,1,5,0
68,2,940.03,593.90,53.92,15.09,1,5,0
68,10,1293.24,611.68,110.38,41.56,1,0,0
68,11,1172.78,620.18,47.24,12.07,1,1,0
68,3,251.22,520.85,8.18,17.84,1,3,0
68,12,1068.68,599.13,12.71,20.27,1,5,0
68,6,871.95,587.76,6.86,13.55,1,3,0
69,4,1053.86,572.76,17.98,26.97,1,5,0
69,2,938.17,574.54,53.36,14.63,1,5,0
69,10,1291.71,589.90,109.37,39.04,1,0,0
69,11,1171.68,598.72,46.10,12.00,1,1,0
69,3,247.23,510.17,7.96,18.41,1,3,0
69,12,1066.84,579.44,12.16,19.66,1,5,0
69,6,868.53,569.02,7.02,13.35,1,3,0
70,4,1054.22,557.31,18.41,26.74,1,5,0
70,2,941.70,559.94,52.13,14.61,1,5,0
70,10,1291.55,574.31,110.41,38.32,1,0,0
70,11,1172.64,582.80,47.56,12.41,1,1,0
70,12,1067.56,564.23,12.58,19.67,1,5,0
70,6,867.96,553.76,7.18,13.84,1,3,0
71,4,1053.60,561.05,18.65,26.83,1,5,0
71,2,941.23,563.24,51.74,14.56,1,5,0
71,10,1291.40,577.76,110.84,38.78,1,0,0
71,11,1171.05,586.08,47.99,12.43,1,1,0
71,12,1067.43,567.68,12.44,19.58,1,5,0
71,6,866.95,557.25,7.94,14.07,1,3,0
71,3,245.41,499.44,7.08,16.76,1,3,0
72,4,1051.11,567.10,19.22,26.33,1,5,0
72,2,940.85,569.41,50.12,14.34,1,5,0
72,10,1290.74,587.40,109.60,36.33,1,0,0
72,11,1170.73,592.96,47.45,12.57,1,1,0
72,12,1065.82,573.79,13.85,20.12,1,5,0
72,6,865.38,564.35,6.37,12.74,1,3,0
72,3,241.41,502.04,8.47,17.63,1,3,0
73,4,1050.54,575.29,19.25,28.17,1,5,0
73,2,940.20,578.33,49.27,14.68,1,5,0
73,10,1290.65,596.85,109.77,36.96,1,0,0
73,11,1168.97,602.38,48.86,12.85,1,1,0
73,12,1065.39,582.14,13.22,21.31,1,5,0
73,6,863.67,572.29,6.20,13.71,1,3,0
73,3,241.18,508.95,8.14,17.60,1,3,0
74,4,1048.82,579.76,19.24,28.17,1,5,0
74,2,939.39,583.62,49.75,14.52,1,5,0
74,10,1288.73,601.31,112.88,38.27,1,0,0
74,11,1168.20,607.45,48.78,12.89,1,1,0
74,12,1063.93,586.94,12.79,21.06,1,5,0
74,6,861.58,577.10,6.64,14.03,1,3,0
74,3,237.52,515.97,8.06,17.01,1,3,0
75,4,1046.47,569.60,18.94,25.85,1,5,0
75,2,938.50,571.40,46.79,13.62,1,5,0
75,10,1286.45,587.89,109.27,36.65,1,0,0
75,11,1166.61,594.60,48.61,12.41,1,1,0
75,12,1061.97,574.42,12.83,21.67,1,5,0
75,6,857.70,566.22,5.94,13.45,1,3,0
75,3,231.75,507.77,8.57,16.40,1,3,0
76,4,1044.44,555.84,18.67,25.34,1,5,0
76,2,933.88,556.57,50.14,14.75,1,5,0
76,10,1284.38,573.50,110.18,37.51,1,0,0
76,11,1164.15,580.38,49.42,12.75,1,1,0
76,12,1059.69,561.92,12.40,19.32,1,5,0
76,6,854.49,551.29,7.42,14.04,1,3,0
76,3,227.03,493.10,6.97,14.76,1,3,0
77,4,1042.41,557.12,19.46,26.01,1,5,0
77,2,932.60,558.07,49.33,15.00,1,5,0
77,10,1282.49,577.96,109.60,37.49,1,0,0
77,11,1162.72,583.55,49.95,12.69,1,1,0
77,12,1056.77,562.94,13.56,20.43,1,5,0
77,6,852.94,551.84,7.00,14.39,1,3,0
77,3,226.17,488.54,7.47,15.54,1,3,0
78,4,1042.42,561.83,19.91,26.18,1,5,0
78,2,929.90,561.45,52.87,15.63,1,5,0
78,10,1281.97,583.28,112.60,38.27,1,0,0
78,11,1163.22,588.72,49.08,12.69,1,1,0
78,12,1056.96,567.08,13.54,20.51,1,5,0
78,3,225.64,490.10,7.45,15.03,1,3,0
79,4,1044.11,565.20,18.93,27.59,1,5,0
79,2,931.94,568.15,53.00,15.35,1,5,0
79,10,1285.10,586.36,109.76,38.19,1,0,0
79,11,1164.57,592.99,49.53,12.68,1,1,0
79,12,1058.62,572.45,13.79,20.59,1,5,0
79,6,850.63,562.48,6.23,12.91,1,3,0
80,4,1044.33,566.34,19.12,27.37,1,5,0
80,2,931.89,569.57,52.11,15.02,1,5,0
80,10,1285.79,584.65,111.00,37.33,1,0,0
80,11,1165.93,592.69,48.78,12.49,1,1,0
80,12,1059.68,574.19,13.89,19.73,1,5,0
80,6,851.15,563.82,6.88,14.17,1,3,0
80,3,225.25,509.10,8.26,16.38,1,3,0
81,4,1048.45,570.00,19.48,26.68,1,5,0
81,2,937.42,572.94,51.73,14.99,1,5,0
81,10,1291.39,587.01,109.79,37.70,1,0,0
81,11,1170.43,595.49,49.34,12.45,1,1,0
81,12,1064.12,576.95,13.61,20.06,1,5,0
81,6,854.87,567.50,6.76,13.51,1,3,0
81,3,229.24,512.85,8.05,15.20,1,3,0
82,4,1055.10,580.71,19.97,28.40,1,5,0
82,2,943.04,583.67,51.60,15.82,1,5,0
82,10,1295.67,600.53,109.72,40.57,1,0,0
82,11,1177.13,609.21,49.79,12.92,1,1,0
82,12,1069.81,588.61,13.79,20.33,1,5,0
82,6,860.66,577.97,6.81,13.42,1,3,0
83,4,1062.08,575.05,19.94,29.13,1,5,0
83,2,949.89,578.09,50.77,15.23,1,5,0
83,10,1302.19,597.36,113.19,40.92,1,0,0
83,11,1185.30,604.91,48.48,12.79,1,1,0
83,12,1076.99,581.98,13.82,22.36,1,5,0
83,6,866.81,571.69,6.59,12.55,1,3,0
83,3,244.62,505.20,7.76,15.80,1,3,0
84,4,1066.11,552.27,20.05,28.28,1,5,0
84,2,954.66,555.36,52.95,15.65,1,5,0
84,10,1308.11,572.76,111.79,39.90,1,0,0
84,11,1188.80,580.45,49.08,12.85,1,1,0
84,12,1081.13,559.56,14.12,21.45,1,5,0
84,3,248.28,488.48,6.75,14.68,1,3,0
85,4,1072.00,542.70,20.27,27.41,1,5,0
85,2,962.00,545.29,49.76,14.36,1,5,0
85,10,1311.58,560.59,115.49,39.13,1,0,0
85,11,1193.60,569.23,50.80,12.53,1,1,0
85,12,1088.38,550.10,12.60,20.29,1,5,0
85,3,252.48,480.46,7.02,15.76,1,3,0
85,6,874.13,539.21,6.68,13.05,1,3,0
86,4,1079.16,555.67,21.57,27.87,1,5,0
86,2,970.13,557.95,50.64,14.65,1,5,0
86,10,1323.79,575.42,113.32,39.55,1,0,0
86,11,1203.19,583.16,50.96,12.87,1,1,0
86,12,1097.24,560.26,12.74,23.82,1,5,0
86,3,262.75,489.58,7.91,16.30,1,3,0
87,4,1091.68,567.90,21.08,28.39,1,5,0
87,2,984.14,570.59,49.90,14.51,1,5,0
87,10,1334.85,589.88,116.28,41.49,1,0,0
87,11,1214.52,596.63,50.68,13.33,1,1,0
87,12,1109.16,574.02,13.42,23.07,1,5,0
87,3,275.63,495.79,7.60,14.81,1,3,0
87,6,895.28,562.96,6.19,12.74,1,3,0
88,4,1099.82,562.87,21.19,28.36,1,5,0
88,2,988.09,564.99,53.35,15.64,1,5,0
88,10,1345.84,585.45,113.93,39.82,1,0,0
88,11,1223.65,591.69,49.66,12.94,1,1,0
88,12,1117.14,569.82,13.48,21.53,1,5,0
88,6,901.87,556.86,7.23,14.31,1,3,0
89,4,1109.15,555.85,21.91,28.37,1,5,0
89,2,996.22,557.99,54.95,16.46,1,5,0
89,10,1357.35,578.36,111.46,37.79,1,0,0
89,11,1237.81,584.07,48.84,13.33,1,1,0
89,12,1126.40,563.40,14.03,20.98,1,5,0
89,3,294.16,493.18,7.81,15.87,1,3,0
90,4,1116.78,564.20,21.45,28.69,1,5,0
90,2,1004.84,567.18,53.96,15.72,1,5,0
90,10,1366.27,587.67,111.68,37.33,1,0,0
90,11,1246.65,593.67,46.91,12.19,1,1,0
90,12,1134.84,571.36,13.92,21.65,1,5,0
90,3,301.55,500.92,7.50,14.37,1,3,0
90,6,917.42,560.81,6.81,13.03,1,3,0
91,4,1126.20,573.62,21.34,28.56,1,5,0
91,2,1012.19,574.72,55.51,16.39,1,5,0
91,10,1375.81,596.45,111.46,39.63,1,0,0
91,11,1255.99,603.09,47.03,12.57,1,1,0
91,12,1143.82,580.48,14.28,21.67,1,5,0
91,3,311.09,504.55,7.86,15.11,1,3,0
91,6,927.21,567.87,6.83,13.77,1,3,0
92,4,1132.88,567.83,20.89,28.37,1,5,0
92,2,1024.44,569.91,51.54,16.08,1,5,0
92,10,1382.62,588.91,110.32,40.39,1,0,0
92,11,1260.74,596.60,49.88,12.73,1,1,0
92,12,1149.69,575.35,15.23,21.25,1,5,0
92,6,929.88,562.98,6.34,12.45,1,3,0
93,4,1136.59,555.25,20.66,28.11,1,5,0
93,2,1024.81,557.74,53.72,17.10,1,5,0
93,10,1387.07,574.21,110.53,40.01,1,0,0
93,11,1265.60,583.30,48.31,12.49,1,1,0
93,12,1153.44,563.49,14.89,20.34,1,5,0
93,3,320.41,495.18,7.40,15.39,1,3,0
94,4,1135.80,554.39,20.44,27.59,1,5,0
94,2,1023.53,556.37,54.38,17.12,1,5,0
94,10,1385.62,572.24,110.58,40.11,1,0,0
94,11,1264.44,581.73,48.44,12.55,1,1,0
94,12,1152.32,561.83,15.17,20.81,1,5,0
94,3,318.90,494.84,7.08,15.32,1,3,0
95,4,1135.71,565.50,21.70,28.49,1,5,0
95,2,1015.31,566.62,64.66,18.25,1,5,0
95,10,1384.72,585.94,112.20,40.71,1,0,0
95,11,1266.60,594.98,47.08,12.28,1,1,0
95,12,1153.35,572.25,15.77,22.52,1,5,0
95,3,317.33,498.85,8.21,16.34,1,3,0
96,4,1139.04,566.41,21.54,28.57,1,5,0
96,2,1023.34,566.59,59.81,17.71,1,5,0
96,10,1386.95,590.41,113.63,41.23,1,0,0
96,11,1269.12,597.52,48.53,12.42,1,1,0
96,12,1157.44,572.88,15.78,22.90,1,5,0
96,3,321.64,490.28,8.05,15.02,1,3,0
97,4,1143.02,552.97,22.34,29.46,1,5,0
97,2,1024.76,554.20,61.47,18.41,1,5,0
97,10,1391.03,576.63,114.63,41.53,1,0,0
97,11,1273.51,584.42,49.04,12.91,1,1,0
97,12,1161.14,561.07,15.61,22.19,1,5,0
97,3,325.51,481.36,7.52,14.84,1,3,0
97,6,937.68,546.48,7.64,14.25,1,3,0
98,4,1148.55,543.62,21.14,28.96,1,5,0
98,2,1028.83,545.13,61.65,18.36,1,5,0
98,10,1396.47,563.33,115.84,41.51,1,0,0
98,11,1277.85,573.31,49.02,12.62,1,1,0
98,12,1166.38,550.24,15.86,22.79,1,5,0
98,3,328.56,480.40,7.21,14.69,1,3,0
98,6,942.57,539.75,7.07,14.02,1,3,0
99,4,1152.62,542.59,26.03,32.16,1,5,0
99,2,1029.29,545.12,69.42,21.45,1,5,0
99,10,1407.91,564.50,116.00,39.90,1,0,0
99,11,1288.05,574.88,48.80,12.37,1,1,0
99,12,1173.75,552.23,16.20,22.90,1,5,0
99,3,336.40,489.19,6.80,14.81,1,3,0
99,6,949.57,543.25,6.79,13.96,1,3,0
100,4,1159.54,550.55,24.05,33.51,1,5,0
100,2,1032.85,552.85,70.31,22.11,1,5,0
100,10,1412.20,574.66,117.44,40.15,1,0,0
100,11,1292.02,584.20,50.17,12.47,1,1,0
100,12,1179.99,561.05,15.45,23.30,1,5,0
100,3,341.47,494.95,7.56,15.46,1,3,0
100,6,953.53,552.60,6.26,12.59,1,3,0
101,4,1166.49,565.98,25.13,33.14,1,5,0
101,2,1039.95,566.46,72.50,23.04,1,5,0
101,10,1421.28,592.64,118.18,41.33,1,0,0
101,11,1300.93,600.95,49.98,12.93,1,1,0
101,12,1186.63,575.56,16.19,23.94,1,5,0
101,3,350.46,497.91,7.64,16.49,1,3,0
101,6,960.83,563.99,6.79,13.95,1,3,0
102,4,1175.02,576.08,24.89,32.96,1,5,0
102,2,1046.66,576.50,74.42,22.62,1,5,0
102,10,1425.88,604.56,118.07,39.87,1,0,0
102,11,1310.69,611.82,48.67,12.40,1,1,0
102,12,1195.84,586.52,16.62,23.43,1,5,0
103,4,1177.78,567.22,26.43,33.27,1,5,0
103,2,1053.46,569.45,72.80,22.79,1,5,0
103,10,1431.38,590.76,118.65,39.74,1,0,0
103,11,1317.25,600.91,47.37,12.07,1,1,0
103,12,1200.29,576.99,16.88,23.92,1,5,0
103,3,360.66,512.85,7.36,15.51,1,3,0
104,4,1185.62,569.06,25.28,32.71,1,5,0
104,2,1059.02,571.49,74.41,22.14,1,5,0
104,10,1438.88,591.96,118.36,38.86,1,0,0
104,11,1325.14,601.74,47.54,12.13,1,1,0
104,12,1207.61,577.57,15.88,24.26,1,5,0
104,3,366.36,514.81,8.11,17.29,1,3,0
104,6,975.83,570.37,7.24,13.55,1,3,0
105,4,1191.59,584.04,23.96,31.07,1,5,0
105,2,1066.73,585.48,69.51,19.86,1,5,0
105,10,1444.82,605.05,119.59,42.09,1,0,0
105,11,1328.74,616.18,48.90,12.90,1,1,0
105,12,1212.06,592.56,17.13,23.53,1,5,0
105,3,370.58,520.83,8.77,17.98,1,3,0
106,4,1194.25,588.54,23.62,30.69,1,5,0
106,2,1067.87,588.54,72.08,20.72,1,5,0
106,10,1447.01,611.29,121.06,42.27,1,0,0
106,11,1330.56,621.07,50.35,13.30,1,1,0
106,12,1214.34,596.10,16.62,24.02,1,5,0
106,3,373.22,520.83,8.88,18.04,1,3,0
107,4,1195.22,574.47,22.70,31.47,1,5,0
107,2,1069.45,575.77,70.60,20.84,1,5,0
107,10,1450.03,593.98,118.33,41.35,1,0,0
107,11,1333.86,605.88,48.09,12.37,1,1,0
107,12,1215.27,582.43,16.57,23.82,1,5,0
107,3,372.61,518.73,8.33,17.90,1,3,0
108,4,1191.50,567.99,22.19,29.19,1,5,0
108,2,1064.62,568.52,70.87,20.13,1,5,0
108,10,1445.93,581.66,117.44,41.31,1,0,0
108,11,1328.99,595.53,49.08,12.22,1,1,0
108,12,1211.56,575.61,16.40,21.90,1,5,0
108,3,366.72,517.87,8.14,18.13,1,3,0
108,6,977.44,567.46,7.20,14.14,1,3,0
109,4,1186.47,578.66,23.54,30.71,1,5,0
109,2,1062.65,580.38,68.07,21.07,1,5,0
109,10,1438.31,596.21,120.11,39.50,1,0,0
109,11,1322.17,608.36,51.33,12.49,1,1,0
109,12,1207.45,588.27,15.41,21.92,1,5,0
109,3,360.67,530.14,8.31,16.57,1,3,0
109,6,971.39,580.61,6.47,13.53,1,3,0
110,4,1184.29,594.65,21.69,29.78,1,5,0
110,2,1058.12,593.09,69.67,21.49,1,5,0
110,10,1435.16,613.83,120.50,41.12,1,0,0
110,11,1320.52,624.95,48.85,12.42,1,1,0
110,12,1203.92,602.72,14.88,22.31,1,5,0
110,6,965.98,591.90,6.95,13.55,1,3,0
111,4,1179.19,591.34,22.51,30.31,1,5,0
111,2,1057.93,589.37,67.11,21.33,1,5,0
111,10,1430.44,614.93,122.06,41.48,1,0,0
111,11,1316.67,623.68,49.35,12.68,1,1,0
111,12,1199.02,599.02,16.66,23.67,1,5,0
111,6,962.95,586.42,6.73,13.10,1,3,0
111,3,352.14,519.90,7.34,16.23,1,3,0
112,4,1031.33,572.40,24.56,32.15,1,5,0
112,2,1051.39,579.66,19.44,25.90,1,5,0
112,11,1280.80,605.35,107.24,31.67,1,0,0
112,12,1169.47,607.21,52.73,13.05,1,1,0
112,6,921.62,579.56,59.97,16.09,1,5,0
112,3,271.91,512.58,6.78,15.77,1,3,0
113,2,1004.17,591.87,112.69,34.21,1,0,0
113,6,896.04,599.72,47.24,11.63,1,1,0
113,13,778.96,575.54,18.26,23.58,1,5,0
114,2,965.18,591.20,112.80,35.30,1,0,0
114,6,853.77,600.40,48.62,12.04,1,1,0
114,13,736.03,577.20,18.40,24.71,1,5,0
114,14,586.37,573.24,74.12,20.04,1,5,0
114,15,712.46,569.72,25.29,31.48,1,5,0
114,16,1719.21,657.08,9.47,20.13,1,3,0
115,2,958.79,599.40,113.98,40.20,1,0,0
115,6,848.74,612.25,49.64,12.83,1,1,0
115,13,732.93,590.50,16.50,23.91,1,5,0
115,14,577.22,584.98,79.40,21.02,1,5,0
115,15,708.80,582.93,25.31,30.51,1,5,0
115,17,479.82,582.41,8.07,14.59,1,3,0
116,2,947.66,592.15,113.04,38.38,1,0,0
116,6,839.86,603.66,46.84,12.69,1,1,0
116,13,720.85,581.49,16.99,24.51,1,5,0
116,14,568.34,575.80,77.96,21.56,1,5,0
116,15,694.84,573.50,28.67,31.81,1,5,0
117,2,942.01,587.29,112.06,37.44,1,0,0
117,6,832.54,598.06,48.76,12.77,1,1,0
117,13,714.51,575.96,17.22,24.55,1,5,0
117,14,558.86,570.02,80.11,21.03,1,5,0
117,15,689.13,567.64,27.52,31.71,1,5,0
117,16,1696.64,654.53,10.15,22.83,1,3,0
117,17,459.23,568.81,7.58,13.92,1,3,0
118,2,936.10,590.32,112.40,38.74,1,0,0
118,6,826.68,602.06,49.67,13.01,1,1,0
118,13,710.63,580.62,16.15,23.26,1,5,0
118,14,554.98,573.72,78.72,20.93,1,5,0
118,15,686.47,573.27,24.88,29.75,1,5,0
119,2,956.89,601.75,109.53,36.99,1,0,0
119,6,850.02,611.70,47.32,12.37,1,1,0
119,13,729.52,588.75,16.71,24.52,1,5,0
119,14,573.25,581.15,78.99,22.07,1,5,0
119,15,701.35,578.77,30.32,33.27,1,5,0
119,17,473.42,580.05,6.99,13.52,1,3,0
120,2,972.86,598.28,110.85,37.30,1,0,0
120,6,867.05,608.74,47.27,12.93,1,1,0
120,13,746.14,586.34,16.43,24.39,1,5,0
120,14,580.23,578.58,90.56,22.67,1,5,0
120,15,719.19,577.65,28.30,31.80,1,5,0
120,16,1733.07,665.78,6.58,14.22,1,3,0
121,2,975.21,591.59,110.27,37.56,1,0,0
121,6,869.47,602.83,46.35,12.84,1,1,0
121,13,748.64,581.53,15.95,23.52,1,5,0
121,14,593.25,573.58,78.28,22.00,1,5,0
121,15,721.86,573.12,27.29,30.83,1,5,0
121,16,1736.75,660.61,8.44,19.39,1,3,0
122,2,970.88,590.57,112.94,36.57,1,0,0
122,6,858.16,600.15,51.48,13.08,1,1,0
122,13,743.70,580.51,16.49,23.46,1,5,0
122,14,594.19,572.56,77.72,21.70,1,5,0
122,15,721.11,573.62,23.19,29.22,1,5,0
122,16,1731.31,651.48,10.72,26.91,1,3,0
122,17,483.83,571.22,8.12,14.05,1,3,0
123,2,964.45,591.25,115.42,38.30,1,0,0
123,6,851.88,601.42,52.37,13.39,1,1,0
123,13,736.69,581.25,16.87,23.30,1,5,0
123,14,589.09,572.67,76.30,22.12,1,5,0
123,15,713.89,573.87,23.76,29.63,1,5,0
123,16,1724.82,656.41,9.88,23.59,1,3,0
123,17,477.10,570.93,6.97,13.46,1,3,0
124,2,952.75,589.69,112.39,37.82,1,0,0
124,6,842.32,600.20,49.81,13.00,1,1,0
124,13,725.11,580.24,16.22,22.87,1,5,0
124,14,566.64,571.41,82.96,22.57,1,5,0
124,15,701.83,573.03,22.70,29.52,1,5,0
124,16,1710.64,655.90,10.69,24.10,1,3,0
124,17,460.63,570.37,7.98,13.74,1,3,0
125,2,942.66,587.59,109.79,36.42,1,0,0
125,6,831.84,597.52,50.22,13.05,1,1,0
125,13,714.18,577.17,16.18,23.93,1,5,0
125,14,552.76,569.23,84.51,22.42,1,5,0
125,15,691.76,569.29,21.46,30.13,1,5,0
125,16,1698.59,650.78,11.06,25.96,1,3,0
125,17,448.34,567.91,7.14,13.71,1,3,0
126,2,934.96,587.88,110.66,37.00,1,0,0
126,6,823.31,597.85,50.66,13.04,1,1,0
126,13,706.15,577.52,16.42,23.34,1,5,0
126,14,548.53,568.58,81.91,22.35,1,5,0
126,15,687.62,570.74,18.09,28.07,1,5,0
126,16,1690.05,653.61,10.57,25.69,1,3,0
126,17,438.44,566.05,7.55,14.38,1,3,0
127,2,926.18,591.38,111.43,37.84,1,0,0
127,6,815.83,600.92,50.68,13.30,1,1,0
127,13,698.64,579.91,16.15,23.02,1,5,0
127,14,537.79,569.81,83.78,22.68,1,5,0
127,15,678.49,573.41,18.48,27.81,1,5,0
127,16,1683.25,662.78,8.04,17.22,1,3,0
127,17,428.81,566.29,7.50,14.72,1,3,0
128,2,919.74,590.64,111.84,39.10,1,0,0
128,6,809.38,601.06,51.58,13.19,1,1,0
128,13,692.52,580.66,15.38,21.97,1,5,0
128,14,531.36,569.37,86.24,23.25,1,5,0
128,15,674.71,575.20,16.82,25.71,1,5,0
128,17,421.71,566.22,7.50,14.45,1,3,0
129,2,910.78,577.75,112.91,39.13,1,0,0
129,6,800.86,588.71,52.02,13.20,1,1,0
129,13,683.46,568.85,15.84,22.43,1,5,0
129,14,523.40,558.43,83.19,23.07,1,5,0
129,15,665.75,563.08,16.71,26.52,1,5,0
129,17,411.11,556.37,7.73,13.88,1,3,0
129,16,1666.20,645.18,10.74,27.29,1,3,0
130,2,907.12,571.30,110.67,39.80,1,0,0
130,6,797.51,583.70,51.94,12.96,1,1,0
130,13,679.75,564.20,15.74,22.55,1,5,0
130,14,519.86,554.19,81.56,22.59,1,5,0
130,15,661.03,558.70,17.41,26.46,1,5,0
130,16,1662.45,636.22,11.40,28.23,1,3,0
131,2,902.74,578.40,110.78,39.23,1,0,0
131,6,793.57,590.52,52.29,13.66,1,1,0
131,13,675.27,572.21,16.06,20.91,1,5,0
131,14,515.31,562.80,80.39,22.38,1,5,0
131,15,657.95,568.22,16.12,23.68,1,5,0
131,16,1658.76,643.32,10.82,26.30,1,3,0
131,17,399.98,559.21,7.94,14.56,1,3,0
132,2,896.14,587.42,111.48,39.25,1,0,0
132,6,788.91,600.20,50.04,13.10,1,1,0
132,13,669.51,581.05,15.75,22.10,1,5,0
132,14,506.39,570.45,83.45,23.58,1,5,0
132,15,652.30,577.55,16.26,24.20,1,5,0
132,16,1652.88,652.46,11.16,25.77,1,3,0
133,2,889.34,590.91,111.77,39.98,1,0,0
133,6,781.33,603.42,50.03,13.24,1,1,0
133,13,662.04,584.38,15.78,22.03,1,5,0
133,14,502.14,573.33,80.35,23.47,1,5,0
133,15,643.54,578.40,16.85,26.79,1,5,0
133,17,383.70,572.07,7.40,13.55,1,3,0
134,2,883.38,589.17,110.86,40.67,1,0,0
134,6,774.67,602.53,50.08,13.37,1,1,0
134,13,655.11,584.46,16.22,21.04,1,5,0
134,14,493.91,572.83,79.82,23.68,1,5,0
134,15,637.38,579.45,16.19,24.98,1,5,0
134,17,375.17,571.31,7.99,14.27,1,3,0
134,16,1638.40,657.47,10.02,22.53,1,3,0
135,2,870.74,585.15,106.71,38.04,1,0,0
135,6,757.32,596.21,53.65,13.70,1,1,0
135,13,640.06,577.32,15.55,23.00,1,5,0
135,14,479.63,568.24,61.38,21.99,1,5,0
135,15,619.65,571.71,17.95,27.20,1,5,0
135,16,1623.14,648.17,10.56,25.59,1,3,0
136,2,862.03,587.73,106.72,38.63,1,0,0
136,6,748.63,599.23,53.69,14.03,1,1,0
136,13,630.38,581.08,15.67,21.96,1,5,0
136,14,469.25,570.31,65.59,23.12,1,5,0
136,15,612.37,575.85,16.10,26.15,1,5,0
136,16,1613.42,652.16,10.53,25.12,1,3,0
137,2,851.18,586.87,107.26,38.80,1,0,0
137,6,737.87,599.16,53.29,13.94,1,1,0
137,13,618.78,580.47,15.85,22.82,1,5,0
137,14,460.42,571.81,72.33,22.31,1,5,0
137,15,599.92,575.60,16.60,26.47,1,5,0
137,16,1601.10,649.55,11.34,25.66,1,3,0
137,17,332.42,570.21,7.13,13.83,1,3,0
138,2,839.79,579.85,109.56,38.82,1,0,0
138,6,730.20,591.40,53.53,14.09,1,1,0
138,13,609.71,573.36,16.89,22.36,1,5,0
138,14,449.42,563.61,71.87,22.58,1,5,0
138,15,590.56,567.97,17.22,26.08,1,5,0
138,16,1592.59,642.95,11.19,25.08,1,3,0
138,17,321.65,561.39,7.52,14.17,1,3,0
139,2,831.66,577.99,108.69,39.87,1,0,0
139,6,722.63,589.31,53.09,14.26,1,1,0
139,13,601.14,569.99,17.02,22.44,1,5,0
139,14,443.72,559.57,65.39,22.33,1,5,0
139,15,582.39,565.54,16.67,25.21,1,5,0
139,16,1583.38,647.52,10.64,25.14,1,3,0
139,17,311.48,555.90,8.19,14.89,1,3,0
140,2,826.40,582.96,107.78,39.70,1,0,0
140,6,716.11,593.39,53.20,13.92,1,1,0
140,13,595.46,572.30,16.47,23.36,1,5,0
140,14,435.33,562.14,73.11,22.70,1,5,0
140,15,575.11,567.45,17.56,26.46,1,5,0
140,16,1576.93,655.05,10.73,24.79,1,3,0
140,17,303.26,557.93,7.82,14.06,1,3,0
141,2,823.73,583.81,106.41,38.66,1,0,0
141,6,711.57,593.18,52.39,14.26,1,1,0
141,13,590.72,573.40,16.91,22.27,1,5,0
141,14,430.84,562.35,68.51,22.69,1,5,0
141,15,571.07,569.14,17.11,24.79,1,5,0
141,16,1572.21,654.89,10.87,24.49,1,3,0
141,17,296.14,557.90,8.12,15.70,1,3,0
142,2,818.16,574.78,107.92,39.70,1,0,0
142,6,708.22,586.85,51.83,14.10,1,1,0
142,13,584.55,568.79,17.71,22.15,1,5,0
142,14,424.95,558.21,64.91,22.85,1,5,0
142,15,564.72,562.85,17.19,26.41,1,5,0
142,16,1566.79,641.87,10.69,23.33,1,3,0
142,17,289.90,555.61,8.06,15.00,1,3,0
143,2,815.70,569.30,106.36,38.96,1,0,0
143,6,705.31,581.81,51.06,13.93,1,1,0
143,13,581.52,564.63,17.24,21.91,1,5,0
143,14,420.64,554.83,68.12,22.57,1,5,0
143,15,561.42,559.11,17.27,26.06,1,5,0
143,16,1563.61,632.33,10.85,23.68,1,3,0
143,18,1874.72,641.02,45.28,36.51,1,5,0
144,2,813.11,578.83,108.57,40.63,1,0,0
144,6,701.32,592.00,54.50,14.33,1,1,0
144,13,580.33,573.94,16.93,22.18,1,5,0
144,14,420.06,563.24,67.27,23.42,1,5,0
144,15,560.75,569.56,17.13,25.00,1,5,0
144,16,1563.37,645.87,10.42,23.93,1,3,0
144,18,1873.54,656.34,46.46,23.66,1,5,0
144,17,281.61,560.66,8.39,14.64,1,3,0
145,2,814.26,587.81,106.62,36.96,1,0,0
145,6,699.64,596.61,53.90,14.22,1,1,0
145,13,578.89,576.55,16.76,23.54,1,5,0
145,14,422.37,566.88,69.93,23.05,1,5,0
145,15,559.40,571.33,16.71,26.71,1,5,0
145,16,1562.23,653.37,10.45,24.66,1,3,0
145,17,278.97,562.88,8.58,14.32,1,3,0
146,2,813.40,580.60,106.27,38.29,1,0,0
146,6,699.54,591.07,53.71,14.13,1,1,0
146,13,578.34,571.56,16.87,22.97,1,5,0
146,14,420.36,561.22,67.53,23.31,1,5,0
146,15,558.62,566.69,16.82,25.91,1,5,0
146,16,1561.43,647.17,10.79,24.33,1,3,0
146,17,277.43,557.53,8.38,14.47,1,3,0
146,18,1875.49,659.27,44.51,20.73,1,5,0
147,2,811.20,575.03,105.67,37.70,1,0,0
147,6,697.87,585.01,53.41,14.42,1,1,0
147,13,576.29,565.90,16.59,22.76,1,5,0
147,14,414.82,554.69,69.36,24.29,1,5,0
147,15,554.95,559.76,17.61,27.09,1,5,0
147,16,1559.08,640.53,11.24,24.81,1,3,0
147,18,1875.31,652.57,44.69,27.43,1,5,0
148,2,810.09,573.92,104.70,39.73,1,0,0
148,6,694.67,585.86,55.93,14.70,1,1,0
148,13,574.22,566.59,16.51,23.00,1,5,0
148,14,418.27,556.34,66.49,22.71,1,5,0
148,15,553.08,560.22,17.62,27.47,1,5,0
148,16,1557.43,641.01,10.97,25.16,1,3,0
148,18,1875.12,653.80,44.88,26.20,1,5,0
149,2,809.44,576.05,104.75,40.33,1,0,0
149,6,692.59,588.80,54.73,14.52,1,1,0
149,13,570.88,569.37,16.86,23.13,1,5,0
149,14,413.04,558.96,69.74,24.37,1,5,0
149,15,550.27,563.67,17.74,27.37,1,5,0
149,18,1874.60,653.48,45.40,26.52,1,5,0
149,17,265.61,555.78,8.96,15.62,1,3,0
150,2,805.03,578.22,106.18,39.83,1,0,0
150,6,690.41,591.25,54.54,14.31,1,1,0
150,13,567.33,572.66,17.53,22.54,1,5,0
150,14,412.08,561.84,68.91,23.83,1,5,0
150,15,546.64,567.56,17.25,25.99,1,5,0
150,18,1872.04,652.19,47.96,27.81,1,5,0
150,16,1551.93,643.14,10.94,24.13,1,3,0
151,2,800.02,583.54,106.49,40.30,1,0,0
151,6,687.39,597.04,53.69,14.35,1,1,0
151,13,563.70,577.62,17.30,23.44,1,5,0
151,14,408.66,567.84,66.34,23.31,1,5,0
151,15,541.75,571.57,17.90,27.80,1,5,0
151,18,1867.64,658.70,52.36,21.30,1,5,0
151,16,1549.00,649.43,11.09,24.27,1,3,0
151,17,255.79,564.82,8.13,14.90,1,3,0
152,2,789.59,591.82,112.91,39.66,1,0,0
152,6,680.74,603.62,53.59,14.61,1,1,0
152,13,557.08,584.57,17.44,23.42,1,5,0
152,14,398.27,574.24,70.52,23.42,1,5,0
152,15,535.78,578.79,17.92,27.25,1,5,0
152,18,1869.99,663.53,50.01,16.47,1,5,0
152,16,1542.35,657.77,9.39,22.23,1,3,0
153,2,779.52,587.67,114.97,40.32,1,0,0
153,6,672.20,600.02,54.39,14.66,1,1,0
153,13,548.08,580.09,17.65,24.13,1,5,0
153,14,392.54,570.87,68.75,23.18,1,5,0
153,15,526.03,575.07,18.36,27.44,1,5,0
153,18,1855.64,655.88,64.36,24.12,1,5,0
153,16,1532.45,654.55,11.42,25.45,1,3,0
153,17,236.70,566.09,7.57,15.05,1,3,0
154,2,763.74,568.16,113.09,39.73,1,0,0
154,6,654.39,580.29,54.35,14.53,1,1,0
154,13,529.85,560.87,17.68,23.80,1,5,0
154,14,375.17,550.81,67.65,23.54,1,5,0
154,15,507.15,555.23,18.80,27.56,1,5,0
154,18,1836.40,638.27,83.60,41.72,1,5,0
154,16,1514.94,633.49,10.46,24.30,1,3,0
154,17,213.78,546.86,8.90,15.53,1,3,0
155,2,748.13,557.09,111.44,39.16,1,0,0
155,6,640.33,568.79,54.46,14.51,1,1,0
155,13,513.79,549.02,18.18,23.86,1,5,0
155,14,349.98,539.66,76.10,23.72,1,5,0
155,15,490.55,544.79,19.06,25.98,1,5,0
155,18,1821.35,627.31,98.65,46.61,1,5,0
155,16,1498.35,623.87,10.97,22.62,1,3,0
155,17,194.88,535.37,8.51,15.08,1,3,0
156,2,736.17,558.54,111.94,39.95,1,0,0
156,6,628.04,569.72,54.45,14.44,1,1,0
156,13,501.62,548.47,18.23,24.36,1,5,0
156,14,336.42,538.61,78.13,22.94,1,5,0
156,15,478.25,544.13,18.84,26.31,1,5,0
156,18,1808.05,635.39,111.95,44.61,1,5,0
156,16,1485.09,628.67,10.99,23.92,1,3,0
156,17,180.13,532.21,8.60,15.81,1,3,0
157,2,726.25,564.94,112.30,40.59,1,0,0
157,6,618.95,574.94,54.01,14.33,1,1,0
157,13,492.25,553.01,17.28,23.24,1,5,0
157,14,326.94,541.60,80.34,23.17,1,5,0
157,15,469.26,548.02,18.22,26.15,1,5,0
157,18,1798.59,653.24,121.41,26.76,1,5,0
157,16,1474.93,644.08,10.66,22.39,1,3,0
157,17,168.69,532.79,7.89,15.30,1,3,0
158,2,726.89,569.95,108.97,37.80,1,0,0
158,6,613.44,576.36,54.75,14.85,1,1,0
158,13,487.31,554.49,17.75,23.26,1,5,0
158,14,305.13,539.90,75.56,24.97,1,5,0
158,15,464.65,549.51,18.56,26.07,1,5,0
158,18,1801.37,658.40,114.10,21.60,1,5,0
158,16,1471.38,647.16,10.73,23.28,1,3,0
159,2,728.12,568.33,109.12,37.19,1,0,0
159,6,614.49,575.83,55.39,14.88,1,1,0
159,13,488.42,555.38,18.11,23.82,1,5,0
159,14,308.40,543.56,75.62,24.00,1,5,0
159,15,465.49,550.49,18.78,26.83,1,5,0
159,18,1799.35,643.03,120.65,36.97,1,5,0
159,16,1473.45,636.28,10.93,24.13,1,3,0
160,2,734.06,572.40,108.90,35.33,1,0,0
160,6,621.30,580.25,55.88,14.97,1,1,0
160,13,494.53,562.06,18.01,23.16,1,5,0
160,14,317.22,551.24,71.09,23.61,1,5,0
160,15,471.30,557.80,19.09,25.85,1,5,0
160,18,1808.54,633.55,111.46,46.45,1,5,0
160,16,1480.67,630.72,11.24,24.97,1,3,0
160,17,167.80,546.11,8.64,17.24,1,3,0
161,2,733.99,577.61,114.71,38.51,1,0,0
161,6,625.11,589.45,56.59,15.02,1,1,0
161,13,499.07,572.42,18.62,22.22,1,5,0
161,14,322.44,561.27,67.08,23.06,1,5,0
161,15,475.42,566.49,19.61,26.34,1,5,0
161,18,1816.92,637.91,103.08,42.09,1,5,0
161,16,1485.70,637.21,11.09,24.75,1,3,0
161,17,171.39,556.69,8.83,16.70,1,3,0
162,2,742.11,597.07,114.42,38.20,1,0,0
162,6,633.61,607.34,55.25,14.89,1,1,0
162,13,505.85,589.35,18.66,22.79,1,5,0
162,14,333.38,577.66,65.09,23.39,1,5,0
162,15,482.16,584.15,19.70,26.01,1,5,0
163,2,741.82,601.61,117.60,40.14,1,0,0
163,6,634.87,613.07,55.36,15.02,1,1,0
163,13,507.72,595.25,18.58,21.93,1,5,0
163,14,329.74,583.35,71.41,23.04,1,5,0
163,15,483.19,589.81,20.08,25.34,1,5,0
163,17,177.78,576.10,8.57,17.39,1,3,0
164,2,742.16,592.03,114.70,37.23,1,0,0
164,6,636.83,601.73,54.05,14.73,1,1,0
164,13,507.76,584.23,18.09,21.74,1,5,0
164,14,341.35,574.07,66.89,22.50,1,5,0
164,15,483.13,579.18,19.95,25.00,1,5,0
164,17,175.83,566.59,8.94,17.54,1,3,0
164,18,1842.33,657.34,77.67,22.66,1,5,0
164,16,1494.24,655.51,10.99,22.84,1,3,0
165,2,741.84,578.66,113.98,38.12,1,0,0
165,6,636.98,588.73,53.93,14.72,1,1,0
165,13,507.43,570.14,18.19,22.18,1,5,0
165,14,337.66,558.61,66.91,23.15,1,5,0
165,15,482.19,565.68,20.14,24.67,1,5,0
165,18,1834.12,648.96,85.88,31.04,1,5,0
165,16,1493.42,645.40,11.15,22.46,1,3,0
166,2,848.39,587.39,54.21,14.78,1,1,0
166,6,704.22,561.49,19.01,26.35,1,5,0
166,4,575.10,554.04,70.90,23.40,1,5,0
167,2,880.76,542.08,7.11,14.90,1,3,0
167,19,1023.60,549.88,62.47,22.37,1,5,0
167,11,1404.49,579.39,120.62,38.20,1,0,0
167,12,1300.58,584.24,54.39,14.81,1,1,0
167,17,267.79,478.65,8.12,15.18,1,3,0
168,19,1127.03,548.64,60.92,22.01,1,5,0
168,22,1255.96,553.89,19.93,26.87,1,5,0
168,11,1514.73,574.46,124.15,37.25,1,0,0
168,12,1280.58,560.43,17.97,22.85,1,5,0
168,16,1406.98,580.03,56.06,15.04,1,1,0
169,19,1133.05,556.43,64.22,21.90,1,5,0
169,22,1266.69,562.45,19.01,25.90,1,5,0
169,11,1526.61,579.66,122.96,39.33,1,0,0
169,12,1290.49,566.84,18.39,23.69,1,5,0
169,16,1418.80,587.51,56.04,14.87,1,1,0
169,2,988.87,549.27,7.26,14.20,1,3,0
170,19,1136.11,575.87,63.83,22.16,1,5,0
170,22,1268.11,582.79,19.32,25.50,1,5,0
170,11,1525.36,601.64,137.45,42.09,1,0,0
170,12,1292.34,587.49,18.91,23.07,1,5,0
170,16,1421.20,609.79,53.60,15.24,1,1,0
170,2,989.88,568.80,7.13,14.43,1,3,0
170,15,392.58,509.06,7.90,15.82,1,3,0
171,19,1131.98,574.26,67.06,22.92,1,5,0
171,22,1266.50,582.31,19.18,25.31,1,5,0
171,11,1525.33,601.21,134.75,42.34,1,0,0
171,12,1290.90,585.96,19.26,24.22,1,5,0
171,16,1420.12,609.02,55.26,15.22,1,1,0
171,2,987.40,566.72,7.91,14.94,1,3,0
171,15,391.05,506.41,6.69,14.28,1,3,0
172,19,1131.78,560.16,64.69,23.12,1,5,0
172,22,1264.76,567.04,20.01,26.24,1,5,0
172,11,1524.59,586.24,134.61,41.88,1,0,0
172,12,1289.45,572.14,19.09,23.52,1,5,0
172,16,1417.90,594.13,56.02,15.25,1,1,0
172,2,985.32,552.54,7.61,14.66,1,3,0
172,15,387.98,495.82,6.96,13.97,1,3,0
173,19,1093.64,558.83,65.28,22.48,1,5,0
173,22,1224.67,564.05,19.99,27.08,1,5,0
173,11,1484.01,585.10,132.70,40.58,1,0,0
173,12,1250.21,569.75,19.18,23.66,1,5,0
173,16,1378.34,592.21,55.11,14.98,1,1,0
173,15,344.03,493.83,7.73,14.48,1,3,0
174,19,1072.81,557.36,58.46,21.98,1,5,0
174,22,1203.94,562.39,20.96,27.05,1,5,0
174,11,1463.14,580.41,127.94,41.67,1,0,0
174,12,1229.87,567.76,19.34,23.94,1,5,0
174,16,1356.08,589.22,56.57,15.28,1,1,0
174,15,320.42,494.37,7.33,14.57,1,3,0
174,2,923.72,549.65,7.56,14.19,1,3,0
175,19,1066.52,555.86,59.05,21.61,1,5,0
175,22,1197.31,559.57,20.57,28.50,1,5,0
175,11,1456.66,579.63,127.84,41.75,1,0,0
175,12,1223.18,567.19,18.80,23.02,1,5,0
175,16,1349.64,588.09,56.55,15.58,1,1,0
175,15,312.53,490.76,7.83,15.12,1,3,0
175,2,915.79,547.15,7.85,14.33,1,3,0
176,19,1060.38,560.98,57.95,21.63,1,5,0
176,22,1190.99,565.83,20.60,27.32,1,5,0
176,11,1448.88,584.80,126.76,41.45,1,0,0
176,12,1216.68,572.26,18.80,23.51,1,5,0
176,16,1343.27,593.42,55.74,15.08,1,1,0
176,15,304.98,494.61,7.18,14.37,1,3,0
177,19,1051.77,569.55,57.27,20.81,1,5,0
177,22,1181.77,571.73,21.57,29.50,1,5,0
177,11,1438.51,592.96,132.84,41.96,1,0,0
177,12,1209.38,579.76,18.17,23.87,1,5,0
177,16,1335.04,601.10,56.59,15.63,1,1,0
177,2,900.70,560.81,7.25,14.24,1,3,0
178,19,1041.92,579.44,60.17,20.95,1,5,0
178,22,1172.65,580.57,22.28,30.55,1,5,0
178,11,1429.12,602.15,132.98,42.16,1,0,0
178,12,1201.05,589.64,17.65,23.70,1,5,0
178,16,1328.69,611.19,53.67,14.99,1,1,0
178,2,891.08,570.05,7.47,14.03,1,3,0
179,19,1034.58,586.79,56.02,19.87,1,5,0
179,22,1163.82,585.90,22.58,31.36,1,5,0
179,11,1419.73,607.91,134.98,42.52,1,0,0
179,12,1192.08,595.56,18.33,23.93,1,5,0
179,16,1319.80,617.41,53.96,15.04,1,1,0
179,2,881.87,576.27,7.02,14.35,1,3,0
179,15,274.04,518.68,7.52,15.61,1,3,0
180,19,1029.64,576.35,58.73,21.58,1,5,0
180,22,1156.41,578.42,20.92,29.70,1,5,0
180,11,1412.66,600.03,129.94,40.62,1,0,0
180,12,1182.98,586.66,18.40,23.45,1,5,0
180,16,1309.29,607.29,55.46,15.26,1,1,0
180,2,871.71,567.04,7.39,14.85,1,3,0
180,15,263.15,510.85,7.62,14.13,1,3,0
181,19,1022.33,552.16,51.88,20.62,1,5,0
181,22,1145.93,554.64,20.92,28.63,1,5,0
181,11,1401.53,574.94,130.70,41.65,1,0,0
181,12,1172.99,561.69,18.18,23.46,1,5,0
181,16,1297.68,582.76,56.97,15.61,1,1,0
181,15,250.67,484.84,7.07,14.28,1,3,0
182,19,1007.57,524.63,53.99,21.53,1,5,0
182,22,1132.14,528.60,20.76,28.02,1,5,0
182,11,1387.69,548.82,129.45,42.24,1,0,0
182,12,1159.00,535.20,18.63,23.64,1,5,0
182,16,1284.63,556.61,55.34,15.41,1,1,0
182,15,233.47,455.56,7.14,14.08,1,3,0
182,2,845.56,515.64,6.90,13.23,1,3,0
183,19,1003.52,514.66,53.02,21.26,1,5,0
183,22,1125.79,517.59,20.90,29.35,1,5,0
183,11,1380.71,538.87,130.35,43.03,1,0,0
183,12,1152.78,524.89,18.95,24.24,1,5,0
183,16,1279.27,547.50,54.75,15.01,1,1,0
183,15,226.04,444.63,7.15,14.63,1,3,0
184,22,1117.08,545.15,21.68,27.56,1,5,0
184,11,1371.33,562.44,130.59,43.54,1,0,0
184,12,1144.61,551.61,18.87,23.76,1,5,0
184,16,1272.36,573.03,54.14,14.81,1,1,0
184,15,214.87,473.04,7.98,15.68,1,3,0
184,2,828.97,531.79,7.38,13.98,1,3,0
185,22,1109.50,562.29,21.86,26.89,1,5,0
185,11,1365.31,579.22,130.53,43.72,1,0,0
185,12,1137.70,568.46,19.33,22.76,1,5,0
185,16,1265.62,589.86,54.06,14.79,1,1,0
185,15,204.86,487.01,7.77,15.18,1,3,0
185,2,819.48,546.63,7.84,14.42,1,3,0
185,19,987.37,559.86,42.35,17.56,1,5,0
186,22,932.39,560.76,22.13,27.24,1,5,0
186,12,1088.87,587.44,53.35,14.46,1,1,0
186,16,1184.14,579.31,125.79,39.53,1,0,0
186,2,809.46,558.01,40.12,15.97,1,5,0
186,19,960.80,565.64,19.58,24.29,1,5,0
186,6,638.64,545.44,7.23,14.59,1,3,0
187,22,885.22,556.02,21.16,27.15,1,5,0
187,12,1038.47,580.89,55.41,14.98,1,1,0
187,16,1136.93,571.32,121.86,39.82,1,0,0
187,2,764.04,556.30,35.67,15.48,1,5,0
187,19,913.68,562.00,19.18,23.40,1,5,0
187,6,587.79,544.12,7.52,15.02,1,3,0
188,22,880.88,546.10,21.34,26.78,1,5,0
188,12,1033.81,570.41,55.22,15.17,1,1,0
188,16,1131.67,560.93,122.12,39.43,1,0,0
188,2,760.17,546.49,38.90,16.01,1,5,0
188,19,908.69,551.34,19.11,23.65,1,5,0
188,6,582.14,534.85,7.24,14.81,1,3,0
189,22,883.38,548.35,21.74,26.91,1,5,0
189,12,1038.52,575.87,54.10,14.70,1,1,0
189,16,1133.81,567.28,126.58,41.29,1,0,0
189,2,761.55,547.32,38.07,15.37,1,5,0
189,19,911.43,554.41,18.82,23.38,1,5,0
189,6,584.17,531.70,6.98,14.56,1,3,0
190,22,883.19,553.38,22.52,29.37,1,5,0
190,12,1040.20,583.44,53.98,15.03,1,1,0
190,16,1135.17,575.92,125.55,39.83,1,0,0
190,2,764.69,553.91,39.04,16.29,1,5,0
190,19,912.29,560.37,20.30,25.52,1,5,0
190,6,582.38,539.46,7.74,15.04,1,3,0
191,22,878.78,550.14,22.75,28.91,1,5,0
191,12,1034.95,577.90,54.61,15.41,1,1,0
191,16,1131.39,570.15,126.61,39.28,1,0,0
191,2,760.59,552.22,40.36,15.85,1,5,0
191,19,907.77,556.54,20.07,25.12,1,5,0
191,6,577.37,538.71,7.93,14.84,1,3,0
192,22,869.37,551.84,23.32,29.27,1,5,0
192,12,1026.19,579.48,54.51,15.20,1,1,0
192,16,1123.17,569.49,127.06,40.89,1,0,0
192,2,748.60,554.27,41.39,15.97,1,5,0
192,19,899.03,558.42,19.73,25.34,1,5,0
192,6,567.46,540.92,7.69,14.93,1,3,0
193,22,861.07,556.16,22.91,27.97,1,5,0
193,12,1017.98,583.73,54.38,14.88,1,1,0
193,16,1113.02,574.39,126.71,40.29,1,0,0
193,2,744.31,556.74,39.91,16.42,1,5,0
193,19,890.37,563.63,20.39,22.63,1,5,0
193,6,556.84,543.71,7.09,13.65,1,3,0
194,22,846.22,539.55,24.25,28.34,1,5,0
194,12,1004.46,567.55,54.71,14.89,1,1,0
194,16,1099.96,561.18,129.00,38.64,1,0,0
194,2,734.46,540.69,37.65,15.87,1,5,0
194,19,876.71,546.16,20.24,24.11,1,5,0
194,6,540.19,526.09,7.18,13.52,1,3,0
194,18,1901.78,642.56,11.57,22.69,1,3,0
195,22,835.45,526.09,24.28,28.02,1,5,0
195,12,994.72,554.46,53.26,15.06,1,1,0
195,16,1088.09,548.64,126.32,39.15,1,0,0
195,2,721.61,526.31,39.78,15.88,1,5,0
195,19,866.49,533.21,20.65,23.51,1,5,0
195,6,527.92,510.38,7.18,13.62,1,3,0
195,18,1887.64,634.12,11.37,23.46,1,3,0
196,22,827.76,522.64,24.55,30.09,1,5,0
196,12,989.55,553.41,51.50,15.15,1,1,0
196,16,1075.41,548.27,133.57,38.29,1,0,0
196,2,711.93,522.52,39.23,16.74,1,5,0
196,19,860.16,528.49,21.65,26.97,1,5,0
196,6,519.43,506.73,8.15,14.60,1,3,0
196,18,1875.37,635.18,11.58,22.72,1,3,0
197,22,821.27,524.08,23.72,27.18,1,5,0
197,12,982.85,552.50,53.11,14.49,1,1,0
197,16,1073.25,544.17,127.07,40.76,1,0,0
197,2,705.25,522.95,40.30,16.10,1,5,0
197,19,852.49,528.74,20.45,25.05,1,5,0
197,6,511.62,506.91,6.96,13.94,1,3,0
197,18,1867.69,631.37,12.44,23.30,1,3,0
198,22,817.67,529.71,23.49,27.89,1,5,0
198,12,978.91,557.38,53.76,14.59,1,1,0
198,16,1069.29,548.58,127.95,40.28,1,0,0
198,2,701.37,529.83,37.42,16.07,1,5,0
198,19,848.07,535.57,20.63,24.46,1,5,0
198,6,506.72,515.67,7.04,13.76,1,3,0
198,18,1863.89,631.08,12.95,22.45,1,3,0
199,22,815.29,542.98,24.25,25.97,1,5,0
199,12,977.98,569.15,51.94,14.54,1,1,0
199,16,1068.32,558.44,129.37,42.09,1,0,0
199,2,700.12,541.65,39.06,16.34,1,5,0
199,19,846.55,548.16,20.77,23.58,1,5,0
199,6,503.59,526.71,7.23,14.01,1,3,0
199,18,1860.88,640.23,13.14,25.00,1,3,0
200,22,813.30,552.35,24.38,27.64,1,5,0
200,12,977.41,580.46,51.71,14.86,1,1,0
200,16,1066.12,569.70,131.29,42.49,1,0,0
200,2,697.72,550.95,40.09,17.39,1,5,0
200,19,844.53,558.34,21.17,24.00,1,5,0
200,18,1860.92,658.02,11.93,20.59,1,3,0
201,22,811.76,551.64,24.40,27.73,1,5,0
201,12,975.85,579.13,51.91,14.79,1,1,0
201,16,1065.27,567.54,130.57,42.55,1,0,0
201,2,696.63,551.10,40.18,16.99,1,5,0
201,19,843.62,557.66,20.72,24.10,1,5,0
201,18,1858.51,653.53,12.00,21.22,1,3,0
201,6,497.85,535.99,7.55,14.27,1,3,0
202,22,808.92,548.96,24.71,26.24,1,5,0
202,12,971.71,574.33,53.97,14.93,1,1,0
202,16,1063.43,562.44,130.04,42.69,1,0,0
202,2,695.62,547.66,38.42,16.60,1,5,0
202,19,841.39,553.07,21.22,24.40,1,5,0
202,18,1856.51,648.53,11.60,19.51,1,3,0
202,6,495.27,532.75,7.41,14.41,1,3,0
203,22,805.49,544.34,25.00,26.34,1,5,0
203,12,969.02,570.52,52.38,14.86,1,1,0
203,16,1057.74,559.34,130.83,42.80,1,0,0
203,2,691.02,542.46,39.66,17.37,1,5,0
203,19,837.79,550.58,20.92,22.70,1,5,0
203,18,1850.45,642.91,11.72,23.60,1,3,0
204,22,799.21,541.25,24.27,26.84,1,5,0
204,12,963.14,568.76,52.53,14.72,1,1,0
204,16,1052.35,558.13,131.26,42.82,1,0,0
204,2,684.11,539.84,40.69,17.09,1,5,0
204,19,831.54,546.79,21.85,23.85,1,5,0
204,18,1842.88,644.38,12.44,23.66,1,3,0
204,6,481.61,522.92,7.67,14.64,1,3,0
205,22,791.68,540.79,25.41,27.52,1,5,0
205,12,956.26,568.99,52.15,14.68,1,1,0
205,16,1044.84,558.47,132.59,43.48,1,0,0
205,2,677.67,539.27,41.42,17.24,1,5,0
205,19,824.75,545.96,21.22,24.67,1,5,0
205,18,1833.58,646.32,12.39,22.96,1,3,0
205,6,472.31,522.47,7.17,14.08,1,3,0
206,22,786.10,539.11,26.42,28.54,1,5,0
206,12,951.92,568.04,52.62,14.73,1,1,0
206,16,1039.56,556.33,131.38,43.00,1,0,0
206,2,673.95,539.88,38.63,16.62,1,5,0
206,19,819.84,546.78,21.61,22.82,1,5,0
206,18,1827.88,643.64,12.01,22.08,1,3,0
207,22,780.69,536.13,26.05,27.52,1,5,0
207,12,945.57,564.05,53.16,14.67,1,1,0
207,16,1035.49,551.80,129.78,43.44,1,0,0
207,2,669.09,536.31,38.46,16.77,1,5,0
207,19,813.86,542.00,22.12,24.02,1,5,0
207,18,1821.52,639.35,12.26,21.64,1,3,0
207,6,459.06,519.16,7.40,14.21,1,3,0
208,22,775.75,535.02,26.10,28.29,1,5,0
208,12,942.36,564.71,51.60,14.27,1,1,0
208,16,1030.77,553.77,130.06,42.80,1,0,0
208,2,665.44,535.23,36.48,17.05,1,5,0
208,19,809.05,541.17,22.09,24.57,1,5,0
208,18,1814.72,643.51,12.05,21.68,1,3,0
209,22,770.94,538.36,26.99,29.27,1,5,0
209,12,938.63,566.75,52.05,15.04,1,1,0
209,16,1017.76,559.54,137.61,38.36,1,0,0
209,2,660.12,538.74,41.19,17.36,1,5,0
209,19,805.50,544.33,23.23,25.64,1,5,0
209,18,1805.54,641.15,12.81,21.30,1,3,0
209,6,447.29,521.91,7.57,14.38,1,3,0
210,22,764.08,542.82,25.57,28.29,1,5,0
210,12,929.91,570.26,52.76,14.53,1,1,0
210,16,1012.84,559.83,135.85,40.55,1,0,0
210,2,653.39,544.52,37.64,16.78,1,5,0
210,19,796.98,548.47,22.90,24.86,1,5,0
210,18,1801.38,639.58,11.96,20.97,1,3,0
210,6,437.67,528.66,7.62,14.91,1,3,0
211,22,758.52,547.80,25.20,27.00,1,5,0
211,12,925.93,575.77,51.99,14.37,1,1,0
211,16,1006.82,565.39,136.55,41.14,1,0,0
211,2,648.90,547.33,37.13,17.05,1,5,0
211,19,791.54,550.50,22.99,26.82,1,5,0
211,18,1792.07,648.75,12.23,21.51,1,3,0
211,6,431.04,530.18,7.22,15.31,1,3,0
212,22,755.06,546.82,25.41,27.31,1,5,0
212,12,921.78,576.32,53.20,15.00,1,1,0
212,16,1004.44,565.96,136.98,43.05,1,0,0
212,2,643.88,546.19,37.76,16.80,1,5,0
212,19,788.18,550.24,22.77,26.57,1,5,0
212,18,1788.22,656.94,11.76,20.97,1,3,0
212,6,427.33,527.15,6.95,14.63,1,3,0
213,22,748.66,526.13,25.84,28.41,1,5,0
213,12,917.83,556.53,51.37,15.11,1,1,0
213,16,994.87,546.44,137.68,43.03,1,0,0
213,2,638.59,525.79,39.20,17.22,1,5,0
213,19,783.04,531.96,23.01,25.53,1,5,0
213,18,1780.60,639.06,12.14,21.73,1,3,0
213,6,419.53,506.06,7.43,14.74,1,3,0
214,22,739.67,490.68,26.45,28.74,1,5,0
214,12,909.55,520.21,52.29,14.90,1,1,0
214,16,986.19,509.73,137.24,42.07,1,0,0
214,2,630.81,492.35,37.19,16.75,1,5,0
214,19,774.37,494.72,22.74,27.51,1,5,0
214,18,1769.89,597.37,13.08,20.98,1,3,0
214,6,407.93,474.46,7.31,14.07,1,3,0
215,22,734.92,490.39,25.82,29.35,1,5,0
215,12,903.75,520.13,52.26,14.87,1,1,0
215,16,981.46,509.76,138.54,42.20,1,0,0
215,2,628.98,492.89,35.29,16.55,1,5,0
215,19,768.41,494.85,23.25,27.53,1,5,0
215,18,1763.15,597.86,11.74,19.56,1,3,0
215,6,401.66,474.19,7.36,14.11,1,3,0
216,22,730.88,507.71,25.52,30.04,1,5,0
216,12,899.89,538.01,53.36,15.20,1,1,0
216,16,977.73,528.14,138.00,42.16,1,0,0
216,2,618.80,509.62,37.90,17.37,1,5,0
216,19,764.36,513.02,23.84,27.64,1,5,0
216,18,1758.63,615.43,11.02,19.71,1,3,0
216,6,396.52,492.88,7.33,13.61,1,3,0
217,22,729.41,530.39,26.73,27.81,1,5,0
217,12,900.44,558.47,52.29,15.16,1,1,0
217,16,978.19,548.49,138.12,42.31,1,0,0
217,2,617.55,530.19,38.40,17.07,1,5,0
217,19,763.90,534.91,24.85,26.33,1,5,0
217,18,1757.32,635.52,11.53,19.96,1,3,0
217,6,394.62,512.68,7.50,14.54,1,3,0
218,22,731.90,540.84,26.21,29.45,1,5,0
218,12,902.61,570.04,52.62,15.05,1,1,0
218,16,979.77,559.75,137.98,42.05,1,0,0
218,2,620.47,542.27,37.29,17.26,1,5,0
218,19,766.57,545.58,25.01,27.45,1,5,0
218,18,1759.23,645.65,11.05,20.28,1,3,0
218,6,395.98,525.13,7.25,14.05,1,3,0
219,22,736.27,538.77,19.41,22.89,1,5,0
219,12,901.42,572.03,53.67,14.73,1,1,0
219,16,978.61,562.72,138.42,40.69,1,0,0
219,2,618.31,542.20,40.47,17.45,1,5,0
219,19,766.89,541.25,23.36,32.04,1,5,0
219,18,1759.29,647.45,10.60,19.73,1,3,0
220,22,732.40,536.71,27.16,31.32,1,5,0
220,12,903.25,568.34,53.98,15.04,1,1,0
220,16,979.49,559.05,137.25,40.58,1,0,0
220,19,766.95,541.25,25.18,28.77,1,5,0
220,18,1759.39,644.38,11.03,20.71,1,3,0
220,6,393.58,518.66,7.29,16.39,1,3,0
221,22,729.99,526.64,28.05,30.63,1,5,0
221,12,902.18,557.40,54.75,15.81,1,1,0
221,16,977.62,550.39,139.43,38.68,1,0,0
221,19,766.31,532.39,25.69,27.74,1,5,0
221,18,1757.54,633.06,11.48,20.19,1,3,0
221,2,621.70,531.41,35.23,14.27,1,5,0
222,22,727.35,516.47,27.67,29.65,1,5,0
222,12,902.41,547.14,51.66,14.88,1,1,0
222,16,976.36,539.42,136.58,38.32,1,0,0
222,19,763.72,523.15,25.67,26.00,1,5,0
222,18,1753.15,622.55,11.87,19.46,1,3,0
222,2,617.45,519.77,36.69,15.89,1,5,0
222,6,387.71,501.42,7.84,13.54,1,3,0
223,22,727.44,519.48,28.64,28.98,1,5,0
223,12,904.57,549.75,50.10,14.75,1,1,0
223,16,977.16,540.84,137.22,40.32,1,0,0
223,19,764.91,527.43,25.05,24.37,1,5,0
223,18,1752.92,626.28,12.16,19.77,1,3,0
223,2,617.50,522.11,38.18,15.50,1,5,0
223,6,387.30,502.19,7.47,13.88,1,3,0
224,22,726.02,530.73,29.43,28.83,1,5,0
224,12,903.20,560.03,50.86,15.23,1,1,0
224,16,976.84,551.14,138.17,40.42,1,0,0
224,19,762.58,536.67,26.87,26.08,1,5,0
224,18,1752.03,634.44,12.13,20.57,1,3,0
224,2,614.78,532.82,38.10,15.91,1,5,0
224,6,384.60,514.13,7.30,13.70,1,3,0
225,22,725.88,539.34,28.25,29.11,1,5,0
225,12,899.17,567.71,53.80,15.86,1,1,0
225,16,975.44,559.72,139.36,39.36,1,0,0
225,19,762.70,544.01,24.95,27.60,1,5,0
225,18,1751.39,638.09,10.86,20.90,1,3,0
225,2,611.02,542.97,39.22,14.67,1,5,0
225,6,383.39,524.09,6.80,14.31,1,3,0
226,22,728.91,547.19,28.27,28.41,1,5,0
226,12,901.87,575.52,53.49,15.86,1,1,0
226,16,977.82,566.94,139.69,39.74,1,0,0
226,19,765.91,552.63,24.83,26.45,1,5,0
226,18,1751.57,643.46,12.20,24.13,1,3,0
226,2,616.36,550.68,36.14,14.96,1,5,0
226,6,385.49,531.33,7.29,14.56,1,3,0
227,12,942.98,547.31,28.88,26.94,1,5,0
227,16,980.08,552.91,25.41,24.93,1,5,0
227,19,831.68,548.65,36.28,14.82,1,5,0
227,2,612.51,529.86,6.87,13.40,1,3,0
227,11,1191.43,569.44,143.26,38.03,1,0,0
228,12,987.08,542.09,28.36,26.84,1,5,0
228,16,1024.26,547.65,26.51,24.14,1,5,0
228,19,873.74,543.52,41.45,15.16,1,5,0
228,24,1162.60,568.08,54.57,17.16,1,1,0
228,11,1234.69,557.36,148.24,44.82,1,0,0
229,12,988.99,531.11,29.51,27.56,1,5,0
229,16,1026.08,536.77,27.92,25.04,1,5,0
229,19,879.73,532.92,37.57,14.38,1,5,0
229,24,1164.80,558.58,54.56,17.07,1,1,0
229,11,1237.22,548.91,147.63,44.78,1,0,0
229,2,657.57,512.18,7.19,14.57,1,3,0
230,12,982.66,531.29,29.95,27.20,1,5,0
230,16,1020.17,537.25,27.87,24.38,1,5,0
230,19,875.27,532.43,36.21,14.37,1,5,0
230,24,1159.37,559.10,53.84,17.39,1,1,0
230,11,1231.23,549.06,146.80,45.30,1,0,0
230,2,650.74,511.48,7.45,14.25,1,3,0
231,12,975.67,537.82,29.63,24.32,1,5,0
231,16,1015.03,543.72,25.52,21.73,1,5,0
231,19,864.46,535.49,41.51,15.80,1,5,0
231,24,1153.76,564.27,54.61,16.63,1,1,0
231,11,1226.58,556.09,146.78,42.16,1,0,0
231,25,27.66,454.47,9.27,16.53,1,3,0
232,12,971.29,544.99,28.77,23.62,1,5,0
232,16,1009.46,549.18,28.81,23.34,1,5,0
232,19,857.60,542.30,40.00,14.98,1,5,0
232,24,1149.81,569.60,55.78,17.21,1,1,0
232,11,1221.38,559.99,148.20,44.08,1,0,0
232,25,23.18,462.66,8.34,15.94,1,3,0
232,2,638.66,523.22,7.24,13.61,1,3,0
233,12,966.79,548.96,28.72,23.69,1,5,0
233,16,1005.52,552.85,26.72,23.15,1,5,0
233,19,855.38,545.76,40.08,15.12,1,5,0
233,24,1143.91,572.95,56.72,17.54,1,1,0
233,11,1215.66,562.11,149.80,44.87,1,0,0
233,25,17.27,468.18,8.71,16.15,1,3,0
234,12,962.73,549.60,28.44,24.01,1,5,0
234,16,1001.06,554.58,27.42,22.05,1,5,0
234,19,851.51,547.06,39.08,14.94,1,5,0
234,24,1140.22,573.46,56.06,17.26,1,1,0
234,11,1211.68,561.49,150.56,45.58,1,0,0
234,25,10.60,470.02,9.44,16.39,1,3,0
234,2,626.93,528.16,7.06,14.08,1,3,0
235,12,955.61,541.23,30.52,26.15,1,5,0
235,16,994.84,547.42,25.06,22.16,1,5,0
235,19,847.13,540.67,37.49,14.73,1,5,0
235,24,1137.37,567.00,52.90,16.56,1,1,0
235,11,1203.31,553.73,149.66,45.81,1,0,0
235,25,1.65,465.45,8.05,15.78,1,3,0
235,2,618.72,522.11,6.61,13.86,1,3,0
236,12,946.58,532.20,31.53,24.98,1,5,0
236,16,986.81,538.02,26.60,21.96,1,5,0
236,19,838.46,530.92,37.71,14.73,1,5,0
236,24,1128.57,557.04,52.94,17.09,1,1,0
236,11,1194.64,544.93,150.67,45.85,1,0,0
236,2,608.24,510.56,7.06,14.34,1,3,0
237,12,937.68,526.97,29.89,25.22,1,5,0
237,16,977.69,531.18,24.96,24.01,1,5,0
237,19,828.92,525.06,38.70,14.46,1,5,0
237,24,1119.92,552.94,51.72,16.72,1,1,0
237,11,1186.32,541.03,149.95,46.66,1,0,0
238,12,930.51,528.40,27.72,23.94,1,5,0
238,16,969.29,533.02,26.14,22.56,1,5,0
238,19,819.41,526.69,37.32,13.89,1,5,0
238,24,1112.60,552.68,51.62,17.52,1,1,0
238,11,1178.70,544.86,143.89,42.35,1,0,0
238,2,587.81,504.08,7.42,13.87,1,3,0
239,12,894.73,550.42,45.50,16.25,1,1,0
239,16,953.22,541.70,142.20,40.54,1,0,0
239,19,741.79,529.79,27.51,23.16,1,5,0
239,2,583.73,522.98,40.82,14.51,1,5,0
239,22,698.77,524.64,30.75,24.37,1,5,0
239,18,1724.43,616.88,11.42,30.88,1,3,0
239,6,335.96,498.89,8.00,15.56,1,3,0
241,11,1134.58,636.46,181.85,43.54,1,0,0
242,12,952.80,666.69,18.50,13.31,1,5,0
242,16,970.41,639.35,180.89,40.65,1,0,0
242,18,1677.44,662.59,63.02,17.41,1,0,0
243,28,1776.14,646.22,83.42,24.27,1,0,0
243,12,932.98,660.43,19.70,19.57,1,5,0
243,16,950.87,631.93,181.03,48.07,1,0,0
243,18,1647.52,652.69,73.27,21.34,1,0,0
244,28,1757.71,629.86,162.29,29.93,1,0,0
244,16,933.39,626.74,181.58,53.26,1,0,0
244,18,1630.63,643.53,70.55,21.23,1,0,0
244,24,1130.92,658.89,26.81,21.11,1,5,0
245,28,1780.83,638.91,139.17,28.11,1,0,0
245,16,952.38,632.74,182.82,47.26,1,0,0
245,18,1651.09,649.78,70.82,21.04,1,0,0
246,28,1792.71,642.43,127.29,26.79,1,0,0
246,16,962.98,631.89,182.59,48.11,1,0,0
246,18,1663.86,651.19,70.65,20.70,1,0,0
247,28,1787.41,637.96,130.46,25.52,1,0,0
247,16,960.19,622.67,182.49,57.33,1,0,0
247,18,1657.73,644.79,73.73,21.75,1,0,0
247,24,1159.43,657.11,25.27,22.89,1,5,0
248,28,1777.77,635.38,86.33,23.93,1,0,0
248,16,950.98,623.05,181.69,56.95,1,0,0
248,18,1647.22,641.60,74.58,21.16,1,0,0
248,24,1150.35,657.53,25.12,22.47,1,5,0
249,28,1760.35,638.66,82.30,23.77,1,0,0
249,16,936.45,627.99,182.49,52.01,1,0,0
249,18,1632.32,645.45,71.54,20.99,1,0,0
249,24,1137.52,661.72,22.03,18.28,1,5,0
249,12,916.43,655.45,22.63,24.55,1,5,0
250,28,1751.08,647.54,79.22,24.58,1,0,0
250,16,927.38,632.31,184.27,47.69,1,0,0
250,18,1623.28,654.04,70.98,21.04,1,0,0
250,12,905.37,657.91,24.59,22.09,1,5,0
251,28,1741.86,654.55,158.02,25.45,1,0,0
251,16,917.64,634.83,184.42,45.17,1,0,0
251,18,1617.13,661.65,67.50,17.23,1,0,0
251,12,898.63,660.03,22.39,19.97,1,5,0
252,16,916.99,637.64,184.35,42.36,1,0,0
252,12,901.18,662.08,17.77,17.92,1,5,0
253,16,927.46,631.05,184.21,48.95,1,0,0
253,12,910.95,658.50,18.19,21.50,1,5,0
253,28,1755.05,651.92,161.95,28.08,1,0,0
253,18,1624.59,660.55,66.84,18.20,1,0,0
254,16,940.59,629.01,184.97,50.99,1,0,0
254,12,920.01,652.11,23.24,27.89,1,5,0
254,28,1769.35,654.45,150.65,25.55,1,0,0
254,18,1637.21,661.35,73.27,17.68,1,0,0
255,16,960.28,633.29,184.66,46.71,1,0,0
255,12,941.38,659.85,21.61,20.15,1,5,0
256,16,980.22,642.13,183.14,37.87,1,0,0
257,16,1003.43,647.46,178.72,32.54,1,0,0
258,16,1029.82,641.48,178.34,38.52,1,0,0
259,16,1056.45,624.87,187.54,55.13,1,0,0
259,24,1261.55,660.20,22.83,19.80,1,5,0
259,28,1764.99,655.42,75.35,21.74,1,0,0
261,19,412.92,593.59,14.02,32.78,1,3,0
261,12,954.04,613.25,100.32,48.61,1,5,0
262,19,461.86,595.16,13.67,31.94,1,3,0
262,12,1001.26,620.45,99.14,47.88,1,5,0
264,16,1207.21,630.51,192.00,49.49,1,0,0
264,24,1193.17,659.00,17.69,21.00,1,5,0
265,16,1189.57,619.53,191.31,60.47,1,0,0
265,24,1168.98,648.27,23.64,31.73,1,5,0
266,16,1212.08,619.84,192.61,60.16,1,0,0
266,32,1421.10,656.97,27.74,23.03,1,5,0
267,16,1232.99,626.27,195.69,53.73,1,0,0
267,24,1214.65,653.75,21.16,26.25,1,5,0
268,16,1240.67,632.27,196.15,47.73,1,0,0
268,24,1223.44,659.56,21.12,20.44,1,5,0
269,16,1248.81,632.09,195.75,47.91,1,0,0
269,24,1232.02,658.37,20.85,21.63,1,5,0
270,16,1255.75,635.36,188.21,44.64,1,0,0
270,24,1237.92,661.49,20.71,18.51,1,5,0
271,16,1273.79,641.35,200.33,38.65,1,0,0
272,16,1292.04,634.17,196.58,45.83,1,0,0
272,24,1272.99,662.06,20.96,17.94,1,5,0
273,16,1307.76,631.02,198.45,48.98,1,0,0
273,24,1288.70,659.41,21.96,20.59,1,5,0
274,16,1326.98,626.89,198.69,53.11,1,0,0
274,24,1310.43,653.53,19.77,26.47,1,5,0
275,16,1340.59,624.95,197.35,55.05,1,0,0
275,24,1322.27,653.50,21.58,26.50,1,5,0
276,16,1359.88,631.64,199.30,48.36,1,0,0
276,24,1340.40,660.09,21.95,19.91,1,5,0
277,16,1368.68,638.15,189.76,41.85,1,0,0
277,24,1348.09,664.37,22.50,15.63,1,5,0
278,24,1237.61,633.41,78.34,21.99,1,0,0
278,12,1116.32,641.59,66.93,19.91,1,0,0
280,35,893.62,646.87,67.96,20.94,1,0,0
280,12,1015.95,637.65,83.33,19.78,1,0,0
281,2,409.83,576.91,53.61,18.83,1,1,0
281,6,238.82,555.42,43.11,26.11,1,5,0
281,19,298.96,561.49,34.03,25.20,1,5,0
281,24,1202.97,646.98,12.76,24.64,1,3,0
282,24,1158.78,577.89,36.83,15.92,1,1,0
282,22,565.33,516.26,7.94,16.37,1,3,0
282,28,1722.29,636.47,8.38,17.49,1,3,0
282,35,943.83,548.58,38.56,25.73,1,5,0
282,12,997.80,551.58,30.78,27.30,1,5,0
283,24,1228.44,574.62,36.18,15.65,1,1,0
283,37,1267.75,565.89,155.95,43.66,1,0,0
283,22,636.40,514.27,7.36,15.46,1,3,0
283,35,1012.53,544.46,37.49,25.88,1,5,0
283,12,1065.73,550.46,30.59,25.24,1,5,0
284,24,1241.00,529.58,35.21,15.37,1,1,0
284,37,1278.15,519.71,156.45,45.06,1,0,0
284,35,1024.26,500.47,36.69,25.38,1,5,0
284,12,1077.24,505.13,31.86,25.89,1,5,0
284,38,86.16,410.73,7.96,15.89,1,3,0
285,24,1255.60,531.60,33.31,14.68,1,1,0
285,37,1290.73,520.34,156.85,44.92,1,0,0
285,35,1036.30,502.13,37.40,25.42,1,5,0
285,12,1088.80,507.78,32.17,24.04,1,5,0
285,38,100.00,413.63,8.16,16.14,1,3,0
285,22,658.07,470.86,7.65,15.67,1,3,0
286,24,1269.21,505.95,36.94,15.18,1,1,0
286,37,1308.09,497.03,157.14,45.60,1,0,0
286,35,1053.43,475.23,37.46,25.41,1,5,0
286,12,1107.60,481.97,30.37,23.76,1,5,0
286,38,121.26,379.62,7.34,14.78,1,3,0
286,22,674.75,441.49,7.37,14.50,1,3,0
287,24,1298.61,456.52,38.84,15.85,1,1,0
287,37,1340.03,449.11,156.34,48.07,1,0,0
287,35,1084.19,420.54,36.82,25.42,1,5,0
287,12,1139.02,427.91,29.37,24.14,1,5,0
287,38,158.95,302.98,7.27,13.99,1,3,0
287,22,705.88,374.61,7.73,16.43,1,3,0
288,24,1351.21,426.06,38.20,15.37,1,1,0
288,37,1391.68,419.84,159.03,52.12,1,0,0
288,35,1135.26,385.23,37.77,26.20,1,5,0
288,12,1191.27,395.52,28.30,22.55,1,5,0
288,38,218.38,248.28,7.57,14.00,1,3,0
288,22,758.29,331.99,7.61,15.44,1,3,0
289,24,1414.69,415.57,37.74,15.62,1,1,0
289,37,1465.94,409.17,147.95,52.06,1,0,0
289,35,1193.72,372.08,39.69,26.25,1,5,0
289,12,1251.22,380.56,29.71,25.19,1,5,0
289,38,287.39,233.11,7.62,15.28,1,3,0
289,22,816.59,316.09,7.96,16.39,1,3,0
290,24,1478.92,440.66,38.49,16.09,1,1,0
290,37,1528.67,431.98,153.30,51.89,1,0,0
290,35,1254.17,404.01,40.86,25.36,1,5,0
290,12,1312.95,411.08,30.59,24.63,1,5,0
290,22,875.95,357.76,7.88,16.09,1,3,0
291,24,1546.48,514.84,38.87,14.56,1,1,0
291,37,1592.77,500.48,165.21,49.37,1,0,0
291,35,1316.60,489.11,40.70,22.51,1,5,0
291,12,1375.86,492.41,30.47,23.90,1,5,0
292,35,1346.54,598.03,42.13,26.71,1,5,0
292,18,1573.58,623.42,43.65,15.77,1,1,0
292,32,1406.27,604.71,31.69,23.49,1,5,0
292,16,1621.73,606.28,170.13,47.19,1,0,0
292,19,88.31,541.81,23.84,40.70,1,3,0
293,2,470.49,611.49,6.73,14.66,1,3,0
294,2,466.28,579.71,7.43,17.07,1,3,0
294,35,1362.25,646.08,42.07,24.34,1,5,0
294,18,1599.47,668.22,37.84,11.78,1,1,0
294,32,1421.84,649.79,34.11,24.18,1,5,0
294,16,1642.54,649.62,172.01,30.38,1,0,0
295,2,475.15,612.98,44.06,25.09,1,5,0
295,19,28.60,589.05,9.18,15.80,1,3,0
296,2,380.52,563.53,39.62,15.29,1,1,0
296,43,426.07,550.25,159.78,47.64,1,0,0
296,19,128.25,533.43,48.86,25.54,1,5,0
296,6,196.18,539.15,36.97,25.15,1,5,0
297,2,308.40,540.81,41.08,15.06,1,1,0
297,43,365.67,527.96,154.48,50.48,1,0,0
297,19,50.49,506.48,49.53,27.31,1,5,0
297,45,1052.31,614.37,13.20,27.22,1,3,0
297,6,122.79,515.01,36.10,24.76,1,5,0
297,16,1710.83,663.41,102.51,16.59,1,5,0
298,2,288.04,535.17,43.08,14.93,1,1,0
298,43,343.03,520.62,157.33,49.13,1,0,0
298,19,27.65,504.01,51.79,25.50,1,5,0
298,45,1035.21,600.31,13.82,26.91,1,3,0
298,6,100.72,511.03,37.91,24.41,1,5,0
298,16,1692.88,639.37,124.50,40.63,1,5,0
299,2,286.82,558.86,41.37,14.87,1,1,0
299,43,349.19,544.11,152.27,47.25,1,0,0
299,19,23.23,530.07,53.83,27.76,1,5,0
299,45,1034.85,610.30,13.28,28.10,1,3,0
299,6,97.53,537.35,39.08,24.20,1,5,0
299,16,1718.86,641.90,96.64,27.40,1,5,0
301,2,299.12,611.97,16.54,37.33,1,3,0
302,2,252.40,596.11,15.56,38.20,1,3,0
302,45,952.91,620.78,109.41,52.71,1,5,0
303,2,281.58,571.93,16.23,37.29,1,3,0
303,45,981.54,611.88,107.11,53.61,1,5,0
304,2,318.99,571.10,16.05,37.93,1,3,0
304,45,1020.62,617.65,103.67,53.67,1,5,0
305,2,324.98,634.25,14.97,36.62,1,3,0
306,2,338.85,625.17,15.74,37.36,1,3,0
306,45,1018.92,652.14,131.42,27.86,1,5,0
307,2,356.97,629.12,16.24,37.83,1,3,0
307,45,1036.28,643.47,132.57,36.53,1,5,0
308,45,1061.04,655.14,127.14,24.86,1,5,0
309,45,1089.55,662.20,111.43,17.80,1,5,0
310,45,1117.65,660.95,120.69,19.05,1,5,0
311,45,1144.78,654.70,131.94,25.30,1,5,0
312,45,1153.86,652.79,121.00,27.21,1,5,0
313,45,1152.75,657.28,116.70,22.72,1,5,0
314,45,1147.44,657.96,122.59,22.04,1,5,0
314,2,460.13,657.04,9.11,22.96,1,3,0
315,45,1146.20,657.95,146.83,22.05,1,5,0
316,2,454.47,650.06,14.62,29.94,1,3,0
317,2,464.88,654.79,11.95,25.21,1,3,0
318,2,477.57,658.86,12.38,21.14,1,3,0
319,2,505.81,653.12,15.52,26.88,1,3,0
320,2,525.55,651.48,17.10,28.52,1,3,0
321,2,551.67,659.14,14.10,20.86,1,3,0
322,18,1769.36,647.47,27.79,32.53,1,5,0
322,16,1790.38,611.83,129.62,68.17,1,0,0
323,28,1551.46,616.84,27.39,29.41,1,5,0
323,32,1319.40,621.47,35.83,42.91,1,5,0
323,45,1204.75,653.75,45.76,17.18,1,0,0
324,47,1281.49,545.76,189.33,87.72,1,0,0
324,32,1250.52,592.40,38.67,43.18,1,5,0
324,45,1135.97,624.89,46.85,18.48,1,0,0
325,47,1300.90,544.48,173.95,86.33,1,0,0
325,32,1268.79,588.66,39.53,44.62,1,5,0
325,45,1147.36,623.08,44.98,19.25,1,0,0
326,47,1326.95,553.46,185.56,85.29,1,0,0
326,32,1293.63,596.78,40.47,45.12,1,5,0
326,45,1167.69,631.38,44.82,19.58,1,0,0
327,47,1340.20,557.93,195.57,85.49,1,0,0
327,32,1307.13,601.93,41.02,43.79,1,5,0
327,45,1178.93,634.60,47.86,20.01,1,0,0
327,28,1537.32,593.96,31.63,31.98,1,5,0
328,47,1348.18,548.10,192.48,85.10,1,0,0
328,32,1313.43,591.08,41.31,44.58,1,5,0
328,45,1187.86,624.05,46.24,19.59,1,0,0
329,47,1347.56,532.83,195.32,87.58,1,0,0
329,32,1314.63,577.58,40.56,45.48,1,5,0
329,45,1186.12,612.30,47.57,19.77,1,0,0
329,28,1542.99,571.68,31.46,30.89,1,5,0
330,47,1344.28,530.82,193.02,87.62,1,0,0
330,32,1311.50,575.78,39.65,45.12,1,5,0
330,45,1182.65,610.61,46.86,19.35,1,0,0
330,28,1538.06,568.69,30.93,30.53,1,5,0
330,18,1832.77,558.73,6.33,12.80,1,3,0
331,47,1335.63,539.11,194.49,86.99,1,0,0
331,32,1303.00,581.19,40.62,47.00,1,5,0
331,45,1170.87,617.06,44.50,19.32,1,0,0
331,28,1530.69,578.52,28.79,29.83,1,5,0
332,47,1331.07,546.96,192.85,86.00,1,0,0
332,32,1297.79,589.41,41.59,46.10,1,5,0
332,45,1164.72,625.15,48.48,18.74,1,0,0
332,28,1524.29,584.18,30.16,32.13,1,5,0
333,47,1326.43,559.55,192.32,85.41,1,0,0
333,32,1291.99,602.31,41.81,45.34,1,5,0
333,45,1157.44,637.67,47.28,18.80,1,0,0
333,28,1517.74,597.08,29.33,32.14,1,5,0
334,47,1319.81,568.79,190.66,87.50,1,0,0
334,32,1286.25,612.06,41.47,46.22,1,5,0
334,45,1150.06,648.30,47.31,18.63,1,0,0
334,28,1511.05,609.50,26.99,29.50,1,5,0
335,47,1314.56,568.26,191.42,86.42,1,0,0
335,32,1280.70,610.96,41.23,46.59,1,5,0
335,45,1144.78,646.15,45.99,19.65,1,0,0
335,28,1504.93,608.20,28.97,30.32,1,5,0
336,47,1309.35,556.97,188.63,89.18,1,0,0
336,32,1275.72,602.81,41.68,45.89,1,5,0
336,45,1137.77,638.37,45.46,18.68,1,0,0
336,28,1498.67,599.59,28.57,29.06,1,5,0
337,47,1306.12,544.98,189.42,88.27,1,0,0
337,32,1272.99,590.74,41.36,45.83,1,5,0
337,45,1133.88,627.28,44.95,18.85,1,0,0
337,28,1495.48,585.45,27.92,29.76,1,5,0
338,47,1306.34,525.99,189.14,89.75,1,0,0
338,32,1273.50,572.13,40.09,47.55,1,5,0
338,45,1131.75,611.86,45.11,18.71,1,0,0
338,28,1495.67,567.20,26.79,29.47,1,5,0
339,47,1312.39,507.00,188.00,90.84,1,0,0
339,32,1278.26,554.50,41.59,46.80,1,5,0
339,45,1137.16,594.66,43.49,18.35,1,0,0
339,28,1500.87,548.70,25.99,29.02,1,5,0
340,47,1313.13,497.65,187.16,90.87,1,0,0
340,32,1279.22,547.67,40.67,44.38,1,5,0
340,45,1137.56,586.10,41.94,17.11,1,0,0
340,28,1500.65,538.81,26.86,30.40,1,5,0
341,47,1305.86,503.00,188.29,88.60,1,0,0
341,32,1272.43,548.66,41.45,47.28,1,5,0
341,45,1131.06,588.45,39.16,17.21,1,0,0
341,28,1493.71,543.71,25.73,30.02,1,5,0
342,47,1293.51,519.87,187.21,87.85,1,0,0
342,32,1259.14,563.06,41.58,47.46,1,5,0
342,45,1112.71,603.39,42.50,17.22,1,0,0
342,28,1479.97,560.31,25.29,30.57,1,5,0
343,47,1276.67,533.67,186.31,88.43,1,0,0
343,32,1242.45,578.16,40.91,46.67,1,5,0
343,45,1093.79,616.69,42.36,17.80,1,0,0
343,28,1462.38,575.58,23.01,29.48,1,5,0
344,47,1256.38,540.14,184.47,88.48,1,0,0
344,32,1222.34,584.32,41.45,47.61,1,5,0
344,45,1074.33,624.16,43.50,18.03,1,0,0
344,28,1441.51,581.27,22.66,30.29,1,5,0
345,47,1232.68,537.08,182.89,88.00,1,0,0
345,32,1198.97,580.80,41.40,47.55,1,5,0
345,45,1047.51,621.21,43.81,17.60,1,0,0
345,28,1415.74,577.61,22.18,30.02,1,5,0
346,47,1207.85,539.72,181.36,87.70,1,0,0
346,32,1173.88,582.82,41.96,48.01,1,5,0
346,45,1020.38,623.23,43.55,17.75,1,0,0
346,28,1389.16,581.05,22.21,29.98,1,5,0
346,18,1794.06,545.43,82.80,25.84,1,0,0
347,47,1194.40,549.58,178.93,88.76,1,0,0
347,32,1158.73,592.76,41.36,49.04,1,5,0
347,45,1004.68,634.81,40.40,16.68,1,0,0
347,28,1374.62,591.82,22.46,30.53,1,5,0
347,18,1776.43,558.67,81.05,25.19,1,0,0
348,47,1182.60,567.45,179.17,87.64,1,0,0
348,32,1148.09,610.75,40.70,47.61,1,5,0
348,45,988.73,650.93,41.21,17.39,1,0,0
348,28,1361.85,610.78,21.42,29.49,1,5,0
348,18,1759.10,578.00,83.63,25.05,1,0,0
348,48,1625.70,605.34,6.78,12.50,1,3,0
349,47,1170.92,575.75,175.95,87.25,1,0,0
349,32,1136.82,618.31,39.48,48.27,1,5,0
349,45,976.66,659.29,41.01,16.27,1,0,0
349,28,1348.64,618.50,20.94,30.48,1,5,0
349,18,1742.05,588.43,84.19,25.83,1,0,0
349,48,1611.63,615.60,6.41,12.47,1,3,0
350,47,1160.86,574.85,177.48,88.06,1,0,0
350,32,1126.43,618.26,40.23,48.07,1,5,0
350,45,968.53,660.02,39.41,15.60,1,0,0
350,28,1339.28,618.70,19.75,29.58,1,5,0
351,47,1154.20,574.76,177.40,89.14,1,0,0
351,32,1118.50,617.23,42.34,50.39,1,5,0
351,45,959.77,662.44,40.11,15.39,1,0,0
351,28,1333.04,618.65,18.29,29.68,1,5,0
352,47,1149.51,573.36,175.91,88.42,1,0,0
352,32,1112.43,616.67,44.08,48.97,1,5,0
352,45,951.36,659.83,45.41,16.43,1,0,0
352,28,1329.56,619.09,16.09,27.75,1,5,0
352,18,1741.62,568.67,53.24,12.57,1,0,0
353,47,1144.09,563.88,177.17,89.14,1,0,0
353,32,1106.19,608.55,44.63,47.78,1,5,0
353,45,942.42,649.82,40.11,17.07,1,0,0
353,28,1323.42,607.67,15.76,29.78,1,5,0
353,18,1700.51,575.87,85.76,23.98,1,0,0
354,47,1137.92,554.84,177.54,88.94,1,0,0
354,32,1098.68,597.64,45.96,49.83,1,5,0
354,45,939.06,641.56,39.53,16.82,1,0,0
354,28,1319.08,602.27,13.47,25.16,1,5,0
354,18,1691.07,564.30,83.32,24.88,1,0,0
354,49,1867.67,548.31,52.33,22.95,1,0,0
355,47,1132.08,545.51,173.67,89.55,1,0,0
355,32,1096.03,591.14,42.27,46.82,1,5,0
355,45,929.97,633.84,40.70,16.34,1,0,0
355,28,1310.84,588.95,14.38,28.56,1,5,0
355,18,1681.12,553.13,83.88,25.30,1,0,0
355,49,1857.21,536.73,62.79,23.41,1,0,0
356,32,1112.39,640.07,38.19,13.53,1,0,0
356,28,1298.20,591.31,44.71,49.25,1,5,0
356,48,1519.99,590.04,18.57,32.42,1,5,0
