1,1,1003.32,551.67,129.82,35.08,1,2,0
1,2,148.24,573.21,128.20,28.10,1,0,0
1,3,397.48,564.59,122.52,27.20,1,0,0
1,4,1314.07,537.36,14.22,32.94,1,3,0
1,5,573.45,567.49,16.46,34.70,1,3,0
2,1,881.03,547.20,134.02,35.46,1,2,0
2,2,0.25,562.73,149.06,30.17,1,0,0
2,3,265.74,556.81,122.65,27.03,1,0,0
2,4,1196.08,532.36,16.35,34.72,1,3,0
2,5,447.39,555.42,18.44,39.14,1,3,0
3,1,855.00,553.33,137.56,35.61,1,2,0
3,2,0.52,579.38,123.23,27.71,1,0,0
3,3,236.55,569.10,146.37,27.33,1,0,0
3,4,1178.26,535.35,16.58,35.75,1,3,0
3,5,424.54,565.03,19.38,39.39,1,3,0
4,1,835.55,571.99,139.03,33.77,1,2,0
4,2,0.02,605.41,96.90,25.88,1,0,0
4,3,218.86,592.68,155.38,25.70,1,0,0
4,4,1166.53,552.13,15.78,32.79,1,3,0
4,5,408.38,586.18,18.42,39.71,1,3,0
5,1,751.52,556.10,145.79,35.13,1,2,0
5,2,0.21,585.61,18.21,20.57,1,0,0
5,3,121.42,571.13,168.23,26.43,1,0,0
5,4,1097.10,534.70,18.48,37.32,1,3,0
5,5,321.42,562.10,23.23,45.09,1,3,0
6,1,730.58,569.57,148.70,36.11,1,2,0
6,3,98.93,586.24,172.73,27.90,1,0,0
6,4,1080.87,548.47,18.14,36.30,1,3,0
6,5,300.57,576.63,29.30,45.90,1,3,0
7,1,775.53,546.18,142.60,35.30,1,2,0
7,3,150.87,560.52,164.09,27.18,1,0,0
7,4,1116.85,528.67,16.67,34.09,1,3,0
7,5,344.17,551.68,22.75,45.33,1,3,0
7,2,0.29,573.01,27.04,23.30,1,0,0
8,1,674.19,580.43,140.47,34.12,1,2,0
8,3,36.83,591.26,170.37,28.12,1,0,0
8,4,1036.29,558.25,17.23,36.81,1,3,0
8,5,238.89,583.42,22.81,48.37,1,3,0
8,2,172.60,610.78,5.37,9.82,1,3,0
9,1,660.57,569.43,140.90,35.21,1,2,0
9,3,22.70,574.38,171.57,28.75,1,0,0
9,4,1028.75,551.18,17.30,36.35,1,3,0
9,5,226.15,567.75,22.57,47.90,1,3,0
9,2,159.68,595.87,4.87,8.24,1,3,0
10,1,656.90,570.56,141.60,35.92,1,2,0
10,3,21.61,569.89,172.89,29.24,1,0,0
10,4,1033.15,558.37,16.45,35.14,1,3,0
10,5,225.21,566.80,21.25,47.29,1,3,0
11,1,671.27,586.75,142.99,35.38,1,2,0
11,3,40.14,576.54,173.30,29.66,1,0,0
11,4,1051.15,578.34,16.31,34.02,1,3,0
11,5,242.48,575.64,21.34,46.99,1,3,0
11,2,177.21,601.70,5.13,7.76,1,3,0
12,3,154.04,559.81,25.22,29.44,1,5,0
12,4,1218.04,586.25,20.30,44.33,1,3,0
12,5,203.87,574.85,33.83,15.25,1,0,0
12,2,172.92,575.08,18.87,14.12,1,5,0
13,4,1064.19,549.17,44.30,16.10,1,0,0
13,6,1665.40,547.20,114.89,29.07,1,0,0
13,7,1015.20,531.06,93.20,34.77,1,5,0
13,8,946.64,537.20,56.55,25.03,1,5,0
13,1,766.36,500.45,93.35,62.33,1,5,0
14,4,1092.78,643.28,63.50,21.86,1,5,0
14,7,1158.77,634.69,77.84,28.23,1,5,0
14,11,1435.39,628.01,113.20,21.01,1,0,0
14,12,1177.24,651.45,25.67,11.00,1,0,0
14,1,830.37,618.37,73.09,61.61,1,5,0
15,4,1084.47,658.55,59.19,18.98,1,5,0
15,7,1148.21,649.66,72.90,27.03,1,5,0
15,11,1425.66,641.65,112.53,22.06,1,0,0
15,12,1168.82,664.39,30.16,11.58,1,0,0
15,1,818.77,635.60,72.08,59.62,1,5,0
15,6,1840.30,616.93,79.70,25.11,1,0,0
16,4,1125.34,640.16,15.59,12.93,1,5,0
16,7,1138.11,625.65,62.90,26.90,1,5,0
16,11,1387.09,619.06,114.56,24.04,1,0,0
16,12,1155.22,639.21,27.77,12.69,1,0,0
16,1,790.74,598.04,67.56,68.54,1,5,0
16,6,1789.86,600.38,130.05,30.04,1,0,0
16,8,1106.83,625.26,21.59,28.78,1,5,0
17,4,1092.72,614.34,15.37,12.52,1,5,0
17,7,1106.60,599.14,62.46,27.54,1,5,0
17,11,1354.41,598.60,100.78,23.49,1,0,0
17,12,1122.22,613.75,28.19,12.40,1,0,0
17,1,759.39,570.59,63.75,63.48,1,5,0
17,6,1753.42,588.71,143.69,29.83,1,0,0
17,8,1074.65,600.25,21.50,27.31,1,5,0
18,4,981.69,647.75,15.81,12.17,1,5,0
18,7,997.14,634.48,66.09,27.42,1,5,0
18,11,1247.04,639.10,89.93,21.54,1,0,0
18,12,1015.01,649.11,26.51,11.33,1,0,0
18,6,1633.52,632.11,174.76,32.48,1,0,0
18,8,954.89,634.17,29.54,25.01,1,5,0
19,4,869.40,567.05,24.32,20.56,1,5,0
19,7,888.28,549.47,78.35,37.99,1,5,0
19,11,1196.87,586.93,61.67,21.27,1,0,0
19,12,915.44,570.98,37.04,15.49,1,0,0
19,6,1548.49,597.27,140.71,35.51,1,0,0
19,1,541.28,498.39,65.28,59.06,1,5,0
20,4,872.40,599.92,24.03,29.77,1,5,0
20,7,902.60,601.54,69.82,29.94,1,5,0
20,11,1155.00,612.76,92.06,23.59,1,0,0
20,12,891.68,615.98,14.15,13.51,1,5,0
20,6,1539.06,618.60,137.37,29.47,1,0,0
20,14,1785.85,622.35,134.15,32.15,1,0,0
20,1,530.18,565.75,70.57,60.75,1,5,0
20,8,921.06,616.10,31.91,14.52,1,0,0
21,4,984.94,610.51,21.14,30.24,1,5,0
21,7,1017.70,613.88,64.52,28.06,1,5,0
21,11,1271.48,623.14,92.60,24.16,1,0,0
21,12,1002.88,628.13,15.64,12.48,1,5,0
21,14,1659.73,628.24,149.18,30.09,1,0,0
21,1,634.25,575.92,71.27,61.09,1,5,0
21,8,1033.96,627.82,26.48,13.59,1,0,0
22,7,989.71,624.09,113.99,24.19,1,0,0
22,11,1360.54,625.40,125.25,25.90,1,0,0
22,14,1598.73,624.90,160.85,31.35,1,0,0
22,1,699.31,615.63,20.23,29.80,1,5,0
23,11,1334.04,620.93,169.05,38.62,1,2,0
23,1,585.06,623.00,125.95,30.88,1,0,0
23,15,1901.80,591.08,17.75,60.17,1,3,0
23,2,167.20,636.26,104.06,24.92,1,0,0
23,12,963.30,605.63,26.14,57.11,1,3,0
24,11,1370.72,625.71,171.25,41.05,1,2,0
24,1,610.00,635.71,131.11,27.98,1,0,0
24,2,208.33,645.14,102.83,24.78,1,0,0
24,12,997.95,619.44,23.96,55.78,1,3,0
24,7,834.43,633.40,148.61,24.35,1,0,0
25,1,654.17,630.82,130.20,24.66,1,0,0
25,2,257.35,636.71,101.59,23.64,1,0,0
25,12,1044.49,609.51,24.58,56.61,1,3,0
25,7,876.61,625.23,149.59,25.20,1,0,0
25,3,0.13,645.05,28.30,21.09,1,5,0
25,14,1416.44,619.82,176.24,39.18,1,2,0
26,2,163.84,616.60,76.59,32.15,1,5,0
26,7,845.24,616.76,127.56,26.38,1,0,0
26,3,118.18,614.03,28.48,34.99,1,5,0
26,8,1255.25,605.25,26.05,56.88,1,3,0
27,2,270.71,663.01,77.66,31.02,1,5,0
27,7,944.74,609.14,122.65,25.05,1,0,0
27,3,225.23,657.71,31.76,41.72,1,5,0
27,20,1767.19,524.96,152.67,60.59,1,2,0
27,23,288.15,678.58,33.84,14.71,1,0,0
27,24,253.55,680.95,18.18,16.07,1,5,0
27,8,1380.60,560.58,28.44,60.51,1,3,0
27,1,565.89,643.12,121.26,22.86,1,0,0
27,14,1165.06,587.06,147.51,28.99,1,0,0
28,2,229.92,648.59,77.30,33.50,1,5,0
28,7,909.88,613.31,123.45,26.43,1,0,0
28,3,184.53,649.09,29.23,35.97,1,5,0
28,20,1736.64,557.82,183.36,55.30,1,2,0
28,23,247.07,666.87,33.70,14.53,1,0,0
28,24,211.93,669.39,18.46,14.23,1,5,0
28,8,1352.31,574.92,28.51,62.75,1,3,0
28,1,528.29,639.02,104.00,23.17,1,0,0
28,14,1132.43,600.01,147.04,28.17,1,0,0
29,2,104.53,587.07,74.58,37.58,1,5,0
29,7,794.17,598.28,145.05,30.88,1,0,0
29,3,54.50,586.78,35.96,38.50,1,5,0
29,20,1642.60,606.54,215.35,55.38,1,2,0
29,8,1268.00,580.35,29.60,64.11,1,3,0
29,1,457.47,608.94,91.04,21.79,1,0,0
29,14,1032.73,603.60,147.55,28.77,1,0,0
30,2,115.95,576.51,79.01,34.05,1,5,0
30,7,814.20,600.61,132.92,27.74,1,0,0
30,3,68.90,575.96,28.95,32.31,1,5,0
30,20,1663.12,627.40,217.93,52.59,1,2,0
30,8,1284.92,601.15,30.00,63.43,1,3,0
30,1,429.74,592.91,99.72,26.18,1,0,0
30,14,1044.81,607.49,144.70,30.02,1,0,0
30,23,133.66,593.85,35.82,15.82,1,0,0
30,24,96.65,593.05,17.77,15.16,1,5,0
31,2,52.71,610.34,148.59,31.64,1,0,0
31,1,319.32,597.44,159.06,25.64,1,0,0
31,14,962.02,557.76,187.94,50.31,1,2,0
31,4,606.71,569.21,30.66,64.23,1,3,0
32,2,179.40,568.80,146.65,30.08,1,0,0
32,1,435.06,561.16,155.51,25.06,1,0,0
32,14,1072.32,530.43,190.30,50.81,1,2,0
32,25,1664.81,499.10,21.66,45.71,1,3,0
32,4,723.92,533.99,30.89,65.86,1,3,0
33,2,191.21,548.69,141.95,30.21,1,0,0
33,1,446.09,541.56,154.90,25.63,1,0,0
33,14,1090.73,515.99,188.83,49.34,1,2,0
33,25,1686.32,487.95,21.75,44.70,1,3,0
33,4,743.66,512.40,31.12,69.56,1,3,0
34,2,187.22,537.58,142.36,29.46,1,0,0
34,1,443.53,527.20,154.75,25.90,1,0,0
34,14,1092.50,496.05,191.29,51.58,1,2,0
34,25,1692.08,462.16,21.57,44.36,1,3,0
34,4,751.31,499.01,30.63,66.57,1,3,0
35,2,180.95,536.18,142.84,29.32,1,0,0
35,1,436.22,526.09,155.49,24.69,1,0,0
35,14,1095.09,489.91,191.48,51.79,1,2,0
35,25,1697.72,457.90,21.25,43.07,1,3,0
35,4,758.06,495.15,30.85,66.53,1,3,0
36,2,175.77,529.99,142.69,29.24,1,0,0
36,1,431.63,520.81,155.82,23.23,1,0,0
36,14,1098.60,486.45,189.79,53.48,1,2,0
36,25,1701.74,455.16,21.56,45.07,1,3,0
36,4,763.26,488.76,31.41,68.48,1,3,0
37,2,110.52,540.48,153.87,31.85,1,0,0
37,1,373.33,532.59,161.31,24.48,1,0,0
37,14,1067.83,492.73,190.25,55.15,1,2,0
37,25,1675.26,463.10,22.50,45.44,1,3,0
37,4,740.77,495.56,35.63,71.60,1,3,0
38,2,57.89,523.26,151.42,32.45,1,0,0
38,1,325.41,518.71,161.90,27.38,1,0,0
38,14,1033.46,495.89,190.88,54.89,1,2,0
38,25,1641.95,477.19,22.66,45.60,1,3,0
38,4,711.05,489.68,36.35,75.11,1,3,0
39,2,0.74,508.76,160.31,35.05,1,0,0
39,1,276.68,509.73,165.74,28.81,1,0,0
39,14,997.69,499.37,193.65,55.91,1,2,0
39,25,1605.87,483.40,23.18,50.65,1,3,0
39,4,679.20,491.60,34.98,69.90,1,3,0
41,1,282.32,510.96,23.08,46.48,1,3,0
42,3,0.18,531.58,59.15,64.47,1,2,0
42,4,528.87,510.62,23.63,49.71,1,3,0
43,1,319.36,466.35,45.44,89.23,1,3,0
44,30,1341.43,519.34,21.74,44.26,1,3,0
44,14,685.86,533.38,226.97,61.53,1,2,0
44,3,0.69,560.32,32.57,22.99,1,0,0
44,4,432.66,512.60,45.36,94.17,1,3,0
45,30,1366.39,499.36,22.29,43.74,1,3,0
45,14,707.18,514.54,227.66,63.47,1,2,0
45,3,0.25,549.72,56.41,22.54,1,0,0
45,4,461.37,498.26,45.42,93.26,1,3,0
46,30,1400.98,455.04,22.61,45.99,1,3,0
46,14,738.68,478.01,227.62,62.95,1,2,0
46,3,0.10,519.92,88.79,24.48,1,0,0
46,4,502.29,460.56,45.87,96.71,1,3,0
47,30,1426.66,476.33,22.32,45.68,1,3,0
47,14,759.36,501.19,228.37,63.39,1,2,0
47,3,-0.00,545.68,110.21,25.25,1,0,0
47,12,534.06,488.74,43.50,92.70,1,3,0
48,30,1450.76,500.45,23.00,46.26,1,3,0
48,14,777.77,523.67,229.59,59.62,1,2,0
48,3,0.08,554.91,128.23,26.50,1,0,0
48,12,561.83,506.06,44.41,92.63,1,3,0
49,15,1831.58,540.47,88.20,30.77,1,0,0
49,11,1176.71,550.52,118.44,24.00,1,0,0
49,1,275.49,509.26,102.97,77.80,1,5,0
50,32,1043.32,541.77,28.98,38.43,1,5,0
50,35,1055.69,565.91,20.28,14.32,1,5,0
50,15,1790.44,551.47,129.56,27.06,1,0,0
50,11,1075.01,551.59,69.12,28.66,1,5,0
50,30,1382.44,554.00,117.19,24.27,1,0,0
50,12,487.71,526.28,102.73,60.08,1,5,0
51,32,1010.18,548.96,34.21,35.23,1,5,0
51,35,1038.46,569.63,19.18,14.07,1,5,0
51,15,1773.41,558.72,146.45,30.34,1,0,0
51,11,1053.29,553.95,67.84,30.89,1,5,0
51,37,1075.80,570.39,28.62,13.90,1,0,0
51,30,1364.95,560.79,124.70,24.75,1,0,0
51,12,460.13,531.18,104.66,55.72,1,5,0
52,32,978.32,511.33,33.09,34.20,1,5,0
52,35,1008.76,531.88,18.27,13.06,1,5,0
52,15,1735.99,512.47,162.81,30.81,1,0,0
52,11,1026.52,513.58,70.32,32.11,1,5,0
52,37,1043.63,530.66,31.14,14.27,1,0,0
52,30,1328.73,518.28,127.19,25.08,1,0,0
52,12,425.85,479.40,108.85,72.64,1,5,0
52,38,1191.71,535.63,4.97,9.61,1,3,0
53,32,944.06,515.43,35.33,37.23,1,5,0
53,35,973.84,537.13,18.48,15.22,1,5,0
53,15,1697.65,520.21,178.28,31.98,1,0,0
53,11,992.34,522.54,72.71,30.74,1,5,0
53,37,1008.43,537.59,31.70,14.92,1,0,0
53,30,1295.94,526.77,121.16,24.30,1,0,0
53,12,382.16,475.43,109.02,82.63,1,5,0
54,32,898.46,539.03,28.20,33.17,1,5,0
54,35,922.19,557.14,17.75,14.61,1,5,0
54,15,1639.18,535.50,152.26,30.05,1,0,0
54,11,939.20,543.36,70.81,28.16,1,5,0
54,37,957.11,557.77,29.25,13.49,1,0,0
54,30,1243.39,544.53,100.86,23.79,1,0,0
54,12,315.80,498.23,111.00,83.32,1,5,0
55,32,864.92,544.42,34.60,32.60,1,5,0
55,35,897.69,562.17,17.67,14.69,1,5,0
55,15,1611.90,542.16,159.48,29.91,1,0,0
55,11,918.26,544.45,70.56,32.61,1,5,0
55,37,930.41,561.67,31.37,14.72,1,0,0
55,30,1219.07,550.04,119.99,23.89,1,0,0
55,12,283.11,506.02,114.95,80.27,1,5,0
55,39,1885.04,541.85,34.88,28.53,1,0,0
56,32,847.59,522.91,38.26,32.07,1,5,0
56,35,883.65,540.57,18.69,14.45,1,5,0
56,15,1594.99,530.35,162.20,31.15,1,0,0
56,11,903.26,521.73,69.60,34.36,1,5,0
56,37,916.41,540.81,32.36,14.45,1,0,0
56,30,1205.44,532.85,94.23,24.16,1,0,0
56,12,266.83,475.73,113.95,81.43,1,5,0
56,39,1870.49,532.72,49.32,29.97,1,0,0
57,32,838.54,516.30,32.89,31.23,1,5,0
57,35,868.59,533.54,18.65,14.26,1,5,0
57,15,1586.50,520.36,157.14,30.82,1,0,0
57,11,885.30,512.70,71.96,35.40,1,5,0
57,37,900.59,532.33,34.23,15.15,1,0,0
57,30,1193.07,525.17,92.62,24.13,1,0,0
57,12,247.54,470.21,115.57,82.63,1,5,0
57,39,1855.18,517.42,64.82,33.70,1,0,0
58,32,834.31,542.10,31.83,35.70,1,5,0
58,35,862.94,564.09,20.52,13.92,1,5,0
58,15,1581.13,543.33,156.41,30.44,1,0,0
58,11,880.95,544.87,71.55,32.90,1,5,0
58,37,899.37,563.37,32.74,13.99,1,0,0
58,30,1190.80,551.99,112.31,24.09,1,0,0
58,12,230.66,504.37,125.08,83.34,1,5,0
58,39,1848.64,538.71,71.36,32.86,1,0,0
59,35,995.82,559.14,18.60,15.21,1,5,0
59,11,1013.17,544.57,73.11,30.16,1,5,0
59,37,969.51,537.02,31.93,37.82,1,5,0
59,30,1324.26,548.49,121.63,24.55,1,0,0
59,39,1728.61,542.19,158.97,31.03,1,0,0
59,7,381.00,506.95,112.70,73.92,1,5,0
59,38,1031.49,560.05,30.11,14.16,1,0,0
60,35,1060.82,528.33,18.67,14.09,1,5,0
60,11,1075.56,512.41,76.44,30.59,1,5,0
60,37,1030.52,506.20,33.84,36.12,1,5,0
60,30,1390.77,517.82,124.91,25.63,1,0,0
60,39,1806.22,515.40,113.56,30.62,1,0,0
60,7,452.14,460.98,107.81,84.23,1,5,0
60,38,1097.56,528.46,31.97,13.93,1,0,0
61,35,1079.42,512.04,19.28,14.91,1,5,0
61,11,1098.01,497.44,74.54,30.70,1,5,0
61,37,1051.43,493.56,32.76,33.72,1,5,0
61,30,1411.22,506.56,96.66,24.91,1,0,0
61,39,1827.71,508.56,92.29,29.87,1,0,0
61,7,462.65,441.08,113.54,85.19,1,5,0
61,38,1115.47,513.01,31.32,14.38,1,0,0
62,35,1122.00,563.91,18.73,13.54,1,5,0
62,11,1139.36,543.88,75.48,33.57,1,5,0
62,37,1093.36,539.58,32.26,38.45,1,5,0
62,30,1459.50,547.09,123.54,25.13,1,0,0
62,39,1877.48,540.21,42.14,28.52,1,0,0
62,7,502.72,505.77,111.03,83.49,1,5,0
62,38,1157.15,562.24,32.14,14.69,1,0,0
63,35,1081.19,546.84,18.97,16.12,1,5,0
63,11,1099.94,529.61,77.10,34.29,1,5,0
63,37,1053.72,528.16,30.16,35.14,1,5,0
63,30,1418.35,536.45,122.42,25.12,1,0,0
63,39,1836.40,532.06,83.60,29.85,1,0,0
63,7,463.90,479.77,103.77,90.15,1,5,0
63,38,1116.45,547.97,33.23,15.39,1,0,0
64,35,1089.92,561.17,17.07,15.94,1,5,0
64,11,1107.43,542.89,75.38,36.56,1,5,0
64,37,1063.51,540.05,30.13,37.51,1,5,0
64,30,1425.54,553.58,125.30,25.07,1,0,0
64,39,1851.53,549.79,68.45,30.87,1,0,0
64,7,469.30,503.22,102.95,77.53,1,5,0
64,38,1124.63,564.22,33.23,14.50,1,0,0
65,35,1103.36,563.90,22.32,17.07,1,5,0
65,11,1125.64,550.55,73.09,30.22,1,5,0
65,30,1443.02,550.92,127.12,25.97,1,0,0
65,39,1874.39,541.27,45.23,30.52,1,0,0
65,7,468.57,518.66,117.71,75.20,1,5,0
65,38,1144.32,566.37,28.52,13.99,1,0,0
66,35,1111.95,551.56,18.58,14.10,1,5,0
66,11,1131.64,533.04,75.95,32.57,1,5,0
66,30,1448.74,533.84,127.08,25.26,1,0,0
66,39,1875.32,523.72,44.28,28.76,1,0,0
66,7,471.80,498.23,119.95,83.24,1,5,0
66,38,1148.10,550.60,31.35,14.67,1,0,0
66,37,1079.35,529.75,35.41,36.87,1,5,0
67,35,1113.25,539.52,17.50,14.52,1,5,0
67,11,1131.79,520.40,76.55,34.30,1,5,0
67,30,1451.15,528.51,97.96,24.61,1,0,0
67,39,1878.14,523.33,41.53,30.95,1,0,0
67,7,478.53,475.04,108.03,83.60,1,5,0
67,38,1146.06,539.20,34.48,14.78,1,0,0
67,37,1084.83,520.14,30.06,34.25,1,5,0
68,35,977.00,530.30,17.78,14.69,1,5,0
68,11,989.13,514.81,83.08,31.70,1,5,0
68,7,320.98,468.33,118.94,79.49,1,5,0
68,38,1011.43,530.45,33.19,15.03,1,0,0
68,37,945.98,511.64,34.88,34.16,1,5,0
68,15,1312.45,520.94,122.72,25.42,1,0,0
69,35,940.07,540.23,18.21,15.35,1,5,0
69,11,948.50,525.34,85.70,31.10,1,5,0
69,7,270.90,484.63,125.40,76.93,1,5,0
69,38,974.81,540.33,35.47,15.20,1,0,0
69,37,902.30,519.52,44.60,36.23,1,5,0
69,43,1680.78,523.67,171.17,30.57,1,0,0
69,15,1275.11,529.04,122.44,25.55,1,0,0
70,35,935.91,539.45,20.84,15.37,1,5,0
70,11,957.22,524.43,73.39,31.09,1,5,0
70,7,260.30,476.96,124.26,82.87,1,5,0
70,38,974.04,540.68,29.84,14.15,1,0,0
70,37,903.22,522.13,39.27,33.19,1,5,0
70,43,1673.72,527.54,155.55,30.07,1,0,0
70,15,1270.31,530.20,121.42,24.91,1,0,0
71,35,980.37,548.09,18.15,14.15,1,5,0
71,11,998.99,532.07,76.44,30.73,1,5,0
71,7,308.01,491.78,122.29,82.16,1,5,0
71,38,1017.88,548.14,30.22,14.05,1,0,0
71,37,953.68,525.77,29.65,37.35,1,5,0
71,43,1727.76,526.20,163.67,29.53,1,0,0
71,15,1315.15,534.23,124.44,25.05,1,0,0
72,35,995.89,576.50,19.71,14.78,1,5,0
72,11,1014.82,557.57,76.11,33.09,1,5,0
72,7,322.42,528.39,123.58,81.73,1,5,0
72,38,1033.41,575.88,30.57,14.16,1,0,0
72,37,970.60,552.72,31.87,39.42,1,5,0
72,43,1747.61,543.35,156.97,29.96,1,0,0
72,15,1332.39,557.58,124.05,24.88,1,0,0
73,35,1013.29,542.20,19.00,14.84,1,5,0
73,11,1031.42,526.89,75.94,31.52,1,5,0
73,7,337.79,473.67,121.08,84.86,1,5,0
73,38,1049.73,543.00,31.07,14.52,1,0,0
73,37,981.53,522.78,37.05,34.30,1,5,0
73,43,1767.83,532.72,152.02,31.39,1,0,0
73,15,1352.56,533.99,123.54,25.81,1,0,0
74,35,1014.56,543.33,18.57,15.02,1,5,0
74,11,1032.80,524.63,77.28,35.29,1,5,0
74,7,331.23,472.42,124.80,81.86,1,5,0
74,38,1052.01,544.51,30.34,14.71,1,0,0
74,37,990.56,521.98,26.47,36.54,1,5,0
74,43,1769.62,539.33,150.19,33.35,1,0,0
74,15,1355.83,538.54,120.12,25.09,1,0,0
75,35,1017.94,543.53,18.24,14.72,1,5,0
75,11,1037.24,524.30,76.49,34.37,1,5,0
75,7,332.97,492.38,122.44,80.94,1,5,0
75,38,1054.38,543.48,29.90,14.58,1,0,0
75,37,992.14,520.51,27.81,38.43,1,5,0
75,43,1774.79,516.23,145.16,30.33,1,0,0
75,15,1357.10,527.63,125.38,25.06,1,0,0
76,35,1026.33,556.11,18.89,14.50,1,5,0
76,11,1045.82,535.77,77.91,35.21,1,5,0
76,7,340.00,508.12,125.24,78.58,1,5,0
76,38,1064.40,555.18,31.95,15.02,1,0,0
76,37,999.17,534.68,30.06,37.14,1,5,0
76,43,1785.84,526.88,134.16,30.27,1,0,0
76,15,1369.79,539.00,122.29,25.64,1,0,0
77,35,1067.21,548.50,21.54,16.34,1,5,0
77,11,1087.14,532.75,80.11,32.65,1,5,0
77,7,382.44,490.74,113.12,81.36,1,5,0
77,38,1107.75,550.00,30.59,14.79,1,0,0
77,37,1019.30,532.84,50.30,31.80,1,5,0
77,15,1419.22,538.42,122.17,24.25,1,0,0
77,39,1843.75,531.55,76.25,28.52,1,0,0
78,35,1092.81,546.76,19.05,15.88,1,5,0
78,11,1110.78,529.94,78.70,33.24,1,5,0
78,7,403.16,488.33,123.87,78.40,1,5,0
78,38,1129.14,547.60,31.92,15.05,1,0,0
78,37,1064.81,527.07,32.76,35.90,1,5,0
78,15,1440.19,537.73,125.10,25.59,1,0,0
78,39,1869.05,533.27,50.67,30.83,1,0,0
79,35,1084.97,547.31,19.15,15.04,1,5,0
79,11,1102.24,531.04,79.67,32.32,1,5,0
79,7,390.78,487.91,126.83,76.50,1,5,0
79,38,1122.10,548.02,32.08,14.78,1,0,0
79,37,1059.48,527.11,29.30,35.51,1,5,0
79,15,1432.61,538.37,125.05,25.65,1,0,0
79,39,1862.06,535.57,57.82,30.76,1,0,0
80,35,1078.52,527.79,19.72,15.80,1,5,0
80,11,1097.27,506.79,78.80,37.52,1,5,0
80,7,391.03,468.82,118.23,79.11,1,5,0
80,38,1115.26,528.80,32.14,14.99,1,0,0
80,37,1051.54,509.82,31.07,30.89,1,5,0
80,15,1425.46,517.46,98.84,24.72,1,0,0
80,39,1852.28,515.74,67.52,28.51,1,0,0
81,35,1019.74,549.66,19.15,14.68,1,5,0
81,11,1039.85,531.11,76.68,35.19,1,5,0
81,7,318.98,496.91,126.31,81.41,1,5,0
81,38,1055.64,550.29,32.03,14.57,1,0,0
81,37,993.64,534.48,27.50,29.80,1,5,0
81,15,1361.23,533.96,99.83,26.82,1,0,0
81,43,1784.26,523.78,135.74,33.76,1,0,0
82,35,979.84,568.74,19.41,14.96,1,5,0
82,11,1000.75,553.07,74.67,30.41,1,5,0
82,7,265.18,516.88,126.14,87.53,1,5,0
82,38,1016.15,568.47,30.76,14.71,1,0,0
82,37,952.23,547.95,31.01,36.98,1,5,0
82,15,1322.05,550.42,123.72,24.83,1,0,0
82,43,1736.05,535.54,179.92,30.72,1,0,0
83,35,967.45,478.05,18.93,15.31,1,5,0
83,11,981.06,458.80,79.22,35.67,1,5,0
83,7,234.67,421.47,128.81,73.27,1,5,0
83,38,1003.39,479.82,29.90,13.98,1,0,0
83,37,940.95,462.88,36.62,30.35,1,5,0
83,15,1309.92,470.98,119.64,24.93,1,0,0
83,43,1714.89,468.88,166.93,32.80,1,0,0
84,35,917.72,529.03,21.16,15.67,1,5,0
84,11,939.01,513.30,77.76,32.43,1,5,0
84,7,186.52,475.86,125.62,73.14,1,5,0
84,38,956.54,529.84,31.61,15.20,1,0,0
84,37,891.54,509.56,28.48,35.17,1,5,0
84,15,1264.60,519.86,121.00,25.39,1,0,0
84,43,1669.79,516.95,157.48,29.27,1,0,0
85,35,953.84,532.28,20.32,15.13,1,5,0
85,11,974.12,515.47,77.42,32.39,1,5,0
85,7,220.52,489.77,128.92,70.06,1,5,0
85,38,991.93,532.54,31.21,14.64,1,0,0
85,37,926.14,511.90,29.82,36.00,1,5,0
85,15,1300.76,518.88,122.30,24.83,1,0,0
85,43,1710.99,511.76,161.06,28.66,1,0,0
86,35,961.22,549.90,21.11,15.17,1,5,0
86,11,982.34,530.38,78.03,34.14,1,5,0
86,7,218.06,513.43,137.05,73.03,1,5,0
86,38,999.68,548.62,30.64,15.13,1,0,0
86,37,934.36,529.22,31.59,36.53,1,5,0
86,15,1309.28,531.38,123.01,24.92,1,0,0
86,43,1723.49,517.69,152.74,28.63,1,0,0
87,35,961.21,526.49,21.31,16.21,1,5,0
87,11,981.99,511.79,79.18,31.42,1,5,0
87,7,211.25,476.31,138.41,72.51,1,5,0
87,38,1000.42,528.03,31.20,14.44,1,0,0
87,37,933.67,509.27,31.60,33.62,1,5,0
87,15,1311.91,516.99,94.26,24.74,1,0,0
87,43,1724.19,511.61,151.87,31.37,1,0,0
88,35,955.52,493.73,19.77,15.43,1,5,0
88,11,977.88,479.28,76.54,32.44,1,5,0
88,7,201.58,426.61,136.73,71.22,1,5,0
88,38,994.72,495.28,30.72,15.35,1,0,0
88,37,929.81,476.38,26.30,32.60,1,5,0
88,15,1306.09,494.08,122.81,27.01,1,0,0
88,43,1714.68,499.75,164.28,34.79,1,0,0
89,35,948.64,485.46,19.19,15.90,1,5,0
89,11,970.16,471.67,77.79,33.00,1,5,0
89,7,187.31,415.40,140.88,70.97,1,5,0
89,38,985.21,487.83,32.16,15.55,1,0,0
89,37,922.64,467.77,28.29,33.19,1,5,0
89,15,1298.81,488.91,121.69,26.82,1,0,0
89,43,1709.52,496.77,157.62,33.16,1,0,0
90,35,974.05,509.83,19.78,14.79,1,5,0
90,11,996.08,489.81,77.62,36.23,1,5,0
90,7,215.58,451.72,138.45,73.76,1,5,0
90,38,1009.53,509.29,34.81,15.83,1,0,0
90,37,946.84,491.82,31.07,33.02,1,5,0
90,15,1326.53,501.69,123.43,25.88,1,0,0
90,43,1737.84,499.74,167.98,33.05,1,0,0
91,35,1036.26,559.48,19.99,15.35,1,5,0
91,11,1056.94,543.89,79.16,31.87,1,5,0
91,7,278.62,504.18,137.43,70.05,1,5,0
91,38,1074.53,559.61,32.97,15.49,1,0,0
91,37,1003.73,539.03,35.77,35.87,1,5,0
91,15,1392.36,552.44,123.55,25.01,1,0,0
91,39,1812.50,551.14,107.50,30.79,1,0,0
92,35,1073.65,572.78,20.14,15.83,1,5,0
92,11,1096.25,553.71,78.56,36.32,1,5,0
92,7,317.71,514.78,136.42,71.09,1,5,0
92,38,1111.06,573.38,33.40,15.78,1,0,0
92,37,1044.72,551.38,30.68,37.49,1,5,0
92,15,1432.20,566.94,95.68,25.34,1,0,0
92,39,1855.06,567.94,64.94,30.31,1,0,0
93,35,1113.49,562.13,20.66,15.56,1,5,0
93,11,1136.54,544.90,78.67,33.41,1,5,0
93,7,361.05,517.03,133.74,72.11,1,5,0
93,38,1151.78,562.31,33.32,15.26,1,0,0
93,37,1064.20,546.44,50.28,32.06,1,5,0
93,15,1474.65,548.74,127.27,25.03,1,0,0
93,39,1900.67,545.31,18.93,27.19,1,0,0
94,35,1079.05,539.84,20.97,14.84,1,5,0
94,11,1100.39,526.72,71.60,29.78,1,5,0
94,7,311.54,487.76,125.32,68.85,1,5,0
94,38,1119.02,542.06,27.11,13.39,1,0,0
94,37,1044.07,523.80,34.66,31.41,1,5,0
94,15,1462.50,524.61,124.96,27.79,1,0,0
95,35,1181.72,552.70,21.80,15.50,1,5,0
95,11,1201.90,536.16,78.80,32.08,1,5,0
95,7,409.48,505.60,137.53,77.55,1,5,0
95,38,1218.43,553.00,31.91,14.63,1,0,0
95,37,1152.76,537.01,40.86,32.00,1,5,0
95,15,1547.53,538.31,126.32,24.13,1,0,0
95,39,1775.55,542.42,18.21,34.25,1,3,0
96,35,1138.82,560.93,21.83,16.70,1,5,0
96,11,1160.57,543.89,81.35,34.29,1,5,0
96,7,370.60,510.69,138.56,75.95,1,5,0
96,38,1177.34,562.21,34.42,15.27,1,0,0
96,37,1113.34,541.68,27.60,36.05,1,5,0
96,15,1504.92,549.63,104.28,24.59,1,0,0
97,35,1228.83,529.30,19.33,14.42,1,5,0
97,11,1247.13,512.09,78.05,32.47,1,5,0
97,7,458.64,474.20,132.41,73.33,1,5,0
97,38,1263.54,529.13,31.77,14.53,1,0,0
97,37,1200.64,513.91,38.09,30.21,1,5,0
97,30,1601.24,520.67,128.08,24.19,1,0,0
98,35,1248.63,543.58,16.67,14.96,1,5,0
98,11,1262.13,526.42,81.45,33.21,1,5,0
98,7,476.06,485.55,130.93,72.01,1,5,0
98,38,1281.19,543.86,33.13,14.95,1,0,0
98,37,1217.82,525.94,40.45,32.88,1,5,0
98,30,1620.00,537.56,121.36,24.66,1,0,0
99,35,1145.09,551.35,20.99,16.56,1,5,0
99,11,1169.50,534.85,80.32,33.70,1,5,0
99,7,370.78,504.24,135.17,69.66,1,5,0
99,38,1185.06,552.53,33.05,15.05,1,0,0
99,37,1105.64,537.39,44.16,30.78,1,5,0
99,15,1512.65,540.68,130.71,26.03,1,0,0
100,35,1109.42,545.60,19.82,15.33,1,5,0
100,11,1132.63,528.47,81.80,32.75,1,5,0
100,7,320.86,504.58,142.63,74.73,1,5,0
100,38,1146.25,544.94,35.97,15.48,1,0,0
100,37,1078.71,531.63,31.01,29.62,1,5,0
100,15,1474.48,529.26,99.09,24.77,1,0,0
101,11,1244.98,495.92,145.39,26.89,1,0,0
101,15,1492.59,488.11,172.61,30.70,1,0,0
102,50,816.34,510.25,115.40,28.89,1,0,0
102,3,23.96,526.23,114.12,32.51,1,5,0
102,32,57.34,542.30,37.79,15.78,1,0,0
102,7,424.28,523.44,107.65,26.68,1,0,0
102,37,1044.64,504.54,146.39,29.52,1,0,0
103,50,787.95,534.04,144.17,28.04,1,0,0
103,3,0.44,544.15,86.79,39.83,1,5,0
103,32,5.22,565.12,43.76,18.06,1,0,0
103,7,382.77,546.71,129.99,25.47,1,0,0
103,37,1027.22,531.57,160.95,25.97,1,0,0
103,38,1177.44,549.05,5.50,8.87,1,3,0
104,50,784.37,504.74,144.96,27.64,1,0,0
104,3,0.49,526.18,82.18,34.69,1,5,0
104,32,2.17,541.79,43.63,18.58,1,0,0
104,7,378.61,519.98,129.81,25.87,1,0,0
104,37,1025.68,497.83,159.06,26.11,1,0,0
105,50,757.56,510.00,145.91,27.42,1,0,0
105,3,0.00,522.24,48.71,31.86,1,5,0
105,32,0.19,538.39,14.38,15.32,1,0,0
105,7,350.88,518.55,125.69,26.02,1,0,0
105,37,999.32,504.73,162.61,28.56,1,0,0
106,50,834.76,517.55,31.28,30.17,1,5,0
106,3,53.96,479.98,108.02,74.15,1,5,0
106,30,1682.30,519.90,166.97,28.69,1,0,0
106,11,1261.34,525.59,86.95,20.93,1,0,0
107,50,912.88,534.06,37.74,33.20,1,5,0
107,3,116.16,482.90,140.70,99.94,1,5,0
107,56,949.27,550.52,21.50,16.12,1,5,0
107,30,1727.04,526.64,178.32,30.43,1,0,0
107,11,1312.10,537.28,93.49,23.85,1,0,0
107,35,987.29,549.89,35.90,16.11,1,0,0
107,38,1118.41,556.97,5.05,8.43,1,3,0
107,37,972.15,528.10,82.97,38.92,1,5,0
108,50,907.66,525.29,30.09,35.04,1,5,0
108,3,75.64,478.21,162.13,95.30,1,5,0
108,56,936.86,543.82,22.16,16.07,1,5,0
108,30,1712.88,524.31,177.16,29.38,1,0,0
108,11,1298.35,532.03,94.22,24.24,1,0,0
108,35,976.68,543.48,33.31,16.10,1,0,0
108,38,1105.85,550.06,5.30,8.91,1,3,0
108,37,960.69,524.61,80.94,35.85,1,5,0
109,50,852.15,543.46,28.47,35.88,1,5,0
109,3,14.38,495.34,152.03,96.89,1,5,0
109,56,879.15,562.71,21.45,16.19,1,5,0
109,30,1645.67,543.17,177.03,29.36,1,0,0
109,11,1241.26,551.07,93.43,23.69,1,0,0
109,35,917.34,562.59,36.02,16.04,1,0,0
109,37,903.30,544.64,80.58,35.03,1,5,0
110,3,31.03,507.28,68.48,49.00,1,5,0
110,11,1278.07,528.89,142.36,25.90,1,0,0
110,37,891.55,537.87,93.23,23.08,1,0,0
110,15,1522.48,519.73,179.80,31.46,1,0,0
111,3,0.48,534.02,34.49,23.69,1,5,0
111,37,986.82,510.10,109.85,30.19,1,0,0
111,7,338.57,523.69,130.09,26.36,1,0,0
111,50,751.11,516.08,140.30,25.42,1,0,0
112,3,69.82,561.95,10.02,17.25,1,3,0
112,37,908.04,540.90,158.33,28.11,1,0,0
112,7,238.40,548.78,133.54,26.01,1,0,0
112,50,662.58,545.26,139.62,25.59,1,0,0
113,37,877.25,486.55,159.14,28.45,1,0,0
113,7,204.75,499.06,112.85,26.69,1,0,0
113,50,631.66,491.80,146.60,26.63,1,0,0
113,43,1886.17,499.36,33.83,32.33,1,2,0
114,37,890.26,500.09,158.78,24.53,1,0,0
114,7,218.70,511.66,107.45,26.06,1,0,0
114,50,644.33,501.28,146.58,27.45,1,0,0
114,43,1903.17,507.75,16.83,19.20,1,2,0
115,37,895.20,464.60,77.73,36.04,1,5,0
115,38,893.75,472.34,26.26,27.94,1,5,0
115,56,880.26,486.91,17.99,13.30,1,5,0
115,30,1697.55,471.01,168.76,28.84,1,0,0
115,35,852.30,468.22,38.18,32.73,1,5,0
115,11,1283.52,476.38,115.47,22.85,1,0,0
116,37,909.64,502.99,81.10,39.60,1,5,0
116,38,931.15,526.99,30.30,15.08,1,0,0
116,56,893.48,526.23,22.63,15.73,1,5,0
116,30,1710.45,519.49,162.01,28.92,1,0,0
116,11,1322.94,521.17,95.51,22.33,1,0,0
117,37,878.42,473.60,76.97,39.56,1,5,0
117,38,897.06,497.40,33.07,15.24,1,0,0
117,56,864.20,497.13,18.39,15.36,1,5,0
117,30,1679.48,476.19,170.28,28.57,1,0,0
117,11,1286.24,487.54,72.77,20.99,1,0,0
117,35,838.17,480.97,36.11,31.52,1,5,0
118,37,921.13,515.28,80.52,33.95,1,5,0
118,38,937.13,533.03,32.42,15.48,1,0,0
118,56,896.78,534.29,22.22,15.03,1,5,0
118,30,1672.77,505.12,166.26,29.16,1,0,0
118,11,1262.44,516.90,94.22,24.14,1,0,0
118,63,16.57,476.19,144.58,97.44,1,5,0
118,35,871.10,516.77,25.82,33.34,1,5,0
119,37,922.07,489.04,72.85,30.74,1,5,0
119,38,936.80,505.77,27.14,13.08,1,0,0
119,56,901.64,505.73,20.24,12.57,1,5,0
119,30,1678.71,480.95,177.40,28.55,1,0,0
119,11,1275.21,491.85,106.32,21.17,1,0,0
119,63,18.50,442.94,139.78,91.76,1,5,0
119,35,869.28,486.56,39.90,32.05,1,5,0
120,37,918.59,452.11,78.75,33.20,1,5,0
120,38,932.29,468.48,33.43,16.02,1,0,0
120,56,893.15,468.38,22.66,15.45,1,5,0
120,30,1669.91,459.81,170.01,29.83,1,0,0
120,11,1257.34,460.60,124.35,25.11,1,0,0
120,63,5.67,390.15,144.32,99.07,1,5,0
120,35,864.76,452.55,28.84,31.54,1,5,0
121,37,908.57,436.34,79.10,34.77,1,5,0
121,38,922.30,454.20,34.55,15.88,1,0,0
121,56,883.21,452.69,22.74,15.47,1,5,0
121,30,1660.91,454.36,171.62,32.39,1,0,0
121,11,1249.02,450.09,122.11,26.24,1,0,0
121,63,2.04,362.23,134.97,100.58,1,5,0
121,35,857.64,436.48,26.18,31.74,1,5,0
122,37,881.21,464.89,81.00,35.99,1,5,0
122,38,897.56,483.74,34.67,16.10,1,0,0
122,56,855.69,482.81,23.44,16.04,1,5,0
122,30,1630.20,477.66,162.48,30.18,1,0,0
122,11,1222.46,477.57,95.16,25.27,1,0,0
122,63,0.30,399.22,104.14,100.59,1,5,0
122,35,828.80,464.63,27.89,34.52,1,5,0
123,35,781.01,494.99,91.71,26.11,1,0,0
123,3,0.37,536.76,27.81,17.88,1,0,0
123,7,0.54,524.37,63.25,30.57,1,5,0
124,35,709.86,499.58,97.80,25.64,1,0,0
124,64,288.64,521.19,104.26,25.26,1,0,0
124,37,948.08,484.08,161.92,28.56,1,0,0
125,35,712.43,480.58,113.67,27.36,1,0,0
125,64,293.68,491.54,107.78,25.89,1,0,0
125,37,956.15,473.29,161.79,28.50,1,0,0
126,35,679.69,455.66,86.09,33.39,1,5,0
126,37,1028.21,467.81,119.43,26.19,1,0,0
126,50,627.83,453.29,30.86,33.79,1,5,0
126,43,1862.99,500.33,5.47,9.52,1,3,0
126,38,699.91,472.53,34.63,15.77,1,0,0
126,56,656.86,471.16,22.99,16.43,1,5,0
126,30,1686.28,473.37,187.43,34.17,1,0,0
127,37,941.31,436.18,145.31,49.15,1,5,0
127,38,846.42,449.75,38.74,36.00,1,5,0
127,30,1752.55,448.99,167.45,37.13,1,0,0
127,11,1338.60,452.44,124.66,27.18,1,0,0
128,37,994.77,499.37,79.46,33.00,1,5,0
128,38,940.65,499.11,27.93,34.22,1,5,0
128,30,1761.88,484.57,158.12,30.77,1,0,0
128,69,968.29,517.23,23.94,15.19,1,5,0
128,70,1009.60,516.09,33.60,15.60,1,0,0
128,11,1337.83,498.47,125.24,24.94,1,0,0
129,37,992.22,579.15,79.38,33.31,1,5,0
129,38,939.47,577.14,27.18,34.16,1,5,0
129,30,1758.69,576.87,161.21,30.35,1,0,0
129,69,966.17,595.47,22.03,15.65,1,5,0
129,70,1007.39,595.96,32.33,15.75,1,0,0
129,11,1337.30,584.24,95.81,24.99,1,0,0
129,71,53.09,524.50,169.73,97.66,1,5,0
130,37,994.63,522.18,81.08,39.72,1,5,0
130,38,943.56,527.50,25.31,32.56,1,5,0
130,30,1760.90,538.34,158.59,31.35,1,0,0
130,69,968.86,544.77,23.53,15.41,1,5,0
130,70,1009.78,545.21,34.26,15.77,1,0,0
130,11,1340.42,538.52,98.96,25.87,1,0,0
130,71,53.02,461.30,173.10,99.54,1,5,0
131,37,1002.23,505.56,80.65,39.96,1,5,0
131,38,949.83,512.94,27.97,32.67,1,5,0
131,30,1763.55,505.53,156.28,30.02,1,0,0
131,69,976.84,529.17,22.99,16.14,1,5,0
131,70,1017.36,528.83,34.73,15.92,1,0,0
131,11,1348.20,514.86,98.98,25.13,1,0,0
131,71,62.01,463.04,171.09,99.02,1,5,0
132,37,1003.89,516.01,80.67,37.11,1,5,0
132,38,952.13,518.24,26.62,33.98,1,5,0
132,30,1772.99,518.13,147.01,30.31,1,0,0
132,69,978.33,536.49,24.29,15.86,1,5,0
132,70,1019.59,536.53,33.27,15.80,1,0,0
132,11,1348.29,524.04,116.98,25.41,1,0,0
132,71,61.68,468.21,170.28,97.85,1,5,0
133,37,997.92,541.83,144.78,27.57,1,0,0
133,11,1245.43,540.34,165.62,32.13,1,0,0
133,64,228.27,529.92,95.17,38.91,1,5,0
133,35,606.25,543.16,122.88,24.72,1,0,0
133,56,399.49,559.59,5.43,9.01,1,3,0
134,37,1000.63,535.28,164.46,35.13,1,0,0
134,35,758.74,554.34,137.85,27.62,1,0,0
134,56,346.41,575.69,131.97,26.40,1,0,0
134,3,0.21,592.54,36.31,29.44,1,5,0
135,37,976.55,568.05,77.94,32.41,1,5,0
135,39,1320.99,568.69,96.08,25.85,1,0,0
135,38,923.36,567.06,28.64,33.39,1,5,0
135,30,1744.04,557.26,163.31,30.63,1,0,0
135,69,950.59,583.38,23.23,16.50,1,5,0
135,70,992.27,583.90,33.35,15.86,1,0,0
135,71,26.20,530.68,169.70,89.27,1,5,0
136,37,1043.27,553.69,83.53,35.14,1,5,0
136,39,1393.94,568.33,96.89,26.55,1,0,0
136,38,993.41,555.72,26.35,29.78,1,5,0
136,30,1825.50,571.20,94.50,31.47,1,0,0
136,69,1019.76,570.46,22.45,14.88,1,5,0
136,70,1058.33,571.76,36.49,15.97,1,0,0
136,71,106.88,481.97,168.24,95.12,1,5,0
137,37,1034.87,516.85,82.14,38.67,1,5,0
137,39,1384.76,536.66,98.12,26.15,1,0,0
137,38,984.72,521.45,26.15,30.80,1,5,0
137,30,1816.20,541.55,103.80,32.07,1,0,0
137,69,1010.60,535.97,23.01,16.75,1,5,0
137,70,1049.80,537.04,36.57,17.19,1,0,0
137,71,97.19,447.08,166.47,93.52,1,5,0
138,37,1026.72,486.72,80.49,35.08,1,5,0
138,39,1375.46,493.89,126.06,24.73,1,0,0
138,38,976.18,489.16,25.77,31.06,1,5,0
138,30,1804.98,488.45,115.02,30.20,1,0,0
138,69,1001.45,503.30,23.32,16.60,1,5,0
138,70,1038.13,503.42,38.84,17.19,1,0,0
138,71,82.78,433.58,168.36,97.92,1,5,0
139,37,1035.94,562.69,82.89,34.79,1,5,0
139,39,1385.04,559.47,97.73,22.30,1,0,0
139,38,983.90,566.28,25.20,29.97,1,5,0
139,30,1812.47,541.44,107.53,28.00,1,0,0
139,69,1009.04,578.36,24.54,17.40,1,5,0
139,70,1051.25,579.87,35.34,16.56,1,0,0
139,71,86.91,531.19,174.41,99.60,1,5,0
140,37,1035.48,552.75,81.94,33.97,1,5,0
140,39,1383.53,561.29,97.80,24.90,1,0,0
140,38,984.54,552.21,25.22,33.19,1,5,0
140,30,1813.31,557.79,106.69,31.27,1,0,0
140,69,1009.28,569.96,24.16,15.46,1,5,0
140,70,1052.63,570.94,32.54,15.22,1,0,0
140,71,90.65,495.26,168.18,95.31,1,5,0
141,37,1030.79,506.22,83.05,33.55,1,5,0
141,39,1380.62,519.14,98.48,25.46,1,0,0
141,38,981.46,504.04,24.80,32.63,1,5,0
141,30,1810.58,523.62,109.42,32.64,1,0,0
141,69,1006.15,521.15,22.79,15.83,1,5,0
141,70,1048.49,522.76,33.60,16.07,1,0,0
141,71,81.14,430.62,171.54,98.54,1,5,0
142,37,1031.09,500.15,82.52,37.33,1,5,0
142,39,1379.86,514.29,100.19,25.92,1,0,0
142,38,980.84,501.79,25.40,33.65,1,5,0
142,30,1807.78,513.49,112.22,33.56,1,0,0
142,69,1005.46,519.36,24.52,16.24,1,5,0
142,70,1048.12,520.31,34.16,16.10,1,0,0
142,71,81.60,439.74,170.76,93.89,1,5,0
143,3,45.26,574.79,63.56,31.44,1,5,0
145,3,0.05,516.11,78.09,33.25,1,5,0
145,64,161.01,538.79,5.24,9.48,1,3,0
145,35,790.53,520.85,143.34,27.42,1,0,0
145,37,1036.69,522.05,162.03,28.65,1,0,0
146,3,0.00,505.52,89.71,40.98,1,5,0
146,78,395.69,519.05,108.08,25.82,1,0,0
146,79,2.86,528.26,46.36,17.43,1,0,0
146,64,170.57,537.14,4.82,8.86,1,3,0
146,35,802.23,517.45,134.63,28.48,1,0,0
146,37,1049.18,519.12,159.10,28.68,1,0,0
147,35,915.03,529.94,30.82,33.94,1,5,0
147,39,1316.50,534.44,119.05,24.84,1,0,0
147,38,943.07,546.84,23.63,16.28,1,5,0
147,69,986.48,548.61,32.23,14.95,1,0,0
147,70,968.76,533.29,76.29,31.06,1,5,0
148,35,965.91,541.69,40.90,31.99,1,5,0
148,39,1372.44,544.41,124.62,24.25,1,0,0
148,38,1003.94,558.77,20.37,14.10,1,5,0
148,69,1042.02,557.69,33.71,15.33,1,0,0
148,70,1026.03,540.62,80.97,32.88,1,5,0
148,30,1805.66,534.07,114.25,30.63,1,0,0
148,71,72.40,494.88,164.71,96.36,1,5,0
149,3,0.19,521.54,54.71,29.96,1,5,0
149,78,364.94,522.94,128.54,26.62,1,0,0
149,79,0.23,534.27,17.54,16.45,1,0,0
149,37,1022.47,519.06,159.73,31.09,1,0,0
150,80,754.86,514.90,126.18,27.07,1,0,0
150,3,0.25,517.01,29.44,26.82,1,5,0
150,78,342.11,515.79,130.01,26.92,1,0,0
150,37,1002.75,513.40,159.09,31.16,1,0,0
150,69,1153.72,537.37,5.53,8.63,1,3,0
151,80,763.28,523.75,139.22,27.24,1,0,0
151,3,0.37,529.22,41.66,31.58,1,5,0
151,78,352.25,529.27,101.02,25.93,1,0,0
151,37,1012.62,520.76,157.52,29.03,1,0,0
152,80,774.10,540.70,144.89,26.92,1,0,0
152,3,0.17,552.99,55.53,31.95,1,5,0
152,78,365.09,549.47,129.35,25.53,1,0,0
152,37,1025.00,535.33,157.12,26.48,1,0,0
152,79,0.23,567.79,17.07,16.77,1,0,0
153,80,775.07,533.91,138.91,27.22,1,0,0
153,3,0.61,550.73,58.80,31.55,1,5,0
153,78,368.02,545.26,128.88,25.08,1,0,0
153,37,1022.75,527.54,161.49,26.97,1,0,0
153,79,0.34,565.86,19.06,15.90,1,0,0
153,64,141.48,568.80,5.17,10.69,1,3,0
154,80,780.81,513.59,137.77,26.57,1,0,0
154,3,0.19,523.30,62.10,31.45,1,5,0
154,78,369.96,520.93,102.98,25.67,1,0,0
154,37,1028.48,509.18,158.89,28.14,1,0,0
154,79,0.09,537.28,21.57,17.00,1,0,0
154,69,1179.87,530.35,6.07,10.36,1,3,0
155,80,780.15,515.09,144.70,25.73,1,0,0
155,3,0.19,511.53,63.71,31.62,1,5,0
155,78,372.99,515.05,103.63,25.78,1,0,0
155,37,1026.45,513.01,164.64,29.92,1,0,0
155,79,0.17,525.66,23.60,16.97,1,0,0
156,80,889.60,549.21,111.79,23.03,1,0,0
156,78,471.36,543.10,31.36,29.21,1,5,0
156,11,1273.57,546.19,136.99,27.82,1,0,0
156,39,1534.02,541.80,133.38,33.12,1,0,0
157,80,919.00,546.63,26.72,38.31,1,5,0
157,11,1318.52,554.31,127.10,24.48,1,0,0
157,15,1740.78,544.96,171.16,30.18,1,0,0
157,35,986.52,568.56,34.38,15.43,1,0,0
157,38,945.47,568.86,24.53,15.51,1,5,0
157,70,971.49,551.72,84.43,32.97,1,5,0
157,71,13.48,496.42,153.32,105.74,1,5,0
158,80,983.54,558.13,28.29,37.43,1,5,0
158,11,1386.80,557.69,127.00,24.85,1,0,0
158,35,1051.01,577.53,33.64,16.05,1,0,0
158,38,1009.76,578.67,24.38,15.86,1,5,0
158,70,1035.77,557.45,82.66,36.78,1,5,0
158,71,83.73,528.73,158.62,96.55,1,5,0
158,30,1815.32,543.18,104.46,29.73,1,0,0
158,69,1187.10,580.13,4.86,9.58,1,3,0
159,80,986.60,554.18,26.98,36.58,1,5,0
159,11,1388.91,552.85,125.64,24.76,1,0,0
159,35,1053.38,572.26,34.87,16.20,1,0,0
159,38,1012.37,572.66,23.38,16.89,1,5,0
159,70,1038.78,550.55,82.22,38.76,1,5,0
159,71,71.25,519.27,175.39,101.93,1,5,0
159,30,1817.94,538.47,101.98,29.73,1,0,0
159,69,1189.88,575.19,5.09,9.42,1,3,0
160,80,990.52,538.56,25.81,35.74,1,5,0
160,11,1392.88,541.91,124.37,24.93,1,0,0
160,35,1056.94,557.39,34.63,15.73,1,0,0
160,38,1015.51,558.20,24.18,15.15,1,5,0
160,70,1041.80,537.83,83.33,36.02,1,5,0
160,71,73.05,487.70,177.46,106.92,1,5,0
160,30,1822.73,533.06,97.26,29.32,1,0,0
160,69,1193.40,562.40,5.00,9.64,1,3,0
161,80,986.65,523.44,26.52,35.05,1,5,0
161,11,1388.85,529.83,99.32,25.82,1,0,0
161,35,1053.53,541.89,34.22,16.15,1,0,0
161,38,1012.82,542.85,23.38,15.32,1,5,0
161,70,1038.39,524.13,81.19,34.55,1,5,0
161,71,63.46,461.81,178.94,110.62,1,5,0
161,30,1816.35,524.88,103.65,28.92,1,0,0
161,69,1192.40,547.51,5.10,9.58,1,3,0
162,80,962.05,532.46,26.19,34.73,1,5,0
162,11,1364.23,531.45,97.96,25.15,1,0,0
162,35,1028.66,549.37,34.69,15.85,1,0,0
162,38,987.04,550.72,24.34,15.67,1,5,0
162,70,1012.88,530.16,81.90,36.00,1,5,0
162,71,29.82,488.64,183.39,107.79,1,5,0
162,30,1791.39,518.02,128.33,28.98,1,0,0
163,80,961.24,532.11,25.92,34.35,1,5,0
163,11,1363.62,532.94,97.68,24.72,1,0,0
163,35,1028.67,548.99,33.15,15.44,1,0,0
163,38,985.87,550.22,25.38,15.63,1,5,0
163,70,1012.25,529.55,81.82,35.69,1,5,0
163,71,28.22,481.76,184.11,107.93,1,5,0
163,30,1790.16,521.41,129.54,29.03,1,0,0
164,80,969.43,538.63,26.68,35.65,1,5,0
164,11,1372.19,551.26,99.75,26.08,1,0,0
164,35,1039.88,559.47,32.01,15.02,1,0,0
164,38,994.18,558.01,25.44,15.85,1,5,0
164,70,1021.44,541.40,80.25,33.85,1,5,0
164,71,40.88,466.49,179.67,108.47,1,5,0
164,30,1797.38,552.06,122.62,29.92,1,0,0
165,80,971.60,526.50,26.96,35.00,1,5,0
165,11,1375.12,536.33,99.21,25.43,1,0,0
165,35,1041.66,546.15,32.63,15.52,1,0,0
165,38,997.36,545.88,24.77,15.26,1,5,0
165,70,1023.81,525.77,81.34,36.57,1,5,0
165,71,39.93,456.58,182.21,110.93,1,5,0
165,30,1801.56,534.60,118.20,30.13,1,0,0
166,80,973.81,516.17,27.05,34.28,1,5,0
166,11,1376.59,520.62,99.74,25.82,1,0,0
166,35,1041.09,533.97,34.59,15.87,1,0,0
166,38,999.29,534.26,24.47,15.61,1,5,0
166,70,1025.58,514.67,81.84,35.86,1,5,0
166,71,44.37,456.35,180.38,111.05,1,5,0
166,30,1805.28,513.55,114.59,29.46,1,0,0
166,69,1178.51,539.26,5.48,10.05,1,3,0
167,80,974.59,519.22,28.29,34.29,1,5,0
167,11,1377.16,520.23,99.17,25.12,1,0,0
167,35,1041.83,536.16,34.68,16.09,1,0,0
167,38,1000.79,536.70,22.87,15.72,1,5,0
167,70,1026.10,516.20,83.77,36.77,1,5,0
167,71,48.90,470.48,177.63,106.87,1,5,0
167,30,1808.25,509.02,111.39,29.28,1,0,0
168,80,958.22,523.79,26.64,33.94,1,5,0
168,11,1363.44,530.08,114.34,25.63,1,0,0
168,35,1027.71,541.87,32.71,15.48,1,0,0
168,38,984.13,541.76,23.94,15.51,1,5,0
168,70,1009.74,524.85,84.75,33.25,1,5,0
168,71,20.86,460.71,184.10,108.96,1,5,0
168,30,1787.55,525.61,132.45,29.80,1,0,0
169,80,952.66,521.75,25.84,35.73,1,5,0
169,11,1356.48,538.43,99.53,26.06,1,0,0
169,35,1020.98,542.96,33.32,15.36,1,0,0
169,38,978.45,542.42,24.25,15.02,1,5,0
169,70,1004.59,525.11,85.09,34.17,1,5,0
169,71,12.39,441.99,185.56,110.34,1,5,0
169,30,1778.38,542.21,141.55,31.15,1,0,0
170,11,1290.23,523.67,166.68,30.40,1,0,0
170,37,1042.97,532.24,143.21,25.76,1,0,0
171,85,786.12,531.46,146.26,25.09,1,0,0
171,37,1033.07,526.52,160.10,28.69,1,0,0
171,64,151.35,556.24,5.33,8.93,1,3,0
171,3,0.17,534.68,65.62,31.52,1,5,0
171,79,0.31,549.81,24.97,16.15,1,0,0
171,78,375.32,535.25,103.64,26.00,1,0,0
172,85,795.27,532.09,144.84,26.70,1,0,0
172,37,1038.98,528.93,160.89,29.32,1,0,0
172,64,160.96,555.44,5.16,9.58,1,3,0
172,3,0.41,534.21,71.74,31.03,1,5,0
172,79,0.74,547.90,34.56,16.78,1,0,0
172,78,383.37,535.84,101.79,25.33,1,0,0
173,85,795.59,523.79,137.47,25.15,1,0,0
173,37,1040.25,517.77,162.51,30.03,1,0,0
173,3,0.48,525.17,72.77,32.85,1,5,0
173,79,0.28,538.88,34.35,18.98,1,0,0
173,78,385.03,527.28,102.33,25.78,1,0,0
174,85,794.94,518.99,138.83,24.79,1,0,0
174,37,1040.74,512.19,162.58,28.57,1,0,0
174,3,0.33,523.72,75.91,32.65,1,5,0
174,79,0.21,538.21,36.55,17.97,1,0,0
174,78,386.46,523.67,102.84,25.57,1,0,0
175,85,796.82,544.66,148.58,24.90,1,0,0
175,37,1041.58,537.02,162.88,29.63,1,0,0
175,3,0.04,538.00,78.64,41.86,1,5,0
175,79,0.67,562.42,33.89,17.19,1,0,0
175,78,392.36,550.99,96.14,22.92,1,0,0
175,64,280.33,568.87,4.75,8.98,1,3,0
176,85,791.23,548.49,147.39,25.86,1,0,0
176,37,1038.56,543.52,161.95,30.87,1,0,0
176,3,0.42,546.80,71.72,33.18,1,5,0
176,79,0.50,561.15,32.93,18.04,1,0,0
176,78,384.56,550.45,100.85,25.51,1,0,0
176,64,158.66,569.57,5.00,8.87,1,3,0
177,85,792.29,526.93,153.76,26.07,1,0,0
177,37,1040.84,521.64,161.58,29.83,1,0,0
177,3,0.46,530.71,73.82,31.85,1,5,0
177,79,0.54,545.24,34.94,17.41,1,0,0
177,78,384.78,531.51,102.41,25.58,1,0,0
178,85,792.12,518.27,151.97,25.73,1,0,0
178,37,1037.68,510.96,163.61,27.95,1,0,0
178,3,0.62,527.81,72.79,33.35,1,5,0
178,79,0.54,543.28,33.30,17.80,1,0,0
178,78,384.17,526.18,102.01,25.20,1,0,0
178,64,161.34,549.36,5.25,9.32,1,3,0
179,85,790.89,525.65,152.68,26.77,1,0,0
179,37,1035.24,522.09,164.33,27.30,1,0,0
179,3,0.59,528.24,71.46,33.41,1,5,0
179,79,0.64,542.93,32.55,18.31,1,0,0
179,78,382.10,529.57,103.81,25.73,1,0,0
179,64,159.98,550.45,5.56,9.05,1,3,0
180,85,787.29,538.48,147.14,25.51,1,0,0
180,37,1034.92,534.85,162.27,29.77,1,0,0
180,3,0.15,536.71,68.45,33.14,1,5,0
180,79,0.53,551.61,28.14,17.66,1,0,0
180,78,379.69,540.63,102.74,26.12,1,0,0
180,69,1190.57,556.73,4.64,8.86,1,3,0
181,85,785.42,536.24,148.05,26.05,1,0,0
181,37,1030.71,531.39,164.30,28.67,1,0,0
181,3,0.03,541.70,64.83,31.56,1,5,0
181,79,0.51,556.23,24.81,17.04,1,0,0
181,78,378.72,541.28,101.19,25.91,1,0,0
181,69,1186.82,551.54,5.25,9.95,1,3,0
182,85,783.65,524.06,149.23,25.93,1,0,0
182,37,1030.57,518.57,162.05,28.52,1,0,0
182,3,0.07,531.40,62.14,31.69,1,5,0
182,79,0.48,546.15,24.37,16.67,1,0,0
182,78,375.51,530.10,103.39,25.37,1,0,0
183,85,785.30,528.53,147.46,25.85,1,0,0
183,37,1030.84,521.87,163.31,28.20,1,0,0
183,3,0.30,536.99,62.71,33.33,1,5,0
183,79,0.24,552.66,24.23,17.24,1,0,0
183,78,375.63,536.12,101.60,25.20,1,0,0
184,85,788.73,553.12,147.37,25.84,1,0,0
184,37,1034.62,546.76,161.65,28.80,1,0,0
184,3,0.12,560.40,66.76,30.93,1,5,0
184,79,0.25,573.36,25.65,17.49,1,0,0
184,78,380.21,558.51,99.00,25.68,1,0,0
184,64,153.60,579.67,5.26,8.98,1,3,0
185,85,779.45,515.75,150.44,29.45,1,0,0
185,37,1033.88,512.30,159.93,28.84,1,0,0
185,3,0.55,513.98,60.03,41.39,1,5,0
185,79,0.28,535.22,22.02,19.73,1,0,0
185,78,373.09,520.90,104.33,26.87,1,0,0
186,85,775.27,503.99,144.98,27.30,1,0,0
186,37,1019.26,501.33,162.92,29.76,1,0,0
186,3,0.16,507.05,48.79,31.40,1,5,0
186,79,0.24,522.20,12.74,15.40,1,0,0
186,78,363.27,507.98,102.82,25.64,1,0,0
187,85,769.39,526.85,147.06,27.71,1,0,0
187,37,1014.28,523.89,163.81,28.44,1,0,0
187,3,0.37,533.25,44.43,32.09,1,5,0
187,78,358.49,533.33,103.78,25.57,1,0,0
188,85,766.85,552.08,143.08,27.00,1,0,0
188,37,1012.01,546.91,163.57,26.47,1,0,0
188,3,0.37,566.07,40.64,32.31,1,5,0
188,78,356.51,562.41,101.37,25.33,1,0,0
189,85,764.00,525.64,142.04,26.31,1,0,0
189,37,1009.73,520.86,163.00,26.73,1,0,0
189,3,0.43,534.72,35.88,33.76,1,5,0
189,78,352.65,533.82,102.73,25.06,1,0,0
189,64,126.65,555.11,5.84,10.55,1,3,0
190,85,764.78,508.46,139.40,26.55,1,0,0
190,37,1006.72,509.52,165.01,25.32,1,0,0
190,3,0.31,511.42,34.29,31.77,1,5,0
190,78,351.81,511.84,101.68,26.06,1,0,0
190,64,123.34,532.46,5.34,8.98,1,3,0
190,69,1162.87,526.08,5.55,10.81,1,3,0
191,85,764.24,525.37,138.05,26.36,1,0,0
191,37,1008.63,525.67,163.91,25.08,1,0,0
191,3,0.32,529.19,35.77,33.31,1,5,0
191,78,353.09,530.66,101.34,25.59,1,0,0
191,64,123.96,550.61,5.48,9.35,1,3,0
192,85,761.80,532.24,141.73,26.25,1,0,0
192,37,1004.03,526.31,165.59,27.64,1,0,0
192,3,0.37,543.80,31.49,32.69,1,5,0
192,78,348.53,540.88,103.00,25.43,1,0,0
192,30,1901.93,537.57,18.07,26.08,1,2,0
193,85,752.67,511.81,147.85,27.61,1,0,0
193,37,1000.66,508.23,161.96,27.92,1,0,0
193,3,0.13,522.50,23.59,27.24,1,5,0
193,78,341.27,517.73,102.40,25.86,1,0,0
193,30,1888.58,528.32,31.16,27.56,1,2,0
194,85,744.27,547.63,149.73,26.33,1,0,0
194,37,991.58,541.86,162.84,26.52,1,0,0
194,3,0.14,573.67,13.90,17.58,1,5,0
194,78,332.32,556.55,103.92,25.15,1,0,0
194,30,1868.35,546.14,51.34,59.34,1,2,0
195,85,745.41,535.09,148.95,25.90,1,0,0
195,37,991.86,532.34,163.75,26.22,1,0,0
195,3,0.15,554.03,13.58,18.93,1,5,0
195,78,332.67,540.86,105.09,25.78,1,0,0
195,30,1871.77,539.87,48.03,47.36,1,2,0
196,85,745.63,545.74,150.36,26.73,1,0,0
196,37,992.51,543.05,163.17,24.95,1,0,0
196,3,0.13,569.03,14.07,18.90,1,5,0
196,78,332.75,554.03,104.98,25.55,1,0,0
196,30,1870.84,550.87,48.99,44.71,1,2,0
196,64,103.55,576.39,5.46,9.72,1,3,0
197,85,730.90,497.91,150.48,26.54,1,0,0
197,37,976.78,495.48,163.21,29.21,1,0,0
197,78,314.39,499.28,104.39,25.81,1,0,0
197,30,1834.79,499.90,85.21,81.79,1,2,0
216,78,316.93,438.25,141.89,89.67,1,5,0
216,80,1193.73,500.56,30.58,36.26,1,5,0
216,11,1248.41,503.14,82.91,35.87,1,5,0
216,69,1220.46,519.32,25.95,17.75,1,5,0
217,11,1177.00,534.37,148.01,28.31,1,0,0
217,85,787.05,540.82,117.86,25.32,1,0,0
218,11,1148.46,537.52,145.80,26.61,1,0,0
218,93,554.46,567.63,5.08,9.81,1,3,0
218,94,1397.68,528.57,174.35,29.88,1,0,0
218,95,329.92,546.66,30.51,34.87,1,5,0
218,96,404.99,563.42,38.69,16.93,1,0,0
218,97,357.67,564.38,27.62,16.82,1,5,0
218,85,759.85,546.80,96.31,24.39,1,0,0
218,78,388.82,540.49,89.28,40.65,1,5,0
219,11,1141.95,532.52,148.95,26.78,1,0,0
219,94,1391.59,528.07,172.25,31.05,1,0,0
219,95,323.52,528.57,30.38,36.67,1,5,0
219,96,399.07,548.04,37.35,16.54,1,0,0
219,97,351.07,547.85,28.85,16.85,1,5,0
219,85,752.59,536.59,96.45,24.80,1,0,0
219,78,380.94,524.28,90.53,40.97,1,5,0
220,11,1135.71,537.62,145.16,26.75,1,0,0
220,94,1387.74,537.83,170.56,32.15,1,0,0
220,95,315.11,518.95,31.49,35.81,1,5,0
220,96,392.40,538.96,38.85,17.05,1,0,0
220,97,345.30,537.81,25.76,17.41,1,5,0
220,85,746.68,534.12,94.75,25.31,1,0,0
220,78,372.62,518.73,92.27,38.59,1,5,0
221,11,1130.68,516.18,142.44,26.25,1,0,0
221,94,1381.80,515.17,170.77,31.33,1,0,0
221,95,307.14,501.62,31.95,35.37,1,5,0
221,96,386.57,521.45,37.92,16.23,1,0,0
221,97,338.08,520.26,27.34,17.09,1,5,0
221,85,742.36,514.48,94.03,24.56,1,0,0
221,78,367.18,502.04,91.64,36.71,1,5,0
221,93,535.47,529.53,5.80,10.07,1,3,0
222,11,1121.97,546.10,145.94,25.81,1,0,0
222,94,1370.60,538.97,172.20,29.58,1,0,0
222,95,301.33,551.17,28.94,36.03,1,5,0
222,96,376.45,569.40,37.80,16.47,1,0,0
222,97,329.84,570.44,27.52,15.89,1,5,0
222,85,735.13,553.87,92.44,24.32,1,0,0
222,78,358.98,549.23,89.30,37.43,1,5,0
223,11,1108.97,544.68,149.56,25.35,1,0,0
223,94,1358.61,540.23,170.45,31.77,1,0,0
223,95,284.93,536.90,30.07,33.35,1,5,0
223,96,361.70,553.03,37.78,16.91,1,0,0
223,97,314.70,553.32,28.83,16.92,1,5,0
223,85,719.52,544.75,94.22,23.28,1,0,0
223,78,345.38,534.88,88.01,36.35,1,5,0
224,11,1100.22,525.18,148.90,24.46,1,0,0
224,94,1349.73,520.35,170.25,30.71,1,0,0
224,95,275.76,516.72,29.18,33.83,1,5,0
224,96,348.15,532.36,43.48,18.03,1,0,0
224,97,304.13,533.39,29.27,17.47,1,5,0
224,85,710.67,524.95,94.68,23.21,1,0,0
224,78,332.91,503.14,92.60,48.40,1,5,0
225,11,1090.88,520.59,144.53,25.46,1,0,0
225,94,1339.01,513.24,169.92,30.60,1,0,0
225,95,261.25,519.40,33.32,35.69,1,5,0
225,96,339.77,536.97,39.41,16.92,1,0,0
225,97,293.80,537.23,27.53,17.28,1,5,0
225,85,699.11,524.46,97.64,24.59,1,0,0
225,78,322.93,515.90,92.76,39.12,1,5,0
226,11,1080.38,520.97,142.08,25.14,1,0,0
226,94,1330.47,513.99,166.73,31.42,1,0,0
226,95,253.44,515.81,29.51,37.41,1,5,0
226,96,329.66,535.94,39.25,16.69,1,0,0
226,97,282.19,535.93,27.62,16.95,1,5,0
226,85,691.22,524.11,95.27,24.26,1,0,0
226,78,312.56,516.92,91.49,36.41,1,5,0
226,93,482.70,543.12,5.28,9.32,1,3,0
227,11,1070.28,521.80,147.40,25.46,1,0,0
227,94,1323.36,519.74,165.88,33.27,1,0,0
227,95,242.27,505.29,31.14,34.55,1,5,0
227,96,321.84,524.27,38.71,17.32,1,0,0
227,97,272.95,523.19,26.48,16.77,1,5,0
227,85,682.07,518.36,96.26,25.11,1,0,0
227,78,302.67,501.97,92.38,40.55,1,5,0
227,100,1481.25,546.07,5.31,9.65,1,3,0
228,11,1058.88,522.37,145.44,24.59,1,0,0
228,94,1313.85,520.14,165.84,32.74,1,0,0
228,95,229.66,503.95,32.94,36.07,1,5,0
228,96,308.57,523.63,39.30,17.26,1,0,0
228,97,262.44,522.61,27.37,17.18,1,5,0
228,85,671.29,518.10,96.77,25.46,1,0,0
228,78,291.72,504.34,92.37,37.51,1,5,0
229,11,1038.01,523.04,145.31,25.53,1,0,0
229,94,1292.29,523.88,161.20,33.34,1,0,0
229,95,199.99,505.28,38.93,29.40,1,5,0
229,96,282.19,522.25,35.28,14.26,1,0,0
229,97,238.98,521.69,21.75,13.24,1,5,0
229,85,647.17,516.09,96.85,25.03,1,0,0
229,78,261.66,507.38,89.04,30.54,1,5,0
230,11,1051.93,522.48,142.81,24.25,1,0,0
230,94,1304.17,515.95,164.98,29.19,1,0,0
230,96,301.57,540.96,38.21,15.75,1,0,0
230,97,253.98,536.48,29.10,21.20,1,5,0
230,85,665.30,527.01,94.90,24.11,1,0,0
230,78,287.62,525.35,84.42,31.66,1,5,0
231,11,1022.21,522.77,145.91,26.28,1,0,0
231,94,1272.88,523.85,165.33,32.16,1,0,0
231,96,266.27,518.32,38.49,17.24,1,0,0
231,97,216.77,517.55,29.93,17.13,1,5,0
231,85,633.49,516.34,95.24,24.76,1,0,0
231,78,248.18,493.32,92.67,43.64,1,5,0
231,100,1428.96,548.97,5.87,9.78,1,3,0
231,95,186.76,499.81,30.46,34.03,1,5,0
232,11,1016.75,523.85,139.24,24.82,1,0,0
232,94,1267.32,519.58,165.08,30.52,1,0,0
232,96,259.90,533.08,38.50,17.15,1,0,0
232,97,209.64,533.22,29.35,17.21,1,5,0
232,85,627.26,523.93,96.67,24.36,1,0,0
232,78,240.86,510.04,94.52,41.37,1,5,0
232,95,178.24,516.08,32.45,34.38,1,5,0
233,11,1006.92,524.62,145.70,25.12,1,0,0
233,94,1253.18,514.04,168.43,30.09,1,0,0
233,96,245.74,549.51,42.37,17.43,1,0,0
233,97,199.14,550.34,27.11,17.49,1,5,0
233,85,617.48,532.52,97.81,24.20,1,0,0
233,78,228.75,529.63,94.48,38.69,1,5,0
233,95,167.06,533.12,33.48,35.22,1,5,0
234,11,999.24,524.40,142.64,24.97,1,0,0
234,94,1245.62,515.58,168.28,31.47,1,0,0
234,96,237.11,542.91,40.85,17.32,1,0,0
234,97,189.24,544.30,27.06,16.11,1,5,0
234,85,608.34,528.80,97.16,24.84,1,0,0
234,78,219.58,522.00,94.94,39.08,1,5,0
234,95,155.15,526.25,35.56,34.51,1,5,0
234,100,1407.72,537.69,4.97,9.32,1,3,0
235,11,993.89,523.82,136.12,25.88,1,0,0
235,94,1239.59,521.27,166.08,30.54,1,0,0
235,96,227.54,529.11,41.97,18.05,1,0,0
235,97,178.29,530.08,26.28,16.80,1,5,0
235,85,598.72,522.58,97.21,25.11,1,0,0
235,78,210.59,508.64,94.05,39.92,1,5,0
235,95,145.03,514.10,34.90,33.23,1,5,0
235,93,386.21,538.62,5.48,10.17,1,3,0
236,11,985.45,522.65,139.44,28.01,1,0,0
236,94,1230.18,524.81,165.82,33.89,1,0,0
236,96,217.91,514.99,41.36,18.73,1,0,0
236,97,169.20,514.49,26.79,18.06,1,5,0
236,85,590.91,514.96,96.01,26.18,1,0,0
236,78,200.25,491.96,94.93,43.34,1,5,0
236,95,135.01,499.64,35.61,32.44,1,5,0
237,11,974.36,523.92,138.68,25.69,1,0,0
237,94,1218.55,521.60,165.51,31.98,1,0,0
237,96,203.13,528.34,43.36,18.31,1,0,0
237,97,156.02,528.11,25.22,17.94,1,5,0
237,85,578.54,522.08,97.43,25.20,1,0,0
237,78,187.68,507.70,94.64,39.96,1,5,0
237,95,119.98,512.07,37.57,34.22,1,5,0
237,30,1900.51,557.65,19.49,23.88,1,2,0
237,93,362.68,538.83,5.58,9.49,1,3,0
238,11,965.62,526.24,138.16,24.62,1,0,0
238,94,1209.93,515.77,166.09,29.31,1,0,0
238,96,195.77,555.98,43.02,17.59,1,0,0
238,97,147.77,557.19,27.48,17.54,1,5,0
238,85,570.04,537.30,97.75,24.53,1,0,0
238,78,177.86,535.70,95.87,38.95,1,5,0
238,95,112.61,541.58,35.79,34.19,1,5,0
238,30,1886.06,531.24,33.94,27.02,1,2,0
239,11,960.55,527.22,132.84,23.72,1,0,0
239,94,1204.05,514.23,165.56,30.47,1,0,0
239,96,189.14,556.75,42.65,17.85,1,0,0
239,97,141.03,559.04,27.38,16.32,1,5,0
239,85,563.99,537.87,97.63,24.67,1,0,0
239,78,170.46,535.72,96.66,40.12,1,5,0
239,95,104.39,541.22,37.96,35.48,1,5,0
239,30,1874.14,530.08,45.86,35.49,1,2,0
240,11,948.24,524.16,136.09,25.23,1,0,0
240,94,1191.79,522.08,165.52,31.53,1,0,0
240,96,172.39,528.32,41.87,17.49,1,0,0
240,97,123.61,526.93,27.62,17.85,1,5,0
240,85,549.24,521.25,98.87,26.09,1,0,0
240,78,154.04,508.25,97.01,38.66,1,5,0
240,95,81.92,513.89,45.02,30.79,1,5,0
240,30,1854.05,555.17,65.95,62.25,1,2,0
241,11,936.78,523.65,144.83,26.82,1,0,0
241,94,1182.99,524.28,165.31,34.33,1,0,0
241,96,160.39,513.05,43.02,18.58,1,0,0
241,97,114.12,511.97,27.54,17.50,1,5,0
241,85,541.56,513.32,97.76,27.07,1,0,0
241,78,143.63,488.34,95.90,44.87,1,5,0
241,95,71.82,496.80,42.03,32.30,1,5,0
241,30,1838.86,548.81,81.14,86.80,1,2,0
241,93,322.20,525.59,5.22,9.24,1,3,0
242,11,923.61,524.68,143.22,25.85,1,0,0
242,94,1169.49,520.66,166.04,31.67,1,0,0
242,96,148.32,534.71,41.65,18.49,1,0,0
242,97,97.75,536.08,29.30,17.20,1,5,0
242,85,528.64,526.56,99.35,24.87,1,0,0
242,78,127.01,509.14,99.50,45.56,1,5,0
242,95,59.34,520.46,38.94,32.57,1,5,0
242,30,1818.04,509.80,101.96,106.41,1,2,0
242,100,1325.07,544.52,5.37,9.56,1,3,0
243,11,910.75,537.86,151.92,26.59,1,0,0
243,94,1159.73,528.00,164.15,30.40,1,0,0
243,96,137.52,564.50,40.26,17.81,1,0,0
243,97,83.02,565.84,33.94,17.04,1,5,0
243,85,515.89,547.49,101.67,24.84,1,0,0
243,78,116.92,539.12,97.33,44.25,1,5,0
243,95,51.06,550.21,34.39,33.06,1,5,0
243,30,1799.03,514.14,120.97,98.03,1,2,0
243,100,1312.61,550.18,5.30,8.83,1,3,0
244,11,890.72,527.00,142.98,27.84,1,0,0
244,94,1141.92,524.62,161.25,32.89,1,0,0
244,96,112.07,535.12,40.08,17.66,1,0,0
244,97,58.82,535.49,29.84,16.81,1,5,0
244,85,494.21,527.86,100.44,25.30,1,0,0
244,78,90.21,514.65,99.25,39.84,1,5,0
244,95,13.60,519.38,45.80,33.54,1,5,0
244,30,1767.60,528.61,152.24,97.54,1,2,0
245,11,882.19,530.45,143.47,28.03,1,0,0
245,94,1131.73,530.71,161.32,33.01,1,0,0
245,96,102.60,528.10,41.01,18.73,1,0,0
245,97,48.34,527.76,29.88,18.20,1,5,0
245,85,485.76,526.07,99.17,25.55,1,0,0
245,78,79.05,504.55,101.88,43.88,1,5,0
245,95,1.43,505.05,47.69,41.29,1,5,0
245,30,1753.60,537.72,166.40,104.74,1,2,0
245,100,1285.27,556.78,5.38,9.42,1,3,0
246,11,871.68,536.69,145.78,26.98,1,0,0
246,94,1121.39,534.23,161.87,32.89,1,0,0
246,96,92.14,545.28,39.79,17.42,1,0,0
246,97,38.30,545.49,29.00,16.71,1,5,0
246,85,478.60,537.56,96.80,25.18,1,0,0
246,78,68.76,523.23,100.23,40.60,1,5,0
246,95,0.92,524.43,37.90,38.06,1,5,0
246,30,1737.74,537.10,182.26,100.18,1,2,0
246,100,1274.14,559.36,5.58,9.07,1,3,0
247,11,860.27,534.52,137.93,26.37,1,0,0
247,94,1109.42,526.84,159.56,29.82,1,0,0
247,96,71.29,555.78,43.86,19.11,1,0,0
247,85,460.59,541.89,100.84,25.18,1,0,0
247,78,50.88,537.10,101.53,38.95,1,5,0
247,30,1713.27,507.39,206.73,107.85,1,2,0
247,100,1258.90,549.18,5.62,9.78,1,3,0
247,93,239.27,564.73,4.28,8.96,1,3,0
248,11,850.94,530.40,138.63,26.92,1,0,0
248,94,1101.20,523.46,160.16,30.32,1,0,0
248,96,60.17,552.49,44.08,19.09,1,0,0
248,85,451.16,538.20,100.37,25.51,1,0,0
248,78,41.63,534.79,100.78,37.75,1,5,0
248,30,1699.48,475.86,220.52,136.73,1,2,0
248,100,1251.10,546.32,5.20,8.68,1,3,0
248,93,230.05,560.98,4.66,8.61,1,3,0
249,11,839.01,525.17,140.50,29.18,1,0,0
249,94,1086.17,524.25,160.74,31.26,1,0,0
249,96,46.16,534.60,41.01,18.43,1,0,0
249,85,436.69,527.65,98.94,25.08,1,0,0
249,78,23.71,504.21,101.80,50.37,1,5,0
249,30,1676.98,500.50,243.01,128.04,1,2,0
249,97,0.72,534.11,21.91,18.04,1,5,0
250,11,821.87,526.90,148.72,27.95,1,0,0
250,94,1074.43,525.76,156.79,32.07,1,0,0
250,96,27.75,533.33,40.10,18.14,1,0,0
250,85,418.60,526.64,102.84,25.79,1,0,0
250,78,1.54,508.40,104.89,44.30,1,5,0
250,30,1648.97,486.61,270.98,145.27,1,2,0
250,93,194.59,544.51,4.77,8.67,1,3,0
251,11,811.85,531.04,149.00,27.53,1,0,0
251,94,1061.87,525.33,159.61,30.35,1,0,0
251,96,10.47,551.12,45.14,19.50,1,0,0
251,85,409.79,537.87,100.77,25.36,1,0,0
251,78,1.15,529.40,94.74,42.30,1,5,0
251,30,1632.53,474.00,287.19,144.01,1,2,0
251,93,183.96,559.98,5.12,8.79,1,3,0
252,11,799.91,532.36,142.41,28.13,1,0,0
252,94,1047.58,525.58,158.81,29.77,1,0,0
252,96,0.40,559.72,37.47,19.05,1,0,0
252,85,392.12,542.34,102.37,25.64,1,0,0
252,78,0.32,545.73,77.85,34.18,1,5,0
252,30,1605.63,473.06,314.19,141.85,1,2,0
253,11,785.40,528.44,142.54,29.19,1,0,0
253,94,1037.89,525.94,154.51,30.40,1,0,0
253,96,0.53,545.83,20.32,16.84,1,0,0
253,85,377.33,532.88,102.42,25.27,1,0,0
253,78,0.23,530.50,60.17,32.39,1,5,0
253,30,1583.95,484.66,335.95,141.01,1,2,0
254,11,775.96,526.65,148.97,28.99,1,0,0
254,94,1025.01,525.97,160.18,30.70,1,0,0
254,96,0.21,538.10,13.35,16.59,1,0,0
254,85,370.10,528.42,102.47,25.83,1,0,0
254,78,0.00,523.66,49.74,31.92,1,5,0
254,30,1568.88,479.75,350.89,151.79,1,2,0
255,11,765.66,527.27,151.97,29.36,1,0,0
255,94,1016.49,526.38,158.69,30.82,1,0,0
255,85,359.01,530.25,103.34,25.46,1,0,0
255,78,0.51,527.47,38.02,31.47,1,5,0
255,30,1552.52,478.04,367.44,152.94,1,2,0
255,93,128.23,549.24,5.47,9.58,1,3,0
256,11,747.93,530.61,146.01,28.41,1,0,0
256,94,999.45,526.50,158.28,30.32,1,0,0
256,85,339.50,536.59,103.11,25.75,1,0,0
256,30,1525.45,473.85,394.55,151.34,1,2,0
256,96,0.14,546.45,17.67,21.36,1,5,0
257,11,726.61,530.87,143.19,29.20,1,0,0
257,94,978.19,528.03,156.82,29.86,1,0,0
257,85,313.02,538.44,105.30,26.25,1,0,0
257,30,1489.04,469.87,430.13,154.11,1,2,0
258,11,695.95,528.20,141.38,29.88,1,0,0
258,94,943.73,527.34,162.52,31.03,1,0,0
258,85,279.72,532.74,107.29,26.23,1,0,0
258,30,1443.28,475.52,476.03,154.94,1,2,0
258,100,1096.40,549.19,4.97,9.73,1,3,0
259,11,687.80,530.79,142.64,29.81,1,0,0
259,94,937.35,527.76,160.60,30.53,1,0,0
259,85,270.41,537.58,107.03,26.84,1,0,0
259,30,1431.68,467.40,487.88,158.19,1,2,0
260,11,670.55,532.51,141.49,27.84,1,0,0
260,94,917.81,528.38,159.62,30.25,1,0,0
260,85,247.03,538.30,108.00,26.25,1,0,0
260,30,1398.35,466.29,521.65,161.30,1,2,0
261,11,657.07,529.97,144.37,28.57,1,0,0
261,94,906.75,527.91,159.12,30.66,1,0,0
261,85,234.49,533.44,107.34,26.67,1,0,0
261,30,1380.33,466.67,539.67,166.39,1,2,0
261,100,1058.23,550.30,5.23,8.86,1,3,0
262,11,618.47,534.57,140.68,27.39,1,0,0
262,94,865.89,530.54,162.37,28.16,1,0,0
262,85,192.57,540.72,106.53,26.08,1,0,0
262,30,1324.98,467.36,573.14,158.90,1,2,0
262,100,1016.91,550.71,5.94,9.77,1,3,0
263,11,601.66,531.97,145.40,27.29,1,0,0
263,94,850.04,529.56,164.34,29.17,1,0,0
263,85,175.66,534.29,108.67,26.66,1,0,0
263,30,1302.64,496.15,572.26,136.44,1,2,0
264,11,578.85,524.60,148.88,27.88,1,0,0
264,94,825.63,527.77,165.85,29.16,1,0,0
264,85,149.06,520.75,108.95,27.22,1,0,0
264,30,1276.08,497.04,569.82,146.81,1,2,0
265,11,564.95,533.28,147.94,26.48,1,0,0
265,94,811.73,530.72,167.16,28.55,1,0,0
265,85,135.18,536.72,107.15,26.25,1,0,0
265,30,1255.01,475.45,567.06,155.07,1,2,0
265,100,967.75,550.98,5.87,9.72,1,3,0
266,11,546.94,541.48,154.01,27.83,1,0,0
266,94,794.17,532.52,167.34,29.60,1,0,0
266,85,112.30,553.56,110.60,26.32,1,0,0
266,30,1225.78,482.90,557.17,136.92,1,2,0
267,11,534.20,536.80,151.56,26.56,1,0,0
267,94,783.09,530.57,165.58,30.35,1,0,0
267,85,96.19,542.63,111.11,26.31,1,0,0
267,30,1205.45,488.63,554.06,136.94,1,2,0
268,11,497.75,522.01,155.57,27.80,1,0,0
268,94,750.76,522.94,165.88,31.88,1,0,0
268,85,57.93,514.08,110.14,28.23,1,0,0
268,30,1161.84,504.54,544.16,139.14,1,2,0
268,100,904.12,547.69,5.01,8.96,1,3,0
269,11,476.10,532.63,150.24,27.63,1,0,0
269,94,728.69,529.00,165.76,30.37,1,0,0
269,85,28.56,534.30,113.44,28.22,1,0,0
269,30,1133.68,501.18,539.41,131.26,1,2,0
269,100,881.15,550.18,5.94,10.09,1,3,0
270,11,464.58,539.93,156.53,27.91,1,0,0
270,94,717.39,531.78,167.00,30.69,1,0,0
270,85,15.08,549.41,113.92,26.79,1,0,0
270,30,1117.88,493.01,538.02,132.74,1,2,0
270,100,871.76,554.35,5.91,9.41,1,3,0
271,11,451.33,539.70,158.94,28.07,1,0,0
271,94,705.92,531.99,166.78,30.23,1,0,0
271,85,1.65,548.62,114.00,27.57,1,0,0
271,30,1103.61,497.25,533.52,126.70,1,2,0
272,11,434.16,532.10,152.13,28.12,1,0,0
272,94,689.30,528.62,167.01,31.29,1,0,0
272,85,0.88,535.16,94.94,29.16,1,0,0
272,30,1081.34,501.94,530.84,126.39,1,2,0
272,100,843.42,550.05,6.35,9.89,1,3,0
273,11,414.99,517.03,157.01,29.68,1,0,0
273,94,671.50,520.26,167.04,33.37,1,0,0
273,85,0.81,513.23,73.87,25.58,1,0,0
273,30,1058.09,508.86,526.77,129.15,1,2,0
274,11,392.50,516.68,154.23,29.72,1,0,0
274,94,647.43,519.65,171.60,33.61,1,0,0
274,85,0.43,514.33,50.23,24.61,1,0,0
274,30,1029.12,504.26,521.11,133.52,1,2,0
275,11,379.22,533.59,153.21,29.09,1,0,0
275,94,636.93,529.28,169.39,31.02,1,0,0
275,85,0.41,544.26,36.50,23.60,1,0,0
275,30,1012.62,499.65,520.73,128.10,1,2,0
276,11,359.22,549.63,158.83,29.54,1,0,0
276,94,621.37,537.01,165.79,31.57,1,0,0
276,30,988.77,495.24,518.53,126.32,1,2,0
276,100,772.68,558.44,5.64,9.54,1,3,0
277,11,332.22,538.77,157.16,28.02,1,0,0
277,94,595.55,531.43,167.03,30.75,1,0,0
277,30,960.11,499.97,519.13,127.96,1,2,0
278,11,296.49,512.53,159.06,30.77,1,0,0
278,94,561.72,516.81,168.77,33.47,1,0,0
278,30,919.13,504.01,510.42,132.62,1,2,0
279,11,273.21,516.64,156.82,29.87,1,0,0
279,94,538.84,518.44,169.83,33.17,1,0,0
279,30,892.57,501.58,506.30,131.34,1,2,0
280,11,241.68,536.41,160.08,28.40,1,0,0
280,94,511.70,531.26,169.71,30.84,1,0,0
280,30,857.74,496.84,503.04,130.10,1,2,0
281,11,217.22,534.89,161.24,29.35,1,0,0
281,94,487.43,530.39,173.30,30.68,1,0,0
281,30,830.99,496.35,502.91,131.08,1,2,0
282,11,187.44,526.84,163.39,30.21,1,0,0
282,94,458.38,525.87,175.21,31.49,1,0,0
282,30,796.93,497.88,501.07,131.60,1,2,0
283,11,154.73,526.94,167.80,30.01,1,0,0
283,94,434.43,523.84,172.74,32.87,1,0,0
283,30,765.55,496.19,497.58,132.94,1,2,0
283,100,591.99,550.43,5.61,8.39,1,3,0
284,11,132.37,532.53,167.55,29.44,1,0,0
284,94,411.52,527.36,173.34,32.61,1,0,0
284,30,737.83,502.48,498.43,124.55,1,2,0
285,11,91.50,522.92,169.49,30.56,1,0,0
285,94,375.82,522.19,175.62,33.15,1,0,0
285,30,697.61,496.79,496.51,130.61,1,2,0
286,11,59.59,515.42,175.07,31.76,1,0,0
286,94,347.58,517.46,178.29,32.96,1,0,0
286,30,668.26,497.94,495.14,129.25,1,2,0
287,11,8.14,536.88,177.30,31.59,1,0,0
287,94,304.81,531.90,177.73,31.86,1,0,0
287,30,616.34,501.07,494.69,126.87,1,2,0
288,11,0.20,526.18,158.82,28.80,1,0,0
288,94,250.75,522.09,176.67,32.86,1,0,0
288,30,546.73,495.66,514.41,132.24,1,2,0
289,11,0.80,527.64,117.85,23.83,1,0,0
289,94,224.91,520.94,173.08,32.64,1,0,0
289,30,510.92,495.42,534.45,132.36,1,2,0
290,94,211.16,529.45,170.58,30.86,1,0,0
290,30,490.95,496.82,546.29,133.31,1,2,0
291,94,148.06,539.30,185.98,32.20,1,0,0
291,30,437.85,501.71,501.28,132.03,1,2,0
291,11,0.46,553.11,33.24,23.15,1,0,0
292,94,121.70,529.32,189.07,32.67,1,0,0
292,30,406.64,493.53,505.12,139.02,1,2,0
293,94,63.48,493.10,194.49,36.21,1,0,0
293,30,347.77,482.19,504.99,138.62,1,2,0
294,94,37.42,507.32,193.60,34.10,1,0,0
294,30,316.23,487.81,507.95,136.87,1,2,0
295,94,0.13,510.44,131.22,29.24,1,0,0
295,30,196.15,485.11,519.79,138.60,1,2,0
295,100,112.60,533.36,5.64,8.95,1,3,0
296,30,84.67,520.70,535.75,138.67,1,2,0
296,100,0.54,571.23,38.57,24.10,1,0,0
297,30,41.76,516.83,539.96,138.34,1,2,0
298,30,11.13,488.85,542.61,140.00,1,2,0
299,30,0.55,527.68,434.57,143.91,1,2,0
300,30,0.21,480.66,378.94,145.31,1,2,0
301,30,0.42,523.65,307.53,144.07,1,2,0
301,101,1837.52,468.64,30.68,70.48,1,3,0
302,30,0.43,525.08,279.37,149.45,1,2,0
302,101,1813.31,463.87,31.44,72.11,1,3,0
303,30,0.09,529.37,169.89,106.87,1,2,0
303,101,1722.48,497.10,29.18,73.86,1,3,0
304,30,-0.00,552.05,123.79,108.15,1,2,0
304,101,1685.07,482.20,29.15,73.16,1,3,0
305,30,0.30,539.35,93.05,113.95,1,2,0
305,101,1659.96,487.57,29.38,73.23,1,3,0
306,30,0.00,528.09,60.01,109.03,1,2,0
306,101,1635.26,496.61,29.17,73.88,1,3,0
307,30,0.00,580.09,29.13,66.16,1,2,0
307,101,1608.60,493.70,29.00,73.62,1,3,0
308,101,1585.82,492.25,29.55,74.79,1,3,0
309,101,1549.96,496.94,28.38,74.12,1,3,0
310,101,1525.29,497.00,27.73,73.17,1,3,0
311,101,1501.38,492.76,28.03,71.16,1,3,0
312,101,1482.67,489.11,27.71,70.80,1,3,0
313,101,1457.46,495.29,26.70,71.91,1,3,0
314,101,1429.25,503.76,27.98,71.93,1,3,0
315,101,1406.41,502.82,27.11,69.03,1,3,0
316,101,1384.09,495.77,26.58,70.71,1,3,0
317,101,1361.80,500.14,26.33,69.92,1,3,0
318,101,1329.29,501.05,26.23,67.43,1,3,0
319,101,1265.83,508.04,25.79,69.97,1,3,0
320,101,1247.28,508.62,25.58,66.54,1,3,0
321,101,1229.84,503.22,26.05,64.66,1,3,0
322,101,1186.56,503.83,25.68,66.94,1,3,0
323,101,1170.07,505.26,26.02,69.56,1,3,0
323,102,1844.50,569.25,34.25,13.20,1,2,0
324,101,1152.57,504.68,25.66,69.56,1,3,0
324,102,1825.53,570.25,33.18,13.29,1,2,0
325,101,1134.71,501.43,27.17,69.47,1,3,0
325,102,1799.53,529.97,41.37,15.32,1,2,0
326,101,1119.54,497.53,26.73,71.79,1,3,0
326,102,1777.01,518.10,45.03,15.45,1,2,0
327,101,1077.25,503.47,25.75,69.05,1,3,0
327,102,1733.11,551.60,39.78,14.38,1,2,0
328,101,1068.85,501.65,26.40,70.48,1,3,0
328,102,1723.28,551.47,38.72,14.15,1,2,0
328,103,1861.93,548.93,57.86,14.75,1,0,0
329,101,1061.48,501.26,26.38,70.78,1,3,0
329,102,1715.34,545.36,40.35,14.61,1,2,0
329,103,1854.19,540.03,65.71,17.04,1,0,0
330,101,1045.50,503.12,25.13,69.07,1,3,0
330,102,1692.84,542.85,43.07,14.38,1,2,0
330,103,1838.98,538.23,77.57,16.11,1,0,0
331,101,1029.97,503.71,25.11,69.21,1,3,0
331,102,1675.99,537.44,38.83,13.54,1,2,0
331,103,1820.67,529.73,76.18,16.35,1,0,0
332,101,1011.63,505.19,24.99,68.26,1,3,0
332,102,1654.21,533.45,37.86,12.99,1,2,0
332,103,1798.80,525.25,76.97,15.06,1,0,0
333,101,993.46,503.20,25.62,69.34,1,3,0
333,102,1632.87,553.06,40.91,13.85,1,2,0
333,103,1779.69,551.39,78.29,13.83,1,0,0
334,101,979.23,502.96,25.45,68.30,1,3,0
334,102,1616.45,564.33,37.75,12.86,1,2,0
334,103,1765.21,562.58,77.22,16.28,1,0,0
335,101,964.46,504.48,25.15,69.72,1,3,0
335,102,1597.76,544.55,41.01,13.72,1,2,0
335,103,1750.27,540.01,75.82,15.40,1,0,0
336,101,955.77,505.27,26.75,71.07,1,3,0
336,102,1597.38,533.76,33.11,12.99,1,2,0
336,103,1743.98,526.51,79.86,15.57,1,0,0
337,101,938.81,504.68,26.58,71.15,1,3,0
337,102,1572.18,540.22,39.96,14.28,1,2,0
337,103,1672.74,534.24,77.30,18.25,1,0,0
337,105,1864.62,420.44,55.38,228.79,1,3,0
337,106,1818.67,532.14,86.21,17.64,1,0,0
338,101,923.57,505.03,25.71,67.43,1,3,0
338,102,1555.03,558.34,38.19,13.19,1,2,0
338,103,1657.43,554.89,70.99,15.32,1,0,0
338,105,1841.57,440.00,78.43,238.35,1,3,0
338,106,1796.26,555.31,86.35,18.09,1,0,0
339,101,909.02,503.81,26.07,67.48,1,3,0
339,102,1539.31,560.03,38.39,13.20,1,2,0
339,103,1642.79,557.04,74.61,15.40,1,0,0
339,105,1819.87,419.67,100.00,261.44,1,3,0
339,106,1780.90,557.33,80.42,18.74,1,0,0
340,101,894.50,509.36,25.39,68.13,1,3,0
340,102,1522.09,542.75,37.34,12.96,1,2,0
340,103,1626.43,535.11,75.20,16.24,1,0,0
340,105,1794.84,388.11,124.98,263.28,1,3,0
340,106,1764.08,528.27,110.90,21.52,1,0,0
341,101,885.03,510.91,25.35,68.85,1,3,0
341,102,1512.26,539.14,36.67,12.43,1,2,0
341,103,1617.66,531.03,71.87,15.43,1,0,0
341,105,1778.23,384.24,130.19,260.55,1,3,0
341,106,1755.41,524.14,73.62,19.26,1,0,0
342,101,871.14,509.97,24.83,66.81,1,3,0
342,102,1496.88,549.39,36.42,12.56,1,2,0
342,103,1604.72,544.18,68.63,14.36,1,0,0
342,105,1757.68,401.60,128.82,262.02,1,3,0
342,106,1741.10,538.60,108.28,19.55,1,0,0
343,101,862.50,507.94,25.23,67.86,1,3,0
343,102,1482.25,548.85,41.25,13.48,1,2,0
343,103,1597.05,543.41,67.95,14.23,1,0,0
343,105,1741.11,402.93,128.73,259.61,1,3,0
343,106,1735.14,539.29,96.61,19.36,1,0,0
344,101,848.57,510.76,25.37,67.67,1,3,0
344,102,1471.13,544.97,37.22,12.53,1,2,0
344,103,1582.54,537.33,67.69,14.73,1,0,0
344,105,1719.08,397.23,128.41,257.99,1,3,0
344,106,1718.50,531.99,105.17,19.48,1,0,0
345,101,838.66,513.44,26.19,66.70,1,3,0
345,102,1460.79,542.61,35.23,11.85,1,2,0
345,103,1573.54,534.47,65.70,14.49,1,0,0
345,105,1703.12,388.92,128.07,259.26,1,3,0
345,106,1709.98,526.71,101.30,19.62,1,0,0
346,101,819.09,510.12,27.23,66.09,1,3,0
346,102,1440.39,552.00,35.93,13.02,1,2,0
346,103,1554.39,549.03,61.45,13.50,1,0,0
346,105,1670.54,403.07,128.57,260.68,1,3,0
346,106,1692.55,544.24,81.62,19.05,1,0,0
347,101,807.07,509.85,25.53,67.78,1,3,0
347,102,1425.57,549.65,40.78,13.42,1,2,0
347,103,1544.38,547.16,53.67,12.17,1,0,0
347,105,1649.59,403.23,126.74,261.55,1,3,0
347,106,1678.97,539.88,102.98,18.96,1,0,0
348,101,801.48,514.06,25.50,64.81,1,3,0
348,102,1419.01,547.34,41.42,13.24,1,2,0
348,103,1539.04,544.24,55.57,12.20,1,0,0
348,105,1638.13,399.97,127.65,260.78,1,3,0
348,106,1672.57,535.59,104.19,19.30,1,0,0
349,101,791.04,514.32,25.46,65.47,1,3,0
349,102,1406.46,546.22,38.66,12.83,1,2,0
349,103,1527.60,540.92,57.52,12.93,1,0,0
349,105,1621.16,392.43,128.17,264.33,1,3,0
349,106,1662.42,532.99,102.38,19.03,1,0,0
350,101,781.33,515.35,26.83,66.01,1,3,0
350,102,1396.20,546.12,40.08,12.72,1,2,0
350,103,1521.34,541.10,55.75,12.60,1,0,0
350,105,1604.87,392.86,128.33,265.38,1,3,0
350,106,1656.46,532.20,98.93,18.97,1,0,0
351,101,770.92,517.78,25.63,65.73,1,3,0
351,102,1386.08,544.84,36.92,12.70,1,2,0
351,105,1587.24,390.87,126.34,264.22,1,3,0
351,106,1645.84,529.65,94.72,18.65,1,0,0
352,101,756.63,510.32,25.91,64.83,1,3,0
352,102,1369.78,554.44,39.76,13.23,1,2,0
352,105,1565.22,410.59,124.95,260.44,1,3,0
352,106,1631.17,548.81,95.35,18.21,1,0,0
352,103,1499.32,553.99,52.86,12.05,1,0,0
353,101,747.23,507.54,26.29,64.08,1,3,0
353,102,1360.08,557.98,37.44,12.87,1,2,0
353,105,1549.88,412.66,121.32,262.09,1,3,0
353,106,1620.72,554.31,98.73,18.79,1,0,0
353,103,1491.20,558.39,56.41,12.14,1,0,0
354,101,742.85,516.66,25.65,66.26,1,3,0
354,102,1354.15,546.67,36.97,12.65,1,2,0
354,105,1539.46,390.94,122.55,266.93,1,3,0
354,106,1621.32,533.97,88.22,17.42,1,0,0
354,103,1485.87,542.41,55.51,12.62,1,0,0
355,101,741.15,528.74,26.62,64.52,1,3,0
355,102,1351.24,538.09,38.12,12.48,1,2,0
355,105,1529.65,379.64,126.48,263.16,1,3,0
355,106,1619.72,516.44,83.42,17.58,1,0,0
355,103,1486.19,529.46,53.02,13.19,1,0,0
355,108,1884.98,496.31,35.02,25.97,1,2,0
356,101,728.11,517.08,26.43,61.85,1,3,0
356,102,1337.50,550.04,39.55,13.15,1,2,0
356,105,1507.95,403.41,125.69,263.33,1,3,0
356,106,1608.28,541.00,83.38,16.99,1,0,0
356,103,1475.41,547.83,53.97,12.54,1,0,0
356,108,1874.32,528.60,45.68,28.96,1,2,0
357,101,704.13,538.54,25.73,60.43,1,3,0
357,102,1310.35,535.74,36.82,12.41,1,2,0
357,105,1463.87,369.65,124.66,268.34,1,3,0
357,106,1582.15,509.93,80.35,17.30,1,0,0
357,103,1450.90,523.68,51.60,14.23,1,0,0
357,108,1850.27,481.23,57.37,29.87,1,2,0
358,101,696.68,525.67,26.54,59.90,1,3,0
358,102,1302.59,545.17,36.97,12.30,1,2,0
358,105,1450.88,387.96,125.57,266.40,1,3,0
358,106,1577.13,528.57,84.89,17.30,1,0,0
358,103,1447.73,537.38,50.86,13.63,1,0,0
358,108,1842.02,510.06,63.34,30.03,1,2,0
359,101,672.36,533.65,26.72,59.96,1,3,0
359,102,1277.07,541.67,36.41,11.54,1,2,0
359,105,1409.35,382.10,124.63,268.08,1,3,0
359,106,1555.22,517.73,89.93,18.76,1,0,0
359,103,1426.98,526.97,66.66,16.65,1,0,0
359,108,1819.12,495.59,63.10,29.66,1,2,0
360,101,663.83,532.33,25.96,57.13,1,3,0
360,102,1267.20,544.19,36.83,12.36,1,2,0
360,105,1392.84,386.68,125.36,267.03,1,3,0
360,106,1547.77,524.20,93.86,18.92,1,0,0
360,103,1420.06,534.15,55.96,14.18,1,0,0
360,108,1808.99,504.30,63.57,31.14,1,2,0
361,101,655.63,515.93,26.33,59.76,1,3,0
361,102,1260.90,551.25,36.33,13.07,1,2,0
361,105,1379.59,402.89,126.11,263.76,1,3,0
361,106,1541.09,541.16,100.97,19.64,1,0,0
361,103,1412.02,547.12,55.51,14.19,1,0,0
361,108,1825.58,532.87,42.87,27.16,1,2,0
362,101,648.38,511.38,27.45,62.10,1,3,0
362,102,1249.74,553.45,37.92,12.58,1,2,0
362,105,1364.42,404.87,126.17,268.66,1,3,0
362,106,1536.20,547.06,100.37,18.82,1,0,0
362,103,1408.59,550.32,58.05,13.24,1,0,0
362,108,1796.50,539.23,62.77,28.79,1,2,0
363,101,652.25,526.33,26.18,63.16,1,3,0
363,102,1252.18,546.21,38.37,13.18,1,2,0
363,105,1353.55,390.23,125.13,269.19,1,3,0
363,106,1541.32,528.67,98.35,18.92,1,0,0
363,103,1414.28,536.20,65.87,15.66,1,0,0
363,108,1802.45,510.39,62.68,29.68,1,2,0
364,101,644.19,513.44,26.77,63.22,1,3,0
364,102,1243.48,550.12,35.59,14.21,1,2,0
364,105,1337.54,402.67,124.43,264.44,1,3,0
364,106,1532.59,541.97,97.95,19.30,1,0,0
364,103,1406.96,548.44,62.26,14.05,1,0,0
364,108,1794.79,532.00,63.38,29.18,1,2,0
365,101,629.95,509.92,26.26,64.19,1,3,0
365,102,1229.11,551.77,36.98,14.41,1,2,0
365,105,1313.83,404.07,123.60,267.35,1,3,0
365,106,1519.06,547.08,98.70,18.57,1,0,0
365,103,1395.51,552.90,60.89,11.96,1,0,0
365,108,1780.42,537.99,62.22,28.75,1,2,0
365,114,1840.06,561.53,14.68,6.53,1,2,0
366,101,613.91,523.05,26.72,64.79,1,3,0
366,102,1212.78,546.28,37.82,15.05,1,2,0
366,105,1284.17,392.46,122.58,266.59,1,3,0
366,106,1506.61,531.71,97.47,19.80,1,0,0
366,103,1379.80,539.39,64.62,14.94,1,0,0
366,108,1763.82,517.47,61.17,27.65,1,2,0
366,114,1823.03,537.74,16.05,6.76,1,2,0
367,101,600.05,513.28,26.91,63.66,1,3,0
367,102,1194.68,549.77,38.54,15.14,1,2,0
367,105,1264.45,402.53,121.79,262.29,1,3,0
367,106,1493.51,543.52,96.00,19.26,1,0,0
367,103,1366.91,547.75,66.46,14.88,1,0,0
367,108,1749.58,534.71,61.53,27.58,1,2,0
367,114,1809.00,555.57,15.16,6.86,1,2,0
368,101,582.71,516.81,27.40,62.71,1,3,0
368,102,1176.84,549.91,36.33,14.93,1,2,0
368,105,1240.10,402.51,120.11,261.39,1,3,0
368,106,1474.79,540.51,97.01,19.33,1,0,0
368,103,1351.22,542.39,71.06,17.76,1,0,0
368,108,1731.78,529.81,61.27,28.46,1,2,0
368,114,1789.88,551.18,15.98,7.36,1,2,0
369,101,550.62,520.86,27.23,64.10,1,3,0
369,102,1144.77,548.83,34.31,14.68,1,2,0
369,105,1192.14,402.84,119.87,261.91,1,3,0
369,106,1445.27,535.37,93.60,19.66,1,0,0
369,103,1322.53,539.21,67.45,17.79,1,0,0
369,108,1698.26,523.86,60.57,26.98,1,2,0
370,101,518.39,518.98,28.52,65.43,1,3,0
370,102,1113.29,549.61,33.83,15.03,1,2,0
370,105,1148.93,400.02,112.99,261.09,1,3,0
370,106,1416.70,537.62,89.14,19.58,1,0,0
370,103,1292.18,541.14,67.51,17.59,1,0,0
370,108,1666.94,526.53,59.01,27.12,1,2,0
370,114,1761.00,547.55,16.68,6.12,1,2,0
371,101,529.65,507.06,27.24,63.56,1,3,0
371,102,1122.85,550.99,35.36,15.43,1,2,0
371,105,1164.25,406.19,121.11,260.94,1,3,0
371,106,1426.90,548.14,90.76,19.43,1,0,0
371,103,1303.25,547.55,69.50,17.70,1,0,0
371,108,1677.75,543.09,61.37,27.12,1,2,0
372,101,473.24,514.34,27.80,62.29,1,3,0
372,102,1066.61,548.71,34.95,15.92,1,2,0
372,105,1086.06,402.90,118.29,260.69,1,3,0
372,106,1375.59,542.44,92.18,18.61,1,0,0
372,103,1253.07,545.54,65.02,15.52,1,0,0
372,108,1622.92,534.38,58.37,26.58,1,2,0
372,114,1679.59,554.67,13.84,6.66,1,2,0
373,101,457.05,501.96,27.64,63.16,1,3,0
373,102,1049.09,548.93,33.93,15.74,1,2,0
373,105,1064.14,404.45,117.91,259.25,1,3,0
373,106,1359.89,549.46,92.85,18.44,1,0,0
373,103,1239.15,549.72,64.41,15.35,1,0,0
373,108,1607.26,545.90,58.40,26.07,1,2,0
374,101,446.24,531.16,25.68,65.81,1,3,0
374,102,1034.97,548.94,36.18,17.07,1,2,0
374,105,1048.59,400.98,136.85,260.50,1,3,0
374,106,1351.55,531.19,90.91,19.70,1,0,0
374,103,1229.68,540.02,64.41,13.90,1,0,0
374,108,1598.82,515.61,58.22,27.46,1,2,0
374,114,1655.05,535.21,14.81,6.27,1,2,0
375,101,432.63,533.48,27.76,66.58,1,3,0
375,102,1022.11,549.59,33.90,16.42,1,2,0
375,105,1025.25,399.65,117.61,260.97,1,3,0
375,106,1339.48,529.76,90.07,20.66,1,0,0
375,103,1216.96,538.84,66.02,15.41,1,0,0
375,108,1583.84,513.93,58.07,27.29,1,2,0
375,118,1679.92,533.50,16.46,5.79,1,2,0
375,114,1640.03,532.55,14.75,6.90,1,2,0
376,101,420.55,510.28,27.75,64.47,1,3,0
376,102,1011.24,549.18,31.98,15.51,1,2,0
376,105,1008.94,402.63,117.06,259.85,1,3,0
376,106,1329.50,543.28,90.97,19.38,1,0,0
376,103,1207.43,546.70,67.64,15.13,1,0,0
376,108,1574.50,537.29,56.99,25.50,1,2,0
376,118,1759.73,554.88,6.03,12.88,1,3,0
376,114,1667.99,558.97,16.26,6.39,1,2,0
377,101,405.46,497.22,26.94,61.14,1,3,0
377,102,995.11,548.86,32.05,14.63,1,2,0
377,105,984.92,404.45,118.96,257.20,1,3,0
377,106,1316.02,551.40,89.79,19.61,1,0,0
377,103,1194.99,552.12,65.40,14.57,1,0,0
377,108,1560.28,552.82,56.94,24.12,1,2,0
377,118,1745.28,572.39,5.73,12.53,1,3,0
377,114,1652.96,574.53,14.71,5.45,1,2,0
378,101,398.89,526.19,26.48,63.33,1,3,0
378,102,984.10,551.68,27.85,14.09,1,2,0
378,105,974.55,405.09,116.10,255.49,1,3,0
378,106,1310.85,535.85,89.22,20.05,1,0,0
378,103,1189.38,543.94,65.29,14.48,1,0,0
378,108,1553.15,524.48,58.59,25.54,1,2,0
379,101,379.53,511.42,28.76,62.17,1,3,0
379,102,965.53,548.44,29.78,15.98,1,2,0
379,105,942.63,404.81,117.82,256.12,1,3,0
379,106,1297.26,544.03,87.06,18.93,1,0,0
379,103,1174.28,545.16,69.06,17.15,1,0,0
379,108,1537.98,536.20,57.66,27.66,1,2,0
379,118,1720.61,555.67,6.22,13.38,1,3,0
379,114,1630.83,558.89,18.04,6.33,1,2,0
380,101,374.78,508.03,28.42,63.67,1,3,0
380,105,931.10,412.12,116.64,251.42,1,3,0
380,106,1294.06,544.95,87.40,18.86,1,0,0
380,103,1172.56,542.77,68.96,20.71,1,0,0
380,108,1534.80,540.43,58.03,25.51,1,2,0
380,120,1591.33,558.96,12.47,6.60,1,2,0
380,118,1717.41,557.24,6.30,13.44,1,3,0
380,114,1628.57,561.21,15.99,6.02,1,2,0
381,101,369.88,527.56,27.61,59.75,1,3,0
381,105,919.50,413.02,117.31,253.09,1,3,0
381,106,1290.48,539.49,86.80,18.97,1,0,0
381,103,1165.21,535.95,74.18,23.78,1,0,0
381,108,1530.02,528.33,58.04,25.61,1,2,0
381,120,1585.58,547.48,13.89,6.24,1,2,0
381,114,1622.72,548.50,14.65,6.06,1,2,0
381,102,960.78,548.85,42.37,16.45,1,2,0
382,101,363.41,537.39,27.75,60.35,1,3,0
382,105,906.94,411.26,117.80,252.86,1,3,0
382,106,1284.61,534.88,86.85,19.48,1,0,0
382,103,1161.03,534.50,72.82,23.30,1,0,0
382,108,1524.03,519.89,56.67,26.39,1,2,0
382,120,1580.55,539.16,14.13,6.08,1,2,0
382,114,1614.44,538.53,20.48,6.45,1,2,0
382,102,952.76,550.68,37.01,16.78,1,2,0
382,118,1706.53,532.30,5.71,12.41,1,3,0
383,101,349.31,509.94,28.43,63.03,1,3,0
383,105,887.72,402.15,118.05,253.27,1,3,0
383,106,1271.39,543.91,88.97,18.49,1,0,0
383,103,1150.46,538.33,71.82,23.69,1,0,0
383,108,1513.09,536.73,56.62,25.28,1,2,0
383,120,1566.90,555.67,14.72,7.03,1,2,0
383,114,1605.99,558.35,16.69,6.24,1,2,0
383,102,936.92,547.86,34.00,15.73,1,2,0
383,118,1693.69,554.08,5.76,12.84,1,3,0
384,101,343.75,533.83,28.60,61.18,1,3,0
384,105,872.16,413.34,117.26,252.59,1,3,0
384,106,1270.82,537.35,87.02,19.10,1,0,0
384,103,1148.72,535.85,70.92,22.90,1,0,0
384,108,1508.51,523.59,59.07,26.42,1,2,0
384,102,925.02,551.72,36.32,15.71,1,2,0
385,101,337.67,529.53,27.20,61.62,1,3,0
385,105,859.48,413.18,117.41,254.55,1,3,0
385,106,1265.42,538.37,88.73,18.79,1,0,0
385,103,1143.48,535.82,72.01,23.29,1,0,0
385,108,1503.58,525.70,57.64,26.20,1,2,0
385,102,917.72,550.59,37.97,15.86,1,2,0
385,118,1684.78,540.50,5.95,12.03,1,3,0
386,101,312.45,528.26,28.43,59.66,1,3,0
386,105,815.17,404.55,118.43,257.37,1,3,0
386,106,1246.67,539.08,88.95,18.71,1,0,0
386,103,1127.20,537.26,73.77,22.38,1,0,0
386,108,1483.81,527.76,57.87,26.03,1,2,0
386,102,896.99,549.16,37.03,16.89,1,2,0
386,120,1538.66,546.83,13.62,6.38,1,2,0
386,114,1575.79,547.55,15.67,6.13,1,2,0
387,101,304.04,532.04,27.87,57.77,1,3,0
387,105,803.55,410.85,118.16,252.08,1,3,0
387,106,1239.58,537.73,88.33,19.23,1,0,0
387,103,1119.39,536.58,74.84,21.95,1,0,0
387,108,1476.81,526.01,56.41,25.77,1,2,0
387,102,886.02,550.93,34.27,15.54,1,2,0
387,114,1568.10,545.97,17.94,6.48,1,2,0
388,101,295.37,526.56,28.78,62.60,1,3,0
388,105,779.11,413.41,118.24,254.64,1,3,0
388,106,1233.10,538.95,89.53,18.61,1,0,0
388,103,1115.25,537.79,72.47,21.54,1,0,0
388,108,1470.61,527.15,56.84,26.37,1,2,0
388,102,869.01,550.98,37.60,15.49,1,2,0
388,114,1560.66,546.71,17.11,6.59,1,2,0
388,118,1648.89,541.87,5.50,12.19,1,3,0
388,120,1525.69,546.35,14.26,6.57,1,2,0
389,101,286.40,521.87,28.52,63.74,1,3,0
389,105,765.09,411.61,117.97,253.81,1,3,0
389,106,1226.55,540.34,89.16,17.91,1,0,0
389,103,1107.44,537.50,72.99,21.61,1,0,0
389,108,1463.59,529.57,56.09,25.69,1,2,0
389,102,859.87,549.94,39.25,16.22,1,2,0
389,114,1553.19,549.49,18.49,6.53,1,2,0
389,120,1518.12,548.87,13.30,6.38,1,2,0
390,101,239.84,503.59,29.55,63.25,1,3,0
390,105,694.69,400.65,117.90,255.46,1,3,0
390,106,1189.98,544.81,90.53,17.98,1,0,0
390,103,1071.99,538.71,76.12,22.83,1,0,0
390,108,1425.72,539.26,56.12,26.30,1,2,0
390,102,810.79,543.81,42.28,16.66,1,2,0
390,114,1514.69,561.56,16.40,5.90,1,2,0
390,120,1479.31,559.76,13.35,6.36,1,2,0
390,118,1599.28,558.08,6.45,13.43,1,3,0
391,101,233.56,514.00,30.16,63.41,1,3,0
391,105,680.39,402.58,118.86,256.47,1,3,0
391,106,1186.25,542.66,88.84,17.94,1,0,0
391,103,1067.71,538.85,74.60,21.65,1,0,0
391,108,1421.02,534.92,55.53,25.85,1,2,0
391,102,804.54,547.16,40.06,15.64,1,2,0
391,114,1509.28,556.52,17.18,5.84,1,2,0
391,120,1474.27,554.43,13.93,6.58,1,2,0
391,118,1594.48,552.18,6.48,13.17,1,3,0
392,101,217.89,540.62,29.54,62.47,1,3,0
392,105,655.87,418.28,119.68,255.94,1,3,0
392,106,1175.20,536.65,86.50,18.53,1,0,0
392,103,1056.81,536.28,73.90,22.86,1,0,0
392,108,1408.71,522.39,55.87,25.53,1,2,0
392,102,788.51,554.54,47.80,16.65,1,2,0
392,120,1462.96,539.51,15.23,7.07,1,2,0
393,101,203.71,509.87,29.35,62.02,1,3,0
393,105,638.07,404.76,120.32,253.88,1,3,0
393,106,1164.18,542.15,87.32,17.35,1,0,0
393,103,1046.83,536.66,72.78,22.08,1,0,0
393,108,1397.79,535.07,55.93,25.04,1,2,0
393,102,773.52,544.44,45.57,16.21,1,2,0
393,120,1451.09,554.10,14.83,6.46,1,2,0
393,114,1486.27,555.69,16.85,5.98,1,2,0
393,118,1569.16,551.81,6.49,12.97,1,3,0
394,101,190.45,497.12,29.49,61.05,1,3,0
394,105,621.62,396.18,119.93,255.58,1,3,0
394,106,1153.92,543.97,89.13,17.74,1,0,0
394,103,1037.02,537.40,74.37,21.60,1,0,0
394,108,1387.29,540.42,57.94,24.92,1,2,0
394,102,763.09,540.13,45.43,15.42,1,2,0
394,120,1442.67,559.80,14.03,6.08,1,2,0
394,114,1475.17,561.24,16.97,6.33,1,2,0
394,118,1561.24,559.44,6.36,12.60,1,3,0
395,101,187.53,529.65,28.01,59.22,1,3,0
395,105,610.49,408.42,121.12,258.43,1,3,0
395,106,1151.45,538.69,87.74,18.40,1,0,0
395,103,1033.37,536.30,74.84,22.43,1,0,0
395,108,1384.75,526.83,54.49,25.76,1,2,0
395,102,757.49,550.64,50.38,15.54,1,2,0
395,120,1438.81,545.68,15.16,6.63,1,2,0
395,114,1473.02,546.22,16.93,6.25,1,2,0
396,101,182.42,549.31,29.65,60.14,1,3,0
396,105,598.39,418.62,121.26,259.91,1,3,0
396,106,1149.20,534.55,84.95,20.15,1,0,0
396,103,1030.42,537.24,72.77,21.77,1,0,0
396,108,1380.32,519.16,55.80,25.63,1,2,0
396,102,750.75,558.33,48.17,14.75,1,2,0
396,120,1435.77,536.13,14.89,6.58,1,2,0
396,114,1467.91,536.69,17.05,5.98,1,2,0
396,118,1551.33,529.90,5.97,12.21,1,3,0
397,101,166.84,515.70,30.07,59.62,1,3,0
397,105,576.38,404.74,122.19,254.55,1,3,0
397,106,1135.92,540.07,85.56,17.63,1,0,0
397,103,1019.68,536.03,72.86,21.77,1,0,0
397,108,1368.65,531.38,55.47,25.68,1,2,0
397,102,734.34,546.43,51.30,14.99,1,2,0
397,120,1422.71,550.91,14.59,6.59,1,2,0
397,118,1539.43,548.82,5.64,11.54,1,3,0
398,101,156.84,512.60,31.01,56.58,1,3,0
398,105,562.03,402.24,121.02,254.85,1,3,0
398,106,1128.48,540.10,85.91,17.39,1,0,0
398,103,1011.17,536.75,72.88,20.96,1,0,0
398,108,1360.60,531.68,55.09,25.74,1,2,0
398,102,725.35,545.47,51.92,15.21,1,2,0
398,120,1415.08,551.05,14.72,6.62,1,2,0
398,114,1448.48,552.43,16.26,6.16,1,2,0
399,101,145.74,556.90,30.09,59.68,1,3,0
399,105,542.81,424.41,121.30,258.19,1,3,0
399,106,1121.81,533.98,87.54,19.68,1,0,0
399,103,1002.65,537.34,71.75,21.79,1,0,0
399,108,1352.29,516.93,55.74,26.16,1,2,0
399,102,713.83,561.42,49.60,13.84,1,2,0
399,120,1407.40,535.26,14.02,5.82,1,2,0
399,118,1521.53,526.47,5.86,12.18,1,3,0
400,101,122.90,488.32,30.30,60.13,1,3,0
400,105,510.17,389.65,124.16,257.71,1,3,0
400,106,1104.84,540.63,90.81,17.58,1,0,0
400,103,988.89,533.59,74.32,21.66,1,0,0
400,108,1336.58,537.72,55.72,25.36,1,2,0
400,102,689.76,534.54,49.34,14.12,1,2,0
400,120,1390.31,557.67,14.95,6.81,1,2,0
400,118,1502.35,557.95,6.04,11.87,1,3,0
400,114,1421.53,559.86,17.20,6.09,1,2,0
401,101,117.27,483.04,30.88,59.64,1,3,0
401,105,498.51,387.07,123.53,254.78,1,3,0
401,106,1101.38,541.05,90.04,17.73,1,0,0
401,103,984.59,533.26,73.21,21.59,1,0,0
401,108,1331.97,539.88,55.49,25.62,1,2,0
401,102,684.24,532.52,49.73,14.12,1,2,0
401,120,1386.84,559.96,14.21,6.69,1,2,0
401,114,1417.61,562.12,17.09,6.22,1,2,0
402,101,116.10,541.61,29.17,60.11,1,3,0
402,105,491.46,415.73,123.09,255.53,1,3,0
402,106,1098.41,536.63,89.08,18.43,1,0,0
402,103,982.68,536.08,73.62,21.99,1,0,0
402,108,1329.45,522.72,56.25,27.11,1,2,0
402,102,679.19,553.89,51.77,14.62,1,2,0
403,101,109.63,564.17,30.29,60.41,1,3,0
403,105,478.48,434.46,139.00,250.39,1,3,0
403,106,1094.93,534.01,88.37,19.21,1,0,0
403,103,978.83,537.95,73.11,21.85,1,0,0
403,108,1323.56,513.22,56.93,28.95,1,2,0
403,102,677.95,563.36,50.05,13.90,1,2,0
403,118,1490.13,525.87,6.19,12.59,1,3,0
403,120,1380.03,533.87,14.83,6.52,1,2,0
404,101,89.08,512.24,29.85,60.05,1,3,0
404,105,452.50,402.02,124.48,256.96,1,3,0
404,106,1080.72,535.96,91.77,18.93,1,0,0
404,103,963.04,533.45,75.66,20.96,1,0,0
404,108,1313.20,530.30,52.84,24.73,1,2,0
404,102,654.73,543.25,52.75,14.18,1,2,0
404,118,1477.07,544.62,6.91,13.81,1,3,0
404,120,1364.81,548.21,15.06,6.95,1,2,0
404,114,1396.12,550.02,15.58,6.07,1,2,0
405,101,75.53,476.83,30.44,61.11,1,3,0
405,105,433.80,383.86,125.47,255.79,1,3,0
405,106,1072.69,539.65,90.62,17.77,1,0,0
405,103,955.83,531.76,75.08,21.30,1,0,0
405,108,1303.03,539.96,54.03,24.77,1,2,0
405,102,642.04,529.70,49.50,13.79,1,2,0
405,118,1467.29,560.44,6.27,12.53,1,3,0
405,120,1355.30,558.82,15.93,7.17,1,2,0
405,114,1384.84,561.86,16.49,5.97,1,2,0
406,101,71.66,560.34,29.83,59.23,1,3,0
406,105,412.84,429.65,125.32,258.40,1,3,0
406,106,1068.77,533.63,92.20,20.72,1,0,0
406,103,952.14,539.36,70.01,20.42,1,0,0
406,108,1298.35,516.90,55.64,26.47,1,2,0
406,102,635.55,563.78,50.93,14.20,1,2,0
406,118,1465.51,525.77,5.79,12.56,1,3,0
406,120,1352.95,534.59,14.46,6.51,1,2,0
406,114,1381.75,534.85,17.47,6.22,1,2,0
407,101,54.52,490.88,30.76,63.04,1,3,0
407,105,387.97,383.48,127.23,264.93,1,3,0
407,106,1058.33,536.41,90.95,18.23,1,0,0
407,103,940.60,532.32,70.41,19.75,1,0,0
407,108,1287.43,532.92,54.14,24.21,1,2,0
407,102,617.61,534.67,52.08,14.64,1,2,0
407,118,1451.34,550.74,6.48,13.07,1,3,0
407,120,1341.89,551.40,15.16,6.87,1,2,0
407,114,1372.65,554.03,14.33,5.76,1,2,0
408,101,40.09,475.78,31.13,62.19,1,3,0
408,105,369.12,377.28,128.89,261.37,1,3,0
408,106,1049.27,537.72,90.02,18.31,1,0,0
408,103,933.54,529.76,68.79,20.67,1,0,0
408,108,1277.05,536.51,54.34,24.76,1,2,0
408,102,603.24,528.33,51.03,13.96,1,2,0
408,118,1440.41,556.46,6.62,13.43,1,3,0
408,120,1329.34,555.69,15.63,7.16,1,2,0
408,114,1359.81,559.01,15.53,6.16,1,2,0
409,101,37.15,560.26,31.32,62.29,1,3,0
409,105,356.29,426.75,128.55,267.92,1,3,0
409,106,1047.39,533.35,90.58,20.19,1,0,0
409,103,930.26,538.33,70.28,19.98,1,0,0
409,108,1275.09,515.83,53.23,26.11,1,2,0
409,102,600.51,564.89,51.48,14.27,1,2,0
409,120,1328.53,532.36,15.04,7.10,1,2,0
410,101,31.81,549.19,30.76,61.65,1,3,0
410,105,343.72,416.15,129.67,270.96,1,3,0
410,106,1047.09,533.99,86.97,18.76,1,0,0
410,103,928.44,537.94,67.80,19.49,1,0,0
410,108,1273.28,518.21,52.44,26.03,1,2,0
410,102,594.76,559.56,49.43,13.92,1,2,0
410,120,1326.94,536.05,15.50,6.96,1,2,0
410,114,1355.82,536.42,16.12,6.18,1,2,0
411,101,20.79,480.64,32.18,68.62,1,3,0
411,105,326.75,376.87,128.98,266.64,1,3,0
411,106,1039.23,536.48,87.69,18.01,1,0,0
411,103,921.27,531.23,70.30,20.28,1,0,0
411,108,1266.31,534.17,53.13,24.90,1,2,0
411,102,582.17,531.53,49.62,14.80,1,2,0
411,120,1319.02,553.54,14.66,6.38,1,2,0
411,114,1348.26,555.43,15.92,6.00,1,2,0
411,118,1428.96,553.14,6.10,12.37,1,3,0
412,101,17.75,510.62,31.54,61.95,1,3,0
412,105,312.89,396.92,130.91,265.33,1,3,0
412,106,1035.32,535.49,89.02,18.23,1,0,0
412,103,916.90,532.84,72.29,21.00,1,0,0
412,108,1264.64,528.31,53.29,25.11,1,2,0
412,102,576.48,541.81,53.97,15.81,1,2,0
412,120,1317.25,546.55,14.45,6.99,1,2,0
412,114,1346.87,548.15,14.45,6.30,1,2,0
413,101,5.14,538.66,32.20,67.78,1,3,0
413,105,294.44,416.10,132.56,271.05,1,3,0
413,106,1025.89,534.97,88.89,19.38,1,0,0
413,103,911.94,537.12,70.08,20.38,1,0,0
413,108,1254.72,520.93,52.48,25.76,1,2,0
413,102,565.24,557.54,52.68,15.36,1,2,0
413,120,1307.91,538.59,15.12,6.52,1,2,0
413,114,1335.49,538.65,15.50,5.69,1,2,0
413,118,1416.01,531.28,7.50,14.14,1,3,0
414,101,0.11,500.03,20.13,62.25,1,3,0
414,105,268.86,387.60,132.36,266.60,1,3,0
414,106,1017.13,534.50,88.26,18.41,1,0,0
414,103,901.69,531.32,73.12,20.66,1,0,0
414,108,1244.09,529.65,54.54,24.68,1,2,0
414,102,546.58,536.00,53.69,16.35,1,2,0
414,120,1297.16,547.92,15.03,6.87,1,2,0
414,114,1324.74,548.93,15.89,6.61,1,2,0
414,118,1405.51,545.31,6.27,13.12,1,3,0
415,101,0.22,511.65,26.14,74.23,1,3,0
415,105,264.41,403.32,133.68,269.86,1,3,0
415,106,1022.75,534.58,88.27,18.88,1,0,0
415,103,906.94,534.69,68.61,20.29,1,0,0
415,108,1249.38,525.98,54.73,24.66,1,2,0
415,102,548.87,546.71,55.95,16.75,1,2,0
416,101,0.12,528.71,28.95,76.67,1,3,0
416,105,258.11,418.39,134.17,270.60,1,3,0
416,106,1025.50,534.67,88.49,19.08,1,0,0
416,103,910.07,537.44,68.12,19.86,1,0,0
416,108,1251.92,521.72,53.59,25.35,1,2,0
416,102,549.60,556.01,56.32,16.76,1,2,0
416,120,1306.35,539.08,14.84,6.77,1,2,0
416,114,1332.73,539.69,14.84,5.84,1,2,0
417,101,0.06,526.06,15.22,53.09,1,3,0
417,105,239.14,400.71,132.25,267.52,1,3,0
417,106,1016.31,534.39,87.15,18.98,1,0,0
417,103,901.52,533.54,69.31,19.97,1,0,0
417,108,1243.24,527.13,53.98,23.74,1,2,0
417,102,536.35,543.71,54.85,16.29,1,2,0
417,118,1404.68,541.20,6.16,12.03,1,3,0
418,105,216.38,377.37,134.22,264.54,1,3,0
418,106,1003.60,533.71,87.81,18.97,1,0,0
418,103,887.29,528.77,73.57,20.40,1,0,0
418,108,1230.42,532.34,54.11,24.77,1,2,0
418,102,520.92,526.63,56.48,17.42,1,2,0
418,120,1283.35,550.72,15.54,7.22,1,2,0
419,105,197.51,414.19,137.11,274.16,1,3,0
419,106,1007.51,534.99,87.19,19.23,1,0,0
419,103,892.06,536.35,71.84,20.31,1,0,0
419,108,1233.94,521.96,54.04,25.27,1,2,0
419,102,516.42,553.78,54.94,17.29,1,2,0
419,120,1288.18,539.37,14.89,6.72,1,2,0
419,118,1394.76,533.49,6.57,13.37,1,3,0
420,105,177.58,377.01,136.85,272.10,1,3,0
420,106,998.02,534.97,89.70,18.08,1,0,0
420,103,886.08,529.37,70.65,20.05,1,0,0
420,108,1226.39,531.04,53.39,24.47,1,2,0
420,102,503.72,529.25,57.36,17.65,1,2,0
420,120,1279.52,550.11,14.25,6.42,1,2,0
420,114,1303.49,551.30,15.07,6.23,1,2,0
421,105,162.62,369.40,138.02,276.67,1,3,0
421,106,992.98,533.69,89.13,18.65,1,0,0
421,103,877.98,527.96,72.97,20.69,1,0,0
421,108,1220.11,531.11,52.27,25.11,1,2,0
421,102,492.30,526.87,57.28,17.77,1,2,0
421,120,1272.75,550.42,15.71,7.13,1,2,0
421,118,1379.32,550.11,6.10,12.42,1,3,0
422,105,154.31,403.86,136.61,276.55,1,3,0
422,106,994.80,534.60,88.81,19.14,1,0,0
422,103,881.04,534.97,70.57,20.33,1,0,0
422,108,1221.50,524.91,52.41,24.57,1,2,0
422,102,492.90,548.56,56.68,18.58,1,2,0
422,118,1381.67,536.84,5.92,12.72,1,3,0
423,105,136.09,401.20,138.40,274.57,1,3,0
423,106,993.51,534.82,89.55,18.31,1,0,0
423,103,880.02,533.78,73.37,19.77,1,0,0
423,108,1219.26,524.71,54.30,24.85,1,2,0
423,102,487.03,544.45,55.32,17.87,1,2,0
424,105,123.70,377.19,139.64,274.64,1,3,0
424,106,990.20,534.66,88.38,17.78,1,0,0
424,103,875.36,529.86,74.50,19.54,1,0,0
424,108,1215.38,529.66,54.08,24.94,1,2,0
424,102,479.09,529.55,54.94,17.70,1,2,0
424,114,1291.13,550.40,14.51,5.96,1,2,0
424,120,1269.38,548.67,15.03,6.82,1,2,0
424,118,1374.59,547.47,6.24,12.80,1,3,0
425,105,118.15,391.23,138.96,275.43,1,3,0
425,106,992.17,535.63,87.34,17.83,1,0,0
425,103,878.04,534.34,74.57,20.17,1,0,0
425,108,1218.66,528.09,54.25,25.31,1,2,0
425,102,478.64,542.04,56.39,18.12,1,2,0
425,114,1293.18,548.19,13.98,5.86,1,2,0
425,120,1272.04,546.66,15.00,6.91,1,2,0
426,105,109.85,421.68,139.48,275.34,1,3,0
426,106,993.06,535.96,88.30,18.61,1,0,0
426,103,878.92,539.10,74.57,19.62,1,0,0
426,108,1218.72,522.55,53.55,26.14,1,2,0
426,102,477.13,558.67,56.95,18.98,1,2,0
426,118,1377.22,532.72,6.35,12.85,1,3,0
427,105,96.79,410.40,139.48,278.43,1,3,0
427,106,990.19,535.00,87.41,19.08,1,0,0
427,103,874.19,535.03,76.58,21.60,1,0,0
427,108,1215.59,522.89,52.79,25.16,1,2,0
427,102,469.44,551.94,60.59,18.62,1,2,0
428,105,71.40,367.11,141.89,275.66,1,3,0
428,106,981.34,533.59,88.31,17.85,1,0,0
428,103,864.80,530.54,77.74,18.25,1,0,0
428,108,1206.50,531.54,52.66,24.03,1,2,0
428,102,457.95,524.45,56.94,18.97,1,2,0
428,114,1281.34,551.37,14.26,5.71,1,2,0
428,120,1260.07,549.84,14.24,6.39,1,2,0
429,105,62.19,392.30,141.19,279.58,1,3,0
429,106,981.82,534.58,89.52,18.24,1,0,0
429,103,872.61,532.09,71.23,20.14,1,0,0
429,108,1208.49,527.22,52.53,23.74,1,2,0
429,102,453.60,540.21,61.04,19.00,1,2,0
430,105,66.80,436.12,141.77,282.23,1,3,0
430,106,991.94,536.06,90.55,19.42,1,0,0
430,103,876.82,540.50,78.33,20.24,1,0,0
430,108,1217.33,518.10,52.44,25.94,1,2,0
430,102,463.75,568.01,59.58,18.47,1,2,0
430,124,1895.97,502.10,8.89,11.31,1,3,0
430,118,1376.44,527.17,5.96,12.70,1,3,0
430,114,1292.11,535.82,15.45,5.54,1,2,0
430,120,1271.91,535.31,14.29,6.33,1,2,0
431,105,53.55,409.13,143.51,280.42,1,3,0
431,106,991.42,535.14,87.08,18.57,1,0,0
431,103,875.90,537.50,74.87,18.70,1,0,0
431,108,1216.73,522.46,54.58,25.65,1,2,0
431,102,458.21,550.65,60.25,19.58,1,2,0
431,118,1372.51,534.83,6.17,12.86,1,3,0
432,105,30.74,356.50,142.88,283.12,1,3,0
432,106,979.75,533.76,88.97,18.14,1,0,0
432,103,865.29,530.31,77.07,18.31,1,0,0
432,108,1206.10,532.22,53.89,24.00,1,2,0
432,102,442.76,521.28,62.17,19.12,1,2,0
432,114,1278.77,552.64,14.54,5.92,1,2,0
432,120,1259.40,550.37,14.90,6.63,1,2,0
433,105,2.79,377.21,145.00,278.99,1,3,0
433,106,968.98,534.09,90.08,17.93,1,0,0
433,103,856.31,530.50,77.33,19.84,1,0,0
433,108,1196.06,530.18,52.49,23.33,1,2,0
433,102,426.53,531.76,54.46,18.23,1,2,0
433,114,1268.24,549.24,14.64,5.47,1,2,0
433,120,1249.16,547.68,13.82,6.29,1,2,0
433,118,1353.29,546.26,5.81,12.31,1,3,0
434,105,4.82,425.88,144.24,281.95,1,3,0
434,106,979.04,536.47,86.43,19.12,1,0,0
434,103,865.29,541.79,68.60,17.03,1,0,0
434,108,1203.14,520.58,52.90,25.64,1,2,0
434,102,431.77,561.90,58.17,17.95,1,2,0
434,114,1275.05,539.34,14.16,5.56,1,2,0
434,120,1256.35,538.02,15.02,7.01,1,2,0
434,118,1360.35,531.40,6.04,12.70,1,3,0
435,105,4.66,437.59,143.46,284.20,1,3,0
435,106,985.07,535.92,86.89,19.54,1,0,0
435,103,871.35,542.09,73.61,18.52,1,0,0
435,108,1208.34,518.54,52.58,25.55,1,2,0
435,102,436.86,568.66,58.95,17.91,1,2,0
435,114,1280.96,536.63,13.55,5.37,1,2,0
435,120,1262.45,535.56,14.28,6.64,1,2,0
435,124,1885.93,502.43,8.66,12.53,1,3,0
436,105,0.00,398.94,137.50,283.57,1,3,0
436,106,984.89,535.06,87.15,18.67,1,0,0
436,103,872.52,537.88,72.34,16.75,1,0,0
436,108,1210.65,525.60,51.29,24.23,1,2,0
436,102,439.76,545.46,52.57,17.82,1,2,0
436,124,1888.03,532.56,9.33,12.80,1,3,0
437,105,0.00,367.03,122.73,286.12,1,3,0
437,106,981.19,534.66,87.79,18.05,1,0,0
437,103,866.80,531.56,73.88,19.14,1,0,0
437,108,1208.22,530.80,51.59,23.96,1,2,0
437,102,423.94,529.51,59.01,18.58,1,2,0
437,124,1884.44,555.27,9.56,12.16,1,3,0
437,114,1278.59,550.26,14.42,5.88,1,2,0
437,120,1259.97,549.11,13.77,6.02,1,2,0
438,105,0.00,374.44,112.04,285.01,1,3,0
438,106,978.85,534.97,88.00,18.28,1,0,0
438,103,861.48,532.68,78.95,19.06,1,0,0
438,108,1205.11,530.74,50.93,23.10,1,2,0
438,102,420.29,533.66,56.08,17.80,1,2,0
438,124,1880.44,549.86,10.03,12.30,1,3,0
438,114,1275.64,549.14,13.17,5.78,1,2,0
438,120,1257.18,547.93,13.84,6.43,1,2,0
438,118,1361.03,546.03,6.19,12.11,1,3,0
439,105,0.00,395.76,97.61,284.59,1,3,0
439,106,975.06,534.05,89.30,19.75,1,0,0
439,103,861.21,536.96,72.02,17.78,1,0,0
439,108,1200.62,525.61,52.92,24.08,1,2,0
439,102,415.21,545.18,52.87,17.57,1,2,0
439,124,1875.78,533.46,11.23,11.94,1,3,0
439,118,1357.26,538.17,6.83,13.24,1,3,0
440,105,-0.00,407.61,88.09,282.36,1,3,0
440,106,977.22,535.16,88.04,18.68,1,0,0
440,103,862.72,540.42,73.19,15.23,1,0,0
440,108,1201.87,524.64,53.74,25.04,1,2,0
440,102,413.70,548.57,54.73,18.30,1,2,0
440,124,1877.54,529.24,11.24,12.25,1,3,0
440,118,1358.44,537.60,6.58,12.86,1,3,0
441,105,0.00,400.40,82.99,284.97,1,3,0
441,106,979.86,534.90,87.48,18.80,1,0,0
441,103,868.10,535.86,73.41,18.82,1,0,0
441,108,1205.61,525.88,51.17,24.52,1,2,0
441,102,410.99,545.83,57.19,18.45,1,2,0
442,105,0.00,392.02,72.55,288.55,1,3,0
442,106,982.28,534.50,87.03,18.93,1,0,0
442,103,869.98,534.26,71.85,19.78,1,0,0
442,108,1207.05,526.55,51.15,24.14,1,2,0
442,102,410.19,543.89,57.68,17.58,1,2,0
443,105,0.00,382.04,57.82,288.82,1,3,0
443,106,978.61,535.04,87.74,18.28,1,0,0
443,103,869.23,533.91,71.82,19.71,1,0,0
443,108,1204.27,528.01,51.31,23.40,1,2,0
443,102,410.50,544.38,50.46,15.42,1,2,0
