1,1,1040.94,517.41,67.40,15.49,1,0,0
1,2,942.96,522.79,26.32,9.64,1,0,0
1,3,388.62,524.00,47.95,11.77,1,0,0
1,4,1882.53,515.43,37.38,22.79,1,0,0
1,5,716.35,527.29,6.85,12.52,1,3,0
2,1,1039.18,516.51,67.84,15.56,1,0,0
2,2,940.41,521.09,25.79,9.70,1,0,0
2,3,384.04,519.50,49.98,12.59,1,0,0
2,5,712.67,524.32,7.07,11.62,1,3,0
3,1,1040.59,515.08,67.68,15.53,1,0,0
3,2,941.70,518.81,26.26,9.31,1,0,0
3,3,383.25,511.73,51.47,13.12,1,0,0
3,5,710.58,519.69,7.86,14.89,1,3,0
3,4,1886.36,525.91,33.51,23.10,1,0,0
4,1,1039.63,511.78,67.63,15.60,1,0,0
4,2,940.44,516.32,25.87,9.30,1,0,0
4,3,380.24,513.31,51.23,12.14,1,0,0
4,5,710.04,519.26,6.87,11.44,1,3,0
4,4,1887.63,516.32,32.19,22.33,1,0,0
5,1,1035.56,512.47,67.95,16.32,1,0,0
5,2,936.76,518.08,25.83,10.42,1,0,0
5,3,373.77,521.31,51.38,12.80,1,0,0
5,4,1884.31,509.04,35.55,23.68,1,0,0
6,1,1036.35,513.82,67.92,15.70,1,0,0
6,2,937.00,518.06,26.07,10.12,1,0,0
6,3,374.05,516.69,52.21,11.69,1,0,0
6,4,1888.64,515.80,31.23,23.15,1,0,0
7,1,1039.57,511.70,68.98,15.64,1,0,0
7,2,940.75,514.80,26.30,10.05,1,0,0
7,3,376.33,508.62,54.32,12.27,1,0,0
7,4,1896.31,524.37,23.57,21.71,1,0,0
8,1,1046.24,509.69,68.66,15.76,1,0,0
8,2,947.43,514.13,25.32,9.26,1,0,0
8,3,381.03,507.73,55.94,12.24,1,0,0
9,1,1052.59,509.12,69.20,15.99,1,0,0
9,2,953.86,513.76,26.33,9.57,1,0,0
9,3,391.06,508.91,53.76,12.27,1,0,0
9,5,710.64,515.25,8.77,12.81,1,3,0
10,1,1059.79,515.00,69.36,15.67,1,0,0
10,2,960.74,519.23,26.24,9.77,1,0,0
10,3,398.70,515.46,53.24,12.28,1,0,0
10,5,724.67,521.14,6.75,11.69,1,3,0
11,1,1075.05,520.70,70.22,15.80,1,0,0
11,2,974.26,525.11,29.82,9.78,1,0,0
11,3,412.33,521.28,56.82,12.32,1,0,0
12,1,1089.67,510.27,69.06,15.48,1,0,0
12,2,989.77,514.98,26.29,9.24,1,0,0
12,3,432.39,511.17,52.23,11.74,1,0,0
13,1,1095.91,514.15,69.18,15.78,1,0,0
13,2,995.90,519.79,27.57,9.59,1,0,0
13,3,441.40,521.01,51.44,11.40,1,0,0
13,5,758.46,524.76,6.78,11.72,1,3,0
14,1,1095.22,514.87,69.02,15.68,1,0,0
14,2,996.56,520.53,26.31,9.88,1,0,0
14,3,439.70,526.46,50.95,11.29,1,0,0
14,5,757.00,528.22,7.05,11.85,1,3,0
15,1,1095.87,510.65,68.45,15.84,1,0,0
15,2,995.37,516.48,25.97,9.57,1,0,0
15,3,439.11,519.40,50.09,13.58,1,0,0
16,1,1096.75,513.98,69.27,15.86,1,0,0
16,2,996.14,518.33,26.06,9.41,1,0,0
16,3,439.65,512.97,48.86,11.60,1,0,0
16,5,756.14,520.20,7.06,12.48,1,3,0
17,1,1094.02,514.70,69.34,15.95,1,0,0
17,2,993.57,518.54,26.48,9.66,1,0,0
17,3,435.07,511.43,50.77,11.22,1,0,0
18,1,1089.51,511.34,68.33,15.57,1,0,0
18,2,988.70,516.99,26.08,9.54,1,0,0
18,3,427.65,517.24,51.77,11.73,1,0,0
18,5,747.36,520.78,8.66,12.61,1,3,0
19,1,1085.27,513.60,68.65,16.26,1,0,0
19,2,984.50,519.61,26.76,10.18,1,0,0
19,3,421.28,524.60,51.53,11.63,1,0,0
20,1,1082.13,515.56,70.18,15.76,1,0,0
20,2,982.44,520.18,25.51,10.21,1,0,0
20,3,419.01,520.65,48.46,10.81,1,0,0
20,5,737.16,526.05,6.54,11.81,1,3,0
21,1,1078.85,510.15,69.85,15.45,1,0,0
21,2,978.62,514.39,27.04,9.51,1,0,0
21,3,415.55,510.12,49.74,10.91,1,0,0
21,5,734.25,517.41,6.12,11.09,1,3,0
22,1,1072.52,517.03,69.32,15.49,1,0,0
22,2,971.36,520.63,28.28,10.15,1,0,0
22,3,407.23,516.27,47.88,10.85,1,0,0
22,5,724.23,523.37,6.98,11.77,1,3,0
23,1,1069.82,517.66,68.90,15.66,1,0,0
23,2,968.98,521.45,25.79,10.56,1,0,0
23,3,401.07,521.31,49.91,10.59,1,0,0
23,5,719.90,526.51,6.97,11.87,1,3,0
24,1,1067.29,512.38,69.11,15.62,1,0,0
24,2,966.71,517.40,26.37,9.76,1,0,0
24,3,398.96,518.74,49.42,10.51,1,0,0
24,5,717.17,522.64,6.97,12.18,1,3,0
25,1,1061.40,516.81,69.69,15.87,1,0,0
25,2,961.15,521.55,25.51,10.24,1,0,0
25,3,389.33,524.17,50.55,11.23,1,0,0
25,5,710.21,527.92,6.53,10.72,1,3,0
26,1,1053.44,515.05,70.66,15.87,1,0,0
26,2,954.27,519.90,26.17,9.65,1,0,0
26,3,377.99,518.25,50.18,10.24,1,0,0
26,5,698.40,524.68,7.20,10.94,1,3,0
27,1,1048.94,512.91,69.12,15.96,1,0,0
27,2,947.90,517.01,26.34,9.65,1,0,0
27,3,370.76,510.55,51.05,10.34,1,0,0
28,1,1042.77,517.21,69.56,16.12,1,0,0
28,2,942.01,521.25,26.95,10.36,1,0,0
28,3,362.12,518.03,51.59,11.05,1,0,0
28,5,686.18,525.03,6.49,11.10,1,3,0
29,1,1037.10,512.39,68.74,15.47,1,0,0
29,2,935.82,518.15,27.38,9.47,1,0,0
29,3,356.14,520.37,48.42,9.85,1,0,0
29,5,681.74,523.28,9.40,13.16,1,3,0
30,1,1029.27,512.19,70.01,15.80,1,0,0
30,2,929.22,518.58,26.41,9.46,1,0,0
30,3,344.35,524.53,49.47,10.44,1,0,0
30,5,665.87,525.75,7.54,12.96,1,3,0
31,1,1021.54,515.86,69.58,16.01,1,0,0
31,2,920.75,521.50,27.61,10.12,1,0,0
31,3,332.89,524.93,51.35,10.81,1,0,0
31,5,660.72,527.98,8.19,12.64,1,3,0
32,1,1021.88,518.82,70.09,16.07,1,0,0
32,3,334.09,513.58,51.00,11.48,1,0,0
33,1,1032.76,511.49,69.86,16.34,1,0,0
33,3,346.52,494.47,49.62,11.29,1,0,0
33,2,930.95,513.01,26.05,9.92,1,0,0
34,1,1046.64,510.57,69.86,16.12,1,0,0
34,3,364.05,500.46,50.87,10.94,1,0,0
34,2,943.27,513.19,27.71,9.65,1,0,0
35,1,1058.91,513.83,70.75,16.20,1,0,0
35,3,379.31,520.10,49.59,10.81,1,0,0
35,2,956.50,518.96,26.55,10.20,1,0,0
36,1,1067.25,515.03,70.97,16.16,1,0,0
36,3,387.52,527.74,48.38,10.04,1,0,0
36,2,962.96,521.18,27.81,10.09,1,0,0
36,5,698.02,527.55,9.47,14.70,1,3,0
37,1,1074.31,514.02,71.59,16.08,1,0,0
37,3,397.28,523.45,48.17,10.70,1,0,0
37,2,972.00,520.30,27.27,9.60,1,0,0
38,1,1080.24,510.83,72.56,16.19,1,0,0
38,3,403.68,508.71,46.97,10.22,1,0,0
38,2,979.83,515.00,26.74,9.75,1,0,0
38,5,712.55,516.80,7.80,13.78,1,3,0
39,1,1087.74,509.05,70.91,16.19,1,0,0
39,3,410.06,502.96,47.76,9.78,1,0,0
39,2,985.38,512.56,27.23,9.67,1,0,0
40,1,1095.68,517.81,71.13,16.12,1,0,0
40,3,421.73,515.08,46.40,10.19,1,0,0
40,2,994.50,521.11,27.52,10.52,1,0,0
41,1,1102.86,521.76,70.89,15.91,1,0,0
41,3,427.51,524.02,46.76,10.63,1,0,0
41,2,999.46,526.44,27.10,9.77,1,0,0
41,5,727.46,528.99,8.92,14.04,1,3,0
42,1,1108.84,512.12,71.39,15.95,1,0,0
42,3,434.64,519.27,45.52,9.88,1,0,0
42,2,1006.47,517.33,26.21,9.96,1,0,0
43,1,1111.47,507.05,71.00,16.19,1,0,0
43,3,437.24,513.63,45.65,9.73,1,0,0
43,2,1009.20,512.46,26.83,10.01,1,0,0
44,1,1115.30,515.03,71.72,15.88,1,0,0
44,3,439.48,520.19,46.63,9.92,1,0,0
44,2,1012.87,519.68,26.30,10.39,1,0,0
45,1,1117.67,517.81,71.14,15.98,1,0,0
45,3,441.27,520.31,46.80,10.25,1,0,0
45,2,1014.66,521.48,26.76,10.56,1,0,0
46,1,1116.73,515.15,70.86,16.14,1,0,0
46,3,440.07,514.12,46.53,10.23,1,0,0
46,2,1013.54,519.07,26.19,9.88,1,0,0
47,1,1117.05,510.97,70.40,15.81,1,0,0
47,3,438.58,510.64,46.33,10.18,1,0,0
47,2,1013.29,515.16,26.78,9.87,1,0,0
47,5,737.14,518.35,7.87,14.03,1,3,0
48,1,1119.67,510.93,71.24,15.98,1,0,0
48,3,442.27,514.27,45.98,10.19,1,0,0
48,2,1016.05,515.49,26.59,10.11,1,0,0
49,1,1123.72,514.35,71.53,15.94,1,0,0
49,3,445.31,519.54,46.52,10.13,1,0,0
49,2,1020.02,519.39,27.04,10.11,1,0,0
50,1,1124.92,515.08,71.55,16.18,1,0,0
50,3,446.83,521.55,45.66,9.75,1,0,0
50,2,1021.55,520.52,26.41,9.81,1,0,0
50,5,742.65,525.04,9.27,14.55,1,3,0
51,1,1124.27,508.98,70.98,15.85,1,0,0
51,3,444.56,515.37,46.31,9.96,1,0,0
51,2,1020.20,514.67,27.09,9.57,1,0,0
52,1,1120.34,504.17,72.38,16.26,1,0,0
52,3,438.55,509.37,47.39,9.72,1,0,0
52,2,1016.76,509.09,27.11,10.30,1,0,0
52,5,736.73,515.46,6.75,11.71,1,3,0
53,1,1118.80,512.06,71.23,16.27,1,0,0
53,3,436.03,512.91,46.88,9.98,1,0,0
53,2,1014.67,515.97,27.03,10.59,1,0,0
53,5,733.12,519.92,7.68,12.64,1,3,0
54,1,1115.32,513.01,72.02,16.13,1,0,0
54,3,432.23,512.60,46.75,10.26,1,0,0
54,2,1011.64,517.02,27.71,10.43,1,0,0
54,5,729.82,519.12,9.51,14.54,1,3,0
55,1,1108.05,518.99,72.40,16.43,1,0,0
55,3,422.71,525.72,45.24,10.21,1,0,0
55,2,1004.28,524.85,26.46,9.84,1,0,0
56,1,1103.24,516.28,72.09,16.42,1,0,0
56,3,415.38,524.15,45.13,10.45,1,0,0
56,2,999.51,522.17,26.27,10.09,1,0,0
56,5,712.45,528.06,8.11,13.18,1,3,0
57,1,1104.09,514.55,72.20,16.20,1,0,0
57,3,415.37,514.79,45.02,10.09,1,0,0
57,2,1000.00,518.73,26.64,10.07,1,0,0
57,5,712.02,521.17,8.92,14.71,1,3,0
58,1,1105.74,518.64,71.59,15.62,1,0,0
58,3,415.14,514.04,46.46,10.10,1,0,0
58,2,1002.15,521.13,26.85,10.31,1,0,0
58,5,712.23,520.68,8.50,13.92,1,3,0
59,1,1105.86,525.29,71.52,16.35,1,0,0
59,3,415.35,528.55,46.18,10.32,1,0,0
59,2,1001.61,529.33,26.25,10.70,1,0,0
59,5,710.00,531.12,9.55,17.36,1,3,0
60,1,1105.42,512.29,71.86,15.59,1,0,0
60,3,413.59,525.08,44.35,9.62,1,0,0
60,2,1000.89,518.46,25.99,9.47,1,0,0
60,5,706.33,527.91,7.34,13.40,1,3,0
61,1,1102.29,510.40,71.79,16.03,1,0,0
61,3,408.87,524.85,46.42,9.59,1,0,0
61,2,997.47,516.79,26.59,9.85,1,0,0
62,1,1100.24,511.72,72.00,16.26,1,0,0
62,3,404.17,521.49,47.23,9.99,1,0,0
62,2,995.33,517.81,27.25,9.85,1,0,0
62,5,699.62,523.96,9.48,14.53,1,3,0
63,1,1099.44,515.31,72.41,15.77,1,0,0
63,3,403.35,516.19,46.49,10.10,1,0,0
63,2,994.57,519.26,27.43,10.35,1,0,0
63,5,697.01,523.54,7.64,12.62,1,3,0
64,1,1097.93,518.73,71.67,16.29,1,0,0
64,3,400.41,514.66,47.63,10.17,1,0,0
64,2,992.90,521.75,27.00,10.56,1,0,0
64,5,695.10,523.98,8.15,12.97,1,3,0
65,1,1097.99,512.28,71.60,16.12,1,0,0
65,3,398.03,511.70,48.50,10.20,1,0,0
65,2,992.26,516.70,26.94,9.96,1,0,0
66,1,1101.56,507.41,72.20,16.13,1,0,0
66,3,401.20,513.47,47.57,10.11,1,0,0
66,2,995.98,512.63,26.69,10.05,1,0,0
66,5,693.49,517.32,9.46,14.99,1,3,0
67,1,1102.17,508.18,73.23,16.56,1,0,0
67,3,403.24,519.90,46.71,9.96,1,0,0
67,2,996.93,513.28,27.83,11.46,1,0,0
67,5,693.14,521.22,9.95,15.06,1,3,0
68,1,1103.32,517.97,72.69,16.24,1,0,0
68,3,403.10,523.29,45.81,10.37,1,0,0
68,2,998.52,522.66,26.29,10.73,1,0,0
69,1,1104.79,513.13,72.61,16.22,1,0,0
69,3,403.42,508.89,45.66,10.79,1,0,0
69,2,999.54,516.33,26.55,10.15,1,0,0
70,1,1099.77,512.73,73.35,16.34,1,0,0
70,3,396.31,513.54,46.56,10.51,1,0,0
70,2,995.14,516.93,27.41,10.24,1,0,0
70,5,684.96,519.75,8.09,13.67,1,3,0
71,1,1095.36,512.26,72.68,16.74,1,0,0
71,3,389.17,522.28,45.83,10.10,1,0,0
71,2,989.35,518.28,27.08,10.21,1,0,0
71,5,677.11,524.70,8.17,13.72,1,3,0
72,1,1090.61,515.48,73.49,16.56,1,0,0
72,3,384.30,525.30,46.66,9.75,1,0,0
72,2,985.36,520.63,27.00,10.76,1,0,0
72,5,672.81,527.44,8.60,14.41,1,3,0
73,1,1085.90,516.99,73.38,16.61,1,0,0
73,3,376.79,522.24,48.14,9.97,1,0,0
73,5,668.13,525.74,9.35,15.68,1,3,0
74,1,1079.96,513.84,72.74,15.98,1,0,0
74,3,367.31,517.15,47.07,10.45,1,0,0
74,5,657.97,521.55,9.45,16.54,1,3,0
74,2,973.50,518.77,27.34,9.54,1,0,0
75,1,1072.10,511.22,73.26,16.51,1,0,0
75,3,356.24,513.78,50.03,10.29,1,0,0
75,5,649.90,519.03,11.15,16.19,1,3,0
75,2,966.23,516.22,28.23,9.92,1,0,0
76,1,1060.60,509.87,72.80,16.52,1,0,0
76,3,340.27,514.02,52.49,10.30,1,0,0
76,5,635.32,519.15,10.96,15.17,1,3,0
76,2,953.75,515.04,29.39,10.08,1,0,0
77,1,1052.79,513.50,72.51,16.34,1,0,0
77,3,330.51,518.29,47.13,9.91,1,0,0
77,5,622.00,522.13,9.50,15.38,1,3,0
77,2,946.90,518.43,27.08,10.28,1,0,0
78,1,1051.42,516.50,73.96,16.91,1,0,0
78,3,327.63,519.32,48.48,9.95,1,0,0
78,5,620.05,524.34,9.62,16.21,1,3,0
78,2,945.98,521.19,27.82,10.62,1,0,0
79,1,1048.00,511.62,72.81,16.25,1,0,0
79,3,321.41,514.28,46.87,10.54,1,0,0
79,5,613.73,519.46,10.43,17.56,1,3,0
79,2,941.20,516.07,27.51,10.15,1,0,0
80,1,1040.46,508.78,73.46,16.72,1,0,0
80,3,310.84,516.81,47.94,10.36,1,0,0
80,5,603.32,519.06,10.31,16.39,1,3,0
80,2,935.88,514.63,27.79,9.77,1,0,0
81,1,1032.25,513.16,72.98,16.79,1,0,0
81,3,298.77,524.24,47.78,10.62,1,0,0
81,5,591.49,525.60,10.11,16.66,1,3,0
81,2,926.04,519.63,27.61,10.28,1,0,0
82,1,1027.19,517.17,73.69,16.48,1,0,0
82,3,290.77,522.46,48.39,11.21,1,0,0
82,5,585.15,525.90,11.46,16.37,1,3,0
83,1,1026.54,515.50,73.60,16.61,1,0,0
83,3,289.46,511.67,47.47,10.74,1,0,0
83,5,580.92,519.46,9.25,15.78,1,3,0
83,2,919.74,518.55,27.56,10.83,1,0,0
84,1,1027.01,511.64,73.51,16.45,1,0,0
84,3,288.78,507.94,49.10,10.49,1,0,0
84,5,579.54,515.17,10.11,16.76,1,3,0
84,2,920.32,515.23,27.24,10.36,1,0,0
85,1,1029.27,509.81,74.42,16.58,1,0,0
85,3,291.22,514.12,48.40,10.00,1,0,0
85,5,579.46,517.21,10.60,17.38,1,3,0
85,2,921.74,514.25,27.76,10.62,1,0,0
86,1,1036.60,514.29,74.79,16.37,1,0,0
86,3,298.20,517.52,49.47,9.97,1,0,0
86,5,584.42,522.10,11.33,16.46,1,3,0
86,2,930.31,518.86,27.71,10.44,1,0,0
87,1,1051.91,513.23,75.55,16.70,1,0,0
87,3,321.83,506.62,46.98,10.22,1,0,0
87,5,597.15,514.64,11.65,18.15,1,3,0
87,2,944.86,516.50,27.42,10.50,1,0,0
88,1,1066.47,511.79,73.93,16.20,1,0,0
88,3,337.18,506.56,43.00,10.31,1,0,0
88,5,612.29,514.06,10.46,15.51,1,3,0
88,2,958.66,515.60,29.11,10.31,1,0,0
89,1,1079.32,516.74,74.40,16.47,1,0,0
89,3,354.16,521.27,46.96,10.28,1,0,0
89,5,624.53,525.96,9.50,15.17,1,3,0
89,2,971.11,521.46,29.19,10.34,1,0,0
90,1,1094.37,513.81,76.67,16.80,1,0,0
90,3,370.55,525.28,47.41,9.98,1,0,0
90,5,631.83,526.52,13.54,17.80,1,3,0
90,2,987.05,521.31,28.38,10.10,1,0,0
91,1,1105.58,510.76,75.93,17.23,1,0,0
91,3,382.85,521.73,45.20,9.85,1,0,0
91,5,646.46,523.13,11.49,16.98,1,3,0
91,2,997.10,517.50,29.58,10.36,1,0,0
92,1,1113.07,517.17,75.99,16.38,1,0,0
92,3,391.66,520.73,45.04,9.48,1,0,0
92,5,655.33,523.11,10.83,17.58,1,3,0
92,2,1006.41,522.02,27.65,10.75,1,0,0
93,1,1117.28,520.46,74.85,16.80,1,0,0
93,3,396.62,521.48,44.82,9.78,1,0,0
93,5,656.89,523.99,11.16,19.06,1,3,0
93,2,1009.81,524.95,26.96,10.22,1,0,0
94,1,1121.49,516.52,75.76,16.64,1,0,0
94,3,400.87,518.40,43.63,9.92,1,0,0
94,5,659.04,521.66,11.46,18.36,1,3,0
94,2,1014.35,521.12,26.12,10.18,1,0,0
95,1,1124.24,512.77,75.84,16.33,1,0,0
95,3,404.83,515.52,42.12,9.93,1,0,0
95,5,659.63,520.53,10.17,16.67,1,3,0
95,2,1016.33,517.33,26.87,10.11,1,0,0
96,1,1126.65,509.66,75.82,16.63,1,0,0
96,3,406.55,516.12,44.06,10.12,1,0,0
96,5,661.19,519.00,10.35,16.53,1,3,0
96,2,1018.43,515.13,27.06,10.19,1,0,0
97,1,1128.16,514.11,76.81,16.72,1,0,0
97,3,407.82,520.20,44.06,9.62,1,0,0
97,5,661.94,523.07,10.47,16.75,1,3,0
97,2,1021.04,519.32,28.24,10.37,1,0,0
98,1,1127.35,512.26,76.52,16.93,1,0,0
98,3,406.67,517.42,42.42,9.76,1,0,0
98,5,659.40,521.50,10.72,16.48,1,3,0
98,2,1020.14,517.33,28.20,10.48,1,0,0
99,1,1129.28,515.55,76.52,16.92,1,0,0
99,3,407.97,521.91,42.56,9.43,1,0,0
99,5,658.45,522.41,10.69,18.99,1,3,0
99,2,1022.22,520.55,28.08,10.68,1,0,0
100,1,1130.77,514.40,75.42,17.11,1,0,0
100,3,407.88,518.52,42.58,9.59,1,0,0
100,5,657.51,519.84,11.03,19.28,1,3,0
100,2,1022.93,519.55,28.45,10.47,1,0,0
101,1,1128.59,513.93,76.05,16.95,1,0,0
101,3,404.72,519.86,42.83,9.70,1,0,0
101,5,652.15,520.88,11.47,19.54,1,3,0
101,2,1020.51,519.38,28.05,10.37,1,0,0
102,1,1127.36,512.73,76.45,17.06,1,0,0
102,3,402.15,518.26,42.23,9.61,1,0,0
102,5,649.46,520.60,10.77,18.85,1,3,0
102,2,1019.03,518.11,28.17,10.49,1,0,0
103,1,1123.60,513.60,76.91,16.92,1,0,0
103,3,397.36,516.75,43.97,9.95,1,0,0
103,5,645.27,519.97,11.47,18.91,1,3,0
103,2,1015.54,518.42,28.62,10.56,1,0,0
104,1,1121.38,512.66,76.62,17.15,1,0,0
104,3,393.91,515.25,42.15,9.69,1,0,0
104,5,640.47,519.53,10.95,17.08,1,3,0
104,2,1013.79,517.39,28.00,10.43,1,0,0
105,1,1118.70,512.94,76.58,17.43,1,0,0
105,3,388.19,518.10,43.35,9.72,1,0,0
105,5,635.16,520.89,11.51,17.85,1,3,0
105,2,1010.81,518.11,27.12,10.48,1,0,0
106,1,1116.85,514.41,76.08,17.38,1,0,0
106,3,382.04,522.66,44.60,10.01,1,0,0
106,5,628.64,524.12,10.93,18.19,1,3,0
106,2,1008.11,520.43,27.09,10.39,1,0,0
107,1,1115.78,512.20,76.05,16.79,1,0,0
107,3,379.40,520.59,45.00,9.64,1,0,0
107,5,625.22,523.96,10.88,16.93,1,3,0
107,2,1005.60,517.70,28.17,10.83,1,0,0
108,1,1108.75,509.75,76.51,17.04,1,0,0
108,3,371.56,516.77,45.24,10.16,1,0,0
108,5,616.27,520.27,11.91,17.33,1,3,0
108,2,998.82,515.24,28.71,10.45,1,0,0
109,1,1104.62,512.44,76.72,17.07,1,0,0
109,3,364.79,520.36,44.43,9.94,1,0,0
109,5,608.81,522.01,12.67,21.19,1,3,0
109,2,994.82,517.65,28.71,11.21,1,0,0
110,1,1101.02,509.79,77.13,17.01,1,0,0
110,3,358.80,513.97,43.87,10.00,1,0,0
110,5,601.65,519.16,10.56,16.61,1,3,0
110,2,990.99,514.53,27.83,10.95,1,0,0
111,1,1091.58,515.64,77.17,17.34,1,0,0
111,3,344.42,515.83,46.34,10.27,1,0,0
111,5,591.98,521.23,12.08,18.51,1,3,0
111,2,983.70,520.43,27.42,10.36,1,0,0
112,1,1081.62,508.84,76.85,17.10,1,0,0
112,3,331.29,512.26,47.12,10.22,1,0,0
112,5,575.69,517.85,9.60,16.57,1,3,0
112,2,972.24,514.61,27.48,9.80,1,0,0
113,1,1080.63,513.14,75.91,16.77,1,0,0
113,3,326.60,512.61,47.45,9.91,1,0,0
113,5,571.47,518.45,9.12,16.75,1,3,0
113,2,970.17,515.79,29.40,12.37,1,0,0
114,1,1082.35,513.42,76.44,17.30,1,0,0
114,3,331.63,506.21,42.24,10.01,1,0,0
114,5,570.74,511.61,10.72,21.03,1,3,0
114,2,972.55,516.63,27.81,10.51,1,0,0
115,1,1081.60,508.74,77.21,17.64,1,0,0
115,3,329.01,507.64,45.81,10.35,1,0,0
115,5,568.19,510.73,11.06,19.89,1,3,0
115,2,972.94,513.39,27.88,10.22,1,0,0
116,1,1079.52,512.95,77.47,17.24,1,0,0
116,3,324.11,522.14,45.97,10.26,1,0,0
116,5,562.15,521.53,11.98,21.14,1,3,0
116,2,969.92,518.65,28.51,11.10,1,0,0
117,1,1078.51,514.66,77.50,16.98,1,0,0
117,3,322.86,522.93,44.11,9.79,1,0,0
117,5,558.97,524.52,11.46,20.05,1,3,0
117,2,968.90,519.70,27.92,11.17,1,0,0
118,1,1082.26,517.40,77.01,16.73,1,0,0
118,3,323.84,511.65,47.12,10.23,1,0,0
118,5,557.19,518.22,11.22,19.18,1,3,0
118,2,971.55,519.96,28.48,10.97,1,0,0
119,1,1092.41,515.02,79.57,17.51,1,0,0
119,3,336.92,504.71,46.06,9.91,1,0,0
119,5,566.76,512.32,10.87,18.84,1,3,0
119,2,983.68,518.32,27.13,9.97,1,0,0
120,1,1106.05,515.85,78.45,17.06,1,0,0
120,3,355.92,512.89,42.83,9.80,1,0,0
120,5,576.86,518.89,10.42,17.21,1,3,0
120,2,996.22,520.57,27.97,9.68,1,0,0
121,1,1114.18,519.51,78.30,17.34,1,0,0
121,3,364.93,526.06,43.17,9.98,1,0,0
121,5,585.83,529.48,11.52,18.55,1,3,0
121,2,1003.05,525.13,27.85,10.61,1,0,0
122,1,1120.94,516.92,78.19,17.52,1,0,0
122,3,369.93,529.92,43.17,9.97,1,0,0
122,5,589.21,528.60,11.75,21.42,1,3,0
122,2,1009.51,524.17,28.30,10.36,1,0,0
123,1,1122.05,515.51,79.00,17.51,1,0,0
123,3,372.99,525.47,42.53,9.94,1,0,0
123,5,589.97,527.11,11.37,19.90,1,3,0
123,2,1012.35,521.39,28.43,10.91,1,0,0
124,1,1123.01,513.44,78.35,17.51,1,0,0
124,3,371.59,513.97,42.25,9.88,1,0,0
124,5,587.40,517.62,11.72,20.55,1,3,0
124,2,1012.17,517.95,27.69,10.81,1,0,0
125,1,1121.53,519.77,77.74,17.16,1,0,0
125,3,369.60,514.99,41.83,9.65,1,0,0
125,5,584.15,518.71,11.88,19.87,1,3,0
125,2,1010.00,522.89,28.02,11.52,1,0,0
126,1,1121.50,519.55,78.05,16.94,1,0,0
126,3,366.31,519.19,42.90,9.78,1,0,0
126,5,578.90,521.68,12.04,21.69,1,3,0
126,2,1009.93,524.06,27.23,10.40,1,0,0
127,1,1125.48,512.31,78.92,17.51,1,0,0
127,3,371.48,513.67,42.08,9.69,1,0,0
127,5,579.28,519.36,11.11,18.41,1,3,0
127,2,1013.38,517.38,27.59,10.40,1,0,0
128,1,1130.90,514.07,79.53,17.41,1,0,0
128,3,378.95,517.58,40.37,9.77,1,0,0
128,5,584.86,521.44,10.81,18.82,1,3,0
128,2,1019.98,519.69,27.61,10.26,1,0,0
129,1,1134.17,513.98,79.20,17.43,1,0,0
129,3,380.13,519.78,41.46,9.42,1,0,0
129,5,584.58,520.60,11.87,21.59,1,3,0
129,2,1022.34,520.05,27.48,10.30,1,0,0
130,1,1135.59,511.20,79.37,17.64,1,0,0
130,3,381.57,518.71,42.12,9.26,1,0,0
130,5,584.24,518.03,12.95,22.66,1,3,0
130,2,1024.87,517.25,27.34,10.52,1,0,0
131,1,1134.03,513.51,79.59,17.28,1,0,0
131,3,378.83,519.58,41.69,9.32,1,0,0
131,5,577.58,519.16,12.42,22.68,1,3,0
131,2,1023.37,519.33,27.31,10.22,1,0,0
132,1,1133.21,515.17,78.86,17.24,1,0,0
132,3,375.08,520.43,42.92,9.32,1,0,0
132,5,573.20,519.72,12.85,23.69,1,3,0
132,2,1021.38,520.65,27.82,10.35,1,0,0
133,1,1132.93,513.46,79.56,17.46,1,0,0
133,3,374.89,517.57,42.11,9.59,1,0,0
133,5,571.02,518.65,11.39,22.87,1,3,0
133,2,1021.36,518.78,27.91,10.55,1,0,0
134,1,1131.42,511.31,79.74,17.64,1,0,0
134,3,371.41,516.07,42.57,9.74,1,0,0
134,5,565.74,518.16,13.34,20.84,1,3,0
134,2,1018.79,517.03,28.50,10.66,1,0,0
135,1,1128.62,510.83,79.66,17.96,1,0,0
135,3,367.21,520.05,40.94,9.44,1,0,0
135,5,558.16,523.73,10.51,17.96,1,3,0
135,2,1016.52,516.57,28.30,11.63,1,0,0
136,1,1124.54,517.42,79.73,17.27,1,0,0
136,3,360.75,524.86,41.16,9.95,1,0,0
136,5,549.12,527.56,12.39,20.18,1,3,0
136,2,1013.12,522.85,28.20,11.48,1,0,0
137,1,1119.00,512.20,79.07,17.17,1,0,0
137,3,350.64,517.08,40.83,9.93,1,0,0
137,5,539.79,520.79,13.15,20.33,1,3,0
137,2,1006.34,517.55,28.23,10.65,1,0,0
138,1,1111.11,505.81,79.18,17.74,1,0,0
138,3,339.84,507.98,41.98,9.92,1,0,0
138,5,527.71,512.89,10.97,19.49,1,3,0
138,2,997.77,510.98,30.50,10.91,1,0,0
139,1,1103.96,508.63,79.35,17.43,1,0,0
139,3,329.86,511.54,42.86,10.40,1,0,0
139,5,516.49,515.89,13.24,20.35,1,3,0
139,2,991.03,512.45,29.02,12.00,1,0,0
140,1,1096.99,518.47,79.14,17.37,1,0,0
140,3,319.26,524.81,42.08,10.21,1,0,0
140,5,505.78,523.91,12.95,24.07,1,3,0
140,2,983.90,523.83,28.14,11.20,1,0,0
141,1,1093.27,514.50,79.68,17.16,1,0,0
141,3,312.94,518.33,43.13,10.22,1,0,0
141,5,498.08,523.81,12.98,19.58,1,3,0
141,2,981.31,519.51,27.75,10.42,1,0,0
142,1,1096.90,517.37,79.53,17.12,1,0,0
142,3,317.54,514.77,42.90,9.86,1,0,0
142,5,496.80,520.67,12.68,20.72,1,3,0
142,2,983.81,521.40,28.91,10.88,1,0,0
143,1,1095.26,515.63,80.52,17.74,1,0,0
143,3,314.92,513.39,43.44,10.15,1,0,0
143,5,493.24,518.80,13.00,20.52,1,3,0
143,2,982.85,519.90,28.36,10.75,1,0,0
144,1,1092.92,516.29,79.77,17.54,1,0,0
144,3,309.25,523.00,43.75,9.99,1,0,0
144,5,484.57,522.96,13.68,23.81,1,3,0
144,2,979.60,521.54,29.64,11.03,1,0,0
145,1,1087.80,514.85,80.85,17.04,1,0,0
145,3,301.93,523.11,43.79,9.81,1,0,0
145,5,474.43,522.27,14.14,24.14,1,3,0
145,2,975.72,520.39,28.53,10.63,1,0,0
146,1,1080.96,514.40,80.42,17.52,1,0,0
146,3,290.74,516.03,42.68,10.08,1,0,0
146,5,460.26,521.24,12.98,20.39,1,3,0
146,2,967.78,519.39,29.33,10.90,1,0,0
147,1,1083.91,511.10,80.52,17.82,1,0,0
147,3,293.23,505.29,43.24,10.10,1,0,0
147,5,459.58,511.84,13.53,21.42,1,3,0
147,2,970.16,514.63,29.90,11.26,1,0,0
148,1,1090.75,517.50,80.23,17.36,1,0,0
148,3,300.28,513.89,44.70,10.57,1,0,0
148,5,462.72,516.44,12.79,23.81,1,3,0
148,2,978.36,520.72,28.75,11.27,1,0,0
149,1,1091.30,511.43,80.42,17.24,1,0,0
149,3,300.13,515.97,44.36,10.39,1,0,0
149,5,459.17,519.24,13.46,23.16,1,3,0
149,2,977.87,517.00,27.67,10.49,1,0,0
150,1,1097.38,502.85,82.68,17.51,1,0,0
150,3,309.30,512.16,42.74,9.97,1,0,0
150,5,458.95,517.13,13.19,20.53,1,3,0
150,2,984.63,509.14,29.16,10.85,1,0,0
151,1,1115.70,506.21,80.99,17.58,1,0,0
151,3,330.35,502.88,41.63,10.24,1,0,0
151,5,474.95,506.79,12.66,22.65,1,3,0
151,2,1000.32,510.49,30.66,10.63,1,0,0
152,1,1124.20,515.24,81.06,17.54,1,0,0
152,3,339.11,505.59,42.36,10.30,1,0,0
152,5,482.44,512.93,12.43,20.85,1,3,0
152,2,1009.80,518.02,29.54,11.52,1,0,0
153,1,1131.38,517.32,81.29,17.32,1,0,0
153,3,348.27,517.86,40.33,9.90,1,0,0
153,5,487.19,520.54,12.98,23.61,1,3,0
153,2,1017.04,521.43,28.84,11.05,1,0,0
154,1,1138.71,515.31,81.68,17.48,1,0,0
154,3,355.84,524.35,40.66,9.90,1,0,0
154,5,488.75,523.29,13.63,26.48,1,3,0
154,2,1025.40,521.33,27.32,10.75,1,0,0
155,1,1142.15,510.58,81.83,17.71,1,0,0
155,3,359.03,518.88,41.79,10.14,1,0,0
155,5,488.48,519.22,13.78,24.39,1,3,0
155,2,1027.52,516.19,28.29,11.17,1,0,0
156,1,1144.07,514.71,82.61,17.55,1,0,0
156,3,361.39,518.06,40.11,10.03,1,0,0
156,5,486.01,520.91,13.57,22.21,1,3,0
156,2,1029.71,519.25,28.06,11.25,1,0,0
157,1,1147.30,519.61,81.78,18.07,1,0,0
157,3,362.43,520.56,41.51,10.10,1,0,0
157,5,483.91,521.56,14.04,25.02,1,3,0
157,2,1032.02,524.44,28.37,11.08,1,0,0
158,1,1147.79,517.60,83.02,18.42,1,0,0
158,3,363.48,516.67,41.49,10.29,1,0,0
158,5,480.85,517.65,14.00,25.77,1,3,0
158,2,1032.89,521.65,28.77,11.67,1,0,0
159,1,1149.79,514.55,82.13,17.75,1,0,0
159,3,364.38,519.76,41.07,9.99,1,0,0
159,5,476.70,520.02,14.15,25.42,1,3,0
159,2,1034.57,519.82,28.54,11.14,1,0,0
160,1,1148.77,512.09,83.70,18.52,1,0,0
160,3,363.42,522.91,40.43,10.06,1,0,0
160,5,472.45,520.73,14.10,27.75,1,3,0
160,2,1034.76,518.65,28.64,11.33,1,0,0
161,1,1145.61,508.56,83.78,18.24,1,0,0
161,3,357.20,517.43,40.50,10.05,1,0,0
161,5,461.05,521.25,14.67,21.66,1,3,0
161,2,1031.17,515.28,28.42,10.81,1,0,0
162,1,1139.75,512.44,83.51,17.92,1,0,0
162,3,348.20,515.03,43.74,10.33,1,0,0
162,5,448.11,520.29,16.50,21.29,1,3,0
162,2,1025.83,517.60,28.21,10.99,1,0,0
163,1,1138.83,512.65,83.73,18.40,1,0,0
163,3,346.27,506.58,41.39,10.49,1,0,0
163,5,443.34,509.05,13.51,25.50,1,3,0
163,2,1024.47,516.59,28.73,11.29,1,0,0
164,1,1143.26,513.89,84.16,18.33,1,0,0
164,3,351.05,506.54,40.34,10.34,1,0,0
164,5,444.08,507.28,14.31,27.59,1,3,0
164,2,1028.15,517.27,27.98,11.17,1,0,0
165,1,1146.55,516.30,83.28,18.59,1,0,0
165,3,352.65,517.63,42.04,10.99,1,0,0
165,5,441.28,517.34,14.91,28.19,1,3,0
165,2,1030.96,521.32,28.42,11.79,1,0,0
166,1,1145.61,512.53,82.53,17.76,1,0,0
166,3,349.93,521.34,42.74,10.85,1,0,0
166,5,434.43,522.06,14.48,26.50,1,3,0
166,2,1029.38,518.29,28.52,11.40,1,0,0
167,1,1145.84,512.13,82.49,17.58,1,0,0
167,3,347.72,520.29,43.83,10.55,1,0,0
167,5,428.10,520.48,15.58,26.56,1,3,0
167,2,1028.86,517.83,28.54,11.15,1,0,0
168,1,1143.48,525.02,83.71,18.28,1,0,0
168,3,345.72,527.14,43.01,10.41,1,0,0
168,5,420.37,528.84,15.17,25.92,1,3,0
168,2,1028.69,529.67,27.86,11.50,1,0,0
169,1,1140.99,510.39,83.09,17.94,1,0,0
169,3,340.02,514.42,43.52,10.72,1,0,0
169,5,410.21,518.23,14.68,24.38,1,3,0
169,2,1024.55,516.56,27.80,10.14,1,0,0
170,1,1138.19,505.50,85.06,18.83,1,0,0
170,3,337.08,509.02,46.65,11.10,1,0,0
170,5,401.10,508.30,15.46,29.40,1,3,0
170,2,1022.71,510.25,29.48,12.39,1,0,0
171,1,1135.94,516.94,83.59,18.28,1,0,0
171,3,331.45,512.90,45.94,11.25,1,0,0
171,5,390.35,514.06,17.28,28.06,1,3,0
171,2,1019.38,520.27,28.97,12.13,1,0,0
172,1,1132.01,518.04,83.98,18.41,1,0,0
172,3,324.99,514.69,47.26,11.18,1,0,0
172,5,379.31,514.41,18.65,29.30,1,3,0
172,2,1015.80,521.21,29.17,11.92,1,0,0
173,1,1126.12,510.92,83.47,17.81,1,0,0
173,3,315.67,514.91,49.89,11.57,1,0,0
173,5,364.93,515.49,22.71,28.36,1,3,0
173,2,1009.52,516.61,29.09,10.67,1,0,0
174,1,1121.74,511.96,83.80,18.26,1,0,0
174,3,309.10,520.74,41.52,11.14,1,0,0
174,5,351.69,520.00,16.76,30.35,1,3,0
174,2,1004.97,518.49,29.51,10.87,1,0,0
175,1,1114.79,506.80,84.31,18.43,1,0,0
175,3,297.58,512.19,42.00,10.85,1,0,0
175,5,334.49,512.86,18.44,28.51,1,3,0
175,2,997.73,512.69,29.58,11.00,1,0,0
176,1,1109.98,509.90,84.61,18.00,1,0,0
176,3,292.09,509.77,40.07,10.48,1,0,0
176,5,322.58,509.91,22.22,30.00,1,3,0
176,2,993.29,514.42,30.21,11.61,1,0,0
177,1,1109.38,518.54,83.99,18.27,1,0,0
177,3,288.18,515.41,41.26,10.70,1,0,0
177,5,313.47,517.54,15.69,27.86,1,3,0
177,2,992.38,522.52,29.45,12.07,1,0,0
178,1,1106.73,515.49,83.82,17.70,1,0,0
178,3,282.93,519.28,41.36,10.87,1,0,0
178,5,300.84,522.77,18.55,28.18,1,3,0
178,2,989.55,521.07,28.10,11.03,1,0,0
178,7,324.28,523.28,14.99,6.86,1,0,0
179,1,1102.09,504.20,84.51,18.02,1,0,0
179,3,274.55,514.50,40.78,10.08,1,0,0
179,5,287.00,515.46,19.22,29.09,1,3,0
179,2,984.80,510.46,29.50,11.25,1,0,0
179,7,320.46,516.55,12.06,7.15,1,0,0
180,1,1094.39,508.69,84.86,17.96,1,0,0
180,3,263.43,516.52,45.93,10.97,1,0,0
180,5,266.42,519.35,18.82,28.35,1,3,0
180,2,977.91,514.44,29.14,11.38,1,0,0
181,1,1089.58,516.63,84.47,18.39,1,0,0
181,3,253.77,512.63,43.98,12.23,1,0,0
181,5,252.07,513.43,15.45,29.98,1,3,0
181,2,973.29,520.23,29.32,11.59,1,0,0
181,7,301.09,516.54,12.09,6.29,1,0,0
182,1,1092.16,517.93,84.50,19.10,1,0,0
182,3,253.92,502.78,46.21,11.75,1,0,0
182,5,249.03,503.92,17.68,31.35,1,3,0
182,2,974.89,520.33,29.01,11.67,1,0,0
182,7,304.29,507.15,13.61,6.41,1,0,0
183,1,1094.68,515.89,84.97,18.95,1,0,0
183,3,258.02,509.72,43.84,13.37,1,0,0
183,5,240.24,509.22,19.06,31.58,1,3,0
183,2,978.10,519.34,28.44,11.44,1,0,0
184,1,1095.99,513.37,85.04,18.49,1,0,0
184,3,260.07,522.24,42.39,11.54,1,0,0
184,5,234.58,522.76,18.47,31.66,1,3,0
184,2,978.72,519.34,28.93,11.29,1,0,0
185,1,1105.07,514.74,85.98,18.05,1,0,0
185,3,270.51,521.15,41.35,11.34,1,0,0
185,5,235.42,520.79,18.02,31.51,1,3,0
185,2,985.64,520.60,32.43,11.00,1,0,0
186,1,1112.28,515.35,85.68,18.35,1,0,0
186,3,280.23,509.77,42.68,10.77,1,0,0
186,5,236.57,511.16,17.66,30.09,1,3,0
186,2,994.85,519.24,29.46,11.10,1,0,0
187,1,1118.45,515.19,85.45,18.43,1,0,0
187,3,283.31,512.24,42.23,11.06,1,0,0
187,5,234.06,512.27,18.80,30.75,1,3,0
187,2,1000.56,519.78,29.36,10.83,1,0,0
187,7,336.50,515.97,12.01,6.44,1,0,0
188,1,1127.48,508.64,85.94,18.78,1,0,0
188,3,297.35,510.59,38.54,9.91,1,0,0
188,5,236.51,510.10,18.58,31.41,1,3,0
188,2,1008.55,514.14,29.27,11.18,1,0,0
188,7,345.89,513.19,14.21,6.28,1,0,0
189,1,1136.21,510.85,87.02,18.25,1,0,0
189,3,306.34,510.64,40.66,10.71,1,0,0
189,5,239.27,510.31,19.25,32.03,1,3,0
189,2,1017.75,515.85,30.72,11.18,1,0,0
190,1,1141.89,514.02,86.89,18.61,1,0,0
190,3,312.57,514.47,40.16,10.10,1,0,0
190,5,237.12,514.94,18.85,30.77,1,3,0
190,2,1022.90,519.52,30.67,10.68,1,0,0
190,7,353.80,517.87,15.04,6.00,1,0,0
191,1,1157.09,506.81,88.23,19.72,1,0,0
191,3,330.34,507.47,40.96,10.14,1,0,0
191,5,243.98,509.17,19.79,29.90,1,3,0
191,2,1037.29,512.89,30.73,10.83,1,0,0
191,7,386.64,510.96,10.39,5.90,1,0,0
192,1,1181.48,510.60,87.14,18.82,1,0,0
192,3,361.09,503.80,38.60,9.76,1,0,0
192,5,269.16,504.25,18.83,29.72,1,3,0
192,2,1060.59,515.20,31.39,10.55,1,0,0
192,7,411.76,507.17,11.41,5.82,1,0,0
193,1,1202.26,511.92,87.41,18.48,1,0,0
193,3,382.86,505.55,39.82,11.05,1,0,0
193,5,287.60,510.19,18.45,26.90,1,3,0
193,2,1081.19,516.02,32.51,11.12,1,0,0
193,7,423.05,508.72,13.58,7.38,1,0,0
194,1,1221.33,516.53,88.69,18.86,1,0,0
194,3,403.77,521.08,40.36,10.67,1,0,0
194,5,301.44,525.29,19.51,27.74,1,3,0
194,2,1100.96,522.96,28.51,10.71,1,0,0
195,1,1243.18,513.18,90.74,19.36,1,0,0
195,3,433.19,516.33,37.35,10.21,1,0,0
195,5,321.80,520.04,19.11,28.93,1,3,0
195,2,1122.61,519.09,32.10,11.07,1,0,0
195,7,476.09,519.31,12.84,5.40,1,0,0
196,1,1276.63,509.32,91.97,19.92,1,0,0
196,5,355.33,499.00,15.91,27.93,1,3,0
196,2,1156.64,513.47,31.99,10.93,1,0,0
197,1,1305.40,515.76,90.73,19.39,1,0,0
197,5,379.84,501.01,18.75,28.27,1,3,0
197,2,1182.25,519.32,32.54,10.73,1,0,0
197,3,496.35,500.09,38.95,10.47,1,0,0
197,7,538.60,504.95,13.03,5.68,1,0,0
198,1,1335.46,515.97,95.60,19.84,1,0,0
198,5,407.75,516.35,18.23,27.17,1,3,0
198,2,1211.09,521.07,33.32,10.98,1,0,0
198,3,524.81,512.53,44.06,10.71,1,0,0
199,1,1360.62,510.98,98.04,19.32,1,0,0
199,5,427.08,520.43,18.53,28.43,1,3,0
199,2,1234.75,517.36,34.20,11.11,1,0,0
199,3,553.29,516.98,40.87,10.37,1,0,0
199,7,596.73,520.68,13.43,5.82,1,0,0
200,1,1389.06,510.51,94.65,20.20,1,0,0
200,5,447.78,519.36,20.18,27.10,1,3,0
200,2,1260.86,518.01,33.64,10.47,1,0,0
200,3,575.22,515.82,43.72,9.91,1,0,0
200,12,635.39,518.53,11.35,6.29,1,0,0
200,7,624.26,519.44,10.94,5.40,1,0,0
201,1,1414.81,510.23,98.18,20.57,1,0,0
201,5,470.04,508.05,17.75,27.37,1,3,0
201,2,1286.14,516.60,33.35,10.52,1,0,0
201,3,603.79,505.51,39.89,10.12,1,0,0
201,7,662.84,509.26,9.42,5.62,1,0,0
202,1,1443.87,513.36,100.68,20.60,1,0,0
202,5,496.05,501.41,16.36,28.87,1,3,0
202,2,1312.26,518.25,37.48,10.53,1,0,0
202,3,633.74,502.15,39.99,9.87,1,0,0
202,7,686.46,506.28,11.29,5.89,1,0,0
203,1,1473.70,515.04,102.55,21.17,1,0,0
203,5,519.38,511.78,19.42,29.61,1,3,0
203,2,1339.93,521.00,37.83,10.80,1,0,0
203,3,662.88,510.70,38.52,10.31,1,0,0
203,7,705.32,514.77,14.05,5.76,1,0,0
204,1,1509.15,511.21,103.14,20.62,1,0,0
204,5,543.24,523.39,18.75,28.24,1,3,0
204,2,1377.10,519.12,31.95,10.81,1,0,0
204,3,694.92,519.68,36.96,9.58,1,0,0
205,1,1536.44,508.40,103.48,20.58,1,0,0
205,5,561.59,524.81,19.29,29.21,1,3,0
205,2,1396.68,516.22,36.39,11.49,1,0,0
205,3,716.37,520.64,36.78,9.10,1,0,0
205,7,760.85,523.79,12.63,5.60,1,0,0
206,1,1561.44,516.24,106.57,21.37,1,0,0
206,5,581.55,523.98,18.05,30.29,1,3,0
206,2,1420.92,523.19,36.39,11.64,1,0,0
206,3,737.51,522.32,36.45,9.06,1,0,0
207,1,1587.36,518.14,109.33,22.51,1,0,0
207,5,599.58,511.78,18.10,29.08,1,3,0
207,2,1442.33,523.22,38.90,11.66,1,0,0
207,3,762.04,512.95,33.66,8.96,1,0,0
208,1,1617.66,522.30,112.24,22.02,1,0,0
208,5,622.32,521.40,17.46,27.37,1,3,0
208,2,1473.73,527.55,35.67,11.65,1,0,0
208,3,790.55,518.61,31.73,9.39,1,0,0
209,1,1647.66,518.56,118.75,22.31,1,0,0
209,5,641.13,525.91,18.16,28.56,1,3,0
209,2,1499.55,525.54,38.00,11.91,1,0,0
209,3,814.27,523.73,32.97,8.86,1,0,0
209,7,859.07,526.78,10.42,5.94,1,0,0
210,1,1671.13,507.02,122.80,22.71,1,0,0
210,5,654.69,525.06,18.83,29.93,1,3,0
210,2,1522.55,515.44,37.18,12.89,1,0,0
211,1,1689.02,500.54,123.18,23.35,1,0,0
211,5,667.50,517.12,18.15,29.23,1,3,0
211,2,1537.67,508.10,36.96,12.99,1,0,0
211,3,841.60,513.09,33.48,9.47,1,0,0
212,1,1704.79,509.03,122.79,22.94,1,0,0
212,5,672.30,516.39,18.20,28.83,1,3,0
212,2,1549.68,513.45,37.90,14.82,1,0,0
212,3,853.57,513.36,29.69,9.11,1,0,0
213,1,1715.25,517.55,126.72,23.83,1,0,0
213,5,677.00,520.19,18.65,29.65,1,3,0
213,2,1560.81,522.54,37.04,14.07,1,0,0
213,3,863.32,519.00,29.12,8.69,1,0,0
213,7,913.02,521.54,10.56,5.90,1,0,0
214,1,1721.22,503.26,125.23,22.99,1,0,0
214,5,676.11,511.08,18.74,31.56,1,3,0
214,2,1564.46,510.23,35.89,12.76,1,0,0
214,3,866.14,509.57,28.44,8.66,1,0,0
214,7,917.20,512.37,9.98,5.52,1,0,0
215,1,1725.59,501.90,128.32,23.40,1,0,0
215,5,675.76,519.17,18.47,33.27,1,3,0
215,2,1568.19,509.57,37.80,13.94,1,0,0
215,3,869.37,516.62,28.57,8.93,1,0,0
215,7,920.32,518.69,10.73,6.18,1,0,0
216,1,1730.09,511.88,128.45,24.26,1,0,0
216,5,674.72,526.21,18.69,31.70,1,3,0
216,2,1573.39,519.73,36.84,14.15,1,0,0
217,1,1729.16,518.98,127.73,25.10,1,0,0
217,5,668.37,527.20,20.22,30.92,1,3,0
217,2,1571.02,526.04,36.65,14.05,1,0,0
217,3,909.81,528.99,11.28,5.51,1,0,0
217,7,921.48,528.51,10.56,5.92,1,0,0
218,1,1722.85,507.72,125.28,23.92,1,0,0
218,5,657.09,515.42,20.54,31.81,1,3,0
218,2,1563.94,515.22,36.42,12.63,1,0,0
218,16,863.39,514.30,27.33,8.80,1,0,0
218,3,903.58,517.62,10.85,4.88,1,0,0
218,7,914.76,517.08,9.54,5.37,1,0,0
219,1,1714.11,517.16,129.15,23.63,1,0,0
219,5,646.30,534.04,20.15,31.02,1,3,0
219,2,1559.59,525.03,38.62,14.06,1,0,0
219,16,857.43,529.70,30.07,8.67,1,0,0
219,3,897.80,532.65,10.98,5.06,1,0,0
219,7,909.74,531.88,10.64,5.83,1,0,0
220,1,1711.69,518.49,127.76,23.86,1,0,0
220,5,637.91,530.52,19.52,30.71,1,3,0
220,2,1554.89,525.79,37.54,13.37,1,0,0
220,16,853.61,527.33,28.61,8.69,1,0,0
220,3,893.07,530.00,10.60,5.52,1,0,0
220,7,905.11,529.62,10.26,5.49,1,0,0
221,1,1704.70,507.55,125.24,22.71,1,0,0
221,5,627.08,512.93,20.30,32.74,1,3,0
221,2,1547.99,513.10,37.23,13.03,1,0,0
221,16,846.44,511.03,28.83,8.90,1,0,0
221,3,898.99,514.03,11.22,5.40,1,0,0
222,1,1697.21,512.02,127.09,23.14,1,0,0
222,5,616.02,519.80,20.45,32.59,1,3,0
222,2,1542.74,518.19,38.66,13.40,1,0,0
222,16,840.27,516.56,29.63,9.13,1,0,0
222,3,883.19,519.73,11.90,5.72,1,0,0
223,1,1693.63,516.79,128.12,24.00,1,0,0
223,5,607.31,528.08,20.74,32.93,1,3,0
223,2,1539.88,522.75,38.77,14.73,1,0,0
223,16,838.54,525.27,28.72,9.29,1,0,0
223,3,892.51,528.21,10.02,6.10,1,0,0
224,1,1692.87,507.76,124.35,22.99,1,0,0
224,5,595.94,522.84,21.77,32.65,1,3,0
224,2,1535.44,515.40,36.55,13.00,1,0,0
224,16,834.10,518.66,28.50,8.94,1,0,0
224,3,875.03,521.15,11.60,5.66,1,0,0
224,7,886.65,521.06,10.42,5.75,1,0,0
225,1,1688.14,511.25,122.64,22.97,1,0,0
225,5,584.90,526.37,22.03,33.97,1,3,0
225,2,1530.60,518.76,35.26,13.37,1,0,0
225,16,827.85,521.33,29.47,9.23,1,0,0
226,1,1680.26,518.96,126.27,24.10,1,0,0
226,5,573.57,533.44,23.50,33.69,1,3,0
226,2,1527.01,526.12,36.32,14.20,1,0,0
226,16,825.47,528.60,29.06,9.24,1,0,0
226,3,865.17,532.39,12.11,5.20,1,0,0
226,7,877.72,531.18,10.60,6.43,1,0,0
227,1,1677.98,515.77,126.28,24.19,1,0,0
227,5,564.78,524.78,22.42,34.52,1,3,0
227,2,1523.57,522.77,37.96,13.65,1,0,0
228,1,1675.96,509.25,126.00,23.64,1,0,0
228,5,556.29,515.87,22.55,35.99,1,3,0
228,2,1521.74,515.72,37.97,13.29,1,0,0
228,16,819.14,514.41,28.32,8.79,1,0,0
228,3,860.91,517.65,11.61,5.25,1,0,0
228,7,872.63,517.44,10.26,5.34,1,0,0
229,1,1675.12,509.49,121.42,23.59,1,0,0
229,5,543.92,519.26,24.78,35.68,1,3,0
229,2,1517.93,516.32,39.21,13.82,1,0,0
229,16,814.80,516.71,29.54,9.21,1,0,0
229,3,857.04,519.71,11.41,5.70,1,0,0
229,7,868.75,519.57,9.15,5.67,1,0,0
230,1,1670.21,516.31,123.48,23.17,1,0,0
230,5,530.88,531.06,23.95,36.19,1,3,0
230,2,1513.81,523.15,37.93,13.86,1,0,0
230,16,810.17,526.61,30.30,9.28,1,0,0
230,3,852.34,530.02,12.45,5.59,1,0,0
230,7,865.64,530.18,9.62,5.21,1,0,0
231,1,1670.45,511.72,126.21,23.21,1,0,0
231,5,523.19,522.32,24.66,39.75,1,3,0
231,2,1515.41,518.42,37.15,13.87,1,0,0
231,16,810.62,520.60,29.37,9.38,1,0,0
231,3,852.89,523.99,12.46,5.47,1,0,0
232,1,1668.46,502.13,124.65,23.23,1,0,0
232,5,509.00,520.82,24.73,38.88,1,3,0
232,2,1511.80,509.28,37.89,13.85,1,0,0
232,16,808.96,515.37,27.59,8.74,1,0,0
232,3,850.69,518.17,11.26,5.34,1,0,0
232,7,862.62,517.67,10.75,5.69,1,0,0
233,1,1666.40,507.37,126.10,23.75,1,0,0
233,5,498.34,529.21,25.03,39.41,1,3,0
233,2,1510.75,516.12,36.34,14.17,1,0,0
233,16,806.97,524.09,27.78,8.61,1,0,0
233,7,861.58,525.97,10.67,5.59,1,0,0
234,1,1666.54,516.04,127.09,23.75,1,0,0
234,5,486.23,520.91,25.17,40.75,1,3,0
234,2,1510.47,521.79,36.72,14.11,1,0,0
234,16,806.73,521.25,26.49,8.46,1,0,0
234,7,858.61,523.73,11.96,5.41,1,0,0
235,1,1659.19,510.87,124.25,23.15,1,0,0
235,5,465.57,516.64,27.06,39.55,1,3,0
235,2,1504.02,517.36,34.59,11.99,1,0,0
235,16,801.06,514.17,24.90,8.67,1,0,0
235,7,839.60,517.21,11.80,5.32,1,0,0
235,3,851.83,516.74,11.71,5.78,1,0,0
236,1,1651.36,512.03,124.64,23.46,1,0,0
236,5,445.15,525.82,28.17,41.97,1,3,0
236,2,1494.90,519.19,37.95,13.56,1,0,0
236,16,788.95,523.46,29.12,8.20,1,0,0
237,1,1650.13,513.03,125.83,24.26,1,0,0
237,5,434.22,522.35,29.14,44.45,1,3,0
237,2,1494.51,520.01,37.68,14.13,1,0,0
237,16,789.17,523.75,28.19,7.75,1,0,0
238,1,1649.32,512.41,126.00,24.51,1,0,0
238,5,420.83,516.06,29.25,49.29,1,3,0
238,2,1493.55,518.72,37.17,14.32,1,0,0
238,16,788.12,520.09,28.14,8.67,1,0,0
239,1,1651.74,516.98,126.06,24.51,1,0,0
239,5,410.73,535.04,30.06,45.46,1,3,0
239,2,1494.92,525.67,37.09,14.07,1,0,0
239,16,787.21,531.64,28.59,9.06,1,0,0
239,7,831.36,533.59,11.71,5.71,1,0,0
239,3,843.75,533.37,10.90,5.95,1,0,0
240,1,1649.73,512.80,126.71,23.38,1,0,0
240,5,391.33,533.10,30.36,48.10,1,3,0
240,2,1493.42,521.92,38.07,13.66,1,0,0
240,16,785.84,531.11,28.37,8.69,1,0,0
240,7,828.68,533.34,11.47,5.31,1,0,0
240,3,841.18,533.07,10.80,5.54,1,0,0
241,1,1646.38,505.08,126.51,23.94,1,0,0
241,5,374.08,517.11,30.81,52.03,1,3,0
241,2,1489.63,514.08,38.23,13.36,1,0,0
241,16,781.34,519.13,26.52,8.79,1,0,0
241,7,824.90,521.51,11.09,5.41,1,0,0
241,3,837.10,521.41,10.56,5.42,1,0,0
242,1,1641.96,512.21,126.06,24.29,1,0,0
242,5,353.41,511.05,31.88,52.74,1,3,0
242,2,1485.34,517.40,37.86,15.09,1,0,0
242,16,780.83,517.18,23.87,8.17,1,0,0
242,7,820.65,519.50,11.14,5.51,1,0,0
242,3,833.08,519.32,11.21,5.58,1,0,0
243,1,1641.11,515.53,126.26,24.95,1,0,0
243,5,337.47,509.73,31.71,54.28,1,3,0
243,2,1484.35,521.07,37.04,14.31,1,0,0
243,16,777.93,517.78,25.26,8.66,1,0,0
243,7,818.73,520.85,11.81,5.34,1,0,0
243,3,831.35,520.58,11.15,5.73,1,0,0
244,1,1643.77,511.30,128.11,24.70,1,0,0
244,5,323.78,507.33,33.41,55.97,1,3,0
244,2,1486.69,516.92,38.49,14.25,1,0,0
244,16,779.75,514.81,24.27,8.20,1,0,0
244,7,820.35,517.69,11.14,5.11,1,0,0
244,3,832.27,517.36,10.92,5.46,1,0,0
245,1,1650.32,508.05,128.79,24.08,1,0,0
245,5,311.89,516.51,34.62,58.23,1,3,0
245,2,1491.12,515.41,42.96,14.31,1,0,0
245,16,783.25,519.81,24.59,8.60,1,0,0
245,7,825.69,521.47,11.72,5.80,1,0,0
245,3,838.34,521.59,11.11,5.56,1,0,0
246,1,1661.57,509.29,127.21,24.49,1,0,0
246,5,299.47,522.02,34.72,57.92,1,3,0
246,2,1498.16,517.52,41.50,14.79,1,0,0
247,1,1666.51,509.17,129.14,24.22,1,0,0
247,5,286.12,518.22,36.14,59.51,1,3,0
247,2,1504.90,517.71,42.63,13.57,1,0,0
247,16,796.26,522.70,21.07,7.84,1,0,0
248,1,1675.73,519.78,132.92,24.29,1,0,0
248,5,273.71,522.35,36.75,63.64,1,3,0
248,2,1514.32,527.31,38.94,13.46,1,0,0
248,16,797.50,529.80,26.75,8.55,1,0,0
248,7,841.35,532.21,11.92,5.05,1,0,0
248,3,854.24,531.84,10.68,5.40,1,0,0
249,1,1683.41,519.57,134.86,24.63,1,0,0
249,5,260.63,519.94,39.82,64.93,1,3,0
249,2,1520.34,526.44,41.82,14.18,1,0,0
249,16,806.34,529.36,23.27,7.99,1,0,0
249,7,844.73,531.88,11.37,5.27,1,0,0
250,1,1687.80,505.18,131.77,23.88,1,0,0
250,5,237.78,510.42,39.09,67.57,1,3,0
250,2,1521.49,513.49,37.88,13.20,1,0,0
250,16,807.03,517.43,21.56,8.45,1,0,0
250,7,847.57,520.08,11.43,4.90,1,0,0
250,3,859.87,519.42,11.31,5.54,1,0,0
251,1,1683.82,504.10,134.03,24.66,1,0,0
251,5,210.94,512.84,42.05,68.61,1,3,0
251,2,1518.63,511.78,39.54,15.11,1,0,0
251,16,803.23,517.89,23.27,8.50,1,0,0
251,7,844.81,520.69,11.07,4.79,1,0,0
251,3,857.21,519.82,11.69,5.58,1,0,0
252,1,1686.87,516.46,133.95,24.54,1,0,0
252,5,186.65,510.96,42.52,69.12,1,3,0
252,2,1520.06,521.01,41.93,15.76,1,0,0
252,16,800.09,521.71,26.83,7.98,1,0,0
252,3,857.90,523.71,11.15,5.42,1,0,0
253,1,1683.82,512.87,135.53,25.13,1,0,0
253,5,154.98,503.13,45.62,75.13,1,3,0
253,2,1517.70,518.82,40.53,14.26,1,0,0
253,16,802.97,517.81,22.17,8.16,1,0,0
253,3,856.49,520.29,11.42,5.58,1,0,0
253,7,844.03,520.55,11.56,5.20,1,0,0
254,1,1682.22,506.17,135.70,25.51,1,0,0
254,5,119.32,518.20,49.43,73.59,1,3,0
254,2,1515.59,514.80,41.87,14.47,1,0,0
254,16,799.34,522.00,22.81,7.97,1,0,0
254,3,855.57,523.34,11.04,5.60,1,0,0
255,1,1679.64,507.84,136.33,25.65,1,0,0
255,5,79.40,522.39,54.62,75.82,1,3,0
255,2,1514.04,517.01,45.08,14.97,1,0,0
255,16,795.64,526.24,24.71,8.44,1,0,0
256,1,1674.48,510.95,137.12,25.81,1,0,0
256,5,37.33,518.03,58.77,79.89,1,3,0
256,2,1509.58,518.99,40.75,15.09,1,0,0
257,1,1681.14,513.44,132.65,25.64,1,0,0
257,5,1.79,507.83,63.23,82.15,1,3,0
257,2,1510.28,519.83,43.10,16.26,1,0,0
257,16,791.83,520.16,22.76,8.42,1,0,0
258,1,1686.03,515.58,136.56,24.88,1,0,0
258,5,0.00,508.43,41.70,84.23,1,3,0
258,2,1517.50,521.95,39.48,13.91,1,0,0
258,16,795.03,521.73,24.79,8.01,1,0,0
259,1,1691.09,511.21,143.93,26.18,1,0,0
259,5,0.14,579.44,13.02,24.99,1,3,0
259,2,1525.33,521.09,39.71,13.11,1,0,0
259,16,798.26,524.07,27.17,8.18,1,0,0
259,3,857.77,525.95,11.32,5.46,1,0,0
260,1,1696.73,507.49,142.46,25.34,1,0,0
260,2,1528.88,518.13,40.96,13.28,1,0,0
260,16,805.93,527.16,22.07,7.71,1,0,0
261,1,1697.65,500.17,139.90,25.29,1,0,0
261,2,1526.55,510.23,41.11,13.74,1,0,0
261,16,806.12,516.69,19.20,8.30,1,0,0
261,7,847.24,519.29,11.73,5.06,1,0,0
261,3,859.71,518.68,11.00,5.63,1,0,0
262,1,1690.91,502.42,141.29,25.02,1,0,0
262,2,1520.76,509.27,43.43,15.36,1,0,0
262,16,800.63,515.22,20.93,7.93,1,0,0
262,7,842.01,517.66,12.53,5.21,1,0,0
262,3,855.52,517.28,11.11,5.36,1,0,0
263,1,1690.36,511.80,138.55,26.25,1,0,0
263,2,1518.67,518.09,42.66,16.22,1,0,0
263,16,795.92,520.06,22.79,7.90,1,0,0
263,3,852.03,521.63,11.16,5.65,1,0,0
264,1,1688.21,513.39,141.77,26.53,1,0,0
264,2,1517.84,519.88,43.88,15.69,1,0,0
264,16,795.02,523.21,22.47,7.24,1,0,0
265,1,1688.51,505.10,141.10,26.61,1,0,0
265,2,1517.89,514.91,45.22,15.09,1,0,0
266,1,1690.69,511.06,143.17,27.07,1,0,0
266,2,1519.58,520.46,43.52,15.67,1,0,0
266,7,837.68,530.12,11.81,5.31,1,0,0
266,3,850.63,529.63,11.19,5.44,1,0,0
266,16,794.64,528.72,21.36,7.82,1,0,0
267,1,1693.69,511.47,140.81,26.02,1,0,0
267,2,1520.78,518.69,45.10,15.03,1,0,0
267,16,794.52,520.40,19.68,8.05,1,0,0
268,1,1690.31,506.32,140.57,26.02,1,0,0
268,2,1516.43,513.10,47.12,15.55,1,0,0
268,16,789.19,516.13,21.27,8.28,1,0,0
268,7,834.15,518.31,12.52,5.21,1,0,0
268,3,847.24,517.87,11.64,5.40,1,0,0
269,1,1690.59,515.89,142.67,25.80,1,0,0
269,2,1517.21,522.71,43.93,16.06,1,0,0
269,16,791.42,528.27,20.22,7.99,1,0,0
269,7,834.75,530.44,12.20,5.26,1,0,0
269,3,847.96,529.72,11.26,5.79,1,0,0
270,1,1703.41,513.55,141.92,26.13,1,0,0
270,2,1526.49,520.15,43.20,13.96,1,0,0
270,16,796.80,516.21,21.11,8.13,1,0,0
270,7,840.75,517.98,12.77,5.56,1,0,0
270,3,854.22,517.77,10.91,5.75,1,0,0
271,1,1706.64,513.78,144.24,26.11,1,0,0
271,2,1529.79,520.25,47.22,15.88,1,0,0
271,16,800.32,521.93,19.90,7.55,1,0,0
271,3,857.52,523.82,11.70,5.09,1,0,0
272,1,1708.98,514.10,147.67,26.37,1,0,0
272,2,1533.93,524.20,44.12,15.03,1,0,0
272,16,801.97,532.20,21.14,8.40,1,0,0
272,3,847.36,535.08,11.60,5.39,1,0,0
273,1,1713.58,501.25,147.02,25.84,1,0,0
273,2,1536.22,512.77,41.82,13.88,1,0,0
273,16,804.42,527.02,18.25,8.01,1,0,0
273,3,860.84,527.43,11.17,5.57,1,0,0
274,1,1712.72,495.52,144.78,27.29,1,0,0
274,2,1533.84,505.04,45.06,16.78,1,0,0
274,16,800.56,516.79,21.32,8.36,1,0,0
274,3,858.14,517.92,12.33,5.82,1,0,0
274,7,845.19,518.48,11.66,5.55,1,0,0
275,1,1709.79,506.54,146.21,27.20,1,0,0
275,2,1530.86,514.87,44.41,15.64,1,0,0
275,16,797.49,517.76,22.72,8.28,1,0,0
275,3,855.47,519.42,11.47,5.87,1,0,0
275,7,842.85,519.93,12.24,5.35,1,0,0
276,1,1705.94,517.85,145.05,27.65,1,0,0
276,2,1526.41,524.81,46.61,16.04,1,0,0
277,1,1701.01,516.73,148.90,26.51,1,0,0
277,2,1523.93,525.43,42.48,14.08,1,0,0
277,16,789.55,526.17,22.08,8.20,1,0,0
277,3,848.92,528.40,11.62,5.91,1,0,0
277,7,836.12,528.99,12.21,5.49,1,0,0
278,1,1699.63,500.39,144.89,25.86,1,0,0
278,2,1519.65,510.00,43.20,13.67,1,0,0
278,16,785.98,516.01,19.45,8.12,1,0,0
278,3,844.77,517.96,11.00,5.30,1,0,0
278,7,832.15,518.28,11.42,5.17,1,0,0
279,1,1698.60,498.03,147.15,27.02,1,0,0
279,2,1520.54,507.15,47.61,16.15,1,0,0
279,16,785.37,515.43,21.18,8.45,1,0,0
279,3,844.31,517.33,12.37,5.65,1,0,0
279,7,830.44,518.17,12.33,5.32,1,0,0
280,1,1708.01,506.13,149.06,25.99,1,0,0
280,2,1527.19,513.63,45.92,15.57,1,0,0
280,16,790.36,518.33,20.20,8.21,1,0,0
280,3,850.30,520.07,11.61,5.64,1,0,0
280,7,836.89,520.77,12.61,5.29,1,0,0
281,1,1712.03,512.37,150.12,27.36,1,0,0
281,2,1531.36,519.36,45.97,16.06,1,0,0
281,16,793.44,520.51,20.64,8.38,1,0,0
281,3,854.50,523.27,11.39,5.32,1,0,0
282,1,1713.04,515.41,150.75,27.82,1,0,0
282,2,1531.86,523.19,45.82,16.10,1,0,0
282,3,853.80,526.36,11.62,5.92,1,0,0
283,1,1710.58,505.77,151.06,26.83,1,0,0
283,2,1529.62,514.91,43.21,14.48,1,0,0
283,3,850.78,521.46,10.85,5.15,1,0,0
283,7,836.79,521.37,12.23,5.42,1,0,0
283,16,790.83,519.64,18.72,8.47,1,0,0
284,1,1710.19,501.85,150.13,27.33,1,0,0
284,2,1527.26,511.01,44.05,15.72,1,0,0
284,3,849.01,519.31,11.61,5.74,1,0,0
284,7,836.36,519.99,11.93,5.25,1,0,0
284,16,788.07,517.63,20.65,8.57,1,0,0
285,1,1710.68,509.61,150.44,28.59,1,0,0
285,2,1528.17,518.06,46.89,16.72,1,0,0
285,16,786.45,521.50,21.56,8.37,1,0,0
286,1,1717.79,514.05,153.81,28.49,1,0,0
286,2,1533.43,521.70,46.08,15.54,1,0,0
286,16,790.65,521.43,22.13,8.17,1,0,0
286,3,852.04,523.80,12.86,5.95,1,0,0
287,1,1725.97,514.41,156.77,28.29,1,0,0
287,2,1541.67,522.53,45.95,15.62,1,0,0
287,16,797.44,525.62,19.98,7.96,1,0,0
287,3,858.21,527.10,12.52,5.74,1,0,0
288,1,1733.27,503.83,155.49,26.28,1,0,0
288,2,1545.72,512.18,46.19,15.36,1,0,0
288,16,799.82,519.44,19.86,8.15,1,0,0
288,3,862.30,521.16,11.23,5.43,1,0,0
289,1,1734.65,503.95,157.63,27.52,1,0,0
289,2,1547.03,513.97,49.13,17.07,1,0,0
289,16,800.06,526.99,21.67,8.25,1,0,0
290,1,1739.29,512.44,158.28,27.76,1,0,0
290,2,1551.25,521.56,48.09,16.81,1,0,0
290,16,800.72,531.38,22.26,8.37,1,0,0
290,7,852.09,533.10,12.25,5.29,1,0,0
290,3,865.31,532.61,11.77,5.75,1,0,0
291,1,1739.91,505.25,156.39,27.26,1,0,0
291,2,1549.09,513.00,47.47,15.57,1,0,0
291,16,800.25,515.61,18.99,8.25,1,0,0
291,7,849.37,518.26,11.90,5.36,1,0,0
291,3,862.67,518.12,12.13,5.42,1,0,0
292,1,1744.55,510.89,152.82,26.85,1,0,0
292,2,1549.91,517.94,50.74,17.70,1,0,0
292,16,799.18,523.74,20.38,7.95,1,0,0
292,3,863.11,525.76,12.39,5.57,1,0,0
293,1,1746.41,522.68,162.36,28.09,1,0,0
293,2,1555.80,531.75,46.50,15.88,1,0,0
293,3,867.70,539.35,11.34,5.45,1,0,0
294,1,1751.07,502.76,160.56,26.27,1,0,0
294,2,1559.70,513.06,40.99,13.39,1,0,0
294,7,867.99,515.47,11.91,5.83,1,0,0
294,16,805.91,514.43,19.76,8.76,1,0,0
295,1,1748.48,491.11,163.17,28.12,1,0,0
295,2,1556.63,501.22,44.50,15.05,1,0,0
295,16,804.35,508.26,20.38,8.38,1,0,0
296,1,1752.23,502.43,162.63,28.33,1,0,0
296,2,1559.69,513.95,43.68,15.91,1,0,0
296,16,804.31,523.92,20.34,7.79,1,0,0
296,7,856.34,526.13,10.51,4.68,1,0,0
297,1,1751.45,517.56,163.24,28.73,1,0,0
297,2,1557.47,524.97,45.51,16.23,1,0,0
297,16,804.16,527.32,20.07,8.28,1,0,0
297,7,855.32,529.87,11.99,5.34,1,0,0
297,3,868.79,529.43,12.27,5.56,1,0,0
298,1,1744.35,511.44,162.55,28.15,1,0,0
298,2,1550.50,519.56,45.34,14.26,1,0,0
298,16,795.93,517.23,20.30,8.33,1,0,0
298,7,847.21,519.72,12.65,5.23,1,0,0
298,3,861.02,519.52,11.89,5.34,1,0,0
299,1,1739.21,503.26,162.94,28.92,1,0,0
299,2,1547.19,513.03,47.71,15.56,1,0,0
299,16,792.37,516.68,21.10,8.69,1,0,0
299,7,844.57,519.25,11.21,5.21,1,0,0
299,3,857.25,518.87,12.47,5.49,1,0,0
300,1,1738.61,502.45,163.86,29.43,1,0,0
300,2,1546.13,512.38,46.14,16.79,1,0,0
300,16,789.84,520.85,22.18,8.42,1,0,0
300,3,856.23,522.64,11.76,5.75,1,0,0
301,1,1735.63,511.26,163.76,28.75,1,0,0
301,2,1542.66,519.68,46.09,16.94,1,0,0
301,3,853.89,526.46,11.71,6.35,1,0,0
302,1,1732.81,504.42,162.88,27.24,1,0,0
302,2,1539.67,513.68,46.09,15.14,1,0,0
302,7,850.00,521.51,11.50,5.66,1,0,0
302,16,783.24,519.67,20.79,8.62,1,0,0
303,1,1728.73,498.53,164.28,29.00,1,0,0
303,2,1536.35,508.82,46.15,15.66,1,0,0
303,16,780.19,514.73,21.20,8.40,1,0,0
304,1,1724.53,508.75,160.81,28.11,1,0,0
304,2,1531.25,516.18,44.60,17.01,1,0,0
304,16,773.51,520.48,22.27,8.33,1,0,0
305,1,1717.02,513.97,161.98,29.09,1,0,0
305,2,1525.51,522.43,45.59,15.60,1,0,0
305,16,765.81,523.41,25.74,8.29,1,0,0
306,1,1716.30,515.28,162.83,29.75,1,0,0
306,2,1523.07,521.98,47.30,16.31,1,0,0
306,16,765.22,519.56,23.36,8.26,1,0,0
307,1,1725.53,511.14,162.21,28.40,1,0,0
307,2,1529.59,519.05,47.86,15.36,1,0,0
307,16,769.86,518.41,23.04,8.46,1,0,0
307,3,823.91,521.29,12.45,5.25,1,0,0
307,7,838.65,520.72,11.40,5.70,1,0,0
308,1,1729.29,504.34,164.43,27.52,1,0,0
308,2,1532.76,514.46,48.44,15.50,1,0,0
308,16,772.20,521.31,23.53,9.11,1,0,0
309,1,1728.56,498.53,165.64,28.23,1,0,0
309,2,1532.85,510.05,47.28,15.73,1,0,0
310,1,1724.90,507.95,166.00,28.87,1,0,0
310,2,1529.46,518.87,45.45,15.55,1,0,0
310,3,824.44,529.56,11.71,4.94,1,0,0
310,16,767.70,526.52,22.93,8.76,1,0,0
311,1,1723.48,509.13,164.97,29.81,1,0,0
311,2,1527.33,518.20,46.66,15.51,1,0,0
311,3,820.57,519.87,11.73,5.12,1,0,0
311,16,765.08,517.10,20.76,8.69,1,0,0
311,7,834.22,519.49,12.61,5.60,1,0,0
312,1,1723.62,506.43,166.27,30.27,1,0,0
312,2,1527.15,513.60,47.29,15.90,1,0,0
312,3,821.17,513.29,11.64,5.22,1,0,0
312,16,763.51,510.06,23.87,9.01,1,0,0
313,1,1727.05,506.92,167.67,29.77,1,0,0
313,2,1529.44,515.66,46.96,15.96,1,0,0
313,3,822.54,521.02,12.19,5.36,1,0,0
313,16,764.53,518.67,23.44,9.13,1,0,0
313,7,836.43,520.63,12.32,5.71,1,0,0
314,1,1730.17,510.71,169.38,28.44,1,0,0
314,2,1532.18,521.18,46.22,15.75,1,0,0
314,3,824.22,531.05,11.16,4.71,1,0,0
314,16,765.93,528.56,22.49,8.51,1,0,0
314,7,837.61,530.21,12.11,5.41,1,0,0
315,1,1739.32,505.10,173.90,28.49,1,0,0
315,2,1540.61,515.37,47.27,14.90,1,0,0
315,16,772.87,519.10,21.59,8.31,1,0,0
315,7,844.70,520.90,11.57,5.20,1,0,0
316,1,1750.07,503.98,169.21,29.10,1,0,0
316,2,1550.07,512.59,45.96,14.93,1,0,0
316,16,778.95,510.99,23.29,9.18,1,0,0
316,7,850.52,513.98,11.85,5.43,1,0,0
317,1,1763.38,516.27,156.03,28.67,1,0,0
317,2,1560.85,523.70,47.18,17.02,1,0,0
317,7,859.56,527.41,12.33,5.66,1,0,0
318,1,1772.02,517.00,147.81,27.25,1,0,0
318,2,1566.81,525.01,48.65,16.11,1,0,0
318,7,864.24,532.36,12.05,5.66,1,0,0
318,3,851.01,533.03,11.76,5.03,1,0,0
318,16,792.36,530.17,21.58,8.67,1,0,0
319,1,1774.20,502.11,145.80,26.97,1,0,0
319,2,1567.70,511.83,48.36,15.10,1,0,0
319,7,865.41,520.64,12.13,5.73,1,0,0
319,16,793.18,518.67,22.38,8.78,1,0,0
320,1,1775.27,492.51,144.32,27.73,1,0,0
320,2,1568.42,503.31,48.63,16.15,1,0,0
320,7,865.68,516.25,12.19,6.07,1,0,0
320,16,792.28,514.95,22.77,8.71,1,0,0
320,3,850.89,517.20,12.11,5.27,1,0,0
321,1,1773.28,504.40,146.37,28.46,1,0,0
321,2,1567.86,514.03,47.74,17.16,1,0,0
321,16,812.78,524.60,10.77,5.87,1,0,0
322,1,1768.81,509.57,150.80,29.30,1,0,0
322,2,1563.12,518.31,48.88,16.54,1,0,0
322,16,786.81,520.87,20.55,8.66,1,0,0
322,3,858.61,523.06,13.85,5.82,1,0,0
323,1,1764.21,507.57,155.60,29.74,1,0,0
323,2,1560.45,515.22,48.83,16.17,1,0,0
323,16,782.97,515.01,21.97,8.93,1,0,0
323,3,842.81,518.12,12.26,5.18,1,0,0
323,7,856.49,517.69,12.39,5.51,1,0,0
324,1,1770.61,518.68,149.01,29.42,1,0,0
324,2,1562.86,525.73,50.61,16.07,1,0,0
324,16,785.07,521.40,22.34,9.49,1,0,0
324,3,806.75,524.98,11.59,5.57,1,0,0
324,7,860.10,524.72,12.13,5.53,1,0,0
325,1,1778.03,513.91,141.50,30.16,1,0,0
325,2,1568.96,522.65,49.53,16.93,1,0,0
325,16,787.68,521.33,21.83,9.12,1,0,0
325,3,809.14,524.46,11.70,5.83,1,0,0
325,7,863.12,524.28,12.74,5.73,1,0,0
326,1,1776.31,494.99,143.52,26.85,1,0,0
326,2,1569.44,505.12,47.15,14.92,1,0,0
326,16,786.93,512.44,22.16,9.05,1,0,0
326,7,848.22,514.99,13.08,5.45,1,0,0
327,1,1770.80,495.14,148.63,27.39,1,0,0
327,2,1564.76,505.72,48.64,16.63,1,0,0
327,16,782.29,521.10,22.23,8.92,1,0,0
328,1,1764.96,510.10,154.93,27.66,1,0,0
328,2,1559.72,518.29,48.46,17.15,1,0,0
328,16,777.16,527.56,21.83,8.88,1,0,0
328,3,799.83,530.03,11.35,5.47,1,0,0
328,7,840.46,530.03,12.83,5.19,1,0,0
329,1,1759.28,513.18,160.06,30.01,1,0,0
329,2,1554.90,519.74,48.49,16.35,1,0,0
329,16,771.61,516.58,20.30,8.95,1,0,0
329,18,848.19,519.92,11.89,5.63,1,0,0
329,3,792.31,519.33,10.88,5.38,1,0,0
329,7,834.42,520.14,12.23,5.36,1,0,0
330,1,1749.62,510.40,169.66,30.35,1,0,0
330,2,1547.06,516.70,47.51,15.91,1,0,0
330,16,761.88,512.94,24.18,9.28,1,0,0
331,1,1750.88,513.79,168.57,29.82,1,0,0
331,2,1547.32,522.00,48.71,16.84,1,0,0
331,16,762.79,525.88,22.37,9.36,1,0,0
331,18,840.70,528.56,12.26,5.80,1,0,0
331,7,827.67,529.36,12.13,5.01,1,0,0
332,1,1762.62,509.07,157.38,29.27,1,0,0
332,2,1554.98,518.72,50.27,15.87,1,0,0
333,1,1769.67,511.54,149.90,29.23,1,0,0
333,2,1559.35,519.62,50.06,16.65,1,0,0
334,1,1773.02,511.32,146.75,28.99,1,0,0
334,2,1563.26,519.13,49.15,16.72,1,0,0
334,18,853.40,526.28,11.82,6.31,1,0,0
335,1,1774.21,511.17,145.45,28.35,1,0,0
335,2,1563.25,519.23,50.67,16.93,1,0,0
335,18,854.24,527.37,11.89,6.38,1,0,0
335,16,774.17,525.88,23.83,8.88,1,0,0
336,1,1772.24,499.51,145.96,27.69,1,0,0
336,2,1563.52,509.88,48.17,15.13,1,0,0
336,18,852.21,520.59,11.44,5.40,1,0,0
336,16,771.26,518.19,22.90,9.32,1,0,0
336,3,795.97,520.98,11.68,5.43,1,0,0
336,7,837.68,520.78,12.47,5.34,1,0,0
337,1,1767.36,497.62,152.24,28.26,1,0,0
337,2,1559.63,506.92,48.15,16.02,1,0,0
337,18,848.55,517.30,11.74,5.77,1,0,0
337,16,766.55,515.42,24.22,9.11,1,0,0
337,3,792.65,517.81,11.29,5.78,1,0,0
337,7,833.03,517.72,12.74,5.99,1,0,0
338,1,1760.66,512.73,159.07,28.90,1,0,0
338,2,1553.36,519.28,47.44,17.59,1,0,0
338,16,761.73,520.24,23.10,9.07,1,0,0
339,1,1760.22,516.82,158.94,29.49,1,0,0
339,2,1551.02,522.12,49.65,17.24,1,0,0
339,16,759.34,519.42,22.94,9.50,1,0,0
340,1,1766.90,510.28,152.83,28.17,1,0,0
340,2,1556.01,515.52,50.64,16.13,1,0,0
340,16,761.38,512.75,23.22,8.96,1,0,0
340,18,844.23,515.33,12.02,5.82,1,0,0
341,1,1770.41,508.78,148.77,29.61,1,0,0
341,2,1559.33,517.21,50.58,16.14,1,0,0
341,16,764.33,519.84,22.68,9.34,1,0,0
342,1,1771.74,501.81,147.97,27.76,1,0,0
342,2,1561.26,511.07,48.84,15.69,1,0,0
342,16,763.99,516.95,22.20,8.85,1,0,0
342,3,790.24,519.09,11.81,6.02,1,0,0
342,7,832.03,519.55,12.12,5.59,1,0,0
342,18,846.55,519.00,12.96,5.96,1,0,0
343,1,1769.50,502.93,150.06,28.98,1,0,0
343,2,1556.91,509.75,51.07,17.56,1,0,0
343,16,759.62,512.46,24.24,9.33,1,0,0
343,18,844.75,515.09,12.36,5.74,1,0,0
344,1,1768.47,523.32,150.95,28.92,1,0,0
344,2,1557.60,528.18,50.01,17.60,1,0,0
344,16,758.88,523.26,22.41,9.24,1,0,0
345,1,1777.65,526.15,142.11,29.13,1,0,0
345,2,1565.04,531.51,49.96,16.05,1,0,0
345,16,764.05,525.41,22.22,9.39,1,0,0
345,3,791.19,528.36,12.85,6.03,1,0,0
345,18,848.46,528.94,12.74,5.57,1,0,0
346,1,1786.64,503.36,133.36,27.37,1,0,0
346,2,1573.12,510.75,49.47,15.07,1,0,0
346,16,769.55,509.17,21.81,9.26,1,0,0
346,3,798.71,511.73,11.84,6.13,1,0,0
347,1,1787.86,499.24,131.84,27.11,1,0,0
347,2,1572.90,507.29,57.36,18.52,1,0,0
347,16,767.20,518.61,23.93,9.23,1,0,0
347,3,796.34,520.57,11.90,6.09,1,0,0
347,7,838.30,520.39,14.08,5.43,1,0,0
347,18,854.75,519.95,13.22,5.59,1,0,0
348,1,1791.85,514.60,127.68,29.39,1,0,0
348,2,1578.31,524.59,50.67,17.74,1,0,0
348,16,771.12,533.96,23.64,9.18,1,0,0
348,3,799.77,535.98,12.37,6.39,1,0,0
348,7,842.67,536.54,12.19,5.02,1,0,0
349,1,1794.07,515.97,125.73,29.49,1,0,0
349,2,1579.13,523.78,50.39,15.83,1,0,0
349,16,771.64,519.46,22.31,9.28,1,0,0
349,18,856.37,523.20,11.71,5.30,1,0,0
350,1,1800.87,507.43,118.84,30.24,1,0,0
350,2,1582.21,514.55,51.20,15.49,1,0,0
350,16,774.26,505.69,22.27,8.68,1,0,0
350,18,859.84,509.12,12.05,5.40,1,0,0
350,3,805.19,508.48,12.34,5.93,1,0,0
351,1,1815.75,507.89,104.22,28.48,1,0,0
351,2,1594.92,517.07,50.98,15.64,1,0,0
351,16,783.99,518.49,23.75,9.27,1,0,0
351,18,870.56,520.84,12.81,5.86,1,0,0
351,3,814.57,521.20,12.75,6.26,1,0,0
351,7,855.51,521.22,12.29,5.51,1,0,0
352,1,1827.22,508.50,92.67,29.48,1,0,0
352,2,1605.81,519.79,51.82,16.35,1,0,0
352,16,789.83,528.79,23.92,9.05,1,0,0
352,18,875.82,530.20,12.75,5.83,1,0,0
352,3,820.39,530.89,13.01,6.19,1,0,0
352,7,861.27,531.30,12.83,5.04,1,0,0
353,1,1833.41,508.91,86.46,26.15,1,0,0
353,2,1607.55,516.77,53.15,16.62,1,0,0
353,16,792.95,526.63,23.03,8.69,1,0,0
353,18,879.97,528.27,12.45,5.98,1,0,0
353,3,824.03,529.08,11.15,5.76,1,0,0
353,7,865.83,529.00,12.18,5.33,1,0,0
354,1,1833.37,505.34,86.48,25.95,1,0,0
354,2,1607.74,511.81,52.73,16.73,1,0,0
354,16,792.33,517.02,23.46,9.21,1,0,0
354,18,880.47,519.22,11.55,5.60,1,0,0
354,3,823.60,519.47,11.77,6.10,1,0,0
354,7,865.91,519.68,11.99,5.11,1,0,0
355,1,1829.45,510.49,90.46,26.37,1,0,0
355,2,1604.73,515.77,52.81,17.54,1,0,0
355,16,788.16,519.72,23.95,9.22,1,0,0
355,18,877.67,521.38,11.61,5.46,1,0,0
355,3,820.47,521.56,12.45,6.36,1,0,0
355,7,863.32,521.50,12.05,5.53,1,0,0
356,1,1826.44,511.89,93.42,26.96,1,0,0
356,2,1602.38,518.95,53.58,17.37,1,0,0
356,16,785.52,525.79,23.99,9.31,1,0,0
356,3,817.99,528.17,11.81,6.28,1,0,0
356,7,860.00,527.53,12.27,5.87,1,0,0
357,1,1823.54,502.48,96.43,28.27,1,0,0
357,2,1600.66,512.03,52.21,16.14,1,0,0
357,16,782.45,518.72,22.61,9.13,1,0,0
357,3,814.85,520.62,12.44,6.23,1,0,0
358,1,1815.70,499.65,104.22,29.98,1,0,0
358,2,1594.47,508.75,51.95,17.18,1,0,0
358,16,775.49,514.18,24.65,8.86,1,0,0
359,1,1808.84,508.81,110.92,30.88,1,0,0
359,2,1586.04,516.95,52.93,18.50,1,0,0
359,16,768.90,520.14,23.46,9.35,1,0,0
359,7,858.58,522.47,12.99,6.05,1,0,0
360,1,1810.15,516.59,109.64,29.92,1,0,0
360,2,1586.26,521.75,54.51,17.94,1,0,0
360,16,768.32,518.95,23.03,9.22,1,0,0
360,3,801.94,521.42,12.62,6.41,1,0,0
361,1,1810.93,518.80,108.88,29.22,1,0,0
361,2,1588.93,524.23,53.07,17.33,1,0,0
361,16,767.03,522.85,23.76,9.05,1,0,0
361,7,858.76,525.19,12.99,5.79,1,0,0
362,1,1810.58,506.90,109.40,26.88,1,0,0
362,2,1587.22,516.48,53.23,17.12,1,0,0
362,16,766.29,528.26,23.30,9.10,1,0,0
362,7,857.89,529.67,12.80,5.78,1,0,0
362,18,843.84,530.48,11.72,5.29,1,0,0
362,3,799.60,529.80,13.86,6.99,1,0,0
363,1,1806.24,493.56,113.61,29.82,1,0,0
363,2,1584.96,507.91,51.59,16.45,1,0,0
363,16,762.34,526.50,24.35,8.97,1,0,0
363,7,854.83,527.07,12.64,6.50,1,0,0
363,3,796.68,528.30,13.29,6.45,1,0,0
364,1,1797.83,501.85,121.95,30.50,1,0,0
364,2,1578.24,511.23,53.79,19.38,1,0,0
364,16,757.80,524.04,24.39,9.69,1,0,0
365,1,1791.43,520.10,128.19,30.73,1,0,0
365,2,1570.82,525.48,52.19,19.29,1,0,0
365,16,749.12,524.07,26.29,9.55,1,0,0
366,1,1790.78,524.32,128.98,31.13,1,0,0
366,2,1567.44,529.09,53.36,17.88,1,0,0
366,16,744.97,522.52,25.32,9.45,1,0,0
367,1,1787.41,508.57,132.42,28.66,1,0,0
367,2,1567.79,516.81,51.17,15.67,1,0,0
367,16,742.83,515.92,24.94,8.98,1,0,0
367,18,822.81,518.76,12.18,5.09,1,0,0
367,7,837.01,518.26,12.22,5.47,1,0,0
367,3,779.88,518.25,12.46,6.09,1,0,0
368,1,1793.69,494.96,126.17,29.89,1,0,0
368,2,1572.17,506.71,51.76,16.86,1,0,0
368,16,745.81,518.77,24.05,9.22,1,0,0
368,18,825.35,520.26,12.54,5.32,1,0,0
368,7,841.08,519.70,11.69,5.52,1,0,0
368,3,783.22,520.02,12.66,6.78,1,0,0
369,1,1797.26,497.31,122.64,30.39,1,0,0
369,2,1574.93,507.93,53.58,17.59,1,0,0
369,16,746.81,518.84,25.64,8.71,1,0,0
369,18,827.70,520.35,12.75,5.58,1,0,0
369,7,842.67,519.98,12.10,5.61,1,0,0
369,3,785.46,519.97,14.53,6.89,1,0,0
370,1,1796.88,506.97,122.93,29.89,1,0,0
370,2,1574.44,514.81,55.35,17.38,1,0,0
370,16,747.35,518.52,24.99,7.82,1,0,0
370,18,828.41,519.83,12.51,5.67,1,0,0
370,7,843.77,519.60,11.81,5.79,1,0,0
370,3,786.04,519.02,13.12,6.80,1,0,0
371,1,1799.99,509.03,119.96,30.48,1,0,0
371,2,1576.24,516.08,54.39,17.28,1,0,0
371,16,746.67,516.19,25.69,8.39,1,0,0
371,18,829.73,518.48,11.77,5.74,1,0,0
371,7,843.76,518.26,11.87,5.90,1,0,0
371,3,786.23,517.65,12.66,6.59,1,0,0
372,1,1803.08,502.07,116.81,30.05,1,0,0
372,2,1579.03,510.16,54.81,17.47,1,0,0
372,16,748.23,512.09,25.02,9.42,1,0,0
372,7,845.12,513.92,12.94,6.04,1,0,0
373,1,1808.09,510.70,111.76,30.01,1,0,0
373,2,1583.75,519.25,53.92,18.17,1,0,0
373,16,752.19,523.25,23.19,9.15,1,0,0
374,1,1811.95,512.22,107.79,28.86,1,0,0
374,2,1586.12,520.00,54.68,17.57,1,0,0
374,16,752.01,523.90,24.35,9.25,1,0,0
375,1,1818.21,509.12,101.72,27.69,1,0,0
375,2,1591.87,515.74,53.19,17.24,1,0,0
375,16,754.74,517.74,25.03,9.30,1,0,0
375,18,838.11,520.22,12.11,5.54,1,0,0
375,3,795.64,519.92,12.17,6.42,1,0,0
375,7,853.09,520.09,12.50,5.62,1,0,0
376,1,1825.17,521.24,94.75,26.36,1,0,0
376,2,1596.35,525.13,55.03,18.19,1,0,0
376,16,757.36,526.62,25.84,9.89,1,0,0
376,21,1138.61,534.78,5.36,8.27,1,3,0
376,18,841.84,529.65,12.67,5.40,1,0,0
376,3,799.57,529.10,12.19,6.43,1,0,0
376,7,856.84,529.36,12.96,5.75,1,0,0
377,1,1832.19,510.84,87.58,28.33,1,0,0
377,2,1602.14,518.88,53.00,16.67,1,0,0
377,16,761.03,519.89,23.67,9.31,1,0,0
377,7,858.38,522.77,12.95,5.92,1,0,0
378,1,1837.17,506.26,82.83,26.37,1,0,0
378,2,1605.28,511.47,53.61,17.80,1,0,0
378,16,763.62,515.17,23.19,9.13,1,0,0
378,7,862.23,517.85,13.36,5.66,1,0,0
378,18,848.27,517.96,11.96,5.52,1,0,0
378,3,804.56,517.37,11.43,6.14,1,0,0
379,1,1848.41,520.51,71.51,25.65,1,0,0
379,2,1612.91,525.10,55.49,18.11,1,0,0
379,16,769.17,527.40,25.63,9.94,1,0,0
379,7,868.60,530.35,12.75,5.70,1,0,0
379,18,853.11,530.98,13.09,5.17,1,0,0
379,3,811.01,530.03,12.63,6.39,1,0,0
380,1,1849.71,516.07,70.18,26.09,1,0,0
380,2,1616.83,522.13,54.51,17.42,1,0,0
380,18,856.46,527.49,11.59,5.92,1,0,0
380,3,813.99,527.13,11.23,6.13,1,0,0
381,1,1843.67,497.56,76.33,25.79,1,0,0
381,2,1609.31,506.59,55.89,16.42,1,0,0
381,18,851.45,519.38,11.78,4.78,1,0,0
381,3,808.66,518.85,11.41,6.26,1,0,0
381,16,765.60,516.53,27.07,9.57,1,0,0
381,7,865.45,518.50,12.64,5.47,1,0,0
382,1,1838.26,500.56,81.74,27.25,1,0,0
382,2,1604.50,510.53,54.04,18.73,1,0,0
382,3,801.33,528.59,12.94,6.46,1,0,0
382,16,758.16,526.20,26.01,10.61,1,0,0
382,7,860.82,527.57,12.43,6.18,1,0,0
383,1,1839.22,514.08,80.78,26.62,1,0,0
383,2,1604.75,520.23,54.48,18.33,1,0,0
383,3,800.07,527.90,13.78,6.61,1,0,0
383,16,758.56,525.21,25.18,9.69,1,0,0
384,1,1850.65,513.02,69.35,27.84,1,0,0
384,2,1604.29,517.69,55.01,17.06,1,0,0
384,3,798.17,511.95,13.30,6.42,1,0,0
384,16,754.98,509.00,26.52,9.61,1,0,0
384,18,843.95,513.34,11.09,4.74,1,0,0
385,1,1826.85,501.05,93.12,28.21,1,0,0
385,2,1595.25,508.61,56.06,16.89,1,0,0
385,16,745.11,513.11,27.83,10.07,1,0,0
385,18,849.52,515.11,12.99,6.03,1,0,0
386,1,1822.89,500.20,97.11,26.71,1,0,0
386,2,1590.66,509.58,56.06,17.36,1,0,0
386,16,741.93,523.88,27.95,10.10,1,0,0
387,1,1817.45,500.08,102.55,26.71,1,0,0
387,2,1586.32,506.53,54.88,18.44,1,0,0
387,16,738.05,517.11,27.59,10.13,1,0,0
387,7,843.73,519.70,11.63,5.60,1,0,0
387,3,784.04,519.65,13.96,7.12,1,0,0
387,18,828.46,519.88,12.00,5.37,1,0,0
388,1,1819.14,502.74,100.86,29.92,1,0,0
388,2,1582.12,511.35,54.87,17.89,1,0,0
388,16,732.02,516.91,28.64,9.77,1,0,0
388,7,839.71,519.73,12.86,5.93,1,0,0
388,3,779.44,519.40,13.57,6.91,1,0,0
388,18,823.89,519.82,12.92,5.81,1,0,0
389,1,1805.94,512.79,113.80,31.27,1,0,0
389,2,1574.70,521.18,53.68,17.75,1,0,0
389,16,724.23,520.02,29.02,9.69,1,0,0
390,1,1818.05,513.44,101.85,30.72,1,0,0
390,2,1571.07,520.26,54.94,16.81,1,0,0
390,16,719.92,514.82,27.69,9.98,1,0,0
390,7,827.10,518.95,12.21,5.51,1,0,0
390,3,766.95,517.87,12.12,6.24,1,0,0
390,18,812.46,519.16,11.52,5.25,1,0,0
391,1,1817.06,511.86,102.91,31.91,1,0,0
391,2,1568.36,520.67,53.84,16.95,1,0,0
391,16,714.92,518.99,28.72,9.95,1,0,0
391,3,763.40,521.36,12.20,6.39,1,0,0
392,1,1805.13,504.46,114.81,29.69,1,0,0
392,2,1566.41,516.54,52.37,15.72,1,0,0
392,16,711.61,523.79,28.61,9.90,1,0,0
392,3,762.01,525.12,12.81,6.71,1,0,0
392,18,806.64,525.39,11.37,5.25,1,0,0
393,1,1794.42,503.23,125.21,30.36,1,0,0
393,2,1566.93,514.53,52.74,17.26,1,0,0
393,16,712.27,526.78,28.06,10.18,1,0,0
393,3,760.22,528.45,14.00,7.02,1,0,0
393,22,1610.94,526.52,6.15,10.02,1,3,0
393,18,806.24,528.86,11.84,5.50,1,0,0
394,1,1811.58,505.96,108.42,31.78,1,0,0
394,2,1564.55,517.48,54.63,17.53,1,0,0
394,16,707.08,525.36,26.55,9.69,1,0,0
394,3,758.28,526.86,13.64,6.99,1,0,0
394,22,1611.14,531.40,5.58,8.33,1,3,0
395,1,1804.48,499.01,115.52,31.40,1,0,0
395,2,1556.95,509.59,54.38,15.97,1,0,0
395,16,699.62,510.73,26.22,10.13,1,0,0
395,3,724.57,511.73,13.93,7.55,1,0,0
395,7,796.49,513.50,12.59,5.26,1,0,0
395,18,751.92,512.97,13.24,6.65,1,0,0
396,1,1792.52,510.04,127.35,30.72,1,0,0
396,2,1552.76,519.16,52.09,17.90,1,0,0
396,16,694.06,521.49,25.85,10.14,1,0,0
396,7,806.65,524.28,12.04,5.20,1,0,0
397,1,1792.07,519.39,127.65,29.82,1,0,0
397,2,1551.21,525.84,54.56,18.00,1,0,0
397,16,692.34,529.20,27.91,8.65,1,0,0
397,7,805.60,530.15,12.14,5.88,1,0,0
397,3,718.51,529.04,11.82,7.25,1,0,0
397,18,745.77,529.76,13.27,6.84,1,0,0
398,1,1789.24,501.46,130.57,29.64,1,0,0
398,2,1546.58,511.09,53.98,15.78,1,0,0
398,16,687.41,512.13,25.75,9.66,1,0,0
398,7,801.28,514.20,13.06,5.80,1,0,0
399,1,1789.01,500.33,130.75,31.54,1,0,0
399,2,1543.97,511.71,55.29,17.01,1,0,0
399,16,683.83,517.41,28.03,9.46,1,0,0
399,7,799.28,518.64,13.26,5.62,1,0,0
399,22,1598.29,525.04,5.97,10.04,1,3,0
399,3,711.67,518.29,11.62,6.91,1,0,0
399,18,736.74,518.31,15.22,7.05,1,0,0
400,1,1784.26,511.47,135.47,29.91,1,0,0
400,2,1544.26,520.31,52.78,17.80,1,0,0
400,16,682.64,524.82,26.96,9.51,1,0,0
400,3,710.11,525.47,13.18,7.55,1,0,0
401,1,1792.94,514.30,126.91,31.39,1,0,0
401,2,1552.35,522.31,53.33,17.01,1,0,0
401,16,687.12,520.26,27.52,9.74,1,0,0
401,3,715.14,521.87,12.70,7.18,1,0,0
401,21,1083.38,531.08,4.92,8.31,1,3,0
401,7,803.50,523.72,13.55,5.89,1,0,0
402,1,1815.32,512.18,104.52,30.92,1,0,0
402,2,1563.73,519.68,56.17,17.57,1,0,0
402,16,695.74,519.04,28.14,7.96,1,0,0
402,3,723.56,518.82,13.65,7.37,1,0,0
402,7,793.64,520.62,14.97,6.47,1,0,0
402,18,751.72,520.29,14.60,6.89,1,0,0
403,1,1828.77,509.08,91.23,30.19,1,0,0
403,2,1576.41,518.61,55.37,17.81,1,0,0
403,16,707.83,524.72,27.46,10.99,1,0,0
403,3,735.28,526.83,13.86,7.65,1,0,0
403,7,808.75,527.46,12.70,5.98,1,0,0
403,18,764.59,527.20,13.17,6.63,1,0,0
404,1,1839.33,504.69,80.67,28.66,1,0,0
404,2,1586.01,515.53,54.91,17.00,1,0,0
404,16,712.56,527.88,26.75,8.58,1,0,0
404,3,739.97,527.63,13.96,7.42,1,0,0
404,7,813.66,528.67,12.63,5.89,1,0,0
404,18,768.65,528.33,14.07,6.72,1,0,0
404,22,1646.76,529.06,5.33,8.11,1,3,0
405,1,1841.38,495.98,78.62,28.90,1,0,0
405,2,1586.30,506.23,56.65,17.07,1,0,0
405,16,712.53,515.21,26.90,8.63,1,0,0
405,3,741.03,515.40,12.54,7.06,1,0,0
405,18,770.74,516.29,12.63,6.19,1,0,0
405,22,1648.60,520.78,5.42,8.55,1,3,0
406,1,1842.73,506.54,77.26,28.68,1,0,0
406,2,1586.50,513.72,58.56,19.85,1,0,0
406,16,712.24,518.98,27.27,9.98,1,0,0
406,3,741.42,519.54,14.12,7.67,1,0,0
406,18,770.57,519.98,14.27,7.25,1,0,0
406,7,816.15,520.86,11.90,5.69,1,0,0
407,1,1847.41,513.31,72.50,30.75,1,0,0
407,2,1587.79,521.54,56.70,19.12,1,0,0
407,16,710.31,527.27,28.46,8.06,1,0,0
407,3,740.51,527.06,14.59,7.36,1,0,0
407,18,771.03,527.79,12.92,6.73,1,0,0
407,27,830.55,528.09,12.78,6.31,1,0,0
407,7,815.16,528.47,12.89,5.94,1,0,0
408,1,1843.16,507.60,76.54,28.59,1,0,0
408,2,1588.44,516.16,55.56,17.57,1,0,0
408,16,709.32,523.26,27.31,7.55,1,0,0
408,7,813.46,523.20,13.09,5.65,1,0,0
409,1,1841.59,503.05,78.22,29.10,1,0,0
409,2,1586.31,511.98,55.83,18.04,1,0,0
409,16,706.47,521.81,27.74,7.45,1,0,0
409,7,812.54,521.09,12.30,5.81,1,0,0
409,3,736.51,520.95,15.57,6.93,1,0,0
409,18,767.70,520.96,12.58,6.47,1,0,0
409,27,827.75,521.02,12.30,5.77,1,0,0
410,1,1837.35,507.48,82.65,29.68,1,0,0
410,2,1582.92,516.29,55.91,17.97,1,0,0
410,16,702.05,523.08,27.67,7.79,1,0,0
410,7,808.73,523.73,12.49,5.64,1,0,0
410,18,763.90,523.45,12.17,6.13,1,0,0
411,1,1836.80,500.24,83.09,28.98,1,0,0
411,2,1580.10,508.08,55.41,17.26,1,0,0
411,16,697.34,510.94,28.63,8.40,1,0,0
411,21,1119.56,518.43,5.88,9.50,1,3,0
411,3,728.17,510.62,15.81,7.54,1,0,0
411,27,820.87,512.02,11.79,5.40,1,0,0
412,1,1840.99,501.12,78.97,29.62,1,0,0
412,2,1583.07,509.36,54.41,18.44,1,0,0
412,16,701.09,514.06,25.94,8.84,1,0,0
412,3,730.79,514.05,15.47,7.73,1,0,0
412,27,822.01,514.82,12.97,5.96,1,0,0
413,1,1853.83,520.40,66.00,28.36,1,0,0
413,2,1591.84,526.07,57.98,18.73,1,0,0
413,16,705.03,526.44,27.56,10.14,1,0,0
413,3,736.95,528.11,15.73,7.16,1,0,0
413,27,828.60,529.32,12.92,5.58,1,0,0
413,7,811.96,529.63,12.23,5.24,1,0,0
413,18,766.89,528.75,14.04,6.43,1,0,0
414,1,1869.07,519.90,50.87,28.41,1,0,0
414,2,1602.59,526.10,57.87,17.31,1,0,0
414,16,713.42,526.03,28.14,8.47,1,0,0
415,1,1876.84,495.13,43.10,32.01,1,0,0
415,2,1609.53,507.38,57.96,17.75,1,0,0
415,16,717.92,514.59,27.50,7.80,1,0,0
415,3,750.36,513.68,17.35,7.23,1,0,0
415,27,842.57,514.65,12.50,5.77,1,0,0
415,7,827.23,514.72,11.74,5.84,1,0,0
416,1,1886.02,491.71,33.79,33.50,1,0,0
416,2,1611.55,505.55,58.59,18.66,1,0,0
416,16,718.33,519.65,29.46,7.74,1,0,0
416,3,752.36,518.51,17.01,7.17,1,0,0
416,27,845.68,518.55,13.20,5.70,1,0,0
416,7,829.24,518.68,12.41,5.83,1,0,0
416,18,783.12,518.67,12.58,6.66,1,0,0
417,1,1884.59,500.32,35.27,32.78,1,0,0
417,2,1610.79,513.00,59.20,18.54,1,0,0
417,16,717.20,524.95,28.01,7.40,1,0,0
417,3,750.86,523.63,18.67,7.22,1,0,0
417,22,1695.67,527.76,5.51,9.54,1,3,0
417,21,1145.40,525.95,6.06,11.00,1,3,0
418,1,1879.37,504.16,40.48,33.66,1,0,0
418,2,1608.96,516.88,59.30,18.58,1,0,0
418,16,713.60,525.08,29.27,7.77,1,0,0
418,22,1694.84,531.75,6.06,9.33,1,3,0
418,21,1145.21,529.10,5.89,9.87,1,3,0
419,1,1887.93,521.84,31.74,31.20,1,0,0
419,2,1616.71,528.44,55.70,19.42,1,0,0
419,16,716.46,527.18,28.93,7.51,1,0,0
419,27,843.71,528.37,13.62,6.03,1,0,0
419,7,828.60,528.65,13.30,5.76,1,0,0
419,3,752.16,526.74,17.90,7.42,1,0,0
420,2,1624.81,524.03,59.58,18.12,1,0,0
420,27,850.45,526.48,14.44,6.46,1,0,0
420,3,758.74,524.68,17.92,7.68,1,0,0
421,2,1632.07,505.82,59.45,17.59,1,0,0
421,27,855.84,518.94,12.97,6.20,1,0,0
421,3,763.50,518.97,18.07,7.39,1,0,0
421,18,795.70,519.03,14.28,7.29,1,0,0
421,16,726.68,520.18,29.13,7.44,1,0,0
421,7,840.75,519.12,11.96,6.10,1,0,0
422,2,1631.89,505.35,61.08,19.61,1,0,0
422,27,857.93,524.93,13.28,6.06,1,0,0
422,3,765.21,525.71,16.91,7.43,1,0,0
422,16,728.41,527.87,28.95,7.64,1,0,0
423,2,1629.72,511.69,60.01,19.61,1,0,0
423,3,761.50,522.14,17.01,6.92,1,0,0
423,22,1726.53,526.71,5.06,10.76,1,3,0
423,18,793.70,521.39,12.41,6.94,1,0,0
424,2,1624.99,516.77,60.67,18.90,1,0,0
424,3,757.93,519.35,18.02,7.12,1,0,0
424,18,790.56,519.33,12.68,6.84,1,0,0
424,21,1157.16,526.58,5.34,9.16,1,3,0
424,7,835.55,520.09,11.71,5.96,1,0,0
424,27,850.64,520.10,12.52,5.92,1,0,0
424,16,718.64,519.73,30.03,7.47,1,0,0
425,2,1628.30,519.16,58.61,18.65,1,0,0
425,3,756.97,520.59,18.23,6.99,1,0,0
425,18,790.92,520.80,12.55,6.75,1,0,0
425,7,834.76,521.44,12.41,6.22,1,0,0
425,27,850.60,521.64,12.38,5.93,1,0,0
425,16,718.39,521.29,29.56,7.24,1,0,0
426,2,1629.09,511.25,60.42,18.21,1,0,0
426,3,757.99,516.96,18.22,7.03,1,0,0
426,18,791.66,517.19,12.49,6.55,1,0,0
426,7,835.57,517.69,12.14,5.89,1,0,0
426,27,851.86,517.52,11.95,5.69,1,0,0
426,16,719.18,517.43,29.30,7.51,1,0,0
426,22,1730.47,527.36,6.82,11.37,1,3,0
427,2,1625.54,492.38,58.36,17.89,1,0,0
427,16,713.42,503.96,29.44,7.46,1,0,0
428,2,1619.96,487.43,60.09,18.77,1,0,0
428,21,1153.99,501.72,5.90,9.16,1,3,0
428,3,749.82,497.37,18.00,7.41,1,0,0
428,18,783.64,497.52,12.30,6.75,1,0,0
428,7,843.99,497.63,12.57,6.42,1,0,0
429,2,1617.99,486.44,61.16,18.53,1,0,0
429,21,1152.92,496.39,5.85,9.70,1,3,0
429,3,747.15,489.49,18.88,7.32,1,0,0
429,7,842.74,490.88,11.32,5.42,1,0,0
429,27,826.30,490.64,11.82,5.68,1,0,0
429,16,707.25,490.51,29.53,8.07,1,0,0
430,2,1622.09,474.64,57.04,16.49,1,0,0
430,3,747.35,473.51,17.89,7.24,1,0,0
430,16,707.09,475.24,28.50,7.11,1,0,0
431,2,1622.19,452.63,56.85,17.50,1,0,0
431,3,745.69,458.63,18.79,6.95,1,0,0
431,16,704.93,460.42,29.67,8.17,1,0,0
431,18,780.34,459.12,11.06,6.14,1,0,0
431,7,841.19,459.14,11.45,5.52,1,0,0
431,27,825.82,459.20,11.59,5.30,1,0,0
432,2,1621.64,450.76,58.48,17.87,1,0,0
432,3,745.74,460.44,18.90,7.08,1,0,0
432,16,703.89,461.75,31.03,7.97,1,0,0
432,18,781.09,460.12,11.47,6.68,1,0,0
432,7,841.04,460.07,12.51,6.34,1,0,0
432,27,825.33,460.53,12.42,5.81,1,0,0
432,22,1729.24,464.80,5.56,10.71,1,3,0
433,2,1622.50,454.73,58.06,17.75,1,0,0
433,3,746.25,461.15,18.12,7.42,1,0,0
433,16,703.48,463.21,31.15,7.96,1,0,0
433,18,780.89,460.95,11.55,7.01,1,0,0
433,7,840.01,461.37,13.35,6.58,1,0,0
433,27,824.86,461.98,12.55,6.41,1,0,0
433,22,1730.96,467.95,6.29,11.45,1,3,0
433,21,1153.34,467.31,5.20,8.68,1,3,0
434,2,1622.63,454.61,57.33,18.21,1,0,0
434,3,744.83,457.58,18.55,7.32,1,0,0
434,16,702.43,458.92,30.89,7.81,1,0,0
434,18,778.73,458.05,11.45,6.59,1,0,0
434,7,839.40,458.47,13.10,6.07,1,0,0
434,27,823.68,458.64,12.58,5.89,1,0,0
434,22,1731.58,469.76,6.05,10.40,1,3,0
434,21,1153.51,465.65,5.29,9.10,1,3,0
435,2,1619.76,447.88,60.68,17.80,1,0,0
435,22,1734.69,463.57,6.75,11.03,1,3,0
435,21,1152.96,457.71,6.09,10.76,1,3,0
436,2,1618.69,447.43,60.62,19.30,1,0,0
436,22,1734.66,463.87,6.24,10.56,1,3,0
436,21,1153.26,460.41,5.34,9.20,1,3,0
436,3,744.51,457.83,16.51,7.38,1,0,0
436,16,700.87,458.91,30.75,8.60,1,0,0
436,18,778.58,458.01,10.69,6.60,1,0,0
436,7,839.32,457.91,12.48,6.08,1,0,0
436,27,823.27,458.41,12.11,5.60,1,0,0
437,2,1620.80,468.50,58.38,20.00,1,0,0
437,22,1736.85,486.18,4.70,7.48,1,3,0
437,16,701.00,476.36,29.55,7.97,1,0,0
438,2,1624.24,479.96,58.06,18.27,1,0,0
438,16,702.26,478.83,31.20,7.80,1,0,0
439,2,1625.51,475.00,59.28,18.11,1,0,0
439,16,702.52,471.60,31.97,7.94,1,0,0
439,3,747.20,470.84,19.56,7.67,1,0,0
439,18,781.41,471.56,13.78,6.86,1,0,0
439,7,841.28,472.66,14.45,6.06,1,0,0
439,27,826.12,472.45,12.12,5.77,1,0,0
439,22,1743.04,490.39,5.88,11.04,1,3,0
440,2,1627.29,475.00,58.93,18.63,1,0,0
440,16,704.03,481.30,30.60,7.97,1,0,0
440,3,748.40,479.74,19.38,7.54,1,0,0
440,18,782.83,480.31,12.25,6.56,1,0,0
440,7,844.92,480.52,12.69,5.97,1,0,0
440,27,828.47,481.00,11.51,5.39,1,0,0
440,22,1745.28,487.70,6.71,13.77,1,3,0
441,2,1628.56,481.60,60.61,18.47,1,0,0
441,16,703.74,496.77,30.78,7.78,1,0,0
441,3,750.11,495.12,17.47,7.41,1,0,0
441,18,783.51,494.77,12.66,6.91,1,0,0
441,7,844.90,494.67,13.02,6.12,1,0,0
441,27,829.32,495.31,11.65,5.38,1,0,0
442,2,1628.81,483.60,58.50,18.14,1,0,0
442,3,747.49,497.54,18.95,7.43,1,0,0
442,18,781.36,497.48,13.05,6.91,1,0,0
442,7,842.74,497.51,13.17,6.33,1,0,0
443,2,1623.39,485.89,60.80,20.05,1,0,0
443,3,744.28,492.34,18.63,7.38,1,0,0
443,18,778.41,492.93,12.53,6.43,1,0,0
443,7,840.20,492.82,12.41,6.54,1,0,0
443,16,698.58,493.01,31.56,8.22,1,0,0
443,27,823.67,493.04,13.21,6.17,1,0,0
444,2,1624.51,487.68,60.79,18.43,1,0,0
444,3,744.45,483.97,19.33,7.43,1,0,0
444,18,779.92,484.81,13.12,6.39,1,0,0
444,7,839.70,485.41,12.68,6.11,1,0,0
444,16,699.21,484.80,31.01,7.72,1,0,0
444,27,824.39,485.41,12.50,5.62,1,0,0
444,21,1155.91,494.26,5.69,10.04,1,3,0
445,2,1628.05,487.52,59.82,19.17,1,0,0
445,3,747.14,486.62,20.19,7.44,1,0,0
445,7,842.33,488.13,12.22,5.94,1,0,0
445,16,699.51,487.04,32.98,7.99,1,0,0
445,27,826.02,488.18,12.40,5.62,1,0,0
445,21,1157.24,496.07,5.46,9.90,1,3,0
446,2,1630.37,490.29,60.95,18.34,1,0,0
446,22,1756.28,504.95,6.39,11.48,1,3,0
447,2,1629.68,487.81,62.65,18.84,1,0,0
447,16,700.72,503.43,32.17,7.84,1,0,0
448,2,1629.40,490.21,62.34,18.66,1,0,0
448,16,697.75,502.58,33.08,8.04,1,0,0
449,2,1629.99,490.97,64.20,19.45,1,0,0
449,16,697.03,493.42,33.02,7.97,1,0,0
449,18,781.76,493.07,12.41,6.56,1,0,0
449,3,746.26,492.33,19.62,7.32,1,0,0
449,7,841.83,493.32,12.60,6.19,1,0,0
449,27,824.66,493.55,13.15,5.85,1,0,0
449,22,1762.41,509.41,5.36,8.94,1,3,0
450,2,1630.08,498.79,60.31,18.28,1,0,0
450,21,1159.66,508.31,5.30,9.26,1,3,0
451,2,1627.30,501.90,60.41,18.93,1,0,0
451,16,691.69,509.50,33.59,8.35,1,0,0
451,18,775.42,509.03,14.44,6.47,1,0,0
451,3,742.17,508.75,18.55,7.06,1,0,0
451,7,838.53,509.00,11.72,5.83,1,0,0
451,27,820.88,509.05,12.73,5.63,1,0,0
452,2,1626.66,496.95,60.23,18.02,1,0,0
452,16,691.89,504.64,32.76,8.09,1,0,0
452,18,776.62,504.61,12.87,6.41,1,0,0
452,3,743.42,504.11,16.96,6.87,1,0,0
452,7,838.38,504.13,11.65,6.24,1,0,0
452,27,822.58,504.47,12.22,5.95,1,0,0
452,22,1763.30,511.34,6.34,11.91,1,3,0
453,2,1634.86,493.72,60.67,18.97,1,0,0
453,16,695.25,494.68,33.90,8.48,1,0,0
453,18,781.67,495.16,12.95,6.63,1,0,0
453,3,748.24,494.44,18.84,7.24,1,0,0
453,7,843.29,495.46,12.36,6.19,1,0,0
453,27,826.45,495.36,12.15,6.18,1,0,0
454,2,1644.24,500.01,61.69,18.55,1,0,0
454,21,1167.79,508.46,5.80,9.25,1,3,0
455,2,1651.25,504.73,61.83,18.20,1,0,0
455,16,706.73,512.07,33.31,8.78,1,0,0
455,18,793.12,511.46,13.28,6.48,1,0,0
456,2,1663.55,508.34,64.13,17.88,1,0,0
456,16,713.86,520.19,33.78,7.96,1,0,0
456,18,798.68,518.82,12.99,6.78,1,0,0
456,3,764.90,518.71,19.09,7.52,1,0,0
456,7,860.82,519.43,12.62,5.79,1,0,0
456,27,843.35,519.51,13.27,5.54,1,0,0
457,2,1686.55,510.33,68.08,17.13,1,0,0
457,16,733.22,512.21,34.53,9.53,1,0,0
457,18,820.16,513.59,15.09,6.72,1,0,0
457,3,784.06,511.80,23.68,8.50,1,0,0
457,7,865.61,513.66,12.48,5.72,1,0,0
458,2,1728.25,519.37,71.54,16.07,1,0,0
458,16,762.47,501.68,36.29,8.66,1,0,0
458,7,895.70,504.71,13.90,6.09,1,0,0
458,27,911.37,504.17,15.36,6.71,1,0,0
459,2,1785.23,521.46,65.68,17.26,1,0,0
460,18,844.36,508.24,34.37,8.96,1,0,0
460,7,895.78,508.14,22.81,8.63,1,0,0
460,27,993.89,512.36,12.65,5.25,1,0,0
461,18,890.73,517.30,36.09,8.33,1,0,0
461,7,971.84,518.64,11.95,5.93,1,0,0
461,27,1022.06,519.56,13.59,5.22,1,0,0
461,21,1040.20,519.98,11.61,5.25,1,0,0
461,3,943.45,517.09,21.01,7.50,1,0,0
462,18,935.63,505.27,43.38,9.80,1,0,0
462,7,1031.27,506.60,13.78,6.41,1,0,0
462,27,1093.05,507.18,13.14,6.22,1,0,0
462,21,1077.25,507.12,12.28,5.87,1,0,0
462,3,996.95,504.93,21.10,7.67,1,0,0
463,18,990.40,506.23,37.51,7.97,1,0,0
463,7,1077.29,506.61,12.88,5.79,1,0,0
463,27,1123.54,508.12,15.10,4.88,1,0,0
463,21,1089.67,507.11,10.43,5.62,1,0,0
463,3,1045.83,505.45,17.37,6.64,1,0,0
464,18,1051.63,516.43,35.72,8.62,1,0,0
464,7,1127.25,517.15,13.43,6.03,1,0,0
464,27,1186.47,519.37,12.53,4.84,1,0,0
464,21,1140.99,517.69,12.18,5.93,1,0,0
464,3,1105.84,516.19,20.35,7.23,1,0,0
464,28,1203.47,518.97,14.44,5.73,1,0,0
465,21,1173.51,520.64,13.95,6.38,1,0,0
465,3,1115.54,519.18,42.00,8.80,1,0,0
465,28,1187.13,521.14,12.60,6.07,1,0,0
466,21,1248.78,507.70,15.53,6.75,1,0,0
466,28,1186.98,507.58,38.45,8.39,1,0,0
466,27,1344.63,509.32,14.53,6.38,1,0,0
467,21,1251.38,506.81,38.17,8.62,1,0,0
467,27,1314.65,506.94,13.08,6.44,1,0,0
468,21,1321.28,521.21,43.97,9.06,1,0,0
468,27,1385.49,520.51,20.57,7.40,1,0,0
469,21,1382.64,532.98,45.10,9.20,1,0,0
469,27,1447.09,532.41,22.48,7.83,1,0,0
470,21,1448.51,520.05,43.17,9.98,1,0,0
470,27,1515.68,519.29,21.65,8.08,1,0,0
470,29,1555.92,520.94,12.93,6.19,1,0,0
470,30,1611.57,520.97,13.74,7.13,1,0,0
470,22,1629.55,521.32,16.28,7.29,1,0,0
471,27,1570.18,496.97,20.90,7.61,1,0,0
471,30,1668.23,496.87,14.23,7.29,1,0,0
471,22,1690.26,496.40,15.73,7.61,1,0,0
472,30,1664.48,493.15,12.36,6.13,1,0,0
472,29,1549.69,493.27,51.29,9.57,1,0,0
473,30,1713.02,505.77,15.98,7.08,1,0,0
473,29,1596.38,504.44,49.54,12.06,1,0,0
473,27,1669.03,504.88,23.10,8.79,1,0,0
473,22,1777.78,506.02,15.40,8.05,1,0,0
474,30,1751.68,530.39,16.57,7.46,1,0,0
474,29,1631.58,527.16,49.32,12.42,1,0,0
474,31,1821.28,532.22,13.87,6.45,1,0,0
474,27,1704.29,528.09,22.77,9.28,1,0,0
474,22,1813.24,530.92,13.33,7.71,1,0,0
474,1,1841.82,531.84,17.69,8.08,1,0,0
475,30,1784.10,533.44,17.36,8.48,1,0,0
475,29,1660.29,531.85,56.48,12.03,1,0,0
475,27,1734.27,532.16,27.17,9.50,1,0,0
475,22,1852.67,535.26,15.83,8.06,1,0,0
475,1,1872.51,535.80,23.83,8.13,1,0,0
476,30,1809.61,510.13,17.80,7.09,1,0,0
476,29,1689.71,510.68,51.93,14.80,1,0,0
476,27,1768.07,509.29,19.24,8.87,1,0,0
477,30,1826.65,486.63,12.69,5.99,1,0,0
477,29,1706.13,487.81,47.53,12.99,1,0,0
477,27,1777.82,485.70,18.79,7.90,1,0,0
477,1,1895.96,483.56,18.04,8.07,1,0,0
478,30,1826.68,484.46,15.80,7.49,1,0,0
478,29,1707.76,486.86,48.15,12.57,1,0,0
478,27,1775.99,484.81,24.44,9.36,1,0,0
478,1,1899.01,482.82,17.03,7.80,1,0,0
479,29,1716.09,522.41,42.73,11.10,1,0,0
479,27,1778.50,520.71,24.70,9.23,1,0,0
480,29,1720.64,539.97,45.21,12.28,1,0,0
480,27,1785.64,540.70,23.58,8.99,1,0,0
480,31,1835.14,541.97,15.46,7.43,1,0,0
481,29,1715.24,527.38,48.09,12.22,1,0,0
481,27,1785.62,527.70,18.55,8.23,1,0,0
481,31,1830.78,529.47,12.95,6.15,1,0,0
482,27,1772.96,513.47,21.21,8.82,1,0,0
482,31,1819.92,515.58,16.46,7.02,1,0,0
482,21,1715.07,514.94,40.71,10.94,1,0,0
482,30,1891.39,514.09,20.86,8.97,1,0,0
483,27,1812.45,515.02,16.61,7.57,1,0,0
483,31,1882.72,512.14,15.49,8.50,1,0,0
483,21,1764.01,514.06,22.66,8.84,1,0,0
483,30,1903.29,513.04,15.43,7.08,1,0,0
483,29,1695.97,513.82,53.10,12.91,1,0,0
484,16,1036.43,526.91,6.39,11.96,1,3,0
484,7,1394.29,512.56,57.85,19.22,1,0,0
485,32,1677.46,513.78,241.89,35.26,1,0,0
485,33,469.23,516.18,20.68,8.39,1,0,0
485,34,507.85,517.32,14.56,7.84,1,0,0
485,35,420.75,515.26,43.71,12.29,1,0,0
485,36,577.99,517.71,13.95,7.20,1,0,0
485,16,1032.04,530.75,7.47,12.67,1,3,0
485,7,1392.42,521.76,53.76,16.75,1,0,0
485,3,1647.21,539.73,6.36,10.02,1,3,0
486,32,1668.84,506.38,250.65,34.94,1,0,0
486,33,459.43,508.71,21.99,9.35,1,0,0
486,34,501.70,510.25,15.28,7.77,1,0,0
486,35,398.34,504.89,55.31,15.32,1,0,0
486,36,552.95,509.85,14.49,8.66,1,0,0
486,16,1021.82,522.49,8.72,12.73,1,3,0
486,7,1380.41,516.05,56.53,15.53,1,0,0
486,3,1638.12,532.46,6.67,10.59,1,3,0
487,32,1666.06,503.69,253.31,35.88,1,0,0
487,33,452.71,518.85,21.02,8.97,1,0,0
487,34,492.18,519.74,13.56,6.91,1,0,0
487,35,400.84,519.63,44.23,11.05,1,0,0
487,36,544.88,518.75,14.66,7.94,1,0,0
487,7,1375.92,517.55,57.69,15.27,1,0,0
487,3,1634.16,530.21,7.31,11.42,1,3,0
488,32,1671.04,504.44,248.28,35.36,1,0,0
488,33,454.56,518.56,22.20,8.86,1,0,0
488,34,495.23,518.76,14.50,8.21,1,0,0
488,35,402.01,518.33,43.85,11.21,1,0,0
488,36,547.95,519.42,13.95,7.84,1,0,0
488,7,1377.49,515.93,58.98,17.52,1,0,0
488,3,1639.80,531.71,6.54,10.91,1,3,0
488,38,563.55,519.32,14.46,8.10,1,0,0
488,39,366.03,518.17,27.94,10.39,1,0,0
488,16,1018.41,525.30,9.35,15.42,1,3,0
489,32,1670.84,500.74,248.70,34.71,1,0,0
489,33,454.34,510.58,21.67,9.04,1,0,0
489,35,400.31,509.10,45.63,13.16,1,0,0
489,7,1380.03,510.68,56.49,17.30,1,0,0
490,32,1660.07,499.81,258.21,33.56,1,0,0
490,33,441.47,517.57,21.11,8.94,1,0,0
490,35,377.51,515.98,53.07,13.28,1,0,0
490,7,1366.04,511.23,61.07,17.79,1,0,0
490,34,483.50,517.61,16.06,8.14,1,0,0
490,36,537.73,517.50,12.74,8.13,1,0,0
490,3,1633.54,527.51,6.42,9.41,1,3,0
490,38,553.69,517.08,15.44,8.53,1,0,0
491,32,1642.40,497.75,247.70,33.85,1,0,0
491,33,421.82,526.24,21.74,8.72,1,0,0
491,35,355.36,526.15,53.40,12.37,1,0,0
491,7,1353.41,512.70,55.84,17.27,1,0,0
491,36,518.20,524.78,14.95,8.47,1,0,0
491,16,995.19,526.67,10.01,14.76,1,3,0
492,32,1632.05,504.29,247.75,34.21,1,0,0
492,33,412.92,520.92,20.02,8.46,1,0,0
492,35,341.19,519.50,55.96,14.52,1,0,0
492,7,1342.73,515.98,58.86,17.59,1,0,0
492,36,508.88,519.94,13.41,9.38,1,0,0
492,16,987.28,529.57,7.36,11.99,1,3,0
492,39,313.84,521.69,27.96,9.91,1,0,0
492,34,453.47,521.24,12.22,7.47,1,0,0
492,38,527.47,521.00,13.26,8.33,1,0,0
493,33,392.27,530.97,45.85,9.34,1,0,0
493,36,536.61,523.55,64.74,18.78,1,0,0
493,16,872.50,531.11,12.64,11.33,1,0,0
493,38,622.60,533.36,20.75,8.02,1,0,0
494,33,391.11,527.76,45.07,9.21,1,0,0
494,36,536.13,520.81,64.26,20.30,1,0,0
494,16,840.72,527.68,15.13,12.49,1,0,0
494,38,621.75,531.03,20.78,7.94,1,0,0
494,40,680.11,532.11,19.26,7.92,1,0,0
494,41,788.84,531.23,13.95,8.43,1,0,0
494,42,728.60,530.69,21.23,8.70,1,0,0
494,43,763.16,531.85,15.45,7.00,1,0,0
494,29,1795.72,528.76,40.49,13.44,1,0,0
495,33,385.69,513.45,45.48,9.62,1,0,0
495,36,530.28,509.56,65.49,17.56,1,0,0
495,16,836.83,516.72,15.15,11.88,1,0,0
495,38,619.69,519.20,19.77,6.73,1,0,0
495,40,677.11,520.37,18.26,7.12,1,0,0
495,41,786.30,518.69,14.37,8.60,1,0,0
495,42,725.07,519.13,20.03,7.65,1,0,0
495,43,759.08,520.56,13.84,6.32,1,0,0
496,33,380.48,519.38,44.70,9.93,1,0,0
496,36,524.84,513.96,64.91,18.31,1,0,0
496,16,833.21,520.55,14.90,12.72,1,0,0
496,38,614.07,523.04,18.79,7.54,1,0,0
496,40,670.59,525.00,19.56,7.42,1,0,0
496,42,718.05,523.88,23.11,8.27,1,0,0
496,43,755.01,524.81,14.91,7.37,1,0,0
497,36,478.06,521.39,77.81,11.60,1,0,0
497,16,870.74,519.23,30.08,15.07,1,0,0
497,38,567.35,511.30,101.93,24.77,1,0,0
497,43,746.64,522.82,47.89,10.40,1,0,0
497,28,1160.32,517.91,15.38,16.20,1,0,0
497,41,903.15,524.34,20.83,9.12,1,0,0
498,36,477.53,524.22,78.63,11.15,1,0,0
498,16,871.91,526.56,28.49,15.14,1,0,0
498,38,566.40,515.52,102.60,24.69,1,0,0
498,43,746.24,527.78,47.89,11.15,1,0,0
498,45,994.81,532.63,32.07,10.98,1,0,0
498,46,1219.91,530.72,15.28,15.82,1,0,0
498,47,1107.10,534.81,20.80,10.02,1,0,0
498,48,1086.11,536.88,18.98,7.86,1,0,0
498,28,1160.32,529.42,15.29,16.06,1,0,0
498,41,902.30,531.27,21.91,9.80,1,0,0
499,36,473.59,508.65,75.38,11.28,1,0,0
499,16,871.52,517.07,24.41,7.93,1,0,0
499,38,559.77,500.69,102.22,23.17,1,0,0
499,43,742.19,513.95,46.33,8.83,1,0,0
499,45,991.28,516.97,30.81,11.57,1,0,0
499,46,1215.74,516.15,14.03,12.47,1,0,0
499,47,1102.67,518.40,19.17,9.18,1,0,0
499,48,1083.21,520.02,14.71,7.41,1,0,0
499,28,1155.64,515.95,14.16,11.89,1,0,0
499,41,899.69,516.52,16.94,8.33,1,0,0
500,36,460.99,502.56,80.94,12.23,1,0,0
500,16,861.87,503.90,26.23,11.30,1,0,0
500,38,552.40,493.06,102.28,24.88,1,0,0
500,43,734.41,504.69,48.72,9.46,1,0,0
500,45,984.36,504.73,31.60,9.94,1,0,0
500,46,1209.52,500.67,14.80,13.68,1,0,0
500,47,1096.30,505.62,20.30,8.63,1,0,0
500,48,1075.87,507.57,15.48,6.69,1,0,0
500,28,1150.17,500.10,15.34,14.40,1,0,0
500,41,892.92,505.08,18.90,9.04,1,0,0
501,36,464.85,523.86,75.58,11.98,1,0,0
501,16,862.79,524.02,26.80,12.65,1,0,0
501,38,551.89,513.77,102.33,25.25,1,0,0
501,43,735.81,524.37,49.29,11.68,1,0,0
501,45,984.90,525.51,32.51,10.97,1,0,0
501,46,1210.37,520.67,16.34,16.40,1,0,0
501,47,1097.34,527.32,21.76,10.06,1,0,0
501,48,1073.93,530.82,20.37,7.09,1,0,0
501,28,1151.39,519.92,16.80,17.62,1,0,0
501,41,893.95,527.45,18.63,7.95,1,0,0
502,36,536.96,509.21,21.67,11.71,1,0,0
502,16,806.54,509.90,16.11,14.01,1,0,0
502,43,740.13,508.54,17.01,15.03,1,0,0
502,39,184.51,498.16,81.71,18.36,1,0,0
502,34,435.46,509.39,23.16,8.61,1,0,0
502,33,361.06,502.94,43.96,15.62,1,0,0
502,42,681.34,512.68,22.27,9.22,1,0,0
503,36,547.83,516.94,19.86,8.07,1,0,0
503,16,799.93,513.98,18.88,15.22,1,0,0
503,43,723.53,514.25,21.36,14.19,1,0,0
503,39,92.93,496.50,103.24,21.12,1,0,0
503,34,497.77,511.78,49.22,13.24,1,0,0
503,33,399.51,508.98,27.85,11.68,1,0,0
503,42,664.48,516.56,25.65,9.94,1,0,0
503,35,271.25,502.97,57.34,19.22,1,0,0
503,40,647.96,518.97,15.57,6.75,1,0,0
504,36,545.44,519.25,19.48,7.87,1,0,0
504,16,797.97,513.39,18.76,15.03,1,0,0
504,43,722.27,513.54,21.18,14.92,1,0,0
504,39,86.74,508.57,104.64,18.88,1,0,0
504,34,494.95,514.84,49.79,13.14,1,0,0
504,33,396.09,513.12,27.54,12.27,1,0,0
504,42,662.39,517.49,25.81,9.89,1,0,0
504,35,266.83,509.55,56.99,19.61,1,0,0
504,40,645.81,520.25,15.44,6.63,1,0,0
505,36,543.65,519.70,20.34,7.66,1,0,0
505,16,796.71,511.76,19.04,15.67,1,0,0
505,43,719.82,512.36,22.06,15.56,1,0,0
505,39,84.48,507.44,105.17,20.75,1,0,0
505,34,493.61,515.53,49.08,12.62,1,0,0
505,33,394.10,514.33,28.29,12.38,1,0,0
505,42,661.42,517.23,25.41,9.93,1,0,0
505,35,262.94,511.10,58.84,18.79,1,0,0
505,40,644.20,520.25,15.70,6.60,1,0,0
505,3,1871.84,520.75,21.69,8.40,1,0,0
506,36,542.56,518.97,21.71,7.72,1,0,0
506,16,796.60,514.91,18.71,16.59,1,0,0
506,43,719.21,514.03,21.64,16.30,1,0,0
506,39,81.56,495.62,104.92,21.13,1,0,0
506,34,493.03,513.02,47.62,13.06,1,0,0
506,33,392.58,509.91,27.23,11.32,1,0,0
506,42,660.88,518.15,25.34,10.46,1,0,0
506,35,259.34,503.00,58.11,18.74,1,0,0
506,40,643.01,521.01,16.39,6.76,1,0,0
507,36,540.69,504.52,20.52,7.76,1,0,0
507,16,794.80,503.09,18.64,14.63,1,0,0
507,43,717.21,501.06,21.28,15.48,1,0,0
507,39,77.16,483.05,105.75,21.55,1,0,0
507,34,488.25,499.28,51.57,12.88,1,0,0
507,33,392.09,495.81,26.05,11.47,1,0,0
507,42,658.48,504.74,25.65,10.01,1,0,0
507,35,255.96,489.77,59.15,18.96,1,0,0
507,40,642.20,507.08,15.18,6.50,1,0,0
508,16,796.33,517.05,19.14,16.10,1,0,0
508,43,718.40,518.76,22.73,15.38,1,0,0
508,39,76.79,515.33,107.27,20.09,1,0,0
508,34,489.86,521.83,51.61,13.50,1,0,0
508,33,392.03,520.59,28.36,12.91,1,0,0
508,42,659.64,522.56,26.20,11.09,1,0,0
508,35,256.62,517.40,59.11,19.26,1,0,0
509,16,795.56,526.96,18.74,15.69,1,0,0
509,43,717.73,527.52,21.28,15.83,1,0,0
509,39,71.30,528.73,108.79,19.75,1,0,0
509,34,487.85,532.93,51.43,13.17,1,0,0
509,33,389.32,531.83,29.58,13.28,1,0,0
509,42,659.07,533.81,25.96,9.79,1,0,0
509,35,251.49,530.82,61.45,18.41,1,0,0
