1,1,552.93,764.82,215.73,58.59,1,1,0
1,2,1844.09,741.58,120.25,28.08,1,1,0
1,3,871.91,781.94,91.40,28.23,1,2,0
1,4,2195.26,731.28,48.73,24.36,1,1,0
1,5,2012.95,743.62,84.94,21.13,1,1,0
1,6,471.65,787.93,82.09,36.47,1,2,0
1,7,1198.09,768.14,111.26,27.46,1,1,0
1,8,1410.41,753.21,88.75,33.20,1,1,0
1,9,1483.38,753.25,82.44,30.69,1,1,0
1,10,1605.74,763.95,35.37,13.11,1,2,0
1,11,2128.04,749.33,28.25,8.85,1,2,0
1,12,1077.28,797.45,7.07,6.17,1,4,0
1,13,1410.76,784.04,8.14,7.43,1,4,0
1,14,1326.21,788.17,8.07,6.79,1,4,0
1,15,1381.11,785.31,8.50,7.44,1,4,0
1,16,1492.46,780.71,8.03,7.67,1,4,0
1,17,1014.64,799.24,7.89,6.49,1,4,0
1,18,1473.15,781.92,8.49,7.61,1,4,0
1,19,1355.29,787.48,8.52,7.02,1,4,0
1,20,1142.48,796.14,7.60,6.40,1,4,0
2,1,520.11,735.98,218.26,58.43,1,1,0
2,2,1823.20,755.12,118.73,26.96,1,1,0
2,3,844.31,764.29,89.72,27.65,1,2,0
2,4,2169.97,755.00,48.73,23.90,1,1,0
2,5,1989.15,761.66,84.96,20.83,1,1,0
2,6,436.92,757.16,83.70,36.44,1,2,0
2,7,1174.90,760.82,114.27,26.61,1,1,0
2,8,1386.66,752.43,94.75,32.94,1,1,0
2,9,1465.26,753.86,81.38,30.95,1,1,0
2,10,1582.16,767.77,35.68,13.07,1,2,0
2,11,2101.76,770.59,27.76,8.54,1,2,0
2,12,1074.06,784.59,7.47,5.91,1,4,0
2,13,1409.46,782.63,8.20,7.00,1,4,0
2,14,1220.45,784.55,7.43,6.46,1,4,0
2,15,1333.43,782.44,8.28,7.05,1,4,0
2,16,1555.85,779.88,7.73,6.76,1,4,0
2,17,1010.53,784.16,7.47,6.38,1,4,0
2,18,1430.35,781.40,9.11,8.06,1,4,0
2,19,1303.27,782.93,7.69,6.54,1,4,0
2,20,1095.10,784.37,7.85,6.41,1,4,0
3,1,470.55,722.11,225.26,59.39,1,1,0
3,2,1786.31,771.17,117.10,27.37,1,1,0
3,3,802.79,756.98,93.82,27.60,1,2,0
3,4,2128.75,778.78,47.97,23.46,1,1,0
3,5,1950.88,781.15,84.43,21.41,1,1,0
3,6,384.99,740.65,85.37,37.44,1,2,0
3,7,1140.07,762.05,113.57,25.45,1,1,0
3,8,1352.37,757.60,90.58,34.01,1,1,0
3,9,1424.83,761.57,88.28,31.48,1,1,0
3,10,1545.85,777.66,36.98,14.05,1,2,0
3,11,2062.28,791.96,27.40,8.61,1,2,0
3,12,1058.42,780.70,7.16,6.08,1,4,0
3,15,1296.56,785.33,8.44,7.44,1,4,0
3,16,1581.12,791.15,7.87,5.87,1,4,0
3,19,1268.07,785.51,7.79,6.63,1,4,0
3,20,1108.31,781.99,7.39,6.40,1,4,0
3,21,2351.20,796.84,13.82,6.42,1,2,0
4,1,398.81,727.24,234.99,61.16,1,1,0
4,2,1734.16,768.38,114.73,27.11,1,1,0
4,3,744.00,760.94,97.17,28.63,1,2,0
4,4,2069.99,772.72,47.84,23.84,1,1,0
4,5,1894.75,776.90,83.39,21.31,1,1,0
4,6,312.96,746.47,87.77,39.32,1,2,0
4,7,1088.76,764.20,113.41,25.65,1,1,0
4,8,1300.97,757.56,91.49,34.20,1,1,0
4,9,1373.08,760.85,90.23,31.84,1,1,0
4,10,1496.70,776.88,34.95,13.38,1,2,0
4,12,983.27,784.17,6.70,5.71,1,4,0
4,15,1324.65,788.38,8.22,7.18,1,4,0
4,20,1029.61,784.75,6.70,5.84,1,4,0
4,17,914.40,782.96,7.17,6.15,1,4,0
5,1,317.28,725.79,243.62,61.91,1,1,0
5,2,1674.45,770.01,114.56,26.51,1,1,0
5,3,675.35,760.83,100.46,28.49,1,2,0
5,4,2004.50,774.97,47.18,23.21,1,1,0
5,5,1833.40,778.47,81.29,20.84,1,1,0
5,6,230.33,745.06,88.82,40.12,1,2,0
5,7,1029.54,764.59,114.49,25.38,1,1,0
5,8,1243.29,758.14,93.88,34.01,1,1,0
5,9,1319.73,761.42,88.38,32.25,1,1,0
5,10,1439.83,777.38,35.16,13.57,1,2,0
5,12,898.60,784.19,6.95,6.27,1,4,0
5,15,1324.73,789.72,8.90,7.45,1,4,0
5,20,918.51,784.59,7.22,5.77,1,4,0
5,17,851.09,783.31,7.28,6.40,1,4,0
5,14,1132.16,787.82,8.44,7.20,1,4,0
5,19,1289.14,789.66,8.36,6.84,1,4,0
5,21,2214.55,791.50,15.50,6.94,1,2,0
6,1,231.43,699.87,256.51,66.52,1,1,0
6,2,1615.06,777.05,112.72,26.93,1,1,0
6,3,603.07,743.43,101.53,29.86,1,2,0
6,4,1939.50,788.79,45.67,23.29,1,1,0
6,5,1772.03,788.95,79.86,20.98,1,1,0
6,6,144.29,715.34,88.69,43.82,1,2,0
6,7,968.77,756.53,115.37,25.36,1,1,0
6,8,1186.26,754.94,90.18,34.41,1,1,0
6,9,1262.39,759.02,87.16,33.32,1,1,0
6,10,1380.82,778.33,34.83,13.52,1,2,0
6,15,1355.48,790.12,7.63,7.28,1,4,0
6,20,954.22,776.16,7.89,6.37,1,4,0
6,14,1155.63,783.21,8.85,7.17,1,4,0
6,19,1186.84,784.74,7.88,7.62,1,4,0
6,18,1386.23,791.59,8.80,6.14,1,4,0
6,11,1876.12,800.34,27.17,8.41,1,2,0
7,1,148.79,684.49,267.50,69.39,1,1,0
7,2,1561.50,778.67,112.19,27.67,1,1,0
7,3,537.64,732.40,104.67,30.39,1,2,0
7,4,1881.74,793.37,46.57,23.43,1,1,0
7,5,1716.90,792.11,78.68,20.97,1,1,0
7,6,57.85,697.77,91.65,45.13,1,2,0
7,7,913.80,750.69,118.34,25.99,1,1,0
7,8,1133.35,750.98,90.95,34.77,1,1,0
7,9,1209.29,756.83,89.63,33.67,1,1,0
7,10,1329.77,776.78,34.25,13.76,1,2,0
7,20,1017.32,776.05,8.80,6.98,1,4,0
7,19,1155.72,781.74,8.31,7.48,1,4,0
7,12,852.93,767.40,6.93,6.04,1,4,0
7,17,836.04,766.46,6.56,6.34,1,4,0
7,21,2077.79,816.36,18.96,6.93,1,2,0
8,1,89.08,664.16,278.11,72.31,1,1,0
8,2,1529.11,766.51,109.11,27.74,1,1,0
8,3,489.98,715.71,103.85,30.70,1,2,0
8,4,1845.10,782.26,44.61,23.54,1,1,0
8,5,1682.27,780.05,77.11,21.10,1,1,0
8,6,1.58,679.94,88.89,42.51,1,2,0
8,7,876.94,735.86,117.09,26.52,1,1,0
8,8,1098.32,737.28,88.97,34.62,1,1,0
8,9,1169.08,742.62,99.39,34.83,1,1,0
8,10,1294.92,764.42,35.88,13.39,1,2,0
8,12,806.85,752.46,7.36,5.95,1,4,0
8,17,757.61,750.44,6.69,5.82,1,4,0
8,14,1119.73,768.94,9.37,7.41,1,4,0
9,1,40.90,637.25,284.63,79.03,1,1,0
9,2,1506.96,748.29,109.64,28.11,1,1,0
9,3,455.08,695.24,109.64,31.00,1,2,0
9,4,1820.88,764.57,45.19,24.08,1,1,0
9,5,1659.86,762.58,77.13,20.89,1,1,0
9,6,1.02,653.88,48.29,48.63,1,2,0
9,7,852.04,717.38,122.75,26.51,1,1,0
9,8,1074.90,718.57,90.77,35.60,1,1,0
9,9,1142.92,724.11,103.01,34.80,1,1,0
9,10,1271.76,746.28,35.43,13.48,1,2,0
9,12,755.56,733.04,7.38,5.85,1,4,0
9,17,681.86,728.32,7.07,5.99,1,4,0
9,25,807.22,735.35,7.77,6.16,1,4,0
9,14,1073.63,748.72,8.42,8.12,1,4,0
9,20,1041.90,746.69,9.22,7.98,1,4,0
9,19,1136.86,752.24,9.17,7.68,1,4,0
10,1,1.32,627.51,291.27,71.77,1,1,0
10,2,1485.91,744.13,109.66,28.35,1,1,0
10,3,422.16,680.23,108.29,31.63,1,2,0
10,4,1799.68,763.62,46.02,23.43,1,1,0
10,5,1639.21,760.09,76.66,20.72,1,1,0
10,7,828.39,706.42,120.69,26.75,1,1,0
10,8,1052.00,710.04,92.04,35.28,1,1,0
10,9,1118.86,716.66,107.44,35.06,1,1,0
10,12,754.11,721.10,7.20,6.23,1,4,0
10,20,930.85,733.38,8.15,6.53,1,4,0
10,19,1187.72,748.80,8.37,6.68,1,4,0
10,21,1992.49,788.73,16.31,6.67,1,2,0
11,1,0.79,634.12,248.15,69.33,1,1,0
11,2,1459.84,730.83,109.47,27.78,1,1,0
11,3,383.64,681.13,107.79,31.02,1,2,0
11,4,1771.84,745.34,45.46,23.49,1,1,0
11,5,1613.04,744.32,75.37,20.62,1,1,0
11,7,798.64,701.72,120.37,26.96,1,1,0
11,8,1023.59,702.87,91.04,35.20,1,1,0
11,9,1091.48,708.82,110.20,34.24,1,1,0
11,12,694.88,716.56,7.43,6.10,1,4,0
11,20,774.42,721.06,7.46,6.18,1,4,0
11,21,1964.63,768.17,17.27,6.95,1,2,0
11,16,1711.08,757.10,24.44,7.73,1,2,0
11,10,1224.29,729.78,36.03,13.49,1,2,0
11,17,571.03,710.83,6.95,5.86,1,4,0
11,25,721.80,718.00,7.03,5.95,1,4,0
11,14,1045.41,733.86,8.48,7.88,1,4,0
12,1,0.43,707.39,209.32,60.13,1,1,0
12,2,1434.14,722.02,108.77,26.55,1,1,0
12,3,341.87,730.99,110.33,31.97,1,2,0
12,4,1745.36,720.86,43.62,23.27,1,1,0
12,5,1586.88,727.92,76.16,20.75,1,1,0
12,7,767.43,728.05,122.85,27.85,1,1,0
12,8,997.52,717.82,90.04,35.19,1,1,0
12,9,1061.82,719.35,113.01,33.17,1,1,0
12,12,611.52,753.07,7.67,6.30,1,4,0
12,20,741.39,752.46,7.73,6.01,1,4,0
12,21,1934.82,734.11,18.33,7.21,1,2,0
12,16,1684.11,736.85,23.35,7.38,1,2,0
12,10,1199.30,735.60,33.98,12.19,1,2,0
12,17,533.51,752.95,7.47,6.13,1,4,0
12,25,658.85,752.84,7.30,6.21,1,4,0
12,14,1040.45,749.82,8.59,7.48,1,4,0
12,18,1172.33,748.11,8.42,6.59,1,4,0
12,19,1155.22,748.47,7.56,6.76,1,4,0
13,1,0.65,731.62,159.35,63.68,1,1,0
13,2,1406.81,719.69,109.12,27.29,1,1,0
13,3,298.20,751.77,110.52,31.42,1,2,0
13,4,1716.08,713.25,44.90,23.36,1,1,0
13,5,1558.77,723.67,74.95,20.35,1,1,0
13,7,735.40,739.31,125.81,28.58,1,1,0
13,8,967.28,724.08,91.74,36.29,1,1,0
13,9,1024.43,724.90,122.46,33.86,1,1,0
13,12,626.23,767.79,7.85,6.34,1,4,0
13,20,737.77,765.54,7.72,6.50,1,4,0
13,16,1655.22,730.76,23.22,7.71,1,2,0
13,10,1206.33,751.88,7.82,5.45,1,4,0
13,25,709.78,765.98,7.71,6.09,1,4,0
13,14,803.42,764.50,7.83,6.53,1,4,0
13,33,772.01,765.13,6.99,6.20,1,4,0
13,19,1140.86,752.68,7.21,6.15,1,4,0
14,1,0.55,694.33,125.39,57.30,1,1,0
14,2,1386.11,734.72,109.73,26.83,1,1,0
14,3,262.76,721.44,115.78,31.71,1,2,0
14,4,1694.77,739.39,44.39,23.13,1,1,0
14,5,1538.14,743.58,75.67,20.41,1,1,0
14,7,710.45,728.22,129.28,27.30,1,1,0
14,8,944.41,721.48,92.85,35.99,1,1,0
14,9,1011.82,724.23,113.90,34.14,1,1,0
14,12,545.38,749.86,7.58,6.55,1,4,0
14,20,625.36,750.59,7.81,6.28,1,4,0
14,16,1633.31,753.11,23.87,7.72,1,2,0
14,10,1148.58,742.68,35.48,12.94,1,2,0
14,25,595.48,750.86,7.80,6.49,1,4,0
14,14,656.55,751.25,8.32,6.56,1,4,0
14,33,710.59,752.04,7.28,5.94,1,4,0
14,17,466.20,748.73,7.57,6.07,1,4,0
14,18,1033.42,755.93,8.22,7.26,1,4,0
15,1,0.59,687.50,104.19,50.45,1,1,0
15,2,1381.19,746.88,108.42,27.11,1,1,0
15,3,243.51,711.82,117.03,32.49,1,2,0
15,4,1688.58,756.65,44.14,23.33,1,1,0
15,5,1532.45,757.82,74.69,20.34,1,1,0
15,7,701.60,727.24,126.54,26.96,1,1,0
15,8,938.45,724.60,91.56,36.45,1,1,0
15,9,1003.28,729.67,118.35,34.58,1,1,0
15,16,1627.46,769.11,23.74,7.72,1,2,0
15,10,1142.82,749.90,35.06,12.99,1,2,0
15,14,643.09,747.72,8.19,6.75,1,4,0
15,33,802.44,753.11,7.56,6.76,1,4,0
15,18,999.39,759.84,9.61,6.88,1,4,0
16,1,0.61,728.24,119.17,57.07,1,1,0
16,2,1398.12,747.20,110.56,26.83,1,1,0
16,3,255.79,750.18,118.73,32.59,1,2,0
16,4,1708.35,747.85,44.79,23.67,1,1,0
16,5,1551.27,754.81,74.32,20.26,1,1,0
16,7,718.58,749.58,127.42,27.84,1,1,0
16,8,953.85,740.16,92.78,36.05,1,1,0
16,9,1017.13,742.38,120.69,33.93,1,1,0
16,16,1648.50,763.82,21.61,6.99,1,2,0
16,10,1157.09,758.75,35.02,13.19,1,2,0
16,21,1894.87,760.59,21.63,8.90,1,2,0
16,20,573.36,774.75,7.25,5.97,1,4,0
16,17,377.86,775.08,9.28,6.82,1,4,0
17,1,0.54,729.79,150.81,61.33,1,1,0
17,2,1431.53,743.95,110.63,26.66,1,1,0
17,3,290.73,753.21,116.64,32.67,1,2,0
17,4,1743.93,742.92,45.13,23.25,1,1,0
17,5,1585.25,750.34,76.17,20.25,1,1,0
17,7,753.07,750.21,124.65,28.12,1,1,0
17,8,985.64,739.81,92.76,35.96,1,1,0
17,9,1048.96,740.85,121.95,34.34,1,1,0
17,10,1189.64,757.55,35.42,13.39,1,2,0
17,21,1934.23,756.45,18.78,7.35,1,2,0
18,1,0.54,704.23,197.49,63.36,1,1,0
18,2,1476.16,747.08,111.57,26.77,1,1,0
18,3,338.85,736.08,115.02,32.28,1,2,0
18,4,1791.65,751.02,46.93,23.40,1,1,0
18,5,1630.72,755.58,76.37,20.43,1,1,0
18,7,795.90,741.48,123.13,27.50,1,1,0
18,8,1029.79,734.16,93.59,36.44,1,1,0
18,9,1093.63,737.78,120.55,34.23,1,1,0
18,10,1186.60,768.86,7.10,6.69,1,4,0
18,21,1985.20,767.57,18.99,7.17,1,2,0
18,13,1222.73,768.04,8.38,6.84,1,4,0
18,15,1205.58,768.65,7.81,6.50,1,4,0
18,11,1232.82,755.47,35.63,13.95,1,2,0
18,19,1089.32,768.23,8.40,7.62,1,4,0
18,14,673.53,764.66,7.39,6.32,1,4,0
18,33,788.44,765.95,7.74,6.59,1,4,0
18,18,982.66,766.78,8.79,7.70,1,4,0
18,16,1726.65,764.96,25.29,7.94,1,2,0
18,20,597.51,764.25,7.25,6.12,1,4,0
19,1,0.00,698.23,259.35,62.18,1,1,0
19,2,1533.00,740.98,112.26,27.01,1,1,0
19,3,399.71,729.10,117.29,32.01,1,2,0
19,4,1852.87,745.21,48.20,23.78,1,1,0
19,5,1688.21,749.61,78.34,20.87,1,1,0
19,7,852.85,734.86,123.63,27.40,1,1,0
19,8,1082.80,728.30,94.15,35.84,1,1,0
19,9,1149.42,730.99,120.86,34.50,1,1,0
19,10,1006.62,759.35,9.23,7.65,1,4,0
19,21,2047.17,760.76,21.00,8.59,1,2,0
19,39,841.73,759.53,7.97,6.14,1,4,0
19,11,1287.01,749.75,36.64,13.00,1,2,0
19,19,1035.93,760.32,9.63,7.79,1,4,0
19,14,652.35,756.38,8.09,6.14,1,4,0
19,33,814.49,758.75,7.55,6.27,1,4,0
19,18,974.52,759.30,8.75,7.54,1,4,0
19,16,1788.38,759.91,23.63,7.87,1,2,0
20,1,69.30,729.65,321.05,68.29,1,1,0
20,3,524.39,750.41,109.42,31.67,1,2,0
20,4,1815.80,723.55,79.47,21.11,1,1,0
20,5,1652.56,718.91,117.93,28.63,1,1,0
20,8,971.54,739.14,122.08,28.07,1,1,0
20,9,1265.90,723.68,119.67,35.33,1,1,0
20,10,886.22,767.15,7.32,6.04,1,4,0
20,21,1986.40,712.28,50.21,24.54,1,1,0
20,39,822.76,767.89,8.12,6.34,1,4,0
20,11,1199.05,724.13,95.05,36.58,1,1,0
20,19,930.84,765.13,7.03,6.17,1,4,0
20,14,773.63,769.10,7.52,6.28,1,4,0
20,33,801.76,768.26,7.55,6.58,1,4,0
20,18,866.96,767.25,7.12,6.25,1,4,0
20,16,1917.99,730.47,24.84,8.23,1,2,0
20,13,1257.45,757.23,8.49,7.37,1,4,0
20,15,1395.51,752.55,8.00,6.96,1,4,0
21,1,85.53,730.29,322.14,68.50,1,1,0
21,3,539.08,751.44,111.68,31.67,1,2,0
21,4,1831.74,723.77,80.95,21.31,1,1,0
21,5,1668.38,719.79,118.41,28.43,1,1,0
21,8,986.03,739.41,122.54,28.68,1,1,0
21,9,1280.78,724.32,120.93,35.52,1,1,0
21,10,838.70,768.79,7.21,6.08,1,4,0
21,21,2003.11,712.86,51.65,24.60,1,1,0
21,11,1213.25,724.52,95.18,36.95,1,1,0
21,19,946.10,766.32,7.22,6.30,1,4,0
21,18,918.43,767.10,7.59,6.52,1,4,0
21,16,1934.97,731.12,25.01,7.67,1,2,0
21,41,17.68,755.89,71.93,42.24,1,2,0
21,13,1226.85,758.99,8.29,7.26,1,4,0
21,15,1456.90,752.31,8.78,5.79,1,4,0
22,1,98.43,728.01,319.56,68.94,1,1,0
22,3,550.15,751.24,109.73,31.44,1,2,0
22,4,1845.22,727.16,82.04,21.04,1,1,0
22,5,1681.00,723.03,118.87,27.84,1,1,0
22,8,997.74,740.67,124.20,28.02,1,1,0
22,9,1291.95,725.97,122.43,35.22,1,1,0
22,21,2017.88,717.42,52.30,24.27,1,1,0
22,11,1224.65,725.77,96.06,37.05,1,1,0
22,19,929.69,767.45,7.66,6.60,1,4,0
22,18,901.92,768.10,7.19,5.99,1,4,0
22,16,1949.52,734.43,24.63,8.16,1,2,0
22,41,30.45,752.09,71.50,44.56,1,2,0
22,13,1261.55,760.21,8.49,6.80,1,4,0
22,15,1430.62,742.08,36.06,13.15,1,2,0
22,45,1326.26,758.56,8.31,7.14,1,4,0
22,33,850.64,768.72,6.91,5.97,1,4,0
23,1,115.89,712.14,323.90,69.71,1,1,0
23,3,569.60,740.03,113.60,32.21,1,2,0
23,4,1871.42,730.58,81.59,21.10,1,1,0
23,5,1705.27,724.49,119.97,27.79,1,1,0
23,8,1018.56,735.38,125.36,27.94,1,1,0
23,9,1315.02,723.51,121.44,35.13,1,1,0
23,21,2044.99,722.05,52.43,24.86,1,1,0
23,11,1246.71,722.96,97.89,36.76,1,1,0
23,41,52.68,733.06,66.47,46.74,1,2,0
23,13,1196.32,758.07,9.12,7.80,1,4,0
23,15,1493.53,753.16,8.07,6.22,1,4,0
23,45,1259.28,757.34,8.23,7.53,1,4,0
23,14,690.30,763.96,8.18,7.11,1,4,0
24,1,109.85,724.25,326.27,70.94,1,1,0
24,3,566.58,751.78,112.13,32.04,1,2,0
24,4,1875.81,735.77,82.24,20.96,1,1,0
24,5,1710.63,730.04,119.36,28.38,1,1,0
24,8,1021.41,743.85,123.70,28.50,1,1,0
24,9,1318.13,730.98,121.13,35.43,1,1,0
24,21,2050.40,726.43,53.57,24.64,1,1,0
24,11,1249.04,730.05,97.82,37.51,1,1,0
24,41,44.77,748.47,68.87,44.46,1,2,0
24,13,1199.69,766.29,9.10,7.75,1,4,0
24,15,1455.77,747.28,36.58,13.58,1,2,0
24,45,1236.40,765.08,8.99,8.35,1,4,0
24,52,1170.38,766.58,8.49,7.45,1,4,0
24,53,1137.37,767.25,8.44,7.47,1,4,0
24,19,1108.12,767.99,6.60,6.82,1,4,0
25,1,87.15,733.77,331.15,71.88,1,1,0
25,3,551.77,757.96,114.81,32.30,1,2,0
25,4,1866.38,731.95,82.49,21.37,1,1,0
25,5,1701.97,727.92,119.06,28.70,1,1,0
25,8,1013.05,746.46,125.22,28.76,1,1,0
25,9,1311.71,730.69,121.08,36.53,1,1,0
25,21,2040.73,721.65,52.54,25.21,1,1,0
25,11,1241.51,730.82,95.58,37.56,1,1,0
25,41,25.50,757.48,71.82,46.65,1,2,0
25,13,1300.44,765.16,7.85,7.45,1,4,0
25,15,1448.23,747.70,36.83,13.19,1,2,0
25,45,1252.91,766.72,7.86,7.53,1,4,0
25,39,762.41,777.04,8.16,6.31,1,4,0
25,14,678.05,780.54,8.54,6.97,1,4,0
26,1,65.44,740.24,332.45,74.68,1,1,0
26,3,533.38,763.56,114.23,33.38,1,2,0
26,4,1853.43,731.26,81.47,21.04,1,1,0
26,5,1689.61,727.88,117.78,28.47,1,1,0
26,8,998.32,750.31,125.95,29.17,1,1,0
26,9,1298.95,733.12,120.30,36.12,1,1,0
26,21,2026.35,720.48,52.73,24.97,1,1,0
26,11,1228.12,733.43,95.79,38.00,1,1,0
26,41,2.19,766.37,70.63,47.38,1,2,0
26,13,1350.63,765.72,8.68,7.22,1,4,0
26,15,1435.32,749.05,35.81,12.87,1,2,0
26,45,1286.27,767.79,9.02,7.84,1,4,0
26,39,770.18,781.80,7.47,6.43,1,4,0
26,14,706.81,784.66,7.52,6.55,1,4,0
26,10,660.81,785.27,9.00,7.15,1,4,0
26,18,822.26,781.31,7.36,6.24,1,4,0
26,33,867.25,780.28,7.50,6.22,1,4,0
26,52,1330.94,766.50,8.50,7.29,1,4,0
26,53,1146.35,771.85,8.68,7.31,1,4,0
26,19,1082.90,775.30,7.99,7.04,1,4,0
27,1,33.24,748.55,341.61,75.10,1,1,0
27,3,510.73,772.20,114.92,32.58,1,2,0
27,4,1836.29,737.95,81.17,21.16,1,1,0
27,5,1672.37,734.48,119.59,28.36,1,1,0
27,8,981.90,756.98,128.41,29.56,1,1,0
27,9,1283.80,739.75,121.28,36.39,1,1,0
27,21,2008.86,726.47,53.52,24.93,1,1,0
27,11,1211.91,739.88,99.11,38.26,1,1,0
27,41,1.26,775.38,42.55,46.18,1,2,0
27,13,1412.10,768.89,8.85,7.08,1,4,0
27,15,1420.31,755.36,34.80,12.90,1,2,0
27,39,750.96,790.07,7.24,6.53,1,4,0
27,18,934.98,785.27,7.40,6.07,1,4,0
27,33,964.08,783.88,7.90,6.61,1,4,0
27,52,1429.20,768.98,7.40,5.92,1,4,0
27,19,998.46,784.90,6.26,6.09,1,4,0
27,2,1461.52,768.55,7.32,5.75,1,4,0
27,16,2220.80,735.28,19.43,7.24,1,2,0
28,1,1.05,751.03,300.13,72.11,1,1,0
28,3,445.76,776.26,120.90,33.76,1,2,0
28,4,1786.98,757.05,79.74,21.23,1,1,0
28,5,1625.15,751.92,117.74,28.58,1,1,0
28,8,931.16,767.35,128.27,28.82,1,1,0
28,9,1239.57,753.14,119.53,36.35,1,1,0
28,21,1956.08,747.87,53.50,25.00,1,1,0
28,11,1163.82,752.65,100.10,38.08,1,1,0
28,13,1381.95,784.60,6.92,5.94,1,4,0
28,15,1365.05,784.27,7.69,6.50,1,4,0
28,39,771.75,796.57,7.28,6.15,1,4,0
28,52,1414.54,783.53,7.28,5.72,1,4,0
28,19,1064.62,790.49,9.12,8.31,1,4,0
28,2,1397.53,783.94,6.99,6.08,1,4,0
28,45,1346.06,784.75,7.83,6.68,1,4,0
28,14,721.34,797.09,7.43,6.36,1,4,0
28,10,581.86,799.78,8.61,7.11,1,4,0
28,53,1198.57,788.60,8.08,7.33,1,4,0
29,1,1.00,743.84,171.42,69.28,1,1,0
29,3,329.62,771.32,128.42,34.50,1,2,0
29,4,1701.99,762.51,77.60,20.95,1,1,0
29,5,1544.13,756.57,114.90,27.24,1,1,0
29,8,844.16,765.67,129.54,29.60,1,1,0
29,9,1158.35,754.24,119.70,36.06,1,1,0
29,21,1867.36,753.90,53.41,24.66,1,1,0
29,11,1083.09,753.16,97.51,37.85,1,1,0
29,15,1301.27,785.35,8.07,5.95,1,4,0
29,19,1064.17,789.20,9.53,8.55,1,4,0
29,56,2067.35,766.66,21.13,7.90,1,2,0
29,45,1333.03,785.28,7.85,5.85,1,4,0
29,53,1282.63,785.17,8.66,7.27,1,4,0
30,1,0.38,753.59,107.54,55.28,1,1,0
30,3,270.94,767.35,136.97,35.38,1,2,0
30,4,1664.69,761.03,76.94,20.33,1,1,0
30,5,1507.01,754.73,114.83,27.50,1,1,0
30,8,801.52,763.36,129.80,29.34,1,1,0
30,9,1122.03,751.46,120.15,36.85,1,1,0
30,21,1827.30,752.23,54.65,24.49,1,1,0
30,11,1044.47,751.15,99.12,37.54,1,1,0
30,15,1254.89,770.61,36.98,13.25,1,2,0
30,19,1124.53,784.79,7.80,7.66,1,4,0
30,56,2024.56,765.72,21.89,8.10,1,2,0
30,45,1297.36,783.21,8.01,5.75,1,4,0
30,53,1188.13,784.41,8.58,7.27,1,4,0
30,18,812.94,790.53,7.37,5.99,1,4,0
30,33,1170.14,784.46,7.19,7.27,1,4,0
30,39,717.02,790.88,8.60,6.38,1,4,0
30,2,1282.87,783.75,7.94,5.76,1,4,0
30,14,682.99,791.18,8.41,6.36,1,4,0
30,10,520.95,792.54,8.58,6.60,1,4,0
31,1,0.45,747.97,58.14,59.84,1,1,0
31,3,224.86,766.06,138.09,35.67,1,2,0
31,4,1638.19,760.25,77.12,20.72,1,1,0
31,5,1480.18,754.42,115.94,27.28,1,1,0
31,8,771.12,762.34,131.64,29.63,1,1,0
31,9,1094.33,750.53,120.84,37.20,1,1,0
31,21,1799.70,752.21,53.55,24.21,1,1,0
31,11,1015.43,750.39,99.79,37.69,1,1,0
31,15,1229.16,769.15,35.26,13.04,1,2,0
31,19,1121.25,784.64,8.32,7.07,1,4,0
31,56,1998.31,765.38,19.42,7.42,1,2,0
31,45,1270.35,782.72,7.30,5.87,1,4,0
31,53,1140.93,784.15,8.25,7.13,1,4,0
31,18,780.36,790.00,7.95,6.19,1,4,0
31,33,1218.23,782.99,8.52,6.81,1,4,0
31,39,684.42,790.53,8.08,6.16,1,4,0
31,2,1237.11,783.24,6.96,6.12,1,4,0
31,14,649.25,790.31,7.72,6.32,1,4,0
31,10,618.84,790.51,8.27,6.40,1,4,0
31,7,744.73,789.18,8.22,7.02,1,4,0
31,13,1253.81,782.96,7.06,6.18,1,4,0
31,52,1735.90,769.04,23.81,7.56,1,2,0
32,1,0.04,747.03,42.73,58.46,1,1,0
32,3,212.41,764.69,140.42,36.17,1,2,0
32,4,1631.52,759.99,76.60,20.64,1,1,0
32,5,1473.92,754.27,115.25,27.24,1,1,0
32,8,762.20,761.99,133.01,29.40,1,1,0
32,9,1087.42,750.10,120.02,37.11,1,1,0
32,21,1793.21,752.34,52.96,24.21,1,1,0
32,11,1008.21,749.83,100.33,37.75,1,1,0
32,15,1221.13,768.96,36.65,12.94,1,2,0
32,19,1089.98,783.67,9.09,8.40,1,4,0
32,56,1987.27,765.03,22.72,8.16,1,2,0
32,53,1041.03,784.88,8.41,7.49,1,4,0
32,18,947.98,785.41,9.68,8.27,1,4,0
32,33,1110.29,784.60,9.21,6.97,1,4,0
32,2,1174.19,783.50,8.06,6.87,1,4,0
32,14,525.33,791.47,7.47,5.91,1,4,0
32,10,556.17,790.61,7.89,6.42,1,4,0
32,13,1153.66,783.94,8.33,6.83,1,4,0
32,52,1727.95,768.89,23.20,7.49,1,2,0
32,20,129.68,797.12,12.09,6.47,1,4,0
33,3,174.15,762.67,143.16,36.53,1,2,0
33,4,1613.49,756.98,74.57,20.19,1,1,0
33,5,1456.28,750.27,114.13,27.96,1,1,0
33,8,738.75,758.79,134.02,30.41,1,1,0
33,9,1068.94,746.69,121.65,37.09,1,1,0
33,21,1773.18,748.77,52.94,23.97,1,1,0
33,11,988.36,746.52,100.43,38.24,1,1,0
33,15,1202.66,766.00,36.61,12.63,1,2,0
33,19,1044.84,782.32,8.01,7.22,1,4,0
33,53,992.66,783.02,8.42,7.77,1,4,0
33,18,965.10,783.02,9.31,8.23,1,4,0
33,33,1173.05,780.10,9.05,6.47,1,4,0
33,2,1091.40,780.97,9.18,7.39,1,4,0
33,14,395.70,790.84,7.04,6.04,1,4,0
33,13,1156.64,780.30,7.92,6.63,1,4,0
33,52,1710.12,765.37,23.77,7.31,1,2,0
34,3,124.95,759.13,151.58,37.23,1,2,0
34,4,1591.61,752.21,74.72,20.53,1,1,0
34,5,1433.92,746.18,116.08,27.75,1,1,0
34,8,711.22,755.01,136.72,29.92,1,1,0
34,9,1044.25,742.55,122.90,37.44,1,1,0
34,21,1750.86,743.98,52.22,24.20,1,1,0
34,11,964.10,742.18,101.39,38.75,1,1,0
34,15,1179.72,761.82,35.21,12.76,1,2,0
34,19,995.53,779.70,9.16,6.89,1,4,0
34,53,966.18,779.16,8.71,7.57,1,4,0
34,18,897.55,779.46,9.46,7.97,1,4,0
34,2,864.01,779.76,9.53,7.96,1,4,0
34,14,519.33,784.78,7.51,5.94,1,4,0
34,39,644.12,784.04,7.11,5.90,1,4,0
34,7,677.20,782.36,8.67,7.01,1,4,0
34,10,547.77,784.52,8.03,6.48,1,4,0
35,3,86.15,760.70,154.66,37.98,1,2,0
35,4,1574.67,751.39,74.16,20.78,1,1,0
35,5,1417.60,745.62,114.48,27.65,1,1,0
35,8,688.93,755.48,134.78,30.51,1,1,0
35,9,1027.11,742.38,122.98,37.73,1,1,0
35,21,1733.86,742.80,50.97,24.12,1,1,0
35,11,945.54,742.06,101.94,38.93,1,1,0
35,15,1162.56,761.69,35.64,12.86,1,2,0
35,53,944.49,779.07,9.24,7.63,1,4,0
35,18,916.82,779.18,8.91,8.08,1,4,0
35,2,802.94,781.89,8.32,7.63,1,4,0
35,39,690.32,783.58,8.14,6.62,1,4,0
35,7,768.74,783.21,8.34,6.93,1,4,0
35,56,1926.59,755.46,21.58,7.75,1,2,0
35,13,1149.01,775.94,8.16,6.38,1,4,0
35,52,1668.48,759.76,22.93,7.62,1,2,0
36,3,29.60,775.56,158.24,39.14,1,2,0
36,4,1550.32,752.02,74.70,19.99,1,1,0
36,5,1392.68,747.32,114.92,27.74,1,1,0
36,8,655.70,763.50,137.94,31.74,1,1,0
36,9,1002.07,747.62,120.64,38.19,1,1,0
36,21,1708.01,741.71,54.28,24.12,1,1,0
36,11,918.13,748.27,101.40,39.41,1,1,0
36,15,1134.83,765.41,37.33,13.13,1,2,0
36,53,994.02,783.28,8.42,7.80,1,4,0
36,18,913.70,785.19,8.72,7.89,1,4,0
36,2,808.19,788.09,9.55,8.12,1,4,0
36,39,654.03,792.93,8.19,6.99,1,4,0
36,7,843.31,787.58,10.49,8.25,1,4,0
36,56,1900.17,752.81,19.59,6.99,1,2,0
36,13,1104.97,780.75,8.40,7.24,1,4,0
36,52,1644.30,759.11,24.44,7.34,1,2,0
36,45,1122.49,780.27,8.54,6.67,1,4,0
36,33,1141.36,779.67,8.72,6.79,1,4,0
36,19,1040.90,782.81,7.97,7.25,1,4,0
36,14,481.17,796.26,8.46,6.63,1,4,0
36,10,513.88,795.98,8.12,6.52,1,4,0
37,3,0.68,769.22,150.88,40.25,1,2,0
37,4,1533.77,754.67,74.44,20.28,1,1,0
37,5,1376.46,749.49,114.62,27.77,1,1,0
37,8,631.39,761.49,139.32,31.79,1,1,0
37,9,983.93,747.20,121.23,38.27,1,1,0
37,21,1691.17,745.32,52.70,24.51,1,1,0
37,11,900.65,747.41,101.48,39.76,1,1,0
37,15,1117.12,766.63,36.85,13.24,1,2,0
37,53,997.82,782.55,8.56,8.21,1,4,0
37,18,947.41,784.30,8.70,7.14,1,4,0
37,2,746.21,788.40,8.71,7.71,1,4,0
37,39,587.42,792.77,8.50,7.10,1,4,0
37,7,782.95,787.28,10.17,7.80,1,4,0
37,13,1123.04,780.67,8.42,6.28,1,4,0
37,52,1624.84,763.02,23.06,7.40,1,2,0
37,64,199.11,798.30,8.04,6.61,1,4,0
37,45,1105.09,780.65,8.95,6.90,1,4,0
37,33,1141.90,780.71,8.07,5.99,1,4,0
37,19,1044.14,782.31,8.63,7.43,1,4,0
37,10,520.64,793.42,8.39,7.16,1,4,0
37,20,166.89,800.95,8.00,6.43,1,4,0
38,3,0.00,751.91,140.74,39.69,1,2,0
38,4,1548.11,761.72,74.24,20.18,1,1,0
38,5,1390.89,754.32,116.55,27.38,1,1,0
38,8,640.23,754.55,138.75,31.10,1,1,0
38,9,995.67,745.63,121.66,38.07,1,1,0
38,21,1707.77,755.14,54.22,24.02,1,1,0
38,11,908.87,744.16,101.71,39.47,1,1,0
38,15,1128.83,766.56,37.40,13.14,1,2,0
38,53,980.94,781.13,8.87,7.63,1,4,0
38,18,896.96,781.33,9.08,8.09,1,4,0
38,2,710.72,783.70,8.55,6.72,1,4,0
38,39,549.04,783.60,8.38,6.47,1,4,0
38,7,785.32,781.80,9.78,8.40,1,4,0
38,13,1094.41,780.29,8.66,7.01,1,4,0
38,64,294.93,783.12,8.18,6.02,1,4,0
38,45,1074.50,780.82,8.23,6.76,1,4,0
38,33,1171.50,780.36,7.89,6.15,1,4,0
38,19,1029.57,780.84,8.43,7.49,1,4,0
38,10,483.08,783.34,7.74,6.36,1,4,0
38,20,196.03,783.11,7.23,5.87,1,4,0
38,56,1895.76,769.43,21.78,8.15,1,2,0
38,14,419.53,783.72,7.62,5.99,1,4,0
39,3,0.90,759.73,159.85,40.63,1,2,0
39,4,1571.56,761.83,72.87,20.53,1,1,0
39,5,1413.56,755.20,115.78,27.26,1,1,0
39,8,662.11,759.10,139.91,31.48,1,1,0
39,9,1018.02,748.42,119.32,38.07,1,1,0
39,21,1731.52,754.06,53.79,24.46,1,1,0
39,11,930.80,747.50,101.40,40.11,1,1,0
39,15,1149.34,768.43,36.01,13.25,1,2,0
39,53,945.72,784.73,9.32,7.78,1,4,0
39,18,885.96,785.37,10.48,8.90,1,4,0
39,2,648.33,787.92,8.82,7.04,1,4,0
39,7,805.80,786.50,11.02,8.26,1,4,0
39,13,1094.33,783.82,8.86,6.72,1,4,0
39,45,1073.33,783.58,7.94,7.25,1,4,0
39,33,1174.01,782.53,7.84,6.55,1,4,0
39,19,1027.50,783.72,8.74,8.24,1,4,0
39,68,916.86,785.31,8.89,7.85,1,4,0
39,69,841.99,786.51,10.27,8.37,1,4,0
39,75,1136.08,782.07,8.81,7.33,1,4,0
39,56,1920.51,768.34,22.94,8.05,1,2,0
39,14,393.98,789.56,8.50,6.77,1,4,0
39,52,1662.46,770.65,22.07,8.07,1,2,0
40,3,32.23,773.09,167.70,41.01,1,2,0
40,4,1614.39,761.26,74.31,20.32,1,1,0
40,5,1454.77,755.62,117.57,27.66,1,1,0
40,8,702.84,765.84,137.94,31.76,1,1,0
40,9,1059.08,752.03,117.71,39.70,1,1,0
40,21,1776.64,752.09,53.73,24.40,1,1,0
40,11,971.25,752.38,98.63,39.79,1,1,0
40,15,1188.94,772.12,36.33,13.72,1,2,0
40,18,843.24,792.68,11.76,8.92,1,4,0
40,2,578.33,797.32,8.17,7.31,1,4,0
40,7,768.90,795.56,8.57,7.15,1,4,0
40,45,1063.69,789.18,9.68,8.41,1,4,0
40,19,1038.73,789.66,8.35,7.88,1,4,0
40,69,806.16,794.77,8.93,7.91,1,4,0
40,56,1967.09,764.42,24.10,8.55,1,2,0
40,14,389.44,800.32,8.07,6.66,1,4,0
40,52,1706.01,769.33,22.18,7.31,1,2,0
40,39,481.37,799.25,7.39,6.55,1,4,0
40,64,359.15,800.19,8.30,6.31,1,4,0
40,10,418.69,800.46,8.20,6.45,1,4,0
41,3,45.80,775.89,167.89,40.61,1,2,0
41,4,1629.41,760.76,73.62,20.32,1,1,0
41,5,1468.52,755.22,118.76,28.00,1,1,0
41,8,716.49,767.49,137.47,31.89,1,1,0
41,9,1072.67,752.69,118.41,39.46,1,1,0
41,21,1792.41,751.42,54.86,24.65,1,1,0
41,11,988.64,752.84,95.81,39.92,1,1,0
41,15,1203.07,772.54,35.18,14.06,1,2,0
41,18,818.78,796.31,9.11,7.69,1,4,0
41,2,591.89,799.32,8.73,7.49,1,4,0
41,7,739.46,798.44,8.42,6.50,1,4,0
41,69,658.07,798.42,8.53,7.34,1,4,0
41,56,1983.62,763.29,23.87,8.25,1,2,0
41,52,1720.85,768.66,24.22,7.65,1,2,0
41,39,464.45,801.15,8.72,7.82,1,4,0
41,53,938.35,793.07,10.17,8.91,1,4,0
41,33,1166.40,788.42,8.13,6.79,1,4,0
41,68,968.62,792.57,9.61,8.16,1,4,0
41,75,1101.78,789.72,8.56,7.79,1,4,0
42,3,78.61,775.38,169.15,41.61,1,2,0
42,4,1666.21,757.11,74.80,20.70,1,1,0
42,5,1504.57,751.79,118.88,28.41,1,1,0
42,8,749.78,765.70,136.29,32.41,1,1,0
42,9,1108.40,750.51,116.39,39.76,1,1,0
42,21,1831.28,747.25,55.78,24.97,1,1,0
42,11,1021.65,751.25,96.68,39.62,1,1,0
42,15,1237.36,769.29,36.70,13.71,1,2,0
42,18,772.01,796.68,7.73,6.51,1,4,0
42,2,497.90,800.69,8.48,7.42,1,4,0
42,7,690.45,797.18,8.84,7.02,1,4,0
42,69,625.18,798.31,8.18,7.34,1,4,0
42,56,2027.34,759.20,23.48,8.38,1,2,0
42,52,1759.14,764.73,23.94,7.87,1,2,0
42,39,466.10,801.39,8.52,6.83,1,4,0
42,53,850.26,795.01,9.13,7.58,1,4,0
42,33,1202.46,785.28,7.83,6.80,1,4,0
42,68,970.74,791.40,9.61,8.49,1,4,0
42,75,1222.97,784.51,8.32,7.35,1,4,0
42,20,65.33,813.73,8.50,6.82,1,4,0
42,45,1001.13,790.48,9.21,8.15,1,4,0
43,3,108.62,773.34,167.32,41.34,1,2,0
43,4,1708.15,757.84,74.05,20.72,1,1,0
43,5,1542.75,752.07,121.60,28.96,1,1,0
43,8,785.50,765.33,134.02,32.06,1,1,0
43,9,1145.16,749.88,117.06,40.15,1,1,0
43,21,1874.45,748.26,56.78,25.56,1,1,0
43,11,1056.80,750.18,98.48,40.29,1,1,0
43,15,1275.01,770.77,35.01,13.19,1,2,0
43,7,720.73,797.22,7.97,6.76,1,4,0
43,69,529.58,800.18,8.30,7.16,1,4,0
43,56,2071.61,760.59,25.70,8.57,1,2,0
43,52,1800.65,766.25,23.30,7.65,1,2,0
43,39,469.38,801.00,7.88,6.40,1,4,0
43,53,804.53,796.52,7.55,6.36,1,4,0
43,33,1237.54,785.37,7.47,7.34,1,4,0
43,68,1002.70,791.37,9.99,8.75,1,4,0
43,75,1297.09,784.78,9.10,5.90,1,4,0
43,80,1316.22,784.63,7.57,5.86,1,4,0
43,13,1063.65,789.02,9.68,8.04,1,4,0
43,19,1033.61,790.49,8.95,7.97,1,4,0
43,64,498.83,800.55,8.25,6.44,1,4,0
44,3,109.25,756.34,170.16,41.64,1,2,0
44,4,1724.84,752.39,75.30,20.80,1,1,0
44,5,1559.04,745.54,122.71,29.05,1,1,0
44,8,797.77,753.81,138.96,31.92,1,1,0
44,9,1160.11,740.60,118.40,39.95,1,1,0
44,21,1893.54,743.31,58.34,25.22,1,1,0
44,11,1069.15,740.74,98.30,40.31,1,1,0
44,15,1289.32,761.80,35.77,13.07,1,2,0
44,7,695.25,784.91,8.23,6.46,1,4,0
44,69,595.30,785.42,8.45,7.26,1,4,0
44,56,2093.12,757.42,24.69,8.42,1,2,0
44,52,1819.12,760.63,24.33,8.04,1,2,0
44,39,628.71,784.74,8.44,6.59,1,4,0
44,53,855.08,784.35,8.16,6.34,1,4,0
44,33,1104.93,779.96,8.39,6.89,1,4,0
44,68,1014.22,780.54,10.31,9.22,1,4,0
44,13,1076.05,780.09,9.78,7.99,1,4,0
44,19,1045.70,780.50,8.77,7.85,1,4,0
44,64,663.10,784.99,9.30,7.21,1,4,0
44,14,298.75,791.61,7.55,6.33,1,4,0
44,18,772.23,784.00,9.16,6.90,1,4,0
44,45,931.61,782.39,9.74,8.76,1,4,0
45,3,98.01,755.28,174.79,41.89,1,2,0
45,4,1730.20,756.05,77.32,21.05,1,1,0
45,5,1566.09,748.72,121.80,29.06,1,1,0
45,8,800.05,754.77,138.73,31.54,1,1,0
45,9,1164.81,742.44,118.22,39.64,1,1,0
45,21,1900.50,748.26,59.25,25.27,1,1,0
45,11,1070.79,741.65,102.30,40.45,1,1,0
45,15,1294.36,763.62,35.73,13.28,1,2,0
45,7,694.58,784.78,7.71,6.32,1,4,0
45,69,564.86,784.99,7.60,6.19,1,4,0
45,56,2102.40,762.19,24.03,8.36,1,2,0
45,52,1826.64,764.46,23.73,8.08,1,2,0
45,39,626.51,784.50,8.38,6.58,1,4,0
45,53,854.97,784.62,8.06,6.33,1,4,0
45,33,1188.36,779.88,8.84,7.24,1,4,0
45,68,1078.66,780.59,9.43,7.95,1,4,0
45,13,1135.80,780.14,8.94,7.71,1,4,0
45,19,1107.81,780.78,8.58,7.00,1,4,0
45,64,662.77,784.49,8.27,7.06,1,4,0
45,18,772.52,783.87,9.05,6.79,1,4,0
45,45,933.49,781.37,9.58,9.08,1,4,0
45,80,1233.80,779.83,8.58,6.75,1,4,0
46,3,75.54,755.66,175.12,42.70,1,2,0
46,4,1728.38,753.42,75.72,21.24,1,1,0
46,5,1563.30,746.78,121.71,28.51,1,1,0
46,8,791.64,753.77,142.61,31.59,1,1,0
46,9,1161.38,740.56,117.18,40.45,1,1,0
46,21,1897.44,743.98,61.26,26.09,1,1,0
46,11,1066.11,740.79,102.43,40.11,1,1,0
46,15,1290.14,761.43,36.86,13.91,1,2,0
46,69,551.12,785.22,8.72,6.63,1,4,0
46,52,1822.90,762.23,24.28,8.16,1,2,0
46,53,884.56,784.09,8.41,6.71,1,4,0
46,33,1158.13,778.82,8.33,7.84,1,4,0
46,68,1009.99,781.06,9.49,8.56,1,4,0
46,13,1072.59,779.76,9.74,7.67,1,4,0
46,19,1041.60,780.52,8.66,7.71,1,4,0
46,64,721.20,784.64,8.80,7.19,1,4,0
46,18,805.33,784.76,8.13,6.38,1,4,0
46,45,926.22,782.29,10.38,8.53,1,4,0
46,80,1159.10,747.83,31.37,28.62,1,1,0
46,75,1487.15,764.90,26.64,9.24,1,2,0
46,14,267.22,790.81,7.17,6.94,1,4,0
47,3,22.84,755.43,184.57,43.24,1,2,0
47,4,1708.66,753.09,74.96,20.91,1,1,0
47,5,1544.14,746.26,121.61,28.77,1,1,0
47,8,766.22,753.61,145.27,31.91,1,1,0
47,9,1139.59,739.90,118.86,41.12,1,1,0
47,21,1876.28,744.14,61.54,25.60,1,1,0
47,11,1043.00,740.10,100.64,41.13,1,1,0
47,15,1268.37,761.89,37.57,13.45,1,2,0
47,69,518.99,785.30,7.75,6.41,1,4,0
47,33,1108.11,778.84,9.35,7.68,1,4,0
47,68,983.33,780.28,10.82,9.32,1,4,0
47,13,1078.88,779.53,8.29,7.09,1,4,0
47,64,774.90,784.48,9.17,6.53,1,4,0
47,18,818.69,783.97,8.49,6.26,1,4,0
47,45,899.16,781.80,9.95,8.58,1,4,0
47,80,1136.74,748.29,30.68,27.61,1,1,0
47,7,688.98,784.74,8.26,6.83,1,4,0
47,56,2075.52,758.05,25.02,8.58,1,2,0
47,39,583.26,784.82,8.14,6.26,1,4,0
48,3,0.07,755.29,149.69,43.76,1,2,0
48,4,1675.81,759.99,74.62,20.98,1,1,0
48,5,1512.14,752.76,121.24,28.74,1,1,0
48,8,728.73,756.36,145.07,33.11,1,1,0
48,9,1108.55,744.33,117.72,40.89,1,1,0
48,21,1842.98,752.15,60.31,25.69,1,1,0
48,11,1010.62,744.20,99.31,40.95,1,1,0
48,15,1235.79,766.74,37.35,13.31,1,2,0
48,69,457.95,788.84,8.37,6.37,1,4,0
48,33,1126.44,782.56,9.00,8.14,1,4,0
48,68,1014.03,784.30,9.74,7.92,1,4,0
48,13,1073.63,783.10,9.40,8.19,1,4,0
48,64,899.57,785.47,9.98,8.48,1,4,0
48,18,778.33,788.15,8.73,6.76,1,4,0
48,45,947.74,785.06,9.89,8.78,1,4,0
48,80,1151.74,782.43,8.72,7.42,1,4,0
48,7,647.75,787.59,9.05,6.96,1,4,0
48,56,2039.96,766.37,24.01,8.61,1,2,0
48,39,488.89,788.66,8.35,6.27,1,4,0
48,2,169.98,792.71,7.55,6.67,1,4,0
48,52,1768.19,769.10,24.35,7.99,1,2,0
48,53,980.75,784.76,9.16,7.74,1,4,0
48,19,1042.97,784.10,8.98,7.43,1,4,0
49,3,0.61,755.40,97.57,42.28,1,2,0
49,4,1647.68,762.10,74.14,21.58,1,1,0
49,5,1485.95,755.14,119.20,28.22,1,1,0
49,8,694.83,755.21,146.97,34.30,1,1,0
49,9,1078.73,745.30,120.26,41.43,1,1,0
49,21,1813.96,755.13,60.21,25.70,1,1,0
49,11,979.29,745.41,100.21,40.89,1,1,0
49,15,1208.41,768.00,37.68,13.62,1,2,0
49,33,1168.87,784.43,8.29,6.85,1,4,0
49,68,1076.38,754.18,27.55,29.41,1,1,0
49,13,1122.11,783.44,8.90,7.61,1,4,0
49,64,982.69,785.15,10.23,7.85,1,4,0
49,45,949.22,784.93,9.50,7.83,1,4,0
49,80,1191.25,783.23,8.73,7.27,1,4,0
49,56,2009.28,769.23,24.07,8.53,1,2,0
49,84,1232.76,784.03,8.67,5.90,1,4,0
49,86,1252.53,783.57,7.19,5.72,1,4,0
49,53,1012.35,785.09,9.07,7.37,1,4,0
49,19,1042.92,784.45,9.11,7.85,1,4,0
50,4,1606.25,760.69,73.65,20.83,1,1,0
50,5,1444.62,752.04,119.88,28.46,1,1,0
50,8,643.51,750.47,147.68,33.96,1,1,0
50,9,1036.72,741.30,121.28,41.37,1,1,0
50,21,1771.47,753.57,59.64,25.57,1,1,0
50,11,935.44,740.62,102.07,41.26,1,1,0
50,15,1166.92,764.44,38.90,13.72,1,2,0
50,33,1126.42,780.24,8.22,6.88,1,4,0
50,68,1032.07,748.73,32.49,27.82,1,1,0
50,13,1078.87,780.23,8.87,7.34,1,4,0
50,64,998.89,780.47,9.48,7.93,1,4,0
50,45,901.74,780.71,9.18,7.93,1,4,0
50,80,1104.86,780.48,8.92,7.01,1,4,0
50,56,1962.68,768.81,23.81,8.53,1,2,0
50,84,1170.50,779.60,8.41,6.79,1,4,0
50,53,967.13,781.12,8.61,7.55,1,4,0
50,19,1025.24,781.02,8.91,7.42,1,4,0
50,10,273.27,781.26,7.82,6.48,1,4,0
50,75,1696.56,769.45,24.44,8.43,1,2,0
50,14,241.88,781.33,7.65,6.18,1,4,0
50,69,370.59,782.23,7.49,6.33,1,4,0
50,18,816.90,781.59,10.44,8.99,1,4,0
50,7,645.89,782.59,9.06,6.95,1,4,0
50,39,439.27,781.44,8.53,6.74,1,4,0
50,2,135.33,781.25,8.44,6.22,1,4,0
51,4,1606.16,773.67,74.30,21.11,1,1,0
51,5,1444.62,762.44,119.06,29.04,1,1,0
51,8,638.77,743.11,148.23,34.43,1,1,0
51,9,1033.67,742.79,121.31,41.58,1,1,0
51,21,1771.67,770.11,60.27,25.61,1,1,0
51,11,931.60,740.17,102.64,41.39,1,1,0
51,15,1165.31,767.97,37.20,13.16,1,2,0
51,33,1123.89,782.55,8.21,6.87,1,4,0
51,68,1029.53,749.79,32.97,29.18,1,1,0
51,13,1075.23,781.38,8.76,7.46,1,4,0
51,64,993.79,780.75,9.40,7.84,1,4,0
51,45,862.41,778.67,10.89,8.87,1,4,0
51,80,931.17,779.88,9.98,8.07,1,4,0
51,56,1960.21,789.48,25.60,8.92,1,2,0
51,84,1168.56,782.90,8.11,6.92,1,4,0
51,53,897.52,779.50,9.46,7.93,1,4,0
51,19,963.83,780.84,8.96,7.15,1,4,0
51,10,262.44,767.00,7.86,6.53,1,4,0
51,75,1696.26,784.60,23.69,7.64,1,2,0
51,14,230.93,765.61,8.07,6.06,1,4,0
51,69,293.30,767.67,8.72,6.44,1,4,0
51,18,770.15,777.68,11.50,8.86,1,4,0
51,7,637.81,774.77,9.02,7.75,1,4,0
51,39,504.89,772.70,8.38,6.61,1,4,0
51,86,1188.51,783.77,8.25,6.48,1,4,0
52,4,1633.30,774.20,74.21,21.30,1,1,0
52,5,1470.81,761.76,119.76,29.56,1,1,0
52,8,663.30,735.50,145.37,33.11,1,1,0
52,9,1060.25,738.20,120.63,41.84,1,1,0
52,21,1800.35,772.38,60.05,25.81,1,1,0
52,11,954.98,733.93,102.58,41.54,1,1,0
52,15,1189.43,764.67,37.54,13.27,1,2,0
52,68,1056.44,744.09,33.29,30.55,1,1,0
52,64,1017.16,775.15,9.02,7.70,1,4,0
52,45,790.33,769.35,10.00,8.57,1,4,0
52,80,829.98,770.48,10.68,8.70,1,4,0
52,56,1991.15,792.44,25.41,9.49,1,2,0
52,84,1169.80,778.86,8.38,7.41,1,4,0
52,19,952.99,773.27,9.31,8.11,1,4,0
52,75,1722.18,786.47,24.80,8.12,1,2,0
52,14,147.36,749.25,8.78,6.26,1,4,0
52,18,705.52,767.46,8.31,6.80,1,4,0
52,7,612.16,763.31,9.35,7.25,1,4,0
52,39,489.72,759.74,8.94,7.51,1,4,0
52,86,1233.61,780.63,7.76,6.10,1,4,0
53,4,1696.51,769.01,74.35,21.16,1,1,0
53,5,1530.42,756.69,122.50,29.46,1,1,0
53,8,724.03,736.12,140.44,32.79,1,1,0
53,9,1117.29,736.05,120.56,41.64,1,1,0
53,11,1011.69,731.85,103.96,41.98,1,1,0
53,15,1248.09,762.11,35.53,13.20,1,2,0
53,68,1113.13,743.30,34.34,29.42,1,1,0
53,45,803.09,768.43,9.60,7.04,1,4,0
53,80,847.87,768.82,10.16,8.34,1,4,0
53,56,2059.20,786.20,28.94,9.22,1,2,0
53,75,1786.77,780.17,23.75,8.13,1,2,0
53,7,427.07,758.47,8.78,7.04,1,4,0
53,39,395.12,758.00,8.50,6.74,1,4,0
53,52,1866.73,766.11,62.19,25.81,1,1,0
53,3,0.70,715.72,85.62,41.85,1,2,0
53,53,888.56,770.46,9.92,8.42,1,4,0
53,10,363.95,757.15,7.89,6.25,1,4,0
53,69,214.71,752.30,8.21,6.36,1,4,0
54,4,1749.42,769.48,75.11,21.39,1,1,0
54,5,1580.96,757.96,124.78,29.99,1,1,0
54,8,773.57,740.51,144.15,34.56,1,1,0
54,9,1166.26,739.63,121.22,41.73,1,1,0
54,11,1061.23,736.69,104.47,41.87,1,1,0
54,15,1296.48,764.94,38.07,13.65,1,2,0
54,68,1159.70,746.77,33.78,28.34,1,1,0
54,45,765.13,771.78,7.86,7.14,1,4,0
54,56,2123.64,785.10,26.88,9.07,1,2,0
54,75,1841.06,781.01,24.14,7.86,1,2,0
54,7,465.37,765.08,8.41,7.08,1,4,0
54,39,432.49,764.77,8.22,6.56,1,4,0
54,52,1922.42,766.21,63.46,25.98,1,1,0
54,3,0.47,717.62,143.82,48.48,1,2,0
54,10,403.26,764.55,7.53,6.24,1,4,0
54,33,1254.06,779.59,7.55,6.88,1,4,0
54,84,1204.55,779.07,8.85,7.40,1,4,0
54,18,673.34,769.29,9.58,7.82,1,4,0
54,86,1300.07,779.71,7.81,6.73,1,4,0
55,5,1614.34,758.46,125.41,29.89,1,1,0
55,8,806.42,744.09,141.36,33.73,1,1,0
55,9,1197.51,741.47,121.32,41.78,1,1,0
55,11,1092.84,739.12,105.19,41.60,1,1,0
55,15,1327.72,766.31,38.77,13.85,1,2,0
55,68,1190.64,748.53,33.90,28.05,1,1,0
55,56,2163.34,784.60,25.44,8.73,1,2,0
55,75,1876.21,780.92,23.81,7.89,1,2,0
55,7,466.94,769.35,8.58,6.68,1,4,0
55,39,438.30,769.01,7.57,6.60,1,4,0
55,52,1960.12,765.51,64.04,26.42,1,1,0
55,3,0.82,725.74,179.76,46.71,1,2,0
55,10,309.79,765.83,8.30,6.77,1,4,0
55,33,1286.17,781.53,7.29,7.08,1,4,0
55,84,1205.91,779.59,12.03,8.17,1,4,0
55,18,634.28,772.21,8.68,7.09,1,4,0
55,86,1331.08,781.28,8.04,6.86,1,4,0
55,13,1090.82,778.93,9.71,8.29,1,4,0
55,21,1784.26,769.91,74.42,20.97,1,1,0
55,64,1152.59,779.95,8.90,7.53,1,4,0
55,19,1055.13,778.75,9.60,8.07,1,4,0
55,53,967.34,777.49,10.94,9.45,1,4,0
55,69,165.57,768.74,8.87,6.81,1,4,0
56,5,1649.95,758.40,126.15,30.00,1,1,0
56,8,839.81,746.26,141.67,34.00,1,1,0
56,9,1232.53,742.46,119.35,42.20,1,1,0
56,11,1125.38,740.53,106.19,41.81,1,1,0
56,15,1360.91,767.68,36.50,13.37,1,2,0
56,68,1223.78,749.39,36.08,29.14,1,1,0
56,56,2207.53,782.94,24.26,8.71,1,2,0
56,75,1913.70,780.13,24.92,8.20,1,2,0
56,7,445.64,772.19,7.90,6.55,1,4,0
56,52,1999.71,764.60,63.64,26.56,1,1,0
56,3,20.47,730.49,198.98,46.73,1,2,0
56,33,1318.86,782.84,7.79,6.95,1,4,0
56,84,1215.79,781.83,9.05,7.92,1,4,0
56,18,632.27,775.40,8.59,6.71,1,4,0
56,86,1364.44,782.84,8.09,6.96,1,4,0
56,98,1268.66,781.87,8.91,7.77,1,4,0
56,99,1154.43,781.76,8.69,7.42,1,4,0
56,13,1123.19,781.01,9.34,8.47,1,4,0
56,21,1821.08,769.41,75.18,21.14,1,1,0
56,64,1185.79,781.42,9.23,7.89,1,4,0
56,19,1087.98,780.43,9.07,7.94,1,4,0
56,53,959.59,779.25,9.85,7.81,1,4,0
56,80,701.88,776.56,8.06,6.93,1,4,0
56,45,916.19,780.08,9.18,7.05,1,4,0
57,5,1705.50,758.32,128.52,30.05,1,1,0
57,8,894.07,748.71,140.21,34.29,1,1,0
57,9,1284.99,743.71,118.15,42.17,1,1,0
57,11,1178.58,741.57,105.37,42.39,1,1,0
57,15,1414.24,768.25,37.35,13.63,1,2,0
57,68,1278.61,750.54,36.71,30.94,1,1,0
57,56,2276.19,780.96,26.33,9.26,1,2,0
57,75,1974.72,779.46,24.60,8.08,1,2,0
57,52,2063.19,763.40,65.48,26.97,1,1,0
57,3,88.18,736.26,191.61,46.11,1,2,0
57,33,1346.34,783.78,9.21,7.21,1,4,0
57,84,1206.18,782.97,8.66,7.92,1,4,0
57,18,837.66,780.35,8.64,6.60,1,4,0
57,86,1395.59,783.51,8.92,7.06,1,4,0
57,98,1267.16,782.91,9.38,8.55,1,4,0
57,99,1174.41,782.40,9.23,8.51,1,4,0
57,13,1139.42,782.67,9.08,8.02,1,4,0
57,21,1880.69,768.79,76.17,21.44,1,1,0
57,64,1237.53,782.88,9.13,8.36,1,4,0
57,19,1103.31,782.88,10.27,9.30,1,4,0
57,53,967.28,782.35,9.29,7.22,1,4,0
57,80,755.83,780.01,7.98,6.50,1,4,0
57,45,928.10,782.34,8.85,6.93,1,4,0
58,5,1821.08,760.02,134.76,30.99,1,1,0
58,8,1001.73,753.36,136.66,33.12,1,1,0
58,9,1391.61,746.08,119.85,43.12,1,1,0
58,15,1522.22,771.56,35.67,14.04,1,2,0
58,68,1284.05,744.22,110.53,43.07,1,1,0
58,56,2419.00,782.36,26.44,9.40,1,2,0
58,75,2101.93,781.26,26.45,8.60,1,2,0
58,52,2194.57,765.17,71.69,26.92,1,1,0
58,3,214.79,741.33,183.78,45.33,1,2,0
58,84,1207.21,785.19,11.47,9.32,1,4,0
58,18,704.44,780.82,8.20,6.92,1,4,0
58,86,1380.52,753.95,38.81,31.91,1,1,0
58,13,1156.16,785.44,9.78,8.56,1,4,0
58,21,2003.08,770.62,79.23,22.03,1,1,0
58,64,1279.60,785.39,9.50,8.57,1,4,0
58,19,1072.41,785.12,9.19,6.96,1,4,0
58,53,944.76,784.38,8.17,6.69,1,4,0
58,80,673.59,780.96,7.93,6.46,1,4,0
58,45,899.98,783.08,8.55,7.30,1,4,0
58,7,420.57,781.87,7.80,6.69,1,4,0
59,9,1430.83,745.68,115.70,43.15,1,1,0
59,15,1582.13,788.02,8.48,7.15,1,4,0
59,56,2394.53,759.07,77.28,29.36,1,1,0
59,75,2292.54,778.42,25.29,8.39,1,2,0
59,52,2185.40,767.09,83.99,22.23,1,1,0
59,3,383.48,750.76,176.86,45.11,1,2,0
59,86,1533.81,753.92,36.29,33.20,1,1,0
59,13,1133.57,788.95,8.43,7.02,1,4,0
59,21,1991.62,757.42,141.31,31.97,1,1,0
59,64,1355.18,788.94,10.21,9.16,1,4,0
59,80,554.79,788.65,8.26,7.58,1,4,0
59,45,909.87,787.66,8.23,6.79,1,4,0
59,11,1149.07,755.98,135.48,34.87,1,1,0
59,33,1391.06,788.71,9.83,8.23,1,4,0
59,98,1262.32,788.78,9.62,8.43,1,4,0
60,9,1536.55,735.34,120.00,44.50,1,1,0
60,15,1601.22,778.12,10.70,8.55,1,4,0
60,56,2543.14,730.42,16.85,16.82,1,1,0
60,52,2321.05,731.57,88.46,23.44,1,1,0
60,3,496.27,773.44,169.68,46.37,1,2,0
60,86,1568.18,779.58,9.39,7.86,1,4,0
60,21,2116.10,727.45,149.91,33.64,1,1,0
60,64,1407.00,784.85,10.44,9.14,1,4,0
60,45,902.90,798.67,7.14,6.44,1,4,0
60,105,1654.28,731.18,124.87,47.05,1,1,0
60,106,0.00,749.81,267.79,91.72,1,1,0
60,107,1534.53,779.83,10.23,8.97,1,4,0
60,33,1459.79,782.34,10.87,10.06,1,4,0
60,98,1321.19,787.85,9.28,7.37,1,4,0
60,4,1787.24,754.79,40.10,15.18,1,2,0
60,99,1191.47,790.67,9.21,7.45,1,4,0
60,68,1251.48,754.57,134.62,35.78,1,1,0
60,84,1365.77,785.41,10.19,8.71,1,4,0
60,19,1012.59,796.06,8.05,6.60,1,4,0
60,53,929.73,797.71,7.20,6.54,1,4,0
61,9,1587.00,723.97,123.48,44.95,1,1,0
61,15,1655.24,765.34,9.66,9.40,1,4,0
61,56,2503.40,703.43,28.62,8.92,1,2,0
61,52,2389.50,695.94,90.53,24.93,1,1,0
61,3,541.08,790.88,169.75,48.54,1,2,0
61,86,1621.72,768.25,8.75,7.79,1,4,0
61,21,2176.55,697.75,155.89,35.53,1,1,0
61,64,1457.63,778.62,9.65,8.56,1,4,0
61,45,838.47,812.78,8.11,6.37,1,4,0
61,105,1708.38,715.49,127.63,48.56,1,1,0
61,106,1.16,781.03,311.04,97.06,1,1,0
61,107,1586.62,769.26,10.14,8.86,1,4,0
61,98,1158.58,796.32,7.55,6.34,1,4,0
61,108,1690.59,728.04,43.29,34.80,1,1,0
61,109,1856.80,752.76,8.28,6.93,1,4,0
61,110,1830.95,754.70,10.00,8.20,1,4,0
61,4,1803.23,757.68,8.48,6.82,1,4,0
61,99,1194.44,793.19,8.80,7.38,1,4,0
61,68,1300.65,751.24,135.76,37.51,1,1,0
61,84,1414.44,780.53,9.92,9.27,1,4,0
61,19,1058.04,801.02,8.66,7.16,1,4,0
61,53,1091.27,799.70,7.96,6.57,1,4,0
61,5,1903.90,750.19,8.96,6.93,1,4,0
61,13,1124.47,797.21,8.75,7.45,1,4,0
62,9,1591.33,718.54,127.46,45.04,1,1,0
62,15,1739.05,756.72,9.89,7.70,1,4,0
62,52,2398.10,700.60,89.95,24.12,1,1,0
62,3,531.88,773.49,171.79,48.27,1,2,0
62,21,2186.63,698.93,155.94,34.96,1,1,0
62,64,1516.17,768.43,12.34,9.99,1,4,0
62,45,835.70,798.21,10.15,7.44,1,4,0
62,105,1716.71,711.36,126.59,47.94,1,1,0
62,106,1.22,758.58,298.38,94.70,1,1,0
62,107,1555.39,766.44,9.51,8.15,1,4,0
62,108,1696.03,723.53,45.72,34.27,1,1,0
62,109,1850.01,733.50,38.56,14.30,1,2,0
62,110,1840.05,750.92,9.88,8.09,1,4,0
62,4,1813.40,753.23,8.27,7.81,1,4,0
62,99,1285.17,780.10,9.12,7.16,1,4,0
62,68,1302.69,742.15,139.97,37.49,1,1,0
62,84,1462.78,771.82,10.59,9.27,1,4,0
62,19,1004.15,792.66,8.35,6.94,1,4,0
62,5,1889.63,747.95,8.39,7.05,1,4,0
62,13,1128.15,787.63,8.82,7.19,1,4,0
63,9,1564.89,726.53,128.60,44.21,1,1,0
63,15,1732.36,766.59,9.15,7.67,1,4,0
63,52,2366.34,727.97,89.30,23.40,1,1,0
63,3,488.29,757.35,175.30,47.69,1,2,0
63,21,2157.61,722.49,154.29,33.39,1,1,0
63,64,1638.99,768.92,10.56,9.00,1,4,0
63,45,916.86,785.33,7.55,6.92,1,4,0
63,105,1692.84,722.56,124.78,46.91,1,1,0
63,106,1.28,731.18,247.20,90.84,1,1,0
63,108,1670.31,733.23,46.98,34.28,1,1,0
63,109,1820.90,747.14,39.71,14.34,1,2,0
63,110,1841.50,763.85,8.29,6.70,1,4,0
63,4,1761.25,766.16,9.00,7.71,1,4,0
63,68,1277.03,743.00,140.81,37.24,1,1,0
63,19,999.36,784.57,7.49,6.00,1,4,0
63,5,2049.20,746.54,28.41,9.94,1,2,0
63,13,1168.97,780.52,8.90,7.51,1,4,0
63,18,748.16,790.06,8.61,7.02,1,4,0
63,75,2479.11,736.81,29.11,9.70,1,2,0
63,33,1530.33,772.10,9.95,9.04,1,4,0
63,86,1701.67,767.32,11.33,8.17,1,4,0
63,98,1061.17,782.53,8.36,6.64,1,4,0
63,53,1027.60,783.28,8.52,7.20,1,4,0
64,9,1526.41,726.76,130.22,44.44,1,1,0
64,15,1778.32,767.05,9.38,7.61,1,4,0
64,52,2318.41,738.15,87.59,22.97,1,1,0
64,3,429.99,744.66,181.57,48.86,1,2,0
64,21,2113.60,730.35,151.05,33.02,1,1,0
64,64,1663.70,769.03,11.29,8.42,1,4,0
64,105,1656.09,725.21,124.60,46.43,1,1,0
64,106,0.99,729.14,177.19,74.08,1,1,0
64,108,1632.58,735.35,47.45,33.43,1,1,0
64,109,1782.66,750.47,38.73,14.10,1,2,0
64,110,1827.58,766.40,8.95,7.04,1,4,0
64,4,1751.21,768.60,8.48,7.15,1,4,0
64,68,1237.80,740.23,141.82,37.01,1,1,0
64,18,757.19,779.93,9.43,6.81,1,4,0
64,75,2543.92,737.48,16.08,19.66,1,1,0
64,33,1530.78,770.99,10.60,8.77,1,4,0
64,86,1696.61,768.45,8.40,7.59,1,4,0
64,98,1018.25,777.22,8.57,7.60,1,4,0
64,56,2427.67,748.08,29.29,9.18,1,2,0
64,107,1634.41,769.42,9.31,8.27,1,4,0
64,99,1398.75,774.30,10.08,8.95,1,4,0
65,9,1490.13,715.91,132.00,44.23,1,1,0
65,52,2273.46,727.59,85.38,22.62,1,1,0
65,3,373.58,732.27,187.49,49.83,1,2,0
65,21,2073.50,719.28,147.52,32.85,1,1,0
65,105,1621.86,713.27,121.22,47.91,1,1,0
65,106,0.45,720.27,112.96,69.78,1,1,0
65,108,1595.41,722.96,47.91,34.75,1,1,0
65,109,1742.74,740.59,36.95,14.56,1,2,0
65,4,1742.69,756.55,8.83,7.36,1,4,0
65,68,1318.14,762.99,10.91,8.59,1,4,0
65,18,770.75,768.79,7.83,6.66,1,4,0
65,75,2494.63,715.48,65.37,30.80,1,1,0
65,98,979.03,765.84,8.72,6.89,1,4,0
65,113,711.16,766.66,10.53,7.66,1,4,0
65,56,2380.58,737.46,28.67,9.03,1,2,0
65,107,1641.67,758.13,9.05,8.10,1,4,0
65,99,1362.17,762.43,10.55,8.95,1,4,0
65,11,1201.22,728.39,139.42,37.45,1,1,0
65,84,1418.50,761.32,10.60,9.26,1,4,0
65,45,915.35,766.22,8.16,6.86,1,4,0
65,19,945.40,765.72,8.72,7.50,1,4,0
65,13,1270.51,764.61,8.80,7.54,1,4,0
65,53,1087.61,764.47,9.23,7.45,1,4,0
66,9,1440.83,711.61,132.45,44.92,1,1,0
66,52,2212.11,723.16,85.09,22.88,1,1,0
66,3,295.29,728.75,198.61,50.62,1,2,0
66,21,2018.97,715.26,142.87,32.86,1,1,0
66,105,1573.53,709.39,120.48,47.23,1,1,0
66,108,1545.95,720.73,48.59,32.98,1,1,0
66,109,1695.32,735.93,37.13,14.13,1,2,0
66,4,1718.90,752.55,8.94,6.71,1,4,0
66,18,771.16,763.95,7.79,6.70,1,4,0
66,75,2429.48,711.69,83.66,30.44,1,1,0
66,98,1035.13,761.32,8.81,7.92,1,4,0
66,107,1667.91,752.66,8.29,7.19,1,4,0
66,84,1447.58,756.23,11.50,8.67,1,4,0
66,53,1129.44,761.43,8.59,7.52,1,4,0
66,39,495.53,768.63,10.24,8.52,1,4,0
66,8,1151.82,725.06,141.47,37.28,1,1,0
66,5,2316.33,733.43,28.81,8.89,1,2,0
66,64,1766.22,751.17,7.95,6.04,1,4,0
66,33,1483.24,756.27,10.63,7.84,1,4,0
66,86,1694.74,752.35,9.88,7.87,1,4,0
67,9,1392.64,715.68,133.57,44.84,1,1,0
67,52,2154.04,733.83,82.03,22.31,1,1,0
67,3,219.09,723.23,205.11,51.58,1,2,0
67,21,1964.40,724.88,140.79,32.07,1,1,0
67,105,1527.62,714.14,117.31,47.74,1,1,0
67,108,1496.87,723.74,49.12,34.71,1,1,0
67,109,1645.45,741.84,36.56,14.31,1,2,0
67,4,1672.36,758.09,8.39,7.19,1,4,0
67,18,803.19,763.63,8.27,6.82,1,4,0
67,98,1077.89,763.26,9.10,7.49,1,4,0
67,107,1646.25,758.21,9.23,7.62,1,4,0
67,53,1126.47,763.87,8.45,6.80,1,4,0
67,39,590.59,760.96,10.36,7.77,1,4,0
67,8,1101.77,726.39,142.37,37.84,1,1,0
67,5,2367.43,724.32,80.61,29.50,1,1,0
67,33,1547.15,759.39,10.15,7.63,1,4,0
67,68,1264.41,762.18,10.91,8.74,1,4,0
67,113,773.76,763.40,8.51,7.13,1,4,0
67,99,1321.55,761.48,11.16,9.52,1,4,0
67,45,833.21,763.05,8.99,7.41,1,4,0
67,19,982.15,762.75,8.79,7.72,1,4,0
67,13,1219.04,761.94,11.33,8.71,1,4,0
68,9,1359.14,713.08,133.35,45.50,1,1,0
68,52,2115.15,739.67,80.95,22.36,1,1,0
68,3,155.74,707.54,210.90,52.80,1,2,0
68,21,1928.36,728.74,139.68,32.25,1,1,0
68,105,1495.71,712.76,117.06,48.37,1,1,0
68,108,1463.22,722.08,51.04,34.66,1,1,0
68,109,1612.13,742.07,36.16,14.39,1,2,0
68,4,1640.78,758.29,7.87,7.03,1,4,0
68,18,791.23,753.21,8.65,7.24,1,4,0
68,107,1614.18,758.16,9.26,7.40,1,4,0
68,53,1134.73,757.03,9.68,7.63,1,4,0
68,39,545.65,750.88,9.12,6.92,1,4,0
68,8,1066.51,722.48,141.76,35.98,1,1,0
68,5,2325.99,732.46,78.73,29.45,1,1,0
68,33,1514.49,758.26,9.54,7.72,1,4,0
68,68,1288.26,757.74,11.64,9.93,1,4,0
68,113,640.59,751.83,9.06,6.81,1,4,0
68,19,943.27,755.43,10.12,7.29,1,4,0
68,13,1229.16,757.28,11.40,9.51,1,4,0
68,7,372.21,752.47,12.70,8.70,1,4,0
68,56,2212.66,751.13,28.05,8.65,1,2,0
69,9,1344.05,714.07,135.44,45.43,1,1,0
69,52,2099.79,740.04,78.90,22.17,1,1,0
69,3,116.53,710.62,218.22,53.57,1,2,0
69,21,1913.08,729.37,140.61,32.05,1,1,0
69,105,1483.36,713.86,116.12,48.48,1,1,0
69,108,1449.42,723.54,51.37,33.78,1,1,0
69,109,1598.66,742.85,34.07,14.03,1,2,0
69,4,1675.03,759.88,8.49,6.29,1,4,0
69,18,806.50,756.45,10.16,7.43,1,4,0
69,107,1576.11,760.46,8.97,6.54,1,4,0
69,8,1051.02,722.50,141.54,38.03,1,1,0
69,5,2309.90,732.85,79.74,28.89,1,1,0
69,33,1549.54,759.79,9.47,7.27,1,4,0
69,19,972.18,757.85,9.34,7.49,1,4,0
69,7,361.90,757.93,8.30,6.96,1,4,0
69,56,2195.65,750.92,31.78,9.29,1,2,0
69,75,2530.60,753.03,26.33,7.30,1,2,0
69,84,1390.37,760.29,10.32,8.49,1,4,0
69,99,1354.24,760.10,11.20,8.95,1,4,0
69,45,847.06,756.55,9.88,7.85,1,4,0
70,9,1344.25,717.05,135.57,45.25,1,1,0
70,52,2102.05,737.52,79.55,22.12,1,1,0
70,3,99.73,720.67,220.31,55.10,1,2,0
70,21,1916.79,727.78,138.96,32.41,1,1,0
70,105,1486.84,715.54,113.60,48.18,1,1,0
70,108,1449.86,725.76,51.23,33.71,1,1,0
70,109,1599.72,744.16,33.29,13.98,1,2,0
70,4,1677.19,760.64,8.21,5.92,1,4,0
70,18,800.91,763.56,8.94,7.00,1,4,0
70,107,1577.98,761.38,9.03,7.05,1,4,0
70,8,1049.17,728.29,144.04,37.46,1,1,0
70,5,2313.08,728.35,78.90,29.80,1,1,0
70,33,1461.40,762.12,9.98,8.43,1,4,0
70,19,918.98,762.88,9.70,8.00,1,4,0
70,7,340.54,767.46,9.68,7.75,1,4,0
70,56,2197.60,747.89,27.56,8.78,1,2,0
70,75,2534.40,747.62,24.11,8.19,1,2,0
70,84,1426.16,761.98,11.12,8.88,1,4,0
70,99,1391.94,762.93,9.75,8.13,1,4,0
70,53,1165.98,762.85,11.19,8.71,1,4,0
70,68,1315.08,762.67,10.12,8.65,1,4,0
70,113,703.52,763.22,9.05,7.48,1,4,0
70,13,1212.48,763.34,12.00,9.73,1,4,0
71,9,1373.57,720.43,136.43,45.73,1,1,0
71,52,2143.64,738.80,79.72,22.52,1,1,0
71,3,103.62,726.10,224.26,56.23,1,2,0
71,21,1954.46,729.21,141.39,33.27,1,1,0
71,105,1522.20,718.36,113.53,48.81,1,1,0
71,108,1480.41,728.45,54.29,33.49,1,1,0
71,109,1634.07,746.93,30.85,13.96,1,2,0
71,4,1615.11,764.16,9.65,6.71,1,4,0
71,18,783.76,768.64,9.00,7.38,1,4,0
71,107,1584.72,764.57,9.62,7.28,1,4,0
71,8,1077.14,731.46,143.59,37.97,1,1,0
71,5,2359.70,729.16,81.41,30.58,1,1,0
71,33,1495.07,765.00,10.23,8.44,1,4,0
71,19,898.67,768.83,9.51,7.31,1,4,0
71,56,2239.10,749.46,27.75,8.87,1,2,0
71,84,1459.53,765.16,11.09,9.38,1,4,0
71,99,1424.86,766.46,9.82,8.82,1,4,0
71,53,1142.05,768.52,9.37,8.20,1,4,0
71,68,1345.26,766.72,10.66,8.98,1,4,0
71,113,721.35,768.93,9.14,7.64,1,4,0
71,13,1239.23,768.35,12.52,9.21,1,4,0
71,110,1716.23,764.07,8.50,6.42,1,4,0
71,11,1302.15,767.14,12.03,10.49,1,4,0
71,86,1668.51,763.96,8.23,6.65,1,4,0
71,98,991.63,768.71,9.48,8.04,1,4,0
71,39,531.31,767.83,10.39,7.16,1,4,0
71,45,821.44,768.59,9.27,6.98,1,4,0
72,9,1389.89,719.08,137.33,46.06,1,1,0
72,52,2166.92,726.01,78.63,22.92,1,1,0
72,3,101.41,744.65,227.02,58.04,1,2,0
72,21,1975.13,717.70,143.34,34.44,1,1,0
72,105,1542.34,714.04,113.22,50.27,1,1,0
72,108,1497.30,727.19,53.90,32.85,1,1,0
72,109,1653.55,742.09,30.13,13.61,1,2,0
72,107,1577.32,761.38,9.73,7.86,1,4,0
72,8,1090.50,733.57,146.44,40.38,1,1,0
72,5,2386.66,712.62,83.72,30.86,1,1,0
72,56,2262.06,736.02,28.08,8.76,1,2,0
72,84,1478.71,763.55,11.40,9.21,1,4,0
72,99,1442.43,765.16,10.12,8.42,1,4,0
72,53,1207.85,770.58,10.81,8.47,1,4,0
72,68,1362.46,766.66,10.31,8.66,1,4,0
72,13,1255.07,769.26,12.32,9.15,1,4,0
72,110,1738.36,757.79,7.98,6.63,1,4,0
72,11,1318.70,767.88,12.36,10.45,1,4,0
72,98,952.15,774.77,9.80,8.10,1,4,0
72,45,830.70,776.76,9.39,7.47,1,4,0
72,7,419.92,783.59,7.86,6.37,1,4,0
73,9,1375.98,716.44,137.87,47.30,1,1,0
73,52,2150.77,710.46,79.51,23.04,1,1,0
73,3,66.14,764.32,230.44,61.04,1,2,0
73,21,1960.87,705.58,142.37,34.77,1,1,0
73,105,1529.89,709.61,110.84,50.71,1,1,0
73,108,1485.57,722.89,54.94,32.87,1,1,0
73,109,1639.80,736.39,29.61,13.54,1,2,0
73,107,1549.42,757.30,10.58,8.23,1,4,0
73,8,1075.64,735.67,147.01,41.96,1,1,0
73,5,2370.70,693.41,81.83,31.06,1,1,0
73,56,2245.05,718.93,27.94,8.82,1,2,0
73,99,1430.59,763.57,10.24,8.67,1,4,0
73,68,1392.70,764.59,10.82,9.51,1,4,0
73,110,1728.68,750.87,8.33,6.81,1,4,0
73,11,1348.96,766.42,10.50,8.96,1,4,0
73,98,1039.08,778.56,10.16,8.05,1,4,0
73,45,854.26,784.34,10.28,8.15,1,4,0
73,7,518.06,796.18,9.43,6.72,1,4,0
73,4,1654.79,753.48,9.51,8.42,1,4,0
73,18,711.68,789.34,9.20,7.61,1,4,0
73,19,933.51,781.55,10.19,8.23,1,4,0
73,113,647.73,791.77,9.03,6.95,1,4,0
73,86,1679.71,751.72,8.91,6.89,1,4,0
73,39,617.53,792.40,8.51,6.88,1,4,0
74,9,1363.46,716.17,139.08,47.46,1,1,0
74,52,2136.95,706.33,78.49,22.94,1,1,0
74,3,38.18,770.45,238.52,62.72,1,2,0
74,21,1948.00,701.28,142.64,35.89,1,1,0
74,105,1518.68,707.62,109.38,51.10,1,1,0
74,108,1472.95,722.26,54.67,32.83,1,1,0
74,109,1625.99,734.73,30.77,13.74,1,2,0
74,8,1062.28,737.79,148.67,41.22,1,1,0
74,5,2354.65,688.19,82.96,31.00,1,1,0
74,56,2229.91,714.79,27.91,8.70,1,2,0
74,110,1715.29,749.14,8.46,6.21,1,4,0
74,11,1379.74,764.50,11.10,9.44,1,4,0
74,98,1078.66,779.59,9.31,7.08,1,4,0
74,45,838.69,787.64,10.15,7.47,1,4,0
74,7,501.06,799.79,9.99,7.32,1,4,0
74,19,1024.51,780.48,9.78,7.87,1,4,0
74,86,1667.51,751.25,8.66,7.01,1,4,0
74,39,630.48,796.07,8.07,6.76,1,4,0
74,10,302.70,813.38,11.06,8.13,1,4,0
74,13,1292.74,769.05,12.46,10.00,1,4,0
75,9,1347.70,716.78,139.94,47.72,1,1,0
75,52,2117.63,704.67,78.19,22.77,1,1,0
75,3,6.78,776.44,243.63,64.56,1,2,0
75,21,1928.97,699.58,142.18,36.27,1,1,0
75,105,1503.90,707.91,108.71,51.44,1,1,0
75,108,1456.62,722.97,54.49,32.92,1,1,0
75,109,1610.90,734.45,30.23,14.04,1,2,0
75,8,1045.85,739.95,147.09,41.40,1,1,0
75,5,2333.64,685.44,82.30,31.14,1,1,0
75,110,1699.60,748.88,8.30,6.28,1,4,0
75,11,1364.19,765.17,10.99,9.81,1,4,0
75,98,1062.45,781.70,9.54,7.67,1,4,0
75,45,778.42,792.52,9.94,7.73,1,4,0
75,7,579.50,801.17,8.89,6.53,1,4,0
75,19,1007.21,782.95,10.07,7.80,1,4,0
75,39,641.46,798.84,8.63,6.68,1,4,0
75,13,1276.50,769.74,11.95,9.93,1,4,0
75,53,1212.95,773.36,12.59,10.16,1,4,0
75,68,1440.60,761.81,11.23,9.06,1,4,0
75,4,1651.70,750.93,8.53,7.05,1,4,0
75,18,707.66,796.40,8.87,6.62,1,4,0
75,113,610.79,799.54,8.70,7.45,1,4,0
76,9,1327.65,717.23,138.48,47.31,1,1,0
76,52,2093.49,702.52,77.74,23.03,1,1,0
76,3,0.54,780.39,217.43,64.96,1,2,0
76,21,1907.44,698.58,140.80,36.23,1,1,0
76,105,1482.75,707.76,110.60,51.80,1,1,0
76,108,1435.89,723.30,55.99,33.03,1,1,0
76,109,1591.35,734.11,28.49,13.94,1,2,0
76,8,1024.94,740.80,149.96,41.70,1,1,0
76,5,2307.28,683.58,82.13,30.81,1,1,0
76,11,1344.74,765.64,10.75,9.93,1,4,0
76,98,1088.53,780.60,9.92,8.17,1,4,0
76,45,878.60,789.43,9.67,8.20,1,4,0
76,19,1040.29,782.97,9.02,7.33,1,4,0
76,13,1300.58,768.36,10.67,8.87,1,4,0
76,53,1142.94,776.36,11.49,9.59,1,4,0
76,68,1418.62,761.17,12.24,9.66,1,4,0
76,4,1631.50,749.84,9.13,7.04,1,4,0
76,18,754.44,795.58,9.58,7.16,1,4,0
76,33,1605.98,751.70,9.11,7.77,1,4,0
76,84,1518.60,756.73,9.76,7.87,1,4,0
76,107,1549.57,755.11,10.31,7.99,1,4,0
76,99,1382.47,764.27,10.27,8.85,1,4,0
76,86,1655.33,748.85,8.72,6.92,1,4,0
77,9,1321.38,716.58,105.63,50.80,1,1,0
77,52,2105.44,703.40,76.36,29.28,1,1,0
77,21,1905.13,719.58,72.95,22.43,1,1,0
77,8,1161.22,723.39,140.56,48.55,1,1,0
77,11,1270.33,730.43,53.75,34.14,1,1,0
77,98,1088.62,777.01,11.88,10.16,1,4,0
77,45,913.07,784.79,11.04,8.63,1,4,0
77,19,1021.23,779.95,11.67,10.23,1,4,0
77,13,1255.17,769.12,11.79,9.22,1,4,0
77,68,1424.08,743.85,30.19,14.02,1,2,0
77,18,747.23,790.18,10.52,8.66,1,4,0
77,84,1513.45,758.69,8.09,6.40,1,4,0
77,99,1413.82,763.24,9.26,7.25,1,4,0
77,15,1988.87,728.20,25.61,8.19,1,2,0
77,64,2297.78,713.66,31.34,10.58,1,2,0
77,7,480.76,800.94,8.81,7.06,1,4,0
77,39,644.52,794.83,10.34,7.75,1,4,0
77,113,516.16,798.93,9.62,7.98,1,4,0
78,9,1199.25,727.44,103.03,52.06,1,1,0
78,21,1770.35,737.98,70.85,21.60,1,1,0
78,8,1035.94,734.16,140.22,47.03,1,1,0
78,11,1146.18,741.01,54.69,33.69,1,1,0
78,98,1091.23,781.71,10.53,8.55,1,4,0
78,45,957.11,785.56,12.97,10.18,1,4,0
78,19,1004.94,783.94,11.88,9.09,1,4,0
78,18,776.00,792.20,10.45,8.18,1,4,0
78,99,1341.28,773.41,8.98,6.62,1,4,0
78,132,713.53,746.17,156.49,46.92,1,1,0
78,15,1961.51,724.84,73.01,27.64,1,1,0
78,7,449.18,800.44,10.04,8.23,1,4,0
78,39,661.74,794.76,10.11,7.99,1,4,0
78,113,542.82,797.12,10.10,8.49,1,4,0
78,56,2142.79,736.67,30.98,9.92,1,2,0
78,10,400.64,800.96,10.95,7.93,1,4,0
78,110,1849.65,746.76,25.36,8.03,1,2,0
78,53,1167.43,778.26,9.86,8.52,1,4,0
78,86,1604.97,731.63,126.07,32.23,1,1,0
79,9,1088.90,726.49,102.25,51.44,1,1,0
79,21,1731.09,758.46,23.96,7.92,1,2,0
79,8,919.74,728.66,143.86,47.89,1,1,0
79,11,1189.32,756.63,29.36,14.47,1,2,0
79,98,1085.43,776.02,10.13,8.05,1,4,0
79,45,975.91,778.36,11.44,8.45,1,4,0
79,19,1016.87,777.05,10.18,8.99,1,4,0
79,18,766.86,780.28,11.34,10.09,1,4,0
79,99,1278.56,774.14,8.29,6.52,1,4,0
79,132,586.77,732.45,161.67,49.29,1,1,0
79,15,2009.55,753.61,31.63,10.54,1,2,0
79,7,464.72,781.75,11.50,8.25,1,4,0
79,39,646.83,781.72,13.36,9.11,1,4,0
79,113,528.28,782.98,10.59,7.74,1,4,0
79,10,401.97,783.03,10.64,8.37,1,4,0
79,110,1838.91,739.02,69.89,27.41,1,1,0
79,53,1150.35,775.50,8.64,7.31,1,4,0
79,86,1654.69,747.88,67.06,22.01,1,1,0
79,105,1492.46,739.11,123.82,31.11,1,1,0
79,13,1203.69,773.15,13.66,8.36,1,4,0
80,9,990.30,721.36,103.46,51.30,1,1,0
80,8,817.10,720.44,147.70,48.63,1,1,0
80,98,1091.44,753.28,31.03,14.00,1,2,0
80,45,913.10,769.33,11.61,9.33,1,4,0
80,19,933.90,730.70,58.59,35.14,1,1,0
80,18,779.64,768.76,13.13,9.56,1,4,0
80,132,469.21,717.13,167.38,50.13,1,1,0
80,7,470.34,767.05,11.68,8.30,1,4,0
80,39,654.57,769.10,12.69,9.63,1,4,0
80,113,529.80,767.91,12.83,8.93,1,4,0
80,10,403.66,765.86,11.20,8.19,1,4,0
80,110,1898.48,766.36,31.41,10.27,1,2,0
80,86,1735.55,749.12,68.14,27.18,1,1,0
80,134,830.43,769.29,11.19,9.36,1,4,0
80,136,271.24,763.83,10.99,8.38,1,4,0
80,137,595.38,768.77,11.87,8.81,1,4,0
80,138,15.26,760.25,12.14,7.76,1,4,0
80,139,165.07,762.23,11.29,8.52,1,4,0
80,142,110.71,761.14,10.78,7.88,1,4,0
80,143,336.95,764.02,11.89,8.51,1,4,0
80,105,1396.33,742.63,121.21,31.34,1,1,0
80,109,1555.78,754.37,66.00,21.52,1,1,0
80,33,1629.61,765.61,23.73,7.82,1,2,0
81,9,899.93,721.56,102.82,51.65,1,1,0
81,8,720.45,719.93,152.14,49.02,1,1,0
81,98,1000.79,753.75,33.15,14.06,1,2,0
81,45,1019.50,771.06,10.17,8.28,1,4,0
81,19,841.91,730.79,60.63,35.36,1,1,0
81,132,357.32,713.07,175.61,52.99,1,1,0
81,7,484.03,768.26,13.59,9.58,1,4,0
81,39,679.02,769.05,13.10,9.70,1,4,0
81,113,546.25,768.67,12.77,9.86,1,4,0
81,10,415.62,767.19,12.40,8.80,1,4,0
81,110,1808.23,769.24,30.88,10.46,1,2,0
81,137,625.22,769.23,12.85,10.19,1,4,0
81,139,210.95,762.53,12.87,8.59,1,4,0
81,142,140.55,761.40,11.59,8.78,1,4,0
81,143,352.73,766.07,11.89,8.50,1,4,0
81,105,1311.02,744.30,120.10,31.91,1,1,0
81,107,1541.26,768.03,23.63,7.61,1,2,0
81,68,1468.58,756.76,64.57,21.46,1,1,0
81,21,1646.33,751.76,67.16,27.29,1,1,0
82,9,847.08,724.75,104.46,52.77,1,1,0
82,8,663.78,724.58,158.38,49.53,1,1,0
82,98,948.78,755.76,36.75,16.00,1,2,0
82,45,1021.25,775.28,7.91,6.71,1,4,0
82,19,788.49,735.92,65.06,34.99,1,1,0
82,132,288.73,721.03,183.03,53.86,1,1,0
82,7,479.03,775.94,13.83,10.74,1,4,0
82,113,561.01,776.09,13.54,10.59,1,4,0
82,110,1757.62,766.60,27.75,9.58,1,2,0
82,142,56.46,773.14,12.36,9.04,1,4,0
82,105,1263.78,744.09,120.36,31.75,1,1,0
82,107,1492.92,766.12,24.58,7.92,1,2,0
82,68,1421.44,755.23,64.28,21.65,1,1,0
82,21,1597.59,749.14,67.54,27.19,1,1,0
82,18,760.86,776.36,11.70,9.46,1,4,0
82,134,952.30,773.76,9.80,8.06,1,4,0
82,138,0.00,772.53,6.83,7.95,1,4,0
83,9,824.38,720.92,102.60,53.47,1,1,0
83,8,637.12,721.07,160.43,50.55,1,1,0
83,98,925.08,752.27,38.01,15.27,1,2,0
83,19,763.16,732.32,69.02,36.70,1,1,0
83,132,255.22,718.95,185.33,54.27,1,1,0
83,110,1736.34,760.17,29.89,10.11,1,2,0
83,105,1243.57,739.71,121.00,31.36,1,1,0
83,107,1474.05,761.06,23.46,8.01,1,2,0
83,68,1401.59,750.69,63.78,21.47,1,1,0
83,21,1577.85,742.99,67.07,27.53,1,1,0
83,10,443.90,773.94,14.12,10.74,1,4,0
83,143,379.13,773.44,12.71,10.21,1,4,0
84,9,810.68,724.86,102.72,53.70,1,1,0
84,8,621.10,724.88,162.35,50.65,1,1,0
84,98,912.15,755.88,38.10,15.75,1,2,0
84,19,750.22,736.19,68.82,36.24,1,1,0
84,132,234.52,722.70,190.10,56.32,1,1,0
84,110,1726.31,762.33,27.29,8.96,1,2,0
84,105,1233.61,742.14,120.76,31.71,1,1,0
84,107,1462.14,763.12,23.29,7.71,1,2,0
84,68,1391.51,752.75,63.47,21.26,1,1,0
84,21,1567.16,744.26,68.52,27.90,1,1,0
84,10,420.03,779.43,13.80,10.47,1,4,0
84,143,353.54,779.59,12.95,9.68,1,4,0
84,136,277.75,780.66,13.74,8.94,1,4,0
84,39,670.11,778.26,12.04,8.87,1,4,0
84,137,621.24,777.21,13.32,9.98,1,4,0
84,139,209.11,779.49,12.73,8.57,1,4,0
84,113,565.38,778.27,13.63,9.53,1,4,0
84,142,55.31,778.36,14.23,9.16,1,4,0
84,18,760.18,776.41,11.94,9.34,1,4,0
84,134,958.08,774.88,8.30,7.00,1,4,0
84,138,131.83,780.02,13.22,8.75,1,4,0
85,9,806.82,722.41,102.06,54.43,1,1,0
85,8,616.39,723.55,163.20,51.26,1,1,0
85,98,908.11,754.40,39.48,15.44,1,2,0
85,19,745.20,734.53,72.73,37.12,1,1,0
85,132,225.04,722.94,194.88,56.84,1,1,0
85,110,1721.50,755.65,32.00,10.46,1,2,0
85,105,1231.23,738.52,120.52,31.38,1,1,0
85,68,1389.36,748.28,62.94,21.46,1,1,0
85,21,1565.89,739.63,65.93,27.33,1,1,0
85,10,410.21,779.59,14.39,10.40,1,4,0
85,143,341.15,779.22,14.13,10.53,1,4,0
85,136,265.27,781.62,15.54,8.91,1,4,0
85,39,662.53,776.76,12.57,9.86,1,4,0
85,137,613.65,777.15,12.52,9.93,1,4,0
85,139,195.81,781.00,13.48,9.19,1,4,0
85,113,555.39,777.80,14.11,9.53,1,4,0
85,18,827.80,774.88,10.65,8.12,1,4,0
85,134,954.69,773.33,8.96,6.72,1,4,0
85,138,118.76,780.39,13.73,9.78,1,4,0
85,7,497.42,779.18,13.78,10.26,1,4,0
86,9,801.20,722.83,102.06,53.87,1,1,0
86,8,610.38,724.73,164.50,50.49,1,1,0
86,98,903.11,753.82,40.45,15.21,1,2,0
86,19,740.43,734.78,74.81,36.30,1,1,0
86,132,215.69,724.74,194.38,56.35,1,1,0
86,110,1719.20,752.65,31.53,9.85,1,2,0
86,105,1229.16,736.70,120.38,31.42,1,1,0
86,68,1386.76,746.18,62.54,21.45,1,1,0
86,21,1563.36,736.74,66.85,27.57,1,1,0
86,10,395.90,781.40,14.73,10.92,1,4,0
86,143,327.22,781.04,13.71,10.33,1,4,0
86,136,251.51,784.00,14.27,8.76,1,4,0
86,39,653.29,777.55,12.86,9.26,1,4,0
86,137,603.32,777.79,13.26,9.65,1,4,0
86,139,180.02,783.10,14.42,9.60,1,4,0
86,113,545.00,779.18,13.58,9.42,1,4,0
86,18,702.20,776.71,11.80,9.18,1,4,0
86,134,890.64,773.34,8.76,7.34,1,4,0
86,138,103.06,784.59,12.79,8.55,1,4,0
86,7,485.05,780.51,15.78,10.97,1,4,0
86,142,23.33,783.79,14.08,8.94,1,4,0
87,9,795.62,723.92,100.48,55.14,1,1,0
87,8,602.72,725.97,167.33,52.00,1,1,0
87,98,898.45,755.19,42.10,15.63,1,2,0
87,19,733.90,735.93,73.14,37.95,1,1,0
87,132,203.84,727.94,197.69,56.64,1,1,0
87,110,1718.66,753.32,30.24,9.51,1,2,0
87,105,1225.99,738.61,121.30,31.32,1,1,0
87,68,1384.36,747.47,63.00,21.59,1,1,0
87,21,1561.31,738.04,67.62,27.15,1,1,0
87,10,379.36,784.96,13.81,10.07,1,4,0
87,143,309.81,785.37,14.18,10.45,1,4,0
87,136,231.60,786.77,14.02,9.94,1,4,0
87,39,642.06,780.40,12.86,8.87,1,4,0
87,137,591.13,780.61,13.06,9.92,1,4,0
87,113,531.88,782.16,13.68,9.83,1,4,0
87,18,690.92,779.22,11.83,9.26,1,4,0
87,134,736.43,778.20,11.67,8.64,1,4,0
87,7,469.40,783.86,14.90,11.09,1,4,0
87,107,1454.12,758.17,24.44,7.79,1,2,0
88,9,789.19,717.69,97.72,55.26,1,1,0
88,8,595.23,720.09,168.47,52.20,1,1,0
88,98,894.81,750.38,41.42,15.54,1,2,0
88,19,725.37,729.59,75.88,38.20,1,1,0
88,132,190.32,720.04,198.79,57.82,1,1,0
88,110,1715.89,751.40,29.72,9.41,1,2,0
88,105,1223.86,733.96,120.76,32.41,1,1,0
88,68,1382.57,744.02,62.36,21.80,1,1,0
88,21,1559.23,734.99,66.82,27.50,1,1,0
88,10,361.44,778.00,15.34,10.65,1,4,0
88,143,291.15,778.16,13.94,10.19,1,4,0
88,136,211.31,780.30,13.56,8.50,1,4,0
88,39,630.31,773.99,12.79,9.36,1,4,0
88,134,765.68,771.90,10.92,9.55,1,4,0
88,7,452.98,777.01,15.05,10.89,1,4,0
88,107,1451.98,754.99,23.54,7.80,1,2,0
88,45,965.38,769.38,8.78,7.55,1,4,0
88,138,137.81,778.68,15.14,10.29,1,4,0
88,142,58.04,779.79,15.10,9.53,1,4,0
89,9,785.96,722.13,96.41,55.90,1,1,0
89,8,591.58,724.68,171.15,52.93,1,1,0
89,98,892.85,754.00,42.03,16.03,1,2,0
89,19,723.93,734.42,75.37,39.29,1,1,0
89,132,182.17,726.04,197.49,57.22,1,1,0
89,110,1718.08,753.06,30.11,9.71,1,2,0
89,105,1224.84,738.14,121.19,31.33,1,1,0
89,68,1383.85,747.04,61.91,21.92,1,1,0
89,21,1561.65,738.15,68.01,27.43,1,1,0
89,10,348.56,784.53,14.41,10.30,1,4,0
89,143,277.65,784.95,12.99,9.80,1,4,0
89,136,195.81,786.47,13.81,10.13,1,4,0
89,39,674.45,778.58,11.63,8.92,1,4,0
89,134,762.60,777.04,10.68,9.07,1,4,0
89,7,441.42,782.36,15.76,11.94,1,4,0
89,107,1453.47,757.10,25.47,8.14,1,2,0
89,45,890.11,774.55,8.82,7.74,1,4,0
89,138,121.39,785.31,15.41,10.20,1,4,0
89,142,40.70,786.18,12.46,10.02,1,4,0
89,137,622.92,779.67,12.95,8.89,1,4,0
89,113,506.98,781.57,14.50,9.72,1,4,0
89,18,721.41,778.22,11.96,8.95,1,4,0
90,9,782.21,720.06,95.99,56.67,1,1,0
90,8,587.70,723.33,171.91,53.79,1,1,0
90,98,892.44,751.98,41.60,16.12,1,2,0
90,19,721.13,733.68,74.59,37.94,1,1,0
90,132,173.36,727.46,201.26,57.58,1,1,0
90,110,1717.96,746.01,30.91,10.27,1,2,0
90,105,1225.79,733.27,121.33,32.24,1,1,0
90,68,1385.02,742.06,61.23,21.50,1,1,0
90,21,1562.72,731.60,68.65,27.73,1,1,0
90,10,333.32,785.65,14.05,10.62,1,4,0
90,143,260.21,786.68,14.15,11.28,1,4,0
90,39,614.10,779.41,12.57,9.34,1,4,0
90,134,758.14,775.82,11.39,9.75,1,4,0
90,7,428.00,784.00,14.85,11.30,1,4,0
90,107,1454.38,751.71,24.14,7.87,1,2,0
90,138,101.88,788.44,14.11,10.63,1,4,0
90,137,559.95,780.23,13.84,10.46,1,4,0
90,113,494.75,781.98,14.53,10.35,1,4,0
91,9,776.53,723.02,93.15,57.44,1,1,0
91,8,577.85,727.08,172.20,53.51,1,1,0
91,98,887.27,755.71,41.83,16.73,1,2,0
91,19,714.39,736.35,75.18,37.97,1,1,0
91,132,155.52,730.11,206.12,59.55,1,1,0
91,110,1715.95,751.84,29.78,9.52,1,2,0
91,105,1222.70,737.79,120.72,31.69,1,1,0
91,68,1381.71,746.15,61.40,22.15,1,1,0
91,21,1559.80,736.19,68.45,27.67,1,1,0
91,143,235.66,789.93,14.04,10.76,1,4,0
91,39,653.44,781.78,13.03,9.93,1,4,0
91,134,786.16,779.16,11.13,8.30,1,4,0
91,7,478.44,785.33,14.16,9.92,1,4,0
91,107,1449.76,756.75,25.42,7.99,1,2,0
91,138,75.17,791.72,15.35,10.81,1,4,0
91,137,599.12,782.95,13.39,9.52,1,4,0
91,113,543.22,783.57,13.39,10.70,1,4,0
91,45,892.95,775.88,10.00,8.46,1,4,0
91,18,701.75,780.30,12.75,9.43,1,4,0
92,9,761.33,719.95,92.20,57.89,1,1,0
92,8,559.97,722.81,173.77,54.37,1,1,0
92,98,875.17,752.87,42.87,17.20,1,2,0
92,19,697.66,733.79,76.73,36.48,1,1,0
92,132,131.05,724.89,208.52,59.66,1,1,0
92,110,1704.55,750.96,30.56,9.95,1,2,0
92,105,1211.71,735.90,120.40,32.20,1,1,0
92,68,1371.08,745.21,60.39,21.58,1,1,0
92,21,1550.19,735.10,68.02,27.78,1,1,0
92,39,631.11,778.56,13.08,9.54,1,4,0
92,134,764.27,775.75,11.54,8.11,1,4,0
92,7,450.81,782.06,14.63,10.28,1,4,0
92,107,1440.59,754.41,24.20,8.57,1,2,0
92,137,576.41,780.42,13.51,9.50,1,4,0
92,113,518.91,780.82,13.44,10.29,1,4,0
92,18,725.95,776.65,11.66,10.08,1,4,0
92,139,202.50,786.10,14.19,10.72,1,4,0
92,142,38.88,787.40,15.06,11.29,1,4,0
92,10,379.29,783.96,15.38,11.81,1,4,0
93,9,737.97,722.16,91.96,57.76,1,1,0
93,8,533.82,724.84,178.12,54.60,1,1,0
93,98,853.72,754.94,44.04,16.70,1,2,0
93,19,674.71,734.92,76.50,36.98,1,1,0
93,132,93.53,727.80,211.06,60.75,1,1,0
93,110,1687.81,751.45,31.15,9.59,1,2,0
93,105,1194.89,737.09,120.34,31.91,1,1,0
93,68,1353.39,746.32,60.87,21.43,1,1,0
93,21,1532.12,735.66,69.24,28.08,1,1,0
93,39,652.56,780.24,12.58,9.07,1,4,0
93,134,782.92,778.43,11.07,8.13,1,4,0
93,107,1421.85,756.41,25.01,7.77,1,2,0
93,137,543.41,782.47,14.13,9.96,1,4,0
93,113,483.69,783.54,14.40,10.87,1,4,0
93,18,740.42,778.31,12.06,8.88,1,4,0
93,10,414.00,785.30,15.69,10.52,1,4,0
93,143,236.58,789.93,14.63,10.58,1,4,0
93,138,70.15,790.68,15.69,11.35,1,4,0
93,45,886.93,774.79,10.14,8.38,1,4,0
94,9,710.02,724.59,91.10,59.23,1,1,0
94,8,503.38,728.09,180.98,55.68,1,1,0
94,98,829.92,758.76,43.66,16.95,1,2,0
94,19,645.84,738.81,75.13,37.34,1,1,0
94,132,52.87,731.55,216.05,61.08,1,1,0
94,110,1666.83,754.87,29.13,9.78,1,2,0
94,105,1172.48,740.52,121.29,32.26,1,1,0
94,68,1332.30,749.70,60.16,21.33,1,1,0
94,21,1511.75,739.33,67.63,27.86,1,1,0
94,39,619.23,783.97,13.66,9.48,1,4,0
94,134,751.07,782.23,10.65,8.19,1,4,0
94,107,1400.70,759.06,26.16,8.77,1,2,0
94,137,565.60,785.34,13.33,10.28,1,4,0
94,18,709.57,781.98,11.69,9.36,1,4,0
94,143,295.44,792.30,16.09,11.65,1,4,0
94,138,108.49,795.32,13.61,9.84,1,4,0
94,45,788.18,781.04,11.39,7.82,1,4,0
94,139,188.28,793.78,14.50,10.40,1,4,0
94,142,16.94,796.47,15.32,10.47,1,4,0
95,9,693.63,711.22,90.15,60.77,1,1,0
95,8,485.92,712.27,185.58,55.72,1,1,0
95,98,816.37,747.91,44.80,16.77,1,2,0
95,19,631.73,725.33,75.60,37.67,1,1,0
95,132,25.56,707.91,220.50,61.76,1,1,0
95,110,1656.97,757.59,28.13,9.52,1,2,0
95,105,1163.61,735.85,120.61,32.64,1,1,0
95,68,1322.51,747.63,60.26,21.47,1,1,0
95,21,1502.47,739.35,67.15,28.07,1,1,0
95,39,645.99,769.17,13.07,10.11,1,4,0
95,134,771.78,769.54,11.49,8.42,1,4,0
95,107,1390.75,758.93,24.94,7.51,1,2,0
95,137,597.33,769.26,13.24,10.19,1,4,0
95,18,690.16,769.05,13.13,10.07,1,4,0
95,45,901.79,769.38,8.99,7.47,1,4,0
96,9,739.63,697.04,82.92,61.85,1,1,0
96,8,533.09,695.32,188.86,55.89,1,1,0
96,98,810.92,757.62,12.07,8.80,1,4,0
96,19,677.99,709.98,75.63,38.88,1,1,0
96,132,73.09,679.50,215.34,63.11,1,1,0
96,110,1706.41,766.18,30.49,10.25,1,2,0
96,105,1209.75,733.75,122.81,33.21,1,1,0
96,68,1371.22,748.73,58.08,21.43,1,1,0
96,21,1552.05,744.96,68.99,29.33,1,1,0
96,39,635.13,753.12,13.68,9.42,1,4,0
96,134,774.80,757.78,10.59,8.69,1,4,0
96,137,578.91,752.67,13.29,10.40,1,4,0
96,18,683.95,754.33,13.05,10.25,1,4,0
96,45,864.83,736.90,44.61,17.59,1,2,0
96,4,1438.14,760.86,25.35,7.76,1,2,0
96,7,452.25,750.70,14.71,11.06,1,4,0
96,113,517.11,752.28,14.30,9.85,1,4,0
96,10,375.83,748.89,16.85,11.59,1,4,0
96,143,294.48,748.67,15.58,12.19,1,4,0
96,138,98.59,744.28,16.10,10.50,1,4,0
96,139,181.82,746.03,16.07,11.12,1,4,0
97,9,802.72,703.11,80.27,62.42,1,1,0
97,8,599.17,706.12,183.54,55.00,1,1,0
97,98,790.10,763.01,12.12,9.62,1,4,0
97,19,741.59,717.46,74.55,41.01,1,1,0
97,132,146.73,698.30,208.78,61.84,1,1,0
97,105,1272.21,732.10,122.82,33.39,1,1,0
97,21,1617.07,738.65,69.97,28.75,1,1,0
97,39,639.54,763.03,13.33,10.06,1,4,0
97,134,743.10,762.93,12.17,10.33,1,4,0
97,137,578.39,763.48,13.80,9.35,1,4,0
97,18,694.98,763.19,13.60,9.58,1,4,0
97,45,871.15,763.67,11.79,8.12,1,4,0
97,4,1501.24,756.53,23.80,8.01,1,2,0
97,7,435.97,762.53,17.45,12.19,1,4,0
97,113,512.54,762.88,15.17,11.44,1,4,0
97,10,355.62,764.02,16.34,12.35,1,4,0
97,143,244.65,763.68,15.65,11.72,1,4,0
97,138,71.73,760.41,16.33,11.48,1,4,0
97,139,164.43,763.17,14.02,10.03,1,4,0
97,13,975.36,763.26,10.09,7.66,1,4,0
97,109,1433.79,745.32,58.83,21.92,1,1,0
97,33,1774.68,758.04,29.72,10.16,1,2,0
98,9,884.52,706.78,76.31,62.08,1,1,0
98,8,684.42,711.12,183.55,54.55,1,1,0
98,98,823.16,766.88,12.97,10.37,1,4,0
98,19,824.27,721.08,73.01,40.76,1,1,0
98,132,243.30,707.52,202.90,60.79,1,1,0
98,105,1353.43,731.54,122.66,33.17,1,1,0
98,39,658.47,768.88,13.82,9.96,1,4,0
98,134,775.14,767.78,13.16,9.89,1,4,0
98,137,592.93,768.61,14.67,11.47,1,4,0
98,18,720.14,767.87,13.07,10.34,1,4,0
98,45,869.29,766.00,12.46,10.06,1,4,0
98,4,1516.35,743.50,58.81,21.29,1,1,0
98,7,438.17,771.12,15.04,12.40,1,4,0
98,113,517.40,769.32,16.83,11.07,1,4,0
98,143,248.57,771.20,14.01,10.83,1,4,0
98,138,80.59,769.41,15.68,11.68,1,4,0
98,148,989.44,765.54,11.30,8.45,1,4,0
98,149,913.43,768.48,10.75,7.63,1,4,0
98,13,951.17,766.65,11.51,8.39,1,4,0
98,108,1009.31,744.75,40.49,16.34,1,2,0
98,84,1583.81,753.28,26.69,8.75,1,2,0
98,56,1861.99,752.54,34.06,10.70,1,2,0
98,11,1024.18,766.08,9.28,7.97,1,4,0
98,99,1055.11,765.60,9.93,7.70,1,4,0
98,142,0.00,769.62,6.47,9.61,1,4,0
98,110,1702.42,734.63,71.69,29.16,1,1,0
99,9,900.50,728.91,70.97,40.86,1,1,0
99,8,760.99,719.36,179.27,54.32,1,1,0
99,132,327.30,719.34,199.50,61.10,1,1,0
99,105,1429.08,734.57,122.74,33.25,1,1,0
99,39,665.49,777.60,15.01,11.92,1,4,0
99,134,791.25,777.19,12.54,9.97,1,4,0
99,137,591.49,778.96,15.77,11.27,1,4,0
99,18,730.13,777.56,14.59,10.50,1,4,0
99,7,403.77,783.18,14.50,11.23,1,4,0
99,113,510.66,781.81,15.71,12.10,1,4,0
99,143,238.75,782.58,16.34,12.40,1,4,0
99,138,76.33,784.25,14.46,10.15,1,4,0
99,108,959.61,714.07,74.02,61.71,1,1,0
99,84,1661.64,756.10,25.18,8.41,1,2,0
99,56,1949.68,752.62,29.84,10.09,1,2,0
99,11,1022.13,774.21,10.74,8.45,1,4,0
99,99,1084.20,750.72,41.51,16.30,1,2,0
99,142,0.20,783.77,8.55,8.57,1,4,0
99,86,1783.04,735.49,73.35,29.12,1,1,0
99,21,1592.39,745.43,59.89,22.13,1,1,0
99,10,325.37,782.95,14.79,11.51,1,4,0
99,139,159.73,782.74,16.45,11.88,1,4,0
100,9,944.17,733.27,72.21,40.16,1,1,0
100,8,807.53,725.45,179.19,55.90,1,1,0
100,132,376.08,735.51,195.57,60.73,1,1,0
100,105,1476.88,727.48,123.14,33.85,1,1,0
100,39,630.43,790.37,17.58,12.63,1,4,0
100,134,771.00,787.14,14.90,11.72,1,4,0
100,137,550.64,795.42,15.40,12.03,1,4,0
100,18,705.29,787.88,16.24,12.91,1,4,0
100,7,442.68,798.24,14.63,11.33,1,4,0
100,138,36.18,807.49,16.20,11.05,1,4,0
100,108,1007.15,716.25,67.79,63.45,1,1,0
100,56,2001.77,735.71,30.08,9.89,1,2,0
100,11,1028.44,778.89,10.17,7.90,1,4,0
100,99,1129.15,751.65,40.12,16.37,1,2,0
100,86,1835.42,720.88,74.77,30.14,1,1,0
100,21,1642.19,735.52,58.88,21.70,1,1,0
100,10,365.29,800.19,15.01,11.36,1,4,0
100,98,832.96,783.91,13.16,10.47,1,4,0
101,9,955.92,739.57,72.55,42.80,1,1,0
101,8,818.32,734.45,177.40,56.52,1,1,0
101,132,383.90,749.39,196.19,61.51,1,1,0
101,105,1491.57,729.12,123.81,34.14,1,1,0
101,134,777.26,797.07,15.30,10.90,1,4,0
101,137,551.32,808.80,15.82,11.84,1,4,0
101,18,711.21,799.14,15.91,11.93,1,4,0
101,7,442.57,813.25,14.48,11.21,1,4,0
101,138,31.78,826.99,15.65,11.34,1,4,0
101,108,1018.32,724.16,67.01,62.96,1,1,0
101,56,2020.24,731.85,30.06,10.04,1,2,0
101,11,1077.96,783.31,10.02,8.29,1,4,0
101,99,1141.97,757.85,40.36,16.57,1,2,0
101,86,1852.01,718.99,74.87,30.15,1,1,0
101,21,1657.14,735.83,59.09,21.75,1,1,0
101,10,363.89,816.01,15.51,10.83,1,4,0
101,53,1214.47,776.90,8.18,7.32,1,4,0
101,136,115.77,824.25,16.16,11.14,1,4,0
101,148,1151.74,779.33,10.09,8.35,1,4,0
101,143,199.32,821.13,15.02,11.86,1,4,0
102,9,933.58,734.04,71.87,41.67,1,1,0
102,8,794.30,724.98,181.52,56.49,1,1,0
102,132,349.94,732.48,199.75,62.41,1,1,0
102,105,1473.33,730.69,123.81,33.83,1,1,0
102,134,745.64,787.46,14.66,10.67,1,4,0
102,18,676.72,788.53,16.79,13.22,1,4,0
102,7,399.85,798.27,16.17,11.74,1,4,0
102,108,996.29,716.44,63.22,64.34,1,1,0
102,11,1055.04,778.15,11.29,8.37,1,4,0
102,99,1123.30,753.30,39.40,16.40,1,2,0
102,86,1834.27,726.03,74.78,29.46,1,1,0
102,21,1639.23,739.83,58.65,21.62,1,1,0
102,10,319.15,799.19,15.05,11.98,1,4,0
102,148,1147.15,774.79,9.91,7.86,1,4,0
102,143,228.73,800.62,16.11,12.09,1,4,0
102,45,869.61,783.02,13.22,9.64,1,4,0
102,113,513.18,794.67,16.78,12.53,1,4,0
102,84,1708.11,748.38,28.08,8.65,1,2,0
102,39,599.03,791.46,16.65,11.78,1,4,0
102,98,811.26,785.30,13.42,10.73,1,4,0
103,8,744.49,719.44,182.15,56.12,1,1,0
103,132,286.29,720.30,206.48,62.19,1,1,0
103,105,1431.55,733.76,123.16,33.36,1,1,0
103,134,757.21,779.07,13.71,10.70,1,4,0
103,18,688.60,780.47,14.98,11.10,1,4,0
103,7,445.56,785.29,16.41,11.70,1,4,0
103,108,949.68,712.55,59.30,65.28,1,1,0
103,11,1083.33,774.48,10.06,7.30,1,4,0
103,99,1079.57,751.35,40.13,16.17,1,2,0
103,86,1789.68,733.91,73.18,29.62,1,1,0
103,21,1595.51,744.46,57.76,21.84,1,1,0
103,10,325.61,788.07,15.97,11.90,1,4,0
103,148,1148.85,773.28,9.40,7.47,1,4,0
103,45,869.11,777.15,12.45,9.96,1,4,0
103,113,534.43,782.94,16.41,11.71,1,4,0
103,84,1662.98,754.91,27.01,8.23,1,2,0
103,39,616.93,781.02,16.33,12.47,1,4,0
103,98,816.67,778.50,13.62,9.03,1,4,0
103,19,884.15,729.83,74.68,40.61,1,1,0
103,56,1952.27,750.53,33.20,10.49,1,2,0
103,136,65.78,788.11,16.31,11.68,1,4,0
104,8,697.85,720.57,183.34,56.47,1,1,0
104,132,225.96,719.24,211.74,63.66,1,1,0
104,105,1393.14,738.81,122.76,33.23,1,1,0
104,134,767.45,780.49,14.45,9.81,1,4,0
104,18,704.83,781.22,14.65,10.93,1,4,0
104,7,474.35,784.21,16.70,11.87,1,4,0
104,108,907.09,713.39,55.77,66.36,1,1,0
104,99,1039.28,753.46,42.77,17.57,1,2,0
104,86,1748.69,740.06,73.79,29.37,1,1,0
104,21,1557.55,749.56,55.68,21.84,1,1,0
104,113,560.81,782.95,16.34,12.37,1,4,0
104,84,1623.21,759.62,28.20,8.89,1,2,0
104,39,634.45,782.15,16.12,11.29,1,4,0
104,98,821.91,778.93,12.81,10.07,1,4,0
104,19,843.67,732.14,70.54,40.00,1,1,0
104,56,1910.37,757.94,31.41,10.15,1,2,0
104,136,71.30,787.54,16.71,12.49,1,4,0
104,149,963.31,777.33,11.62,9.18,1,4,0
104,139,168.12,786.92,16.69,13.32,1,4,0
104,143,256.28,787.83,16.92,12.04,1,4,0
105,8,660.26,712.33,186.33,57.27,1,1,0
105,132,174.55,707.10,214.33,65.05,1,1,0
105,105,1364.85,735.80,122.86,33.67,1,1,0
105,7,419.29,774.29,17.61,12.85,1,4,0
105,108,873.06,707.07,55.51,66.17,1,1,0
105,99,1007.80,747.95,42.34,16.90,1,2,0
105,21,1528.01,748.07,55.63,22.17,1,1,0
105,113,510.07,773.19,17.53,13.03,1,4,0
105,84,1594.20,758.80,27.29,8.56,1,2,0
105,19,808.68,725.28,70.47,39.41,1,1,0
105,56,1878.99,759.25,30.32,9.86,1,2,0
105,136,100.78,774.54,17.37,13.10,1,4,0
105,139,192.02,777.24,15.90,11.10,1,4,0
105,110,1721.33,739.90,72.26,29.27,1,1,0
105,142,2.19,775.10,15.54,11.63,1,4,0
105,10,321.09,776.56,16.61,11.82,1,4,0
105,45,884.92,772.38,11.99,8.49,1,4,0
106,8,650.02,709.05,189.32,57.69,1,1,0
106,132,155.72,700.70,216.46,66.98,1,1,0
106,105,1359.54,734.13,122.50,33.71,1,1,0
106,108,863.06,704.29,54.87,66.76,1,1,0
106,99,1001.52,745.68,42.52,17.55,1,2,0
106,21,1522.79,746.56,56.46,22.09,1,1,0
106,19,799.82,723.11,68.77,38.64,1,1,0
106,110,1715.30,739.02,72.01,29.41,1,1,0
106,10,292.26,773.30,18.26,13.54,1,4,0
106,45,916.00,768.98,13.01,8.76,1,4,0
106,137,568.34,770.53,15.91,11.20,1,4,0
106,11,998.80,769.05,10.78,7.79,1,4,0
106,134,767.83,769.27,12.77,10.35,1,4,0
106,18,710.15,769.15,14.57,10.92,1,4,0
106,39,644.14,769.32,14.81,11.54,1,4,0
106,98,821.73,768.43,12.98,10.24,1,4,0
106,149,960.90,768.82,11.42,9.12,1,4,0
107,8,674.53,713.91,187.75,57.76,1,1,0
107,132,172.96,709.43,212.61,65.82,1,1,0
107,105,1389.96,736.28,123.46,33.51,1,1,0
107,108,884.17,707.50,59.63,67.59,1,1,0
107,99,1028.09,749.37,43.15,17.21,1,2,0
107,21,1555.09,748.32,55.08,21.73,1,1,0
107,19,824.51,727.81,62.94,38.50,1,1,0
107,10,292.61,780.95,18.05,13.62,1,4,0
107,45,890.18,774.35,12.27,9.06,1,4,0
107,137,579.42,776.07,17.13,11.40,1,4,0
107,11,1022.25,774.06,9.52,7.41,1,4,0
107,134,784.95,775.51,13.81,11.36,1,4,0
107,18,725.95,775.93,14.57,10.92,1,4,0
107,39,657.09,776.25,13.77,11.05,1,4,0
107,33,1906.22,758.22,32.80,10.49,1,2,0
107,86,1750.26,739.31,72.08,29.60,1,1,0
107,7,399.27,778.09,17.91,12.65,1,4,0
107,113,496.13,777.40,18.00,13.71,1,4,0
107,136,60.43,779.92,18.77,13.27,1,4,0
107,139,154.65,781.82,17.89,12.49,1,4,0
108,8,684.89,711.80,189.75,57.97,1,1,0
108,132,183.29,706.25,213.19,66.55,1,1,0
108,105,1401.36,735.07,123.30,34.03,1,1,0
108,108,893.89,705.44,60.27,68.27,1,1,0
108,99,1039.07,747.64,43.53,17.29,1,2,0
108,21,1566.62,747.43,54.40,22.47,1,1,0
108,19,835.20,726.96,64.00,38.18,1,1,0
108,10,299.10,778.21,19.29,13.73,1,4,0
108,137,588.41,774.33,16.59,12.23,1,4,0
108,33,1919.61,758.61,30.58,9.84,1,2,0
108,86,1762.89,738.86,72.81,30.08,1,1,0
108,7,407.34,775.38,18.22,12.27,1,4,0
108,113,503.43,774.99,18.08,13.52,1,4,0
108,136,66.02,776.48,19.71,13.39,1,4,0
108,139,160.38,778.43,18.56,12.89,1,4,0
108,84,1630.40,758.46,27.92,8.50,1,2,0
108,149,949.55,772.60,11.62,8.78,1,4,0
109,8,725.05,709.67,191.12,58.58,1,1,0
109,132,225.15,708.16,211.06,65.87,1,1,0
109,105,1443.23,729.12,123.27,34.33,1,1,0
109,108,929.50,702.52,63.99,68.51,1,1,0
109,99,1078.67,744.37,44.84,17.73,1,2,0
109,21,1609.78,740.94,52.77,21.89,1,1,0
109,19,876.57,724.75,57.98,38.88,1,1,0
109,10,327.64,779.40,17.88,13.61,1,4,0
109,33,1968.80,748.62,33.16,10.78,1,2,0
109,86,1808.31,730.42,73.12,30.62,1,1,0
109,7,437.18,776.23,17.92,12.28,1,4,0
109,113,535.88,774.22,16.94,14.28,1,4,0
109,136,92.17,779.70,19.29,14.02,1,4,0
109,139,186.68,780.43,18.11,13.71,1,4,0
109,84,1674.23,751.05,26.92,8.69,1,2,0
109,149,1030.26,768.06,11.91,9.36,1,4,0
109,53,1106.97,767.11,10.34,8.51,1,4,0
109,148,1141.40,767.38,9.77,7.70,1,4,0
109,143,256.91,799.33,11.57,8.47,1,4,0
109,142,0.67,781.31,8.94,10.91,1,4,0
109,98,828.25,771.09,14.45,10.55,1,4,0
109,45,885.47,769.31,13.85,11.34,1,4,0
109,11,1070.38,767.98,10.78,8.37,1,4,0
109,18,699.06,773.05,14.22,11.68,1,4,0
110,8,755.53,720.87,189.46,58.96,1,1,0
110,132,256.10,724.65,209.57,67.10,1,1,0
110,105,1476.05,732.38,124.17,34.30,1,1,0
110,108,956.42,712.06,66.85,68.34,1,1,0
110,99,1109.60,752.16,43.49,17.90,1,2,0
110,21,1644.33,742.41,52.19,22.14,1,1,0
110,19,904.09,736.51,58.71,36.84,1,1,0
110,10,346.56,796.31,17.24,14.17,1,4,0
110,33,2005.80,747.17,33.19,10.58,1,2,0
110,86,1844.85,729.71,75.05,30.80,1,1,0
110,7,457.39,792.14,18.39,12.66,1,4,0
110,113,557.37,789.23,17.47,14.01,1,4,0
110,136,109.74,798.94,19.42,14.25,1,4,0
110,139,203.84,798.76,19.64,13.69,1,4,0
110,84,1709.26,752.17,27.74,8.54,1,2,0
110,149,1014.17,779.42,11.03,8.55,1,4,0
110,142,7.04,800.68,19.64,13.23,1,4,0
110,98,855.36,782.25,14.43,10.78,1,4,0
110,45,913.12,781.20,13.38,10.14,1,4,0
110,11,1059.45,777.17,11.54,9.46,1,4,0
110,18,722.77,784.93,14.53,11.93,1,4,0
110,9,966.35,779.66,12.64,9.83,1,4,0
110,134,794.88,783.55,14.63,10.29,1,4,0
110,39,643.24,787.77,17.40,12.67,1,4,0
111,8,777.68,719.43,191.62,59.67,1,1,0
111,132,275.82,725.11,206.89,67.98,1,1,0
111,105,1500.63,727.72,126.34,34.62,1,1,0
111,108,977.01,709.80,69.29,69.08,1,1,0
111,99,1133.51,749.69,43.48,17.18,1,2,0
111,21,1671.50,736.81,51.12,22.39,1,1,0
111,19,928.46,735.62,53.36,35.86,1,1,0
111,10,354.65,798.08,18.64,14.86,1,4,0
111,86,1874.91,723.07,74.46,30.95,1,1,0
111,7,467.56,792.90,19.81,13.06,1,4,0
111,113,569.02,789.71,18.90,14.59,1,4,0
111,136,116.49,801.46,19.90,13.97,1,4,0
111,139,210.05,800.99,20.04,13.97,1,4,0
111,84,1735.14,746.61,27.37,8.73,1,2,0
111,98,874.23,781.27,14.42,11.05,1,4,0
111,45,932.32,779.70,13.10,9.72,1,4,0
111,18,738.98,785.47,15.02,12.26,1,4,0
111,9,983.23,778.17,12.83,9.72,1,4,0
111,134,811.99,782.60,15.21,10.55,1,4,0
111,53,1080.74,776.24,11.23,9.64,1,4,0
112,8,782.04,721.86,190.64,60.01,1,1,0
112,132,276.56,730.12,206.15,68.95,1,1,0
112,105,1507.83,727.05,127.26,34.45,1,1,0
112,108,979.53,712.20,72.20,69.27,1,1,0
112,99,1141.30,750.91,41.67,17.03,1,2,0
112,21,1679.68,735.16,51.85,22.25,1,1,0
112,19,931.72,737.98,52.13,35.79,1,1,0
112,10,346.61,804.28,17.83,14.62,1,4,0
112,86,1884.44,720.70,74.81,30.89,1,1,0
112,7,462.11,797.58,18.79,12.75,1,4,0
112,113,567.94,793.29,17.52,14.39,1,4,0
112,136,103.38,808.09,19.80,15.16,1,4,0
112,139,199.94,807.70,18.58,14.32,1,4,0
112,98,876.51,783.64,13.90,10.54,1,4,0
112,45,934.98,781.56,13.32,9.82,1,4,0
112,18,739.53,788.00,15.01,12.31,1,4,0
112,9,989.20,780.10,12.33,9.09,1,4,0
112,134,812.55,786.24,15.26,11.72,1,4,0
112,53,1086.30,776.72,11.16,8.90,1,4,0
112,33,2046.83,736.72,32.27,10.42,1,2,0
112,149,1039.43,779.09,11.29,7.89,1,4,0
112,142,1.43,811.25,16.11,12.82,1,4,0
112,39,656.96,791.12,17.07,12.91,1,4,0
113,8,769.79,722.94,189.88,59.71,1,1,0
113,132,254.55,727.24,208.17,70.25,1,1,0
113,105,1501.37,729.81,127.70,35.37,1,1,0
113,108,964.91,712.50,76.38,70.22,1,1,0
113,99,1133.27,752.82,41.29,17.75,1,2,0
113,21,1672.98,739.23,51.37,22.34,1,1,0
113,19,922.16,738.56,45.54,36.56,1,1,0
113,86,1878.77,725.95,75.63,30.73,1,1,0
113,7,431.85,798.03,19.22,13.05,1,4,0
113,113,541.15,794.35,19.04,14.12,1,4,0
113,136,60.91,807.25,20.05,14.83,1,4,0
113,139,157.24,806.46,22.39,14.45,1,4,0
113,98,860.31,785.02,14.73,10.04,1,4,0
113,45,919.33,783.28,15.10,10.33,1,4,0
113,18,717.89,788.75,16.31,13.24,1,4,0
113,9,977.27,781.83,12.12,9.65,1,4,0
113,53,1074.39,778.46,12.37,9.33,1,4,0
113,149,1027.27,781.42,11.89,8.45,1,4,0
113,39,633.14,791.55,18.12,12.56,1,4,0
113,84,1736.16,748.76,28.90,8.96,1,2,0
114,8,708.79,715.10,192.19,59.84,1,1,0
114,132,169.84,710.41,213.22,71.82,1,1,0
114,105,1452.43,732.26,127.16,35.02,1,1,0
114,108,904.09,705.77,82.72,72.48,1,1,0
114,99,1082.66,749.56,44.05,17.66,1,2,0
114,21,1624.24,743.85,49.18,22.63,1,1,0
114,19,868.35,731.85,39.05,33.18,1,1,0
114,86,1827.23,733.46,75.70,30.40,1,1,0
114,7,453.17,784.35,19.50,14.86,1,4,0
114,113,552.45,782.86,18.08,12.21,1,4,0
114,136,37.28,791.31,21.74,15.48,1,4,0
114,139,203.10,791.14,19.08,14.09,1,4,0
114,45,916.62,777.44,12.97,9.61,1,4,0
114,18,724.56,779.60,15.72,10.66,1,4,0
114,149,1017.94,775.40,11.00,9.59,1,4,0
114,39,644.55,781.11,17.01,12.87,1,4,0
114,84,1685.50,754.58,28.99,8.66,1,2,0
114,10,334.82,786.05,20.00,14.54,1,4,0
114,134,794.39,779.18,14.44,10.64,1,4,0
114,33,1985.17,752.10,31.66,10.03,1,2,0
115,8,686.83,714.30,192.43,60.42,1,1,0
115,132,140.38,709.58,215.79,72.76,1,1,0
115,105,1434.51,732.33,127.22,34.95,1,1,0
115,108,882.01,705.63,86.31,73.04,1,1,0
115,99,1065.69,749.29,43.19,17.63,1,2,0
115,21,1606.22,744.05,48.89,22.52,1,1,0
115,19,848.91,731.59,38.40,34.86,1,1,0
115,86,1808.87,733.77,74.10,30.35,1,1,0
115,7,423.09,783.91,18.56,14.80,1,4,0
115,113,524.08,782.20,19.00,13.02,1,4,0
115,139,165.79,790.82,19.86,14.29,1,4,0
115,45,895.00,777.89,12.87,9.28,1,4,0
115,18,700.59,780.26,15.89,11.07,1,4,0
115,84,1667.91,755.11,27.92,8.21,1,2,0
115,10,302.12,785.19,19.45,14.92,1,4,0
115,134,771.46,779.35,13.63,10.61,1,4,0
115,33,1963.96,752.19,33.29,10.26,1,2,0
115,137,617.95,781.05,16.45,12.85,1,4,0
115,142,1.99,791.10,16.87,14.01,1,4,0
115,98,835.32,778.17,14.40,10.29,1,4,0
115,9,949.13,775.65,14.07,8.31,1,4,0
115,53,1083.81,774.84,10.02,7.33,1,4,0
116,8,599.36,715.56,192.82,60.63,1,1,0
116,132,16.57,709.27,230.54,74.39,1,1,0
116,105,1363.03,735.64,127.73,34.79,1,1,0
116,108,795.59,706.07,94.06,75.30,1,1,0
116,99,990.34,751.20,46.59,18.47,1,2,0
116,21,1594.16,758.17,28.99,9.02,1,2,0
116,19,767.01,732.95,34.73,39.74,1,1,0
116,7,414.97,784.77,19.66,13.25,1,4,0
116,113,515.56,783.68,17.65,12.88,1,4,0
116,139,172.92,787.58,20.08,14.93,1,4,0
116,45,917.66,777.17,13.06,10.09,1,4,0
116,18,678.45,781.28,15.13,11.25,1,4,0
116,134,810.88,780.08,13.88,10.05,1,4,0
116,33,1886.70,756.46,32.99,10.47,1,2,0
116,137,602.74,782.31,17.69,11.22,1,4,0
116,98,864.90,779.44,12.40,8.33,1,4,0
116,9,963.73,776.97,12.22,9.67,1,4,0
116,4,1534.87,747.71,47.04,22.14,1,1,0
116,13,746.64,779.95,15.48,11.10,1,4,0
116,110,1735.30,738.00,72.46,30.07,1,1,0
116,136,22.81,793.07,21.51,14.61,1,4,0
117,8,531.75,707.52,191.79,62.25,1,1,0
117,132,0.57,698.34,158.08,72.69,1,1,0
117,105,1307.57,737.22,127.52,34.82,1,1,0
117,108,725.90,699.54,101.26,77.03,1,1,0
117,99,932.77,748.16,46.37,18.31,1,2,0
117,7,432.32,775.34,19.17,14.12,1,4,0
117,113,524.20,774.40,18.15,12.28,1,4,0
117,139,208.93,776.70,21.28,15.00,1,4,0
117,18,675.61,774.58,16.05,12.16,1,4,0
117,33,1826.85,762.63,32.74,10.51,1,2,0
117,137,604.58,775.68,15.09,11.49,1,4,0
117,4,1537.64,762.44,28.54,8.19,1,2,0
117,13,741.00,775.88,13.44,10.77,1,4,0
117,110,1678.12,743.03,71.95,30.28,1,1,0
117,136,67.67,777.33,22.52,15.38,1,4,0
117,68,1479.92,749.88,44.85,22.77,1,1,0
117,10,326.48,776.47,19.98,13.80,1,4,0
118,8,504.48,704.15,190.80,63.71,1,1,0
118,132,0.60,694.53,125.49,72.21,1,1,0
118,105,1286.59,737.56,127.36,35.35,1,1,0
118,108,696.66,696.89,105.42,77.91,1,1,0
118,99,909.50,746.25,47.97,19.33,1,2,0
118,7,399.49,773.16,18.02,14.49,1,4,0
118,139,170.38,772.38,22.07,16.10,1,4,0
118,33,1802.83,765.20,32.69,10.52,1,2,0
118,137,574.65,773.10,15.02,10.94,1,4,0
118,4,1516.56,763.56,26.79,8.20,1,2,0
118,110,1656.14,745.27,70.91,30.49,1,1,0
118,68,1458.10,750.85,43.93,23.00,1,1,0
118,10,291.26,773.19,19.98,13.55,1,4,0
118,142,24.64,772.44,21.80,14.87,1,4,0
118,134,828.08,773.57,13.09,9.98,1,4,0
118,9,958.57,774.24,10.60,7.48,1,4,0
119,8,448.19,694.88,193.36,64.17,1,1,0
119,105,1242.86,735.04,128.00,35.53,1,1,0
119,108,642.71,688.61,108.09,78.85,1,1,0
119,99,862.92,740.84,45.38,18.82,1,2,0
119,7,430.82,763.47,18.23,12.24,1,4,0
119,139,217.04,761.44,19.50,13.92,1,4,0
119,137,589.77,764.62,16.68,11.22,1,4,0
119,4,1471.86,762.45,27.27,8.19,1,2,0
119,110,1611.18,744.98,70.63,30.61,1,1,0
119,68,1414.28,749.41,43.95,23.06,1,1,0
119,10,330.54,762.54,20.12,14.97,1,4,0
119,142,0.42,707.97,51.81,44.74,1,1,0
119,134,775.09,765.52,14.00,10.99,1,4,0
119,56,1756.69,767.05,30.65,10.09,1,2,0
119,45,911.04,767.01,13.15,8.31,1,4,0
119,98,870.76,766.58,12.15,9.55,1,4,0
119,113,514.47,764.52,16.10,11.79,1,4,0
119,18,658.85,765.59,13.68,10.99,1,4,0
119,13,720.97,766.93,11.49,8.85,1,4,0
119,136,90.42,760.81,21.03,15.13,1,4,0
120,8,421.04,690.17,193.98,65.03,1,1,0
120,105,1221.31,732.64,128.32,35.90,1,1,0
120,108,616.19,684.64,110.22,80.59,1,1,0
120,99,840.54,737.55,48.94,19.68,1,2,0
120,7,398.67,758.16,18.10,13.05,1,4,0
120,139,180.15,757.40,19.94,13.97,1,4,0
120,137,561.25,761.23,16.90,10.91,1,4,0
120,4,1451.06,761.01,26.85,7.97,1,2,0
120,110,1589.80,744.24,71.29,30.59,1,1,0
120,68,1394.56,748.33,42.58,22.26,1,1,0
120,10,297.02,758.07,19.66,15.16,1,4,0
120,134,800.18,762.97,13.72,9.73,1,4,0
120,56,1735.98,766.43,31.08,10.01,1,2,0
120,45,887.26,763.62,11.96,9.30,1,4,0
120,98,847.88,762.96,11.85,9.77,1,4,0
120,113,484.89,760.60,15.33,11.40,1,4,0
120,18,631.11,762.11,13.44,10.29,1,4,0
120,13,694.50,763.04,11.71,9.10,1,4,0
120,136,50.50,755.74,22.03,16.35,1,4,0
120,19,751.59,762.55,13.51,9.94,1,4,0
121,8,377.80,685.87,194.85,65.39,1,1,0
121,105,1190.11,732.45,128.48,36.13,1,1,0
121,108,573.45,680.13,113.94,81.74,1,1,0
121,99,806.67,735.27,49.35,20.32,1,2,0
121,139,119.72,751.80,19.43,13.38,1,4,0
121,137,588.32,759.23,14.38,10.77,1,4,0
121,4,1420.27,762.50,26.87,7.89,1,2,0
121,110,1559.62,746.55,69.65,29.92,1,1,0
121,68,1363.41,748.13,42.58,22.92,1,1,0
121,10,240.82,752.29,19.99,15.12,1,4,0
121,134,809.37,761.34,12.13,9.39,1,4,0
121,56,1701.69,768.37,32.47,10.23,1,2,0
121,98,850.80,761.77,12.66,9.02,1,4,0
121,113,514.96,756.72,18.06,12.51,1,4,0
121,18,652.73,761.78,12.78,9.26,1,4,0
121,13,710.73,760.41,14.03,10.80,1,4,0
122,8,353.68,680.18,195.39,66.00,1,1,0
122,105,1174.66,732.48,128.36,36.52,1,1,0
122,108,549.22,675.16,116.16,83.16,1,1,0
122,99,788.86,732.34,46.16,19.11,1,2,0
122,4,1405.09,763.37,27.33,8.06,1,2,0
122,110,1544.17,748.19,69.52,30.24,1,1,0
122,68,1347.33,749.45,43.45,22.50,1,1,0
122,10,203.66,746.71,21.23,15.14,1,4,0
122,113,487.44,753.14,16.67,11.80,1,4,0
122,13,687.02,756.24,14.61,11.60,1,4,0
122,143,313.02,748.35,19.90,13.69,1,4,0
122,7,405.27,751.65,17.16,11.51,1,4,0
122,136,76.31,743.93,20.80,14.02,1,4,0
122,19,739.27,757.31,14.86,11.03,1,4,0
123,8,348.26,677.56,193.74,65.99,1,1,0
123,105,1172.31,732.24,130.12,36.59,1,1,0
123,108,541.68,674.34,118.51,82.54,1,1,0
123,99,785.53,730.74,48.94,19.85,1,2,0
123,4,1403.58,763.59,27.66,7.95,1,2,0
123,110,1543.88,749.21,70.45,30.24,1,1,0
123,68,1347.66,749.77,41.70,22.35,1,1,0
123,10,187.48,742.96,21.09,15.84,1,4,0
123,113,477.04,751.04,17.70,11.67,1,4,0
123,13,681.29,754.75,14.71,11.25,1,4,0
123,143,298.79,745.30,19.89,13.86,1,4,0
123,7,392.67,749.04,17.53,11.37,1,4,0
123,136,56.95,741.45,21.96,13.41,1,4,0
123,39,661.31,732.39,30.72,12.44,1,2,0
123,137,554.27,752.64,15.86,10.66,1,4,0
123,134,783.28,756.51,12.98,10.49,1,4,0
123,18,620.22,755.53,14.19,9.16,1,4,0
124,8,374.68,677.43,190.91,66.03,1,1,0
124,105,1200.52,727.18,130.41,36.81,1,1,0
124,108,564.08,671.31,119.16,84.16,1,1,0
124,99,813.46,728.11,49.88,20.33,1,2,0
124,4,1431.23,757.72,27.74,8.60,1,2,0
124,110,1574.05,741.94,69.38,30.91,1,1,0
124,68,1375.80,744.09,41.15,23.01,1,1,0
124,10,196.87,744.16,20.97,15.83,1,4,0
124,113,494.26,749.94,17.89,11.45,1,4,0
124,143,311.27,745.55,21.43,14.03,1,4,0
124,7,408.21,748.97,17.51,11.77,1,4,0
124,136,63.39,742.29,22.29,14.63,1,4,0
124,137,571.08,752.08,14.80,10.80,1,4,0
124,134,806.75,754.70,11.97,9.73,1,4,0
124,84,1715.52,764.56,32.05,10.75,1,2,0
124,19,702.58,752.96,14.57,10.86,1,4,0
125,8,393.44,680.01,187.87,65.79,1,1,0
125,105,1217.93,728.14,130.28,36.82,1,1,0
125,108,580.50,674.14,118.36,83.65,1,1,0
125,99,830.40,729.40,47.54,19.94,1,2,0
125,4,1448.55,758.08,27.07,7.82,1,2,0
125,110,1592.11,742.50,70.18,30.49,1,1,0
125,68,1393.64,744.74,41.72,22.76,1,1,0
125,10,211.85,747.41,21.33,15.66,1,4,0
125,113,509.39,752.64,17.62,11.61,1,4,0
125,143,325.35,748.33,21.66,14.39,1,4,0
125,7,423.80,751.64,17.29,12.37,1,4,0
125,136,77.02,746.24,21.82,15.24,1,4,0
125,137,585.74,753.48,16.37,11.24,1,4,0
125,134,771.70,755.71,15.11,10.84,1,4,0
125,84,1730.34,763.53,35.66,11.53,1,2,0
125,19,717.80,755.26,15.23,11.53,1,4,0
125,13,654.66,755.83,14.83,9.49,1,4,0
126,8,510.85,702.32,180.30,65.46,1,1,0
126,105,1325.07,740.97,132.96,36.01,1,1,0
126,108,689.16,692.94,114.10,83.46,1,1,0
126,4,1503.28,754.76,41.25,23.40,1,1,0
126,10,177.95,772.67,21.65,14.64,1,4,0
126,113,525.83,773.93,17.08,12.96,1,4,0
126,143,314.47,773.50,20.06,16.54,1,4,0
126,7,427.52,773.07,19.93,14.34,1,4,0
126,136,26.60,772.68,24.01,16.80,1,4,0
126,134,758.59,775.56,13.33,8.88,1,4,0
126,84,1707.72,750.48,73.56,30.86,1,1,0
126,19,689.78,773.62,15.35,12.52,1,4,0
126,21,1559.08,767.58,28.25,8.99,1,2,0
126,33,1852.06,771.90,31.80,10.31,1,2,0
126,9,940.56,747.87,46.41,18.79,1,2,0
126,142,0.52,700.05,68.92,62.92,1,1,0
126,98,822.92,775.01,12.76,10.12,1,4,0
127,8,539.63,703.04,178.18,65.64,1,1,0
127,105,1351.34,738.35,132.12,36.15,1,1,0
127,108,715.91,693.90,111.27,83.58,1,1,0
127,4,1530.42,753.08,40.49,22.46,1,1,0
127,10,204.74,775.54,20.14,14.61,1,4,0
127,113,551.00,775.23,17.07,12.72,1,4,0
127,143,338.76,774.43,20.51,15.75,1,4,0
127,7,453.48,774.47,19.79,14.80,1,4,0
127,136,50.52,776.14,25.61,17.17,1,4,0
127,84,1736.62,746.79,72.27,30.95,1,1,0
127,19,714.65,774.35,15.70,12.42,1,4,0
127,21,1585.99,764.50,29.42,9.31,1,2,0
127,33,1879.98,767.70,31.78,10.32,1,2,0
127,9,966.56,747.18,47.27,19.03,1,2,0
127,142,0.73,696.15,99.63,70.66,1,1,0
127,53,952.28,775.39,11.31,9.55,1,4,0
127,13,637.49,774.20,16.91,11.64,1,4,0
